#    y              z              <u>            <v>            <w>            <u'u'>         <v'v'>         <w'w'>         <u'v'>         <u'w'>         <v'w'>         <eps>         
#----------------------------------------------------------------------------------------------------------------------------------------------------------------------------------
0.0000000e+00 +1.5000000e-01 +0.0000000e+00 +0.0000000e+00 +0.0000000e+00 +0.0000000e+00 +0.0000000e+00 +0.0000000e+00 +0.0000000e+00 +0.0000000e+00 +0.0000000e+00 +9.2202556e+03
7.3500000e-04 +1.5000000e-01 +2.4764333e-01 -9.4934667e-05 +1.4139900e-02 +4.1056667e-03 +7.0001889e-07 +9.9848889e-04 -9.4581444e-06 +3.1338333e-04 -1.8552667e-06 +9.2214643e+03
2.2470000e-03 +1.5000000e-01 +7.5459333e-01 -3.7428000e-04 +4.1436000e-02 +3.8128667e-02 +1.0314756e-05 +8.3461222e-03 -1.4886111e-04 +2.8397000e-03 -2.5255000e-05 +8.9538325e+03
3.8440000e-03 +1.5000000e-01 +1.2870200e+00 -8.7022667e-04 +6.8013333e-02 +1.1109800e-01 +5.5948222e-05 +2.2048111e-02 -6.9843778e-04 +8.0566333e-03 -1.0480789e-04 +8.7545251e+03
5.5300000e-03 +1.5000000e-01 +1.8455800e+00 -1.6109933e-03 +9.3603333e-02 +2.2888000e-01 +1.8801889e-04 +4.1128333e-02 -2.0614778e-03 +1.6096000e-02 -2.7629111e-04 +8.6158931e+03
7.3110000e-03 +1.5000000e-01 +2.4305900e+00 -2.6261867e-03 +1.1793100e-01 +3.9730111e-01 +4.7753778e-04 +6.4583333e-02 -4.7578111e-03 +2.6982667e-02 -5.7584444e-04 +8.5069544e+03
9.1910000e-03 +1.5000000e-01 +3.0418633e+00 -3.9468333e-03 +1.4070667e-01 +6.2121556e-01 +1.0122156e-03 +9.1393667e-02 -9.4081889e-03 +4.0581111e-02 -1.0415633e-03 +8.4005105e+03
1.1175000e-02 +1.5000000e-01 +3.6785333e+00 -5.6052000e-03 +1.6162400e-01 +9.0323444e-01 +1.8925333e-03 +1.2055667e-01 -1.6692333e-02 +5.6546333e-02 -1.7145333e-03 +8.2778780e+03
1.3269000e-02 +1.5000000e-01 +4.3389333e+00 -7.6348000e-03 +1.8036300e-01 +1.2423222e+00 +3.2282000e-03 +1.5112889e-01 -2.7280667e-02 +7.4292222e-02 -2.6388333e-03 +8.1337014e+03
1.5478000e-02 +1.5000000e-01 +5.0203000e+00 -1.0070433e-02 +1.9659233e-01 +1.6325667e+00 +5.1354778e-03 +1.8227556e-01 -4.1745778e-02 +9.2994778e-02 -3.8600111e-03 +7.9784098e+03
1.7808000e-02 +1.5000000e-01 +5.7190000e+00 -1.2948500e-02 +2.0997767e-01 +2.0625111e+00 +7.7353889e-03 +2.1330556e-01 -6.0466556e-02 +1.1164111e-01 -5.4221333e-03 +7.8358529e+03
2.0265000e-02 +1.5000000e-01 +6.4301333e+00 -1.6306767e-02 +2.2019133e-01 +2.5154000e+00 +1.1153000e-02 +2.4370222e-01 -8.3541778e-02 +1.2913111e-01 -7.3633556e-03 +7.7356830e+03
2.2855000e-02 +1.5000000e-01 +7.1480333e+00 -2.0184300e-02 +2.2693133e-01 +2.9703889e+00 +1.5517444e-02 +2.7311444e-01 -1.1072856e-01 +1.4440444e-01 -9.7109000e-03 +7.7030552e+03
2.5585000e-02 +1.5000000e-01 +7.8661667e+00 -2.4620233e-02 +2.2994167e-01 +3.4047222e+00 +2.0962333e-02 +3.0134667e-01 -1.4141889e-01 +1.5659111e-01 -1.2475889e-02 +7.7493708e+03
2.8461000e-02 +1.5000000e-01 +8.5776000e+00 -2.9651733e-02 +2.2903900e-01 +3.7962778e+00 +2.7625222e-02 +3.2830778e-01 -1.7466333e-01 +1.6512222e-01 -1.5649222e-02 +7.8669374e+03
3.1490000e-02 +1.5000000e-01 +9.2752667e+00 -3.5311000e-02 +2.2413567e-01 +4.1262556e+00 +3.5645778e-02 +3.5395444e-01 -2.0923222e-01 +1.6978889e-01 -1.9199556e-02 +8.0297905e+03
3.4680000e-02 +1.5000000e-01 +9.9524000e+00 -4.1621000e-02 +2.1525667e-01 +4.3811444e+00 +4.5161667e-02 +3.7822889e-01 -2.4372667e-01 +1.7072667e-01 -2.3073667e-02 +8.1997427e+03
3.8037000e-02 +1.5000000e-01 +1.0602833e+01 -4.8592000e-02 +2.0254667e-01 +4.5539222e+00 +5.6301889e-02 +4.0101444e-01 -2.7669889e-01 +1.6833889e-01 -2.7199222e-02 +8.3353211e+03
4.1569000e-02 +1.5000000e-01 +1.1221167e+01 -5.6215333e-02 +1.8626467e-01 +4.6441000e+00 +6.9177889e-02 +4.2212444e-01 -3.0678444e-01 +1.6317444e-01 -3.1489556e-02 +8.4009848e+03
4.5284000e-02 +1.5000000e-01 +1.1803167e+01 -6.4461667e-02 +1.6676500e-01 +4.6569667e+00 +8.3874667e-02 +4.4132444e-01 -3.3281444e-01 +1.5582111e-01 -3.5850556e-02 +8.3731610e+03
4.9189000e-02 +1.5000000e-01 +1.2345667e+01 -7.3278333e-02 +1.4447167e-01 +4.6021667e+00 +1.0044422e-01 +4.5838222e-01 -3.5389222e-01 +1.4682556e-01 -4.0187333e-02 +8.2424875e+03
5.3293000e-02 +1.5000000e-01 +1.2846767e+01 -8.2587667e-02 +1.1985200e-01 +4.4920556e+00 +1.1890111e-01 +4.7312444e-01 -3.6944333e-01 +1.3664778e-01 -4.4411889e-02 +8.0128778e+03
5.7604000e-02 +1.5000000e-01 +1.3305600e+01 -9.2289000e-02 +9.3394667e-02 +4.3400889e+00 +1.3922000e-01 +4.8548111e-01 -3.7921111e-01 +1.2563778e-01 -4.8444889e-02 +7.6980874e+03
6.2130000e-02 +1.5000000e-01 +1.3722300e+01 -1.0226133e-01 +6.5596000e-02 +4.1594222e+00 +1.6133556e-01 +4.9551444e-01 -3.8323667e-01 +1.1405111e-01 -5.2209333e-02 +7.3180298e+03
6.6879000e-02 +1.5000000e-01 +1.4097933e+01 -1.1236667e-01 +3.6950667e-02 +3.9618444e+00 +1.8514000e-01 +5.0343889e-01 -3.8182333e-01 +1.0209522e-01 -5.5621556e-02 +6.8957012e+03
7.1860000e-02 +1.5000000e-01 +1.4434233e+01 -1.2245600e-01 +7.9515000e-03 +3.7572000e+00 +2.1048556e-01 +5.0960333e-01 -3.7548000e-01 +8.9956111e-02 -5.8589556e-02 +6.4545924e+03
7.7081000e-02 +1.5000000e-01 +1.4733433e+01 -1.3237300e-01 -2.0902267e-02 +3.5532778e+00 +2.3719222e-01 +5.1442667e-01 -3.6484111e-01 +7.7699667e-02 -6.1021889e-02 +6.0154724e+03
8.2551000e-02 +1.5000000e-01 +1.4998133e+01 -1.4195933e-01 -4.9091667e-02 +3.3561000e+00 +2.6504333e-01 +5.1831667e-01 -3.5057556e-01 +6.5178000e-02 -6.2845889e-02 +5.5942016e+03
8.8278000e-02 +1.5000000e-01 +1.5231200e+01 -1.5106100e-01 -7.6074667e-02 +3.1701000e+00 +2.9380111e-01 +5.2159667e-01 -3.3334333e-01 +5.2069667e-02 -6.4023333e-02 +5.2018903e+03
9.4270000e-02 +1.5000000e-01 +1.5435500e+01 -1.5953133e-01 -1.0130433e-01 +2.9983556e+00 +3.2321111e-01 +5.2451222e-01 -3.1379444e-01 +3.7993667e-02 -6.4546889e-02 +4.8459115e+03
1.0053600e-01 +1.5000000e-01 +1.5613867e+01 -1.6723667e-01 -1.2425867e-01 +2.8428333e+00 +3.5303000e-01 +5.2727889e-01 -2.9256667e-01 +2.2609111e-02 -6.4426556e-02 +4.5309527e+03
1.0708300e-01 +1.5000000e-01 +1.5769000e+01 -1.7405667e-01 -1.4446733e-01 +2.7046000e+00 +3.8305778e-01 +5.3011667e-01 -2.7024222e-01 +5.6028111e-03 -6.3690333e-02 +4.2600113e+03
1.1392000e-01 +1.5000000e-01 +1.5903300e+01 -1.7988100e-01 -1.6151933e-01 +2.5840111e+00 +4.1315778e-01 +5.3326111e-01 -2.4729667e-01 -1.3460333e-02 -6.2402444e-02 +4.0336654e+03
1.2105300e-01 +1.5000000e-01 +1.6019067e+01 -1.8460500e-01 -1.7506367e-01 +2.4810889e+00 +4.4327000e-01 +5.3689111e-01 -2.2412111e-01 -3.5099556e-02 -6.0656333e-02 +3.8494317e+03
1.2849000e-01 +1.5000000e-01 +1.6118100e+01 -1.8813467e-01 -1.8483900e-01 +2.3960444e+00 +4.7337667e-01 +5.4104667e-01 -2.0103556e-01 -5.9669778e-02 -5.8550111e-02 +3.7033718e+03
1.3623700e-01 +1.5000000e-01 +1.6201967e+01 -1.9038867e-01 -1.9069800e-01 +2.3294667e+00 +5.0347111e-01 +5.4560889e-01 -1.7828111e-01 -8.7299889e-02 -5.6205778e-02 +3.5929134e+03
1.4430000e-01 +1.5000000e-01 +1.6271900e+01 -1.9130867e-01 -1.9259467e-01 +2.2820111e+00 +5.3356778e-01 +5.5044667e-01 -1.5599778e-01 -1.1808333e-01 -5.3783444e-02 +3.5163005e+03
1.5268500e-01 +1.5000000e-01 +1.6328967e+01 -1.9085633e-01 -1.9057900e-01 +2.2541444e+00 +5.6373333e-01 +5.5578111e-01 -1.3427111e-01 -1.5213556e-01 -5.1431333e-02 +3.4712993e+03
1.6139700e-01 +1.5000000e-01 +1.6374167e+01 -1.8900600e-01 -1.8478700e-01 +2.2456444e+00 +5.9409667e-01 +5.6211000e-01 -1.1320333e-01 -1.8951667e-01 -4.9191889e-02 +3.4568767e+03
1.7043900e-01 +1.5000000e-01 +1.6408433e+01 -1.8574800e-01 -1.7544567e-01 +2.2554444e+00 +6.2478444e-01 +5.6972222e-01 -9.2892333e-02 -2.3010889e-01 -4.6954444e-02 +3.4728174e+03
1.7981500e-01 +1.5000000e-01 +1.6432633e+01 -1.8109733e-01 -1.6292467e-01 +2.2826889e+00 +6.5585889e-01 +5.7844000e-01 -7.3468778e-02 -2.7333556e-01 -4.4555000e-02 +3.5171538e+03
1.8952800e-01 +1.5000000e-01 +1.6447433e+01 -1.7508367e-01 -1.4775767e-01 +2.3268111e+00 +6.8737222e-01 +5.8777222e-01 -5.5104333e-02 -3.1828000e-01 -4.1900556e-02 +3.5878167e+03
1.9957700e-01 +1.5000000e-01 +1.6453367e+01 -1.6773300e-01 -1.3053633e-01 +2.3866111e+00 +7.1943889e-01 +5.9755111e-01 -3.8052333e-02 -3.6406667e-01 -3.9009444e-02 +3.6840206e+03
2.0996400e-01 +1.5000000e-01 +1.6451267e+01 -1.5904700e-01 -1.1175300e-01 +2.4595333e+00 +7.5220667e-01 +6.0807889e-01 -2.2619333e-02 -4.0972000e-01 -3.6002556e-02 +3.8040693e+03
2.2068800e-01 +1.5000000e-01 +1.6442233e+01 -1.4904100e-01 -9.1829333e-02 +2.5418111e+00 +7.8574222e-01 +6.1936889e-01 -9.1047889e-03 -4.5419778e-01 -3.3037111e-02 +3.9446679e+03
2.3174700e-01 +1.5000000e-01 +1.6427400e+01 -1.3777367e-01 -7.1339667e-02 +2.6307778e+00 +8.1995778e-01 +6.3093889e-01 +2.1455333e-03 -4.9658444e-01 -3.0226889e-02 +4.1003394e+03
2.4313600e-01 +1.5000000e-01 +1.6408033e+01 -1.2534233e-01 -5.1013333e-02 +2.7241778e+00 +8.5468444e-01 +6.4252556e-01 +1.1004722e-02 -5.3594444e-01 -2.7683778e-02 +4.2657280e+03
2.5485200e-01 +1.5000000e-01 +1.6385467e+01 -1.1194067e-01 -3.1439600e-02 +2.8174111e+00 +8.8970556e-01 +6.5418333e-01 +1.7501556e-02 -5.7170111e-01 -2.5555778e-02 +4.4386374e+03
2.6688900e-01 +1.5000000e-01 +1.6360900e+01 -9.7899333e-02 -1.2960333e-02 +2.9063111e+00 +9.2462778e-01 +6.6595333e-01 +2.1661444e-02 -6.0384444e-01 -2.3995778e-02 +4.6180162e+03
2.7923700e-01 +1.5000000e-01 +1.6335300e+01 -8.3608333e-02 +4.1619000e-03 +2.9900778e+00 +9.5896556e-01 +6.7764111e-01 +2.4042111e-02 -6.3254444e-01 -2.2978000e-02 +4.8016986e+03
2.9189000e-01 +1.5000000e-01 +1.6309833e+01 -6.9488333e-02 +1.9721667e-02 +3.0689111e+00 +9.9237000e-01 +6.8895556e-01 +2.5224222e-02 -6.5878111e-01 -2.2288111e-02 +4.9817709e+03
3.0483500e-01 +1.5000000e-01 +1.6285533e+01 -5.5962667e-02 +3.3475333e-02 +3.1427000e+00 +1.0246911e+00 +6.9994222e-01 +2.5331333e-02 -6.8330778e-01 -2.1688222e-02 +5.1523925e+03
3.1806100e-01 +1.5000000e-01 +1.6263067e+01 -4.3382000e-02 +4.5309333e-02 +3.2107778e+00 +1.0558000e+00 +7.1089111e-01 +2.4182000e-02 -7.0538889e-01 -2.1031667e-02 +5.3076662e+03
3.3155400e-01 +1.5000000e-01 +1.6242933e+01 -3.1948900e-02 +5.5393667e-02 +3.2727444e+00 +1.0853578e+00 +7.2152444e-01 +2.1550111e-02 -7.2482778e-01 -2.0066556e-02 +5.4458159e+03
3.4530000e-01 +1.5000000e-01 +1.6225467e+01 -2.1812133e-02 +6.3624667e-02 +3.3267667e+00 +1.1128444e+00 +7.3129000e-01 +1.7511222e-02 -7.4230222e-01 -1.8708111e-02 +5.5680849e+03
3.5928100e-01 +1.5000000e-01 +1.6211000e+01 -1.3136133e-02 +6.9607000e-02 +3.3739444e+00 +1.1377111e+00 +7.4049667e-01 +1.2303889e-02 -7.5840889e-01 -1.7217000e-02 +5.6707251e+03
3.7348100e-01 +1.5000000e-01 +1.6200267e+01 -6.0994667e-03 +7.3087667e-02 +3.4134778e+00 +1.1595111e+00 +7.4952000e-01 +6.4722667e-03 -7.7216556e-01 -1.5884778e-02 +5.7524712e+03
3.8788000e-01 +1.5000000e-01 +1.6193933e+01 -7.2993000e-04 +7.4079333e-02 +3.4409889e+00 +1.1783889e+00 +7.5788222e-01 +9.3214444e-04 -7.8099667e-01 -1.4845111e-02 +5.8124011e+03
4.0245700e-01 +1.5000000e-01 +1.6192067e+01 +3.1266500e-03 +7.3239000e-02 +3.4549111e+00 +1.1948778e+00 +7.6398444e-01 -3.6278889e-03 -7.8341556e-01 -1.3861667e-02 +5.8539209e+03
4.1719100e-01 +1.5000000e-01 +1.6193800e+01 +5.4413667e-03 +7.1157667e-02 +3.4581778e+00 +1.2089556e+00 +7.6721222e-01 -7.0103111e-03 -7.8059000e-01 -1.2834889e-02 +5.8817995e+03
4.3206000e-01 +1.5000000e-01 +1.6197567e+01 +6.2432333e-03 +6.8430667e-02 +3.4559111e+00 +1.2203444e+00 +7.6856889e-01 -8.7346111e-03 -7.7639222e-01 -1.1605667e-02 +5.8981888e+03
4.4704100e-01 +1.5000000e-01 +1.6201967e+01 +5.7817667e-03 +6.5742667e-02 +3.4490444e+00 +1.2290222e+00 +7.6967667e-01 -8.5193556e-03 -7.7268667e-01 -9.8912444e-03 +5.9039496e+03
4.6210900e-01 +1.5000000e-01 +1.6206667e+01 +4.3350000e-03 +6.3446000e-02 +3.4391556e+00 +1.2349889e+00 +7.7150667e-01 -7.0069333e-03 -7.6937556e-01 -7.5108111e-03 +5.9027412e+03
4.7724000e-01 +1.5000000e-01 +1.6210567e+01 +2.2756600e-03 +6.1521333e-02 +3.4303111e+00 +1.2384778e+00 +7.7282111e-01 -4.5591667e-03 -7.6709667e-01 -4.4815222e-03 +5.8990324e+03
4.9240900e-01 +1.5000000e-01 +1.6212600e+01 +0.0000000e+00 +6.0359333e-02 +3.4249444e+00 +1.2400444e+00 +7.7311222e-01 -1.4831222e-03 -7.6628111e-01 -1.4087222e-03 +5.8971332e+03
5.0759100e-01 +1.5000000e-01 +1.6212600e+01 -2.2756600e-03 +6.0359333e-02 +3.4249444e+00 +1.2400444e+00 +7.7311222e-01 +1.4831222e-03 -7.6628111e-01 +1.4087222e-03 +5.8971332e+03
5.2276000e-01 +1.5000000e-01 +1.6210567e+01 -4.3350000e-03 +6.1521333e-02 +3.4303111e+00 +1.2384778e+00 +7.7282111e-01 +4.5591667e-03 -7.6709667e-01 +4.4815222e-03 +5.8990324e+03
5.3789100e-01 +1.5000000e-01 +1.6206667e+01 -5.7817667e-03 +6.3446000e-02 +3.4391556e+00 +1.2349889e+00 +7.7150667e-01 +7.0069333e-03 -7.6937556e-01 +7.5108111e-03 +5.9027412e+03
5.5295900e-01 +1.5000000e-01 +1.6201967e+01 -6.2432333e-03 +6.5742667e-02 +3.4490444e+00 +1.2290222e+00 +7.6967667e-01 +8.5193556e-03 -7.7268667e-01 +9.8912444e-03 +5.9039496e+03
5.6794000e-01 +1.5000000e-01 +1.6197567e+01 -5.4413667e-03 +6.8430667e-02 +3.4559111e+00 +1.2203444e+00 +7.6856889e-01 +8.7346111e-03 -7.7639222e-01 +1.1605667e-02 +5.8981888e+03
5.8280900e-01 +1.5000000e-01 +1.6193800e+01 -3.1266500e-03 +7.1157667e-02 +3.4581778e+00 +1.2089556e+00 +7.6721222e-01 +7.0103111e-03 -7.8059000e-01 +1.2834889e-02 +5.8817995e+03
5.9754300e-01 +1.5000000e-01 +1.6192067e+01 +7.2993000e-04 +7.3239000e-02 +3.4549111e+00 +1.1948778e+00 +7.6398444e-01 +3.6278889e-03 -7.8341556e-01 +1.3861667e-02 +5.8539209e+03
6.1212000e-01 +1.5000000e-01 +1.6193933e+01 +6.0994667e-03 +7.4079333e-02 +3.4409889e+00 +1.1783889e+00 +7.5788222e-01 -9.3214444e-04 -7.8099667e-01 +1.4845111e-02 +5.8124011e+03
6.2651900e-01 +1.5000000e-01 +1.6200267e+01 +1.3136133e-02 +7.3087667e-02 +3.4134778e+00 +1.1595111e+00 +7.4952000e-01 -6.4722667e-03 -7.7216556e-01 +1.5884778e-02 +5.7524712e+03
6.4071900e-01 +1.5000000e-01 +1.6211000e+01 +2.1812133e-02 +6.9607000e-02 +3.3739444e+00 +1.1377111e+00 +7.4049667e-01 -1.2303889e-02 -7.5840889e-01 +1.7217000e-02 +5.6707251e+03
6.5470000e-01 +1.5000000e-01 +1.6225467e+01 +3.1948900e-02 +6.3624667e-02 +3.3267667e+00 +1.1128444e+00 +7.3129000e-01 -1.7511222e-02 -7.4230222e-01 +1.8708111e-02 +5.5680849e+03
6.6844600e-01 +1.5000000e-01 +1.6242933e+01 +4.3382000e-02 +5.5393667e-02 +3.2727444e+00 +1.0853578e+00 +7.2152444e-01 -2.1550111e-02 -7.2482778e-01 +2.0066556e-02 +5.4458159e+03
6.8193900e-01 +1.5000000e-01 +1.6263067e+01 +5.5962667e-02 +4.5309333e-02 +3.2107778e+00 +1.0558000e+00 +7.1089111e-01 -2.4182000e-02 -7.0538889e-01 +2.1031667e-02 +5.3076662e+03
6.9516500e-01 +1.5000000e-01 +1.6285533e+01 +6.9488333e-02 +3.3475333e-02 +3.1427000e+00 +1.0246911e+00 +6.9994222e-01 -2.5331333e-02 -6.8330778e-01 +2.1688222e-02 +5.1523925e+03
7.0811000e-01 +1.5000000e-01 +1.6309833e+01 +8.3608333e-02 +1.9721667e-02 +3.0689111e+00 +9.9237000e-01 +6.8895556e-01 -2.5224222e-02 -6.5878111e-01 +2.2288111e-02 +4.9817709e+03
7.2076300e-01 +1.5000000e-01 +1.6335300e+01 +9.7899333e-02 +4.1619000e-03 +2.9900778e+00 +9.5896556e-01 +6.7764111e-01 -2.4042111e-02 -6.3254444e-01 +2.2978000e-02 +4.8016986e+03
7.3311100e-01 +1.5000000e-01 +1.6360900e+01 +1.1194067e-01 -1.2960333e-02 +2.9063111e+00 +9.2462778e-01 +6.6595333e-01 -2.1661444e-02 -6.0384444e-01 +2.3995778e-02 +4.6180162e+03
7.4514800e-01 +1.5000000e-01 +1.6385467e+01 +1.2534233e-01 -3.1439600e-02 +2.8174111e+00 +8.8970556e-01 +6.5418333e-01 -1.7501556e-02 -5.7170111e-01 +2.5555778e-02 +4.4386374e+03
7.5686400e-01 +1.5000000e-01 +1.6408033e+01 +1.3777367e-01 -5.1013333e-02 +2.7241778e+00 +8.5468444e-01 +6.4252556e-01 -1.1004722e-02 -5.3594444e-01 +2.7683778e-02 +4.2657280e+03
7.6825300e-01 +1.5000000e-01 +1.6427400e+01 +1.4904100e-01 -7.1339667e-02 +2.6307778e+00 +8.1995778e-01 +6.3093889e-01 -2.1455333e-03 -4.9658444e-01 +3.0226889e-02 +4.1003394e+03
7.7931200e-01 +1.5000000e-01 +1.6442233e+01 +1.5904700e-01 -9.1829333e-02 +2.5418111e+00 +7.8574222e-01 +6.1936889e-01 +9.1047889e-03 -4.5419778e-01 +3.3037111e-02 +3.9446679e+03
7.9003600e-01 +1.5000000e-01 +1.6451267e+01 +1.6773300e-01 -1.1175300e-01 +2.4595333e+00 +7.5220667e-01 +6.0807889e-01 +2.2619333e-02 -4.0972000e-01 +3.6002556e-02 +3.8040693e+03
8.0042300e-01 +1.5000000e-01 +1.6453367e+01 +1.7508367e-01 -1.3053633e-01 +2.3866111e+00 +7.1943889e-01 +5.9755111e-01 +3.8052333e-02 -3.6406667e-01 +3.9009444e-02 +3.6840206e+03
8.1047200e-01 +1.5000000e-01 +1.6447433e+01 +1.8109733e-01 -1.4775767e-01 +2.3268111e+00 +6.8737222e-01 +5.8777222e-01 +5.5104333e-02 -3.1828000e-01 +4.1900556e-02 +3.5878167e+03
8.2018500e-01 +1.5000000e-01 +1.6432633e+01 +1.8574800e-01 -1.6292467e-01 +2.2826889e+00 +6.5585889e-01 +5.7844000e-01 +7.3468778e-02 -2.7333556e-01 +4.4555000e-02 +3.5171538e+03
8.2956100e-01 +1.5000000e-01 +1.6408433e+01 +1.8900600e-01 -1.7544567e-01 +2.2554444e+00 +6.2478444e-01 +5.6972222e-01 +9.2892333e-02 -2.3010889e-01 +4.6954444e-02 +3.4728174e+03
8.3860300e-01 +1.5000000e-01 +1.6374167e+01 +1.9085633e-01 -1.8478700e-01 +2.2456444e+00 +5.9409667e-01 +5.6211000e-01 +1.1320333e-01 -1.8951667e-01 +4.9191889e-02 +3.4568767e+03
8.4731500e-01 +1.5000000e-01 +1.6328967e+01 +1.9130867e-01 -1.9057900e-01 +2.2541444e+00 +5.6373333e-01 +5.5578111e-01 +1.3427111e-01 -1.5213556e-01 +5.1431333e-02 +3.4712993e+03
8.5570000e-01 +1.5000000e-01 +1.6271900e+01 +1.9038867e-01 -1.9259467e-01 +2.2820111e+00 +5.3356778e-01 +5.5044667e-01 +1.5599778e-01 -1.1808333e-01 +5.3783444e-02 +3.5163005e+03
8.6376300e-01 +1.5000000e-01 +1.6201967e+01 +1.8813467e-01 -1.9069800e-01 +2.3294667e+00 +5.0347111e-01 +5.4560889e-01 +1.7828111e-01 -8.7299889e-02 +5.6205778e-02 +3.5929134e+03
8.7151000e-01 +1.5000000e-01 +1.6118100e+01 +1.8460500e-01 -1.8483900e-01 +2.3960444e+00 +4.7337667e-01 +5.4104667e-01 +2.0103556e-01 -5.9669778e-02 +5.8550111e-02 +3.7033718e+03
8.7894700e-01 +1.5000000e-01 +1.6019067e+01 +1.7988100e-01 -1.7506367e-01 +2.4810889e+00 +4.4327000e-01 +5.3689111e-01 +2.2412111e-01 -3.5099556e-02 +6.0656333e-02 +3.8494317e+03
8.8608000e-01 +1.5000000e-01 +1.5903300e+01 +1.7405667e-01 -1.6151933e-01 +2.5840111e+00 +4.1315778e-01 +5.3326111e-01 +2.4729667e-01 -1.3460333e-02 +6.2402444e-02 +4.0336654e+03
8.9291700e-01 +1.5000000e-01 +1.5769000e+01 +1.6723667e-01 -1.4446733e-01 +2.7046000e+00 +3.8305778e-01 +5.3011667e-01 +2.7024222e-01 +5.6028111e-03 +6.3690333e-02 +4.2600113e+03
8.9946400e-01 +1.5000000e-01 +1.5613867e+01 +1.5953133e-01 -1.2425867e-01 +2.8428333e+00 +3.5303000e-01 +5.2727889e-01 +2.9256667e-01 +2.2609111e-02 +6.4426556e-02 +4.5309527e+03
9.0573000e-01 +1.5000000e-01 +1.5435500e+01 +1.5106100e-01 -1.0130433e-01 +2.9983556e+00 +3.2321111e-01 +5.2451222e-01 +3.1379444e-01 +3.7993667e-02 +6.4546889e-02 +4.8459115e+03
9.1172200e-01 +1.5000000e-01 +1.5231200e+01 +1.4195933e-01 -7.6074667e-02 +3.1701000e+00 +2.9380111e-01 +5.2159667e-01 +3.3334333e-01 +5.2069667e-02 +6.4023333e-02 +5.2018903e+03
9.1744900e-01 +1.5000000e-01 +1.4998133e+01 +1.3237300e-01 -4.9091667e-02 +3.3561000e+00 +2.6504333e-01 +5.1831667e-01 +3.5057556e-01 +6.5178000e-02 +6.2845889e-02 +5.5942016e+03
9.2291900e-01 +1.5000000e-01 +1.4733433e+01 +1.2245600e-01 -2.0902267e-02 +3.5532778e+00 +2.3719222e-01 +5.1442667e-01 +3.6484111e-01 +7.7699667e-02 +6.1021889e-02 +6.0154724e+03
9.2814000e-01 +1.5000000e-01 +1.4434233e+01 +1.1236667e-01 +7.9515000e-03 +3.7572000e+00 +2.1048556e-01 +5.0960333e-01 +3.7548000e-01 +8.9956111e-02 +5.8589556e-02 +6.4545924e+03
9.3312100e-01 +1.5000000e-01 +1.4097933e+01 +1.0226133e-01 +3.6950667e-02 +3.9618444e+00 +1.8514000e-01 +5.0343889e-01 +3.8182333e-01 +1.0209522e-01 +5.5621556e-02 +6.8957012e+03
9.3787000e-01 +1.5000000e-01 +1.3722300e+01 +9.2289000e-02 +6.5596000e-02 +4.1594222e+00 +1.6133556e-01 +4.9551444e-01 +3.8323667e-01 +1.1405111e-01 +5.2209333e-02 +7.3180298e+03
9.4239600e-01 +1.5000000e-01 +1.3305600e+01 +8.2587667e-02 +9.3394667e-02 +4.3400889e+00 +1.3922000e-01 +4.8548111e-01 +3.7921111e-01 +1.2563778e-01 +4.8444889e-02 +7.6980874e+03
9.4670700e-01 +1.5000000e-01 +1.2846767e+01 +7.3278333e-02 +1.1985200e-01 +4.4920556e+00 +1.1890111e-01 +4.7312444e-01 +3.6944333e-01 +1.3664778e-01 +4.4411889e-02 +8.0128778e+03
9.5081100e-01 +1.5000000e-01 +1.2345667e+01 +6.4461667e-02 +1.4447167e-01 +4.6021667e+00 +1.0044422e-01 +4.5838222e-01 +3.5389222e-01 +1.4682556e-01 +4.0187333e-02 +8.2424875e+03
9.5471600e-01 +1.5000000e-01 +1.1803167e+01 +5.6215333e-02 +1.6676500e-01 +4.6569667e+00 +8.3874667e-02 +4.4132444e-01 +3.3281444e-01 +1.5582111e-01 +3.5850556e-02 +8.3731610e+03
9.5843100e-01 +1.5000000e-01 +1.1221167e+01 +4.8592000e-02 +1.8626467e-01 +4.6441000e+00 +6.9177889e-02 +4.2212444e-01 +3.0678444e-01 +1.6317444e-01 +3.1489556e-02 +8.4009848e+03
9.6196300e-01 +1.5000000e-01 +1.0602833e+01 +4.1621000e-02 +2.0254667e-01 +4.5539222e+00 +5.6301889e-02 +4.0101444e-01 +2.7669889e-01 +1.6833889e-01 +2.7199222e-02 +8.3353211e+03
9.6532000e-01 +1.5000000e-01 +9.9524000e+00 +3.5311000e-02 +2.1525667e-01 +4.3811444e+00 +4.5161667e-02 +3.7822889e-01 +2.4372667e-01 +1.7072667e-01 +2.3073667e-02 +8.1997427e+03
9.6851000e-01 +1.5000000e-01 +9.2752667e+00 +2.9651733e-02 +2.2413567e-01 +4.1262556e+00 +3.5645778e-02 +3.5395444e-01 +2.0923222e-01 +1.6978889e-01 +1.9199556e-02 +8.0297905e+03
9.7153900e-01 +1.5000000e-01 +8.5776000e+00 +2.4620233e-02 +2.2903900e-01 +3.7962778e+00 +2.7625222e-02 +3.2830778e-01 +1.7466333e-01 +1.6512222e-01 +1.5649222e-02 +7.8669374e+03
9.7441500e-01 +1.5000000e-01 +7.8661667e+00 +2.0184300e-02 +2.2994167e-01 +3.4047222e+00 +2.0962333e-02 +3.0134667e-01 +1.4141889e-01 +1.5659111e-01 +1.2475889e-02 +7.7493708e+03
9.7714500e-01 +1.5000000e-01 +7.1480333e+00 +1.6306767e-02 +2.2693133e-01 +2.9703889e+00 +1.5517444e-02 +2.7311444e-01 +1.1072856e-01 +1.4440444e-01 +9.7109000e-03 +7.7030552e+03
9.7973500e-01 +1.5000000e-01 +6.4301333e+00 +1.2948500e-02 +2.2019133e-01 +2.5154000e+00 +1.1153000e-02 +2.4370222e-01 +8.3541778e-02 +1.2913111e-01 +7.3633556e-03 +7.7356830e+03
9.8219200e-01 +1.5000000e-01 +5.7190000e+00 +1.0070433e-02 +2.0997767e-01 +2.0625111e+00 +7.7353889e-03 +2.1330556e-01 +6.0466556e-02 +1.1164111e-01 +5.4221333e-03 +7.8358529e+03
9.8452200e-01 +1.5000000e-01 +5.0203000e+00 +7.6348000e-03 +1.9659233e-01 +1.6325667e+00 +5.1354778e-03 +1.8227556e-01 +4.1745778e-02 +9.2994778e-02 +3.8600111e-03 +7.9784098e+03
9.8673100e-01 +1.5000000e-01 +4.3389333e+00 +5.6052000e-03 +1.8036300e-01 +1.2423222e+00 +3.2282000e-03 +1.5112889e-01 +2.7280667e-02 +7.4292222e-02 +2.6388333e-03 +8.1337014e+03
9.8882500e-01 +1.5000000e-01 +3.6785333e+00 +3.9468333e-03 +1.6162400e-01 +9.0323444e-01 +1.8925333e-03 +1.2055667e-01 +1.6692333e-02 +5.6546333e-02 +1.7145333e-03 +8.2778780e+03
9.9080900e-01 +1.5000000e-01 +3.0418633e+00 +2.6261867e-03 +1.4070667e-01 +6.2121556e-01 +1.0122156e-03 +9.1393667e-02 +9.4081889e-03 +4.0581111e-02 +1.0415633e-03 +8.4005105e+03
9.9268900e-01 +1.5000000e-01 +2.4305900e+00 +1.6109933e-03 +1.1793100e-01 +3.9730111e-01 +4.7753778e-04 +6.4583333e-02 +4.7578111e-03 +2.6982667e-02 +5.7584444e-04 +8.5069544e+03
9.9447000e-01 +1.5000000e-01 +1.8455800e+00 +8.7022667e-04 +9.3603333e-02 +2.2888000e-01 +1.8801889e-04 +4.1128333e-02 +2.0614778e-03 +1.6096000e-02 +2.7629111e-04 +8.6158931e+03
9.9615600e-01 +1.5000000e-01 +1.2870200e+00 +3.7428000e-04 +6.8013333e-02 +1.1109800e-01 +5.5948222e-05 +2.2048111e-02 +6.9843778e-04 +8.0566333e-03 +1.0480789e-04 +8.7545251e+03
9.9775300e-01 +1.5000000e-01 +7.5459333e-01 +9.4934667e-05 +4.1436000e-02 +3.8128667e-02 +1.0314756e-05 +8.3461222e-03 +1.4886111e-04 +2.8397000e-03 +2.5255000e-05 +8.9538325e+03
9.9926500e-01 +1.5000000e-01 +2.4764333e-01 +0.0000000e+00 +1.4139900e-02 +4.1056667e-03 +7.0001889e-07 +9.9848889e-04 +9.4581444e-06 +3.1338333e-04 +1.8552667e-06 +9.2214643e+03
1.0000000e+00 +1.5000000e-01 +0.0000000e+00 +0.0000000e+00 +0.0000000e+00 +0.0000000e+00 +0.0000000e+00 +0.0000000e+00 +0.0000000e+00 +0.0000000e+00 +0.0000000e+00 +9.2202556e+03
