#    y              z              <u>            <v>            <w>            <u'u'>         <v'v'>         <w'w'>         <u'v'>         <u'w'>         <v'w'>         <eps>         
#----------------------------------------------------------------------------------------------------------------------------------------------------------------------------------
0.0000000e+00 +2.5000000e-01 +0.0000000e+00 +0.0000000e+00 +0.0000000e+00 +0.0000000e+00 +0.0000000e+00 +0.0000000e+00 +0.0000000e+00 +0.0000000e+00 +0.0000000e+00 +1.2198000e+04
7.3500000e-04 +2.5000000e-01 +2.3704167e-01 +1.0875533e-04 +1.1674167e-02 +5.4076778e-03 +1.3253444e-06 +1.3847667e-03 -1.2342222e-05 +1.5216667e-04 -8.0704222e-07 +1.2199106e+04
2.2470000e-03 +2.5000000e-01 +7.2216667e-01 +4.2073000e-04 +3.4548667e-02 +5.0183333e-02 +1.9422778e-05 +1.1447556e-02 -1.9683333e-04 +1.3971000e-03 -1.0291511e-05 +1.1825448e+04
3.8440000e-03 +2.5000000e-01 +1.2314633e+00 +9.6012333e-04 +5.7269000e-02 +1.4616111e-01 +1.0484489e-04 +2.9980222e-02 -9.3274444e-04 +4.0079333e-03 -3.8882222e-05 +1.1571186e+04
5.5300000e-03 +2.5000000e-01 +1.7654633e+00 +1.7428967e-03 +7.9672333e-02 +3.0101556e-01 +3.5060222e-04 +5.5527444e-02 -2.7742667e-03 +8.0882000e-03 -9.0369889e-05 +1.1422986e+04
7.3110000e-03 +2.5000000e-01 +2.3243433e+00 +2.7825633e-03 +1.0159267e-01 +5.2231333e-01 +8.8589111e-04 +8.6723111e-02 -6.4374667e-03 +1.3686444e-02 -1.5970333e-04 +1.1335131e+04
9.1910000e-03 +2.5000000e-01 +2.9077533e+00 +4.0896000e-03 +1.2285600e-01 +8.1623000e-01 +1.8676778e-03 +1.2230778e-01 -1.2769889e-02 +2.0780778e-02 -2.3314667e-04 +1.1270658e+04
1.1175000e-02 +2.5000000e-01 +3.5146667e+00 +5.6706000e-03 +1.4328100e-01 +1.1859222e+00 +3.4723111e-03 +1.6116667e-01 -2.2683556e-02 +2.9278889e-02 -2.8999778e-04 +1.1206745e+04
1.3269000e-02 +2.5000000e-01 +4.1432000e+00 +7.5271000e-03 +1.6268133e-01 +1.6299000e+00 +5.8878444e-03 +2.0237222e-01 -3.7057000e-02 +3.9034889e-02 -3.0599222e-04 +1.1138672e+04
1.5478000e-02 +2.5000000e-01 +4.7906000e+00 +9.6546000e-03 +1.8086667e-01 +2.1407556e+00 +9.3076889e-03 +2.4520556e-01 -5.6620333e-02 +4.9878778e-02 -2.5817333e-04 +1.1078494e+04
1.7808000e-02 +2.5000000e-01 +5.4532333e+00 +1.2041333e-02 +1.9764200e-01 +2.7048222e+00 +1.3925667e-02 +2.8916000e-01 -8.1844778e-02 +6.1645889e-02 -1.3039111e-04 +1.1048472e+04
2.0265000e-02 +2.5000000e-01 +6.1264667e+00 +1.4667033e-02 +2.1280767e-01 +3.3027000e+00 +1.9932444e-02 +3.3390222e-01 -1.1286000e-01 +7.4194889e-02 +8.1868778e-05 +1.1070681e+04
2.2855000e-02 +2.5000000e-01 +6.8051333e+00 +1.7501700e-02 +2.2615567e-01 +3.9109667e+00 +2.7512778e-02 +3.7920111e-01 -1.4941222e-01 +8.7405444e-02 +3.6867556e-04 +1.1157303e+04
2.5585000e-02 +2.5000000e-01 +7.4835333e+00 +2.0504367e-02 +2.3746733e-01 +4.5043111e+00 +3.6843333e-02 +4.2485333e-01 -1.9087667e-01 +1.0115478e-01 +7.0572222e-04 +1.1305303e+04
2.8461000e-02 +2.5000000e-01 +8.1557667e+00 +2.3622167e-02 +2.4651267e-01 +5.0580667e+00 +4.8089111e-02 +4.7060000e-01 -2.3630667e-01 +1.1528111e-01 +1.0572778e-03 +1.1496231e+04
3.1490000e-02 +2.5000000e-01 +8.8159667e+00 +2.6789733e-02 +2.5305100e-01 +5.5504000e+00 +6.1400556e-02 +5.1608222e-01 -2.8452778e-01 +1.2954778e-01 +1.3813667e-03 +1.1700685e+04
3.4680000e-02 +2.5000000e-01 +9.4586333e+00 +2.9928967e-02 +2.5683700e-01 +5.9640111e+00 +7.6907222e-02 +5.6081000e-01 -3.3423444e-01 +1.4361667e-01 +1.6360333e-03 +1.1884946e+04
3.8037000e-02 +2.5000000e-01 +1.0078767e+01 +3.2949500e-02 +2.5763333e-01 +6.2870778e+00 +9.4711111e-02 +6.0418000e-01 -3.8410111e-01 +1.5704333e-01 +1.7852556e-03 +1.2017148e+04
4.1569000e-02 +2.5000000e-01 +1.0672000e+01 +3.5749667e-02 +2.5522633e-01 +6.5136222e+00 +1.1487778e-01 +6.4552000e-01 -4.3285889e-01 +1.6929778e-01 +1.8024556e-03 +1.2072368e+04
4.5284000e-02 +2.5000000e-01 +1.1234833e+01 +3.8218333e-02 +2.4944700e-01 +6.6431333e+00 +1.3743111e-01 +6.8416333e-01 -4.7935778e-01 +1.7980333e-01 +1.6703444e-03 +1.2034120e+04
4.9189000e-02 +2.5000000e-01 +1.1764567e+01 +4.0236667e-02 +2.4018933e-01 +6.6799556e+00 +1.6233778e-01 +7.1953333e-01 -5.2260444e-01 +1.8800111e-01 +1.3780444e-03 +1.1895561e+04
5.3293000e-02 +2.5000000e-01 +1.2259467e+01 +4.1684333e-02 +2.2742833e-01 +6.6322556e+00 +1.8951000e-01 +7.5122889e-01 -5.6177889e-01 +1.9344556e-01 +9.1795111e-04 +1.1657856e+04
5.7604000e-02 +2.5000000e-01 +1.2718667e+01 +4.2441667e-02 +2.1123467e-01 +6.5110333e+00 +2.1879000e-01 +7.7906444e-01 -5.9625333e-01 +1.9591778e-01 +2.8520222e-04 +1.1328943e+04
6.2130000e-02 +2.5000000e-01 +1.3142133e+01 +4.2399000e-02 +1.9179200e-01 +6.3290111e+00 +2.4995333e-01 +8.0305556e-01 -6.2560333e-01 +1.9547444e-01 -5.2190778e-04 +1.0920732e+04
6.6879000e-02 +2.5000000e-01 +1.3530767e+01 +4.1462333e-02 +1.6940933e-01 +6.0995556e+00 +2.8270889e-01 +8.2339889e-01 -6.4959778e-01 +1.9238000e-01 -1.5051111e-03 +1.0447950e+04
7.1860000e-02 +2.5000000e-01 +1.3886067e+01 +3.9559333e-02 +1.4452300e-01 +5.8357778e+00 +3.1670000e-01 +8.4045333e-01 -6.6816333e-01 +1.8695444e-01 -2.6715000e-03 +9.9264512e+03
7.7081000e-02 +2.5000000e-01 +1.4210100e+01 +3.6646667e-02 +1.1767867e-01 +5.5497333e+00 +3.5152111e-01 +8.5470556e-01 -6.8136333e-01 +1.7944111e-01 -4.0349778e-03 +9.3714439e+03
8.2551000e-02 +2.5000000e-01 +1.4505333e+01 +3.2711567e-02 +8.9509667e-02 +5.2520444e+00 +3.8671111e-01 +8.6664556e-01 -6.8938333e-01 +1.7001444e-01 -5.6116556e-03 +8.7962516e+03
8.8278000e-02 +2.5000000e-01 +1.4774500e+01 +2.7772633e-02 +6.0708000e-02 +4.9516556e+00 +4.2176111e-01 +8.7659222e-01 -6.9249667e-01 +1.5885000e-01 -7.4140556e-03 +8.2127694e+03
9.4270000e-02 +2.5000000e-01 +1.5020267e+01 +2.1875000e-02 +3.1996433e-02 +4.6553889e+00 +4.5611889e-01 +8.8462222e-01 -6.9097667e-01 +1.4621222e-01 -9.4380333e-03 +7.6344414e+03
1.0053600e-01 +2.5000000e-01 +1.5245433e+01 +1.5082800e-02 +4.0773333e-03 +4.3677778e+00 +4.8922111e-01 +8.9067000e-01 -6.8504333e-01 +1.3244111e-01 -1.1632778e-02 +7.0755493e+03
1.0708300e-01 +2.5000000e-01 +1.5452667e+01 +7.4794333e-03 -2.2417667e-02 +4.0915333e+00 +5.2053778e-01 +8.9467222e-01 -6.7492667e-01 +1.1785556e-01 -1.3896222e-02 +6.5470076e+03
1.1392000e-01 +2.5000000e-01 +1.5644433e+01 -8.2282333e-04 -4.6947667e-02 +3.8280667e+00 +5.4963444e-01 +8.9653667e-01 -6.6096556e-01 +1.0263133e-01 -1.6125889e-02 +6.0550417e+03
1.2105300e-01 +2.5000000e-01 +1.5823067e+01 -9.6784667e-03 -6.9052667e-02 +3.5779444e+00 +5.7618889e-01 +8.9619222e-01 -6.4359111e-01 +8.6629444e-02 -1.8272222e-02 +5.6018796e+03
1.2849000e-01 +2.5000000e-01 +1.5990600e+01 -1.8918600e-02 -8.8352000e-02 +3.3412222e+00 +5.9998778e-01 +8.9371444e-01 -6.2324556e-01 +6.9361111e-02 -2.0364778e-02 +5.1878166e+03
1.3623700e-01 +2.5000000e-01 +1.6148633e+01 -2.8362467e-02 -1.0456467e-01 +3.1180667e+00 +6.2091778e-01 +8.8901556e-01 -6.0030667e-01 +5.0404778e-02 -2.2493889e-02 +4.8117094e+03
1.4430000e-01 +2.5000000e-01 +1.6298300e+01 -3.7821667e-02 -1.1753167e-01 +2.9095667e+00 +6.3897000e-01 +8.8182222e-01 -5.7517444e-01 +2.9811556e-02 -2.4757556e-02 +4.4687810e+03
1.5268500e-01 +2.5000000e-01 +1.6440300e+01 -4.7103333e-02 -1.2721867e-01 +2.7171778e+00 +6.5424778e-01 +8.7208222e-01 -5.4827889e-01 +7.7431778e-03 -2.7228444e-02 +4.1549470e+03
1.6139700e-01 +2.5000000e-01 +1.6574900e+01 -5.6013333e-02 -1.3372767e-01 +2.5416667e+00 +6.6698333e-01 +8.6010111e-01 -5.1991556e-01 -1.5716778e-02 -2.9907000e-02 +3.8705934e+03
1.7043900e-01 +2.5000000e-01 +1.6702233e+01 -6.4356333e-02 -1.3731433e-01 +2.3834000e+00 +6.7756222e-01 +8.4649778e-01 -4.9034889e-01 -4.0433222e-02 -3.2706111e-02 +3.6167998e+03
1.7981500e-01 +2.5000000e-01 +1.6822467e+01 -7.1940667e-02 -1.3826700e-01 +2.2428111e+00 +6.8647778e-01 +8.3200889e-01 -4.5997444e-01 -6.6385778e-02 -3.5515444e-02 +3.3929826e+03
1.8952800e-01 +2.5000000e-01 +1.6935733e+01 -7.8613667e-02 -1.3678233e-01 +2.1202444e+00 +6.9423222e-01 +8.1725778e-01 -4.2916556e-01 -9.3633556e-02 -3.8326111e-02 +3.1969560e+03
1.9957700e-01 +2.5000000e-01 +1.7042033e+01 -8.4279000e-02 -1.3303700e-01 +2.0156667e+00 +7.0132556e-01 +8.0234111e-01 -3.9823111e-01 -1.2225556e-01 -4.1224222e-02 +3.0265182e+03
2.0996400e-01 +2.5000000e-01 +1.7141300e+01 -8.8849000e-02 -1.2728900e-01 +1.9287444e+00 +7.0827222e-01 +7.8728000e-01 -3.6746889e-01 -1.5221667e-01 -4.4138333e-02 +2.8792776e+03
2.2068800e-01 +2.5000000e-01 +1.7233367e+01 -9.2223333e-02 -1.1988100e-01 +1.8589778e+00 +7.1553667e-01 +7.7246222e-01 -3.3718333e-01 -1.8320556e-01 -4.6815889e-02 +2.7537714e+03
2.3174700e-01 +2.5000000e-01 +1.7318167e+01 -9.4308333e-02 -1.1114467e-01 +1.8050778e+00 +7.2343000e-01 +7.5822000e-01 -3.0764222e-01 -2.1446667e-01 -4.9111889e-02 +2.6512244e+03
2.4313600e-01 +2.5000000e-01 +1.7395700e+01 -9.5063667e-02 -1.0130833e-01 +1.7658222e+00 +7.3210333e-01 +7.4487000e-01 -2.7910000e-01 -2.4533667e-01 -5.0965667e-02 +2.5714496e+03
2.5485200e-01 +2.5000000e-01 +1.7466033e+01 -9.4517333e-02 -9.0563333e-02 +1.7400111e+00 +7.4165000e-01 +7.3262444e-01 -2.5177889e-01 -2.7564889e-01 -5.2230778e-02 +2.5115050e+03
2.6688900e-01 +2.5000000e-01 +1.7529433e+01 -9.2716667e-02 -7.9166667e-02 +1.7261111e+00 +7.5214222e-01 +7.2140000e-01 -2.2597111e-01 -3.0526222e-01 -5.2753222e-02 +2.4688103e+03
2.7923700e-01 +2.5000000e-01 +1.7586067e+01 -8.9722333e-02 -6.7367667e-02 +1.7227000e+00 +7.6358111e-01 +7.1127444e-01 -2.0193222e-01 -3.3410778e-01 -5.2501333e-02 +2.4423073e+03
2.9189000e-01 +2.5000000e-01 +1.7636033e+01 -8.5666333e-02 -5.5337667e-02 +1.7283000e+00 +7.7587778e-01 +7.0249556e-01 -1.7959000e-01 -3.6224556e-01 -5.1564444e-02 +2.4307398e+03
3.0483500e-01 +2.5000000e-01 +1.7679500e+01 -8.0707667e-02 -4.3225000e-02 +1.7413556e+00 +7.8891222e-01 +6.9500667e-01 -1.5876444e-01 -3.8924889e-01 -5.0069778e-02 +2.4317667e+03
3.1806100e-01 +2.5000000e-01 +1.7716833e+01 -7.4935000e-02 -3.1167033e-02 +1.7594889e+00 +8.0254778e-01 +6.8838778e-01 -1.3939222e-01 -4.1436556e-01 -4.8217111e-02 +2.4430784e+03
3.3155400e-01 +2.5000000e-01 +1.7748633e+01 -6.8415667e-02 -1.9204100e-02 +1.7806333e+00 +8.1657000e-01 +6.8343778e-01 -1.2160333e-01 -4.3741556e-01 -4.6125889e-02 +2.4610457e+03
3.4530000e-01 +2.5000000e-01 +1.7775700e+01 -6.1275000e-02 -7.5482000e-03 +1.8033222e+00 +8.3061667e-01 +6.8070111e-01 -1.0555433e-01 -4.5851889e-01 -4.3776111e-02 +2.4832795e+03
3.5928100e-01 +2.5000000e-01 +1.7798900e+01 -5.3739333e-02 +3.3626333e-03 +1.8257000e+00 +8.4429333e-01 +6.7906000e-01 -9.1469556e-02 -4.7730667e-01 -4.1017444e-02 +2.5082819e+03
3.7348100e-01 +2.5000000e-01 +1.7818800e+01 -4.6081000e-02 +1.3181300e-02 +1.8460556e+00 +8.5728222e-01 +6.7790000e-01 -7.9431778e-02 -4.9292111e-01 -3.7549222e-02 +2.5350798e+03
3.8788000e-01 +2.5000000e-01 +1.7835533e+01 -3.8652667e-02 +2.1626133e-02 +1.8638778e+00 +8.6930111e-01 +6.7734000e-01 -6.9161000e-02 -5.0535556e-01 -3.3140778e-02 +2.5619136e+03
4.0245700e-01 +2.5000000e-01 +1.7849200e+01 -3.1727400e-02 +2.8619200e-02 +1.8796778e+00 +8.8013889e-01 +6.7690222e-01 -6.0008556e-02 -5.1517111e-01 -2.7968556e-02 +2.5878222e+03
4.1719100e-01 +2.5000000e-01 +1.7860067e+01 -2.5405800e-02 +3.4380667e-02 +1.8934444e+00 +8.8966889e-01 +6.7592000e-01 -5.1334333e-02 -5.2279556e-01 -2.2636667e-02 +2.6098942e+03
4.3206000e-01 +2.5000000e-01 +1.7868433e+01 -1.9650367e-02 +3.9112667e-02 +1.9054444e+00 +8.9775667e-01 +6.7489778e-01 -4.2719000e-02 -5.2866556e-01 -1.7653556e-02 +2.6274530e+03
4.4704100e-01 +2.5000000e-01 +1.7874433e+01 -1.4350000e-02 +4.2851667e-02 +1.9157000e+00 +9.0424778e-01 +6.7480222e-01 -3.3841556e-02 -5.3312444e-01 -1.3214667e-02 +2.6421971e+03
4.6210900e-01 +2.5000000e-01 +1.7878400e+01 -9.3492667e-03 +4.5601667e-02 +1.9237000e+00 +9.0898667e-01 +6.7557889e-01 -2.4453222e-02 -5.3621556e-01 -9.1719000e-03 +2.6559412e+03
4.7724000e-01 +2.5000000e-01 +1.7880833e+01 -4.5742000e-03 +4.7397667e-02 +1.9294111e+00 +9.1197333e-01 +6.7671778e-01 -1.4740111e-02 -5.3833333e-01 -5.3835000e-03 +2.6660285e+03
4.9240900e-01 +2.5000000e-01 +1.7882000e+01 +0.0000000e+00 +4.8246667e-02 +1.9324444e+00 +9.1339444e-01 +6.7766556e-01 -4.9268111e-03 -5.3960556e-01 -1.7865333e-03 +2.6700666e+03
5.0759100e-01 +2.5000000e-01 +1.7882000e+01 +4.5742000e-03 +4.8246667e-02 +1.9324444e+00 +9.1339444e-01 +6.7766556e-01 +4.9268111e-03 -5.3960556e-01 +1.7865333e-03 +2.6700666e+03
5.2276000e-01 +2.5000000e-01 +1.7880833e+01 +9.3492667e-03 +4.7397667e-02 +1.9294111e+00 +9.1197333e-01 +6.7671778e-01 +1.4740111e-02 -5.3833333e-01 +5.3835000e-03 +2.6660285e+03
5.3789100e-01 +2.5000000e-01 +1.7878400e+01 +1.4350000e-02 +4.5601667e-02 +1.9237000e+00 +9.0898667e-01 +6.7557889e-01 +2.4453222e-02 -5.3621556e-01 +9.1719000e-03 +2.6559412e+03
5.5295900e-01 +2.5000000e-01 +1.7874433e+01 +1.9650367e-02 +4.2851667e-02 +1.9157000e+00 +9.0424778e-01 +6.7480222e-01 +3.3841556e-02 -5.3312444e-01 +1.3214667e-02 +2.6421971e+03
5.6794000e-01 +2.5000000e-01 +1.7868433e+01 +2.5405800e-02 +3.9112667e-02 +1.9054444e+00 +8.9775667e-01 +6.7489778e-01 +4.2719000e-02 -5.2866556e-01 +1.7653556e-02 +2.6274530e+03
5.8280900e-01 +2.5000000e-01 +1.7860067e+01 +3.1727400e-02 +3.4380667e-02 +1.8934444e+00 +8.8966889e-01 +6.7592000e-01 +5.1334333e-02 -5.2279556e-01 +2.2636667e-02 +2.6098942e+03
5.9754300e-01 +2.5000000e-01 +1.7849200e+01 +3.8652667e-02 +2.8619200e-02 +1.8796778e+00 +8.8013889e-01 +6.7690222e-01 +6.0008556e-02 -5.1517111e-01 +2.7968556e-02 +2.5878222e+03
6.1212000e-01 +2.5000000e-01 +1.7835533e+01 +4.6081000e-02 +2.1626133e-02 +1.8638778e+00 +8.6930111e-01 +6.7734000e-01 +6.9161000e-02 -5.0535556e-01 +3.3140778e-02 +2.5619136e+03
6.2651900e-01 +2.5000000e-01 +1.7818800e+01 +5.3739333e-02 +1.3181300e-02 +1.8460556e+00 +8.5728222e-01 +6.7790000e-01 +7.9431778e-02 -4.9292111e-01 +3.7549222e-02 +2.5350798e+03
6.4071900e-01 +2.5000000e-01 +1.7798900e+01 +6.1275000e-02 +3.3626333e-03 +1.8257000e+00 +8.4429333e-01 +6.7906000e-01 +9.1469556e-02 -4.7730667e-01 +4.1017444e-02 +2.5082819e+03
6.5470000e-01 +2.5000000e-01 +1.7775700e+01 +6.8415667e-02 -7.5482000e-03 +1.8033222e+00 +8.3061667e-01 +6.8070111e-01 +1.0555433e-01 -4.5851889e-01 +4.3776111e-02 +2.4832795e+03
6.6844600e-01 +2.5000000e-01 +1.7748633e+01 +7.4935000e-02 -1.9204100e-02 +1.7806333e+00 +8.1657000e-01 +6.8343778e-01 +1.2160333e-01 -4.3741556e-01 +4.6125889e-02 +2.4610457e+03
6.8193900e-01 +2.5000000e-01 +1.7716833e+01 +8.0707667e-02 -3.1167033e-02 +1.7594889e+00 +8.0254778e-01 +6.8838778e-01 +1.3939222e-01 -4.1436556e-01 +4.8217111e-02 +2.4430784e+03
6.9516500e-01 +2.5000000e-01 +1.7679500e+01 +8.5666333e-02 -4.3225000e-02 +1.7413556e+00 +7.8891222e-01 +6.9500667e-01 +1.5876444e-01 -3.8924889e-01 +5.0069778e-02 +2.4317667e+03
7.0811000e-01 +2.5000000e-01 +1.7636033e+01 +8.9722333e-02 -5.5337667e-02 +1.7283000e+00 +7.7587778e-01 +7.0249556e-01 +1.7959000e-01 -3.6224556e-01 +5.1564444e-02 +2.4307398e+03
7.2076300e-01 +2.5000000e-01 +1.7586067e+01 +9.2716667e-02 -6.7367667e-02 +1.7227000e+00 +7.6358111e-01 +7.1127444e-01 +2.0193222e-01 -3.3410778e-01 +5.2501333e-02 +2.4423073e+03
7.3311100e-01 +2.5000000e-01 +1.7529433e+01 +9.4517333e-02 -7.9166667e-02 +1.7261111e+00 +7.5214222e-01 +7.2140000e-01 +2.2597111e-01 -3.0526222e-01 +5.2753222e-02 +2.4688103e+03
7.4514800e-01 +2.5000000e-01 +1.7466033e+01 +9.5063667e-02 -9.0563333e-02 +1.7400111e+00 +7.4165000e-01 +7.3262444e-01 +2.5177889e-01 -2.7564889e-01 +5.2230778e-02 +2.5115050e+03
7.5686400e-01 +2.5000000e-01 +1.7395700e+01 +9.4308333e-02 -1.0130833e-01 +1.7658222e+00 +7.3210333e-01 +7.4487000e-01 +2.7910000e-01 -2.4533667e-01 +5.0965667e-02 +2.5714496e+03
7.6825300e-01 +2.5000000e-01 +1.7318167e+01 +9.2223333e-02 -1.1114467e-01 +1.8050778e+00 +7.2343000e-01 +7.5822000e-01 +3.0764222e-01 -2.1446667e-01 +4.9111889e-02 +2.6512244e+03
7.7931200e-01 +2.5000000e-01 +1.7233367e+01 +8.8849000e-02 -1.1988100e-01 +1.8589778e+00 +7.1553667e-01 +7.7246222e-01 +3.3718333e-01 -1.8320556e-01 +4.6815889e-02 +2.7537714e+03
7.9003600e-01 +2.5000000e-01 +1.7141300e+01 +8.4279000e-02 -1.2728900e-01 +1.9287444e+00 +7.0827222e-01 +7.8728000e-01 +3.6746889e-01 -1.5221667e-01 +4.4138333e-02 +2.8792776e+03
8.0042300e-01 +2.5000000e-01 +1.7042033e+01 +7.8613667e-02 -1.3303700e-01 +2.0156667e+00 +7.0132556e-01 +8.0234111e-01 +3.9823111e-01 -1.2225556e-01 +4.1224222e-02 +3.0265182e+03
8.1047200e-01 +2.5000000e-01 +1.6935733e+01 +7.1940667e-02 -1.3678233e-01 +2.1202444e+00 +6.9423222e-01 +8.1725778e-01 +4.2916556e-01 -9.3633556e-02 +3.8326111e-02 +3.1969560e+03
8.2018500e-01 +2.5000000e-01 +1.6822467e+01 +6.4356333e-02 -1.3826700e-01 +2.2428111e+00 +6.8647778e-01 +8.3200889e-01 +4.5997444e-01 -6.6385778e-02 +3.5515444e-02 +3.3929826e+03
8.2956100e-01 +2.5000000e-01 +1.6702233e+01 +5.6013333e-02 -1.3731433e-01 +2.3834000e+00 +6.7756222e-01 +8.4649778e-01 +4.9034889e-01 -4.0433222e-02 +3.2706111e-02 +3.6167998e+03
8.3860300e-01 +2.5000000e-01 +1.6574900e+01 +4.7103333e-02 -1.3372767e-01 +2.5416667e+00 +6.6698333e-01 +8.6010111e-01 +5.1991556e-01 -1.5716778e-02 +2.9907000e-02 +3.8705934e+03
8.4731500e-01 +2.5000000e-01 +1.6440300e+01 +3.7821667e-02 -1.2721867e-01 +2.7171778e+00 +6.5424778e-01 +8.7208222e-01 +5.4827889e-01 +7.7431778e-03 +2.7228444e-02 +4.1549470e+03
8.5570000e-01 +2.5000000e-01 +1.6298300e+01 +2.8362467e-02 -1.1753167e-01 +2.9095667e+00 +6.3897000e-01 +8.8182222e-01 +5.7517444e-01 +2.9811556e-02 +2.4757556e-02 +4.4687810e+03
8.6376300e-01 +2.5000000e-01 +1.6148633e+01 +1.8918600e-02 -1.0456467e-01 +3.1180667e+00 +6.2091778e-01 +8.8901556e-01 +6.0030667e-01 +5.0404778e-02 +2.2493889e-02 +4.8117094e+03
8.7151000e-01 +2.5000000e-01 +1.5990600e+01 +9.6784667e-03 -8.8352000e-02 +3.3412222e+00 +5.9998778e-01 +8.9371444e-01 +6.2324556e-01 +6.9361111e-02 +2.0364778e-02 +5.1878166e+03
8.7894700e-01 +2.5000000e-01 +1.5823067e+01 +8.2282333e-04 -6.9052667e-02 +3.5779444e+00 +5.7618889e-01 +8.9619222e-01 +6.4359111e-01 +8.6629444e-02 +1.8272222e-02 +5.6018796e+03
8.8608000e-01 +2.5000000e-01 +1.5644433e+01 -7.4794333e-03 -4.6947667e-02 +3.8280667e+00 +5.4963444e-01 +8.9653667e-01 +6.6096556e-01 +1.0263133e-01 +1.6125889e-02 +6.0550417e+03
8.9291700e-01 +2.5000000e-01 +1.5452667e+01 -1.5082800e-02 -2.2417667e-02 +4.0915333e+00 +5.2053778e-01 +8.9467222e-01 +6.7492667e-01 +1.1785556e-01 +1.3896222e-02 +6.5470076e+03
8.9946400e-01 +2.5000000e-01 +1.5245433e+01 -2.1875000e-02 +4.0773333e-03 +4.3677778e+00 +4.8922111e-01 +8.9067000e-01 +6.8504333e-01 +1.3244111e-01 +1.1632778e-02 +7.0755493e+03
9.0573000e-01 +2.5000000e-01 +1.5020267e+01 -2.7772633e-02 +3.1996433e-02 +4.6553889e+00 +4.5611889e-01 +8.8462222e-01 +6.9097667e-01 +1.4621222e-01 +9.4380333e-03 +7.6344414e+03
9.1172200e-01 +2.5000000e-01 +1.4774500e+01 -3.2711567e-02 +6.0708000e-02 +4.9516556e+00 +4.2176111e-01 +8.7659222e-01 +6.9249667e-01 +1.5885000e-01 +7.4140556e-03 +8.2127694e+03
9.1744900e-01 +2.5000000e-01 +1.4505333e+01 -3.6646667e-02 +8.9509667e-02 +5.2520444e+00 +3.8671111e-01 +8.6664556e-01 +6.8938333e-01 +1.7001444e-01 +5.6116556e-03 +8.7962516e+03
9.2291900e-01 +2.5000000e-01 +1.4210100e+01 -3.9559333e-02 +1.1767867e-01 +5.5497333e+00 +3.5152111e-01 +8.5470556e-01 +6.8136333e-01 +1.7944111e-01 +4.0349778e-03 +9.3714439e+03
9.2814000e-01 +2.5000000e-01 +1.3886067e+01 -4.1462333e-02 +1.4452300e-01 +5.8357778e+00 +3.1670000e-01 +8.4045333e-01 +6.6816333e-01 +1.8695444e-01 +2.6715000e-03 +9.9264512e+03
9.3312100e-01 +2.5000000e-01 +1.3530767e+01 -4.2399000e-02 +1.6940933e-01 +6.0995556e+00 +2.8270889e-01 +8.2339889e-01 +6.4959778e-01 +1.9238000e-01 +1.5051111e-03 +1.0447950e+04
9.3787000e-01 +2.5000000e-01 +1.3142133e+01 -4.2441667e-02 +1.9179200e-01 +6.3290111e+00 +2.4995333e-01 +8.0305556e-01 +6.2560333e-01 +1.9547444e-01 +5.2190778e-04 +1.0920732e+04
9.4239600e-01 +2.5000000e-01 +1.2718667e+01 -4.1684333e-02 +2.1123467e-01 +6.5110333e+00 +2.1879000e-01 +7.7906444e-01 +5.9625333e-01 +1.9591778e-01 -2.8520222e-04 +1.1328943e+04
9.4670700e-01 +2.5000000e-01 +1.2259467e+01 -4.0236667e-02 +2.2742833e-01 +6.6322556e+00 +1.8951000e-01 +7.5122889e-01 +5.6177889e-01 +1.9344556e-01 -9.1795111e-04 +1.1657856e+04
9.5081100e-01 +2.5000000e-01 +1.1764567e+01 -3.8218333e-02 +2.4018933e-01 +6.6799556e+00 +1.6233778e-01 +7.1953333e-01 +5.2260444e-01 +1.8800111e-01 -1.3780444e-03 +1.1895561e+04
9.5471600e-01 +2.5000000e-01 +1.1234833e+01 -3.5749667e-02 +2.4944700e-01 +6.6431333e+00 +1.3743111e-01 +6.8416333e-01 +4.7935778e-01 +1.7980333e-01 -1.6703444e-03 +1.2034120e+04
9.5843100e-01 +2.5000000e-01 +1.0672000e+01 -3.2949500e-02 +2.5522633e-01 +6.5136222e+00 +1.1487778e-01 +6.4552000e-01 +4.3285889e-01 +1.6929778e-01 -1.8024556e-03 +1.2072368e+04
9.6196300e-01 +2.5000000e-01 +1.0078767e+01 -2.9928967e-02 +2.5763333e-01 +6.2870778e+00 +9.4711111e-02 +6.0418000e-01 +3.8410111e-01 +1.5704333e-01 -1.7852556e-03 +1.2017148e+04
9.6532000e-01 +2.5000000e-01 +9.4586333e+00 -2.6789733e-02 +2.5683700e-01 +5.9640111e+00 +7.6907222e-02 +5.6081000e-01 +3.3423444e-01 +1.4361667e-01 -1.6360333e-03 +1.1884946e+04
9.6851000e-01 +2.5000000e-01 +8.8159667e+00 -2.3622167e-02 +2.5305100e-01 +5.5504000e+00 +6.1400556e-02 +5.1608222e-01 +2.8452778e-01 +1.2954778e-01 -1.3813667e-03 +1.1700685e+04
9.7153900e-01 +2.5000000e-01 +8.1557667e+00 -2.0504367e-02 +2.4651267e-01 +5.0580667e+00 +4.8089111e-02 +4.7060000e-01 +2.3630667e-01 +1.1528111e-01 -1.0572778e-03 +1.1496231e+04
9.7441500e-01 +2.5000000e-01 +7.4835333e+00 -1.7501700e-02 +2.3746733e-01 +4.5043111e+00 +3.6843333e-02 +4.2485333e-01 +1.9087667e-01 +1.0115478e-01 -7.0572222e-04 +1.1305303e+04
9.7714500e-01 +2.5000000e-01 +6.8051333e+00 -1.4667033e-02 +2.2615567e-01 +3.9109667e+00 +2.7512778e-02 +3.7920111e-01 +1.4941222e-01 +8.7405444e-02 -3.6867556e-04 +1.1157303e+04
9.7973500e-01 +2.5000000e-01 +6.1264667e+00 -1.2041333e-02 +2.1280767e-01 +3.3027000e+00 +1.9932444e-02 +3.3390222e-01 +1.1286000e-01 +7.4194889e-02 -8.1868778e-05 +1.1070681e+04
9.8219200e-01 +2.5000000e-01 +5.4532333e+00 -9.6546000e-03 +1.9764200e-01 +2.7048222e+00 +1.3925667e-02 +2.8916000e-01 +8.1844778e-02 +6.1645889e-02 +1.3039111e-04 +1.1048472e+04
9.8452200e-01 +2.5000000e-01 +4.7906000e+00 -7.5271000e-03 +1.8086667e-01 +2.1407556e+00 +9.3076889e-03 +2.4520556e-01 +5.6620333e-02 +4.9878778e-02 +2.5817333e-04 +1.1078494e+04
9.8673100e-01 +2.5000000e-01 +4.1432000e+00 -5.6706000e-03 +1.6268133e-01 +1.6299000e+00 +5.8878444e-03 +2.0237222e-01 +3.7057000e-02 +3.9034889e-02 +3.0599222e-04 +1.1138672e+04
9.8882500e-01 +2.5000000e-01 +3.5146667e+00 -4.0896000e-03 +1.4328100e-01 +1.1859222e+00 +3.4723111e-03 +1.6116667e-01 +2.2683556e-02 +2.9278889e-02 +2.8999778e-04 +1.1206745e+04
9.9080900e-01 +2.5000000e-01 +2.9077533e+00 -2.7825633e-03 +1.2285600e-01 +8.1623000e-01 +1.8676778e-03 +1.2230778e-01 +1.2769889e-02 +2.0780778e-02 +2.3314667e-04 +1.1270658e+04
9.9268900e-01 +2.5000000e-01 +2.3243433e+00 -1.7428967e-03 +1.0159267e-01 +5.2231333e-01 +8.8589111e-04 +8.6723111e-02 +6.4374667e-03 +1.3686444e-02 +1.5970333e-04 +1.1335131e+04
9.9447000e-01 +2.5000000e-01 +1.7654633e+00 -9.6012333e-04 +7.9672333e-02 +3.0101556e-01 +3.5060222e-04 +5.5527444e-02 +2.7742667e-03 +8.0882000e-03 +9.0369889e-05 +1.1422986e+04
9.9615600e-01 +2.5000000e-01 +1.2314633e+00 -4.2073000e-04 +5.7269000e-02 +1.4616111e-01 +1.0484489e-04 +2.9980222e-02 +9.3274444e-04 +4.0079333e-03 +3.8882222e-05 +1.1571186e+04
9.9775300e-01 +2.5000000e-01 +7.2216667e-01 -1.0875533e-04 +3.4548667e-02 +5.0183333e-02 +1.9422778e-05 +1.1447556e-02 +1.9683333e-04 +1.3971000e-03 +1.0291511e-05 +1.1825448e+04
9.9926500e-01 +2.5000000e-01 +2.3704167e-01 +0.0000000e+00 +1.1674167e-02 +5.4076778e-03 +1.3253444e-06 +1.3847667e-03 +1.2342222e-05 +1.5216667e-04 +8.0704222e-07 +1.2199106e+04
1.0000000e+00 +2.5000000e-01 +0.0000000e+00 +0.0000000e+00 +0.0000000e+00 +0.0000000e+00 +0.0000000e+00 +0.0000000e+00 +0.0000000e+00 +0.0000000e+00 +0.0000000e+00 +1.2198000e+04
