#    y              z              <u>            <v>            <w>            <u'u'>         <v'v'>         <w'w'>         <u'v'>         <u'w'>         <v'w'>         <eps>         
#----------------------------------------------------------------------------------------------------------------------------------------------------------------------------------
0.0000000e+00 +5.0000000e-01 +0.0000000e+00 +0.0000000e+00 +0.0000000e+00 +0.0000000e+00 +0.0000000e+00 +0.0000000e+00 +0.0000000e+00 +0.0000000e+00 +0.0000000e+00 +1.9084889e+04
7.3500000e-04 +5.0000000e-01 +2.5309700e-01 +2.9416800e-05 +0.0000000e+00 +8.5918000e-03 +2.3399667e-06 +2.0829667e-03 -2.4757667e-05 +5.6744778e-20 +8.9145556e-23 +1.9086148e+04
2.2470000e-03 +5.0000000e-01 +7.7121667e-01 +1.1430700e-04 +0.0000000e+00 +7.9777000e-02 +3.4114111e-05 +1.7097556e-02 -3.8811778e-04 +5.1317000e-19 +2.4671667e-21 +1.8529091e+04
3.8440000e-03 +5.0000000e-01 +1.3152100e+00 +2.6200467e-04 +0.0000000e+00 +2.3230111e-01 +1.8325889e-04 +4.4463444e-02 -1.8096556e-03 +1.4210889e-18 +1.5111333e-20 +1.8110616e+04
5.5300000e-03 +5.0000000e-01 +1.8853200e+00 +4.7791000e-04 +0.0000000e+00 +4.7767667e-01 +6.0963889e-04 +8.1730778e-02 -5.2930222e-03 +2.8421667e-18 +5.1810444e-20 +1.7780210e+04
7.3110000e-03 +5.0000000e-01 +2.4811267e+00 +7.6716333e-04 +0.0000000e+00 +8.2592667e-01 +1.5317444e-03 +1.2662000e-01 -1.2063111e-02 +4.8948444e-18 +1.3076000e-19 +1.7445620e+04
9.1910000e-03 +5.0000000e-01 +3.1012833e+00 +1.1346033e-03 +0.0000000e+00 +1.2828111e+00 +3.2096889e-03 +1.7708444e-01 -2.3463444e-02 +7.5791222e-18 +2.7138778e-19 +1.7044698e+04
1.1175000e-02 +5.0000000e-01 +3.7433000e+00 +1.5846933e-03 +0.0000000e+00 +1.8468111e+00 +5.9287000e-03 +2.3139000e-01 -4.0788889e-02 +1.0737089e-17 +4.9343222e-19 +1.6560380e+04
1.3269000e-02 +5.0000000e-01 +4.4035000e+00 +2.1214100e-03 +0.0000000e+00 +2.5067667e+00 +9.9844778e-03 +2.8819556e-01 -6.5083444e-02 +1.4842444e-17 +7.8949222e-19 +1.6023875e+04
1.5478000e-02 +5.0000000e-01 +5.0769333e+00 +2.7481367e-03 +0.0000000e+00 +3.2410778e+00 +1.5671556e-02 +3.4657000e-01 -9.6946556e-02 +1.9579444e-17 +1.1447667e-18 +1.5500114e+04
1.7808000e-02 +5.0000000e-01 +5.7576667e+00 +3.4675667e-03 +0.0000000e+00 +4.0190444e+00 +2.3274889e-02 +4.0594667e-01 -1.3639778e-01 +2.5263778e-17 +1.5789889e-18 +1.5062012e+04
2.0265000e-02 +5.0000000e-01 +6.4391000e+00 +4.2816333e-03 +0.0000000e+00 +4.8041889e+00 +3.3064556e-02 +4.6601889e-01 -1.8283333e-01 +3.1579667e-17 +1.9737333e-18 +1.4761820e+04
2.2855000e-02 +5.0000000e-01 +7.1143667e+00 +5.1917000e-03 +0.0000000e+00 +5.5587556e+00 +4.5290889e-02 +5.2659556e-01 -2.3508333e-01 +3.7895667e-17 +2.3684778e-18 +1.4613394e+04
2.5585000e-02 +5.0000000e-01 +7.7767333e+00 +6.1986333e-03 +0.0000000e+00 +6.2483222e+00 +6.0180556e-02 +5.8746000e-01 -2.9156444e-01 +4.4211556e-17 +2.6842778e-18 +1.4591333e+04
2.8461000e-02 +5.0000000e-01 +8.4202000e+00 +7.3038000e-03 +0.0000000e+00 +6.8453556e+00 +7.7929111e-02 +6.4825667e-01 -3.5046667e-01 +4.9264333e-17 +2.9211222e-18 +1.4643995e+04
3.1490000e-02 +5.0000000e-01 +9.0396333e+00 +8.5095667e-03 +0.0000000e+00 +7.3312222e+00 +9.8690778e-02 +7.0844222e-01 -4.0996111e-01 +5.5580222e-17 +3.1579667e-18 +1.4711855e+04
3.4680000e-02 +5.0000000e-01 +9.6311000e+00 +9.8203667e-03 +0.0000000e+00 +7.6965667e+00 +1.2256556e-01 +7.6730667e-01 -4.6836889e-01 +6.0633000e-17 +3.5527111e-18 +1.4743679e+04
3.8037000e-02 +5.0000000e-01 +1.0191767e+01 +1.1243200e-02 +0.0000000e+00 +7.9404111e+00 +1.4958333e-01 +8.2406444e-01 -5.2428111e-01 +6.3159333e-17 +3.9474556e-18 +1.4704629e+04
4.1569000e-02 +5.0000000e-01 +1.0720067e+01 +1.2787900e-02 +0.0000000e+00 +8.0683778e+00 +1.7969111e-01 +8.7798778e-01 -5.7661000e-01 +6.6948889e-17 +4.4211556e-18 +1.4577627e+04
4.5284000e-02 +5.0000000e-01 +1.1215433e+01 +1.4467067e-02 +0.0000000e+00 +8.0908222e+00 +2.1274444e-01 +9.2853889e-01 -6.2459000e-01 +6.8212111e-17 +5.0527444e-18 +1.4359362e+04
4.9189000e-02 +5.0000000e-01 +1.1678200e+01 +1.6295733e-02 +0.0000000e+00 +8.0209556e+00 +2.4849889e-01 +9.7544667e-01 -6.6774667e-01 +6.9475333e-17 +5.5264444e-18 +1.4055657e+04
5.3293000e-02 +5.0000000e-01 +1.2109433e+01 +1.8291033e-02 +0.0000000e+00 +7.8733333e+00 +2.8661333e-01 +1.0186967e+00 -7.0584778e-01 +6.9475333e-17 +5.8422444e-18 +1.3677944e+04
5.7604000e-02 +5.0000000e-01 +1.2510667e+01 +2.0471633e-02 +0.0000000e+00 +7.6627889e+00 +3.2665556e-01 +1.0584289e+00 -7.3885333e-01 +6.8212111e-17 +6.1580333e-18 +1.3238727e+04
6.2130000e-02 +5.0000000e-01 +1.2883800e+01 +2.2855800e-02 +0.0000000e+00 +7.4037111e+00 +3.6810222e-01 +1.0948022e+00 -7.6686444e-01 +6.4422556e-17 +6.3159333e-18 +1.2750702e+04
6.6879000e-02 +5.0000000e-01 +1.3230867e+01 +2.5457967e-02 +0.0000000e+00 +7.1095444e+00 +4.1035333e-01 +1.1279000e+00 -7.9007667e-01 +5.9369778e-17 +6.7896333e-18 +1.2226645e+04
7.1860000e-02 +5.0000000e-01 +1.3554033e+01 +2.8283333e-02 +0.0000000e+00 +6.7923556e+00 +4.5275889e-01 +1.1576889e+00 -8.0870556e-01 +5.1790667e-17 +7.5791222e-18 +1.1678256e+04
7.7081000e-02 +5.0000000e-01 +1.3855367e+01 +3.1321800e-02 +0.0000000e+00 +6.4624444e+00 +4.9466111e-01 +1.1841000e+00 -8.2295000e-01 +4.2948333e-17 +8.5265111e-18 +1.1113982e+04
8.2551000e-02 +5.0000000e-01 +1.4136967e+01 +3.4542333e-02 +0.0000000e+00 +6.1281000e+00 +5.3543222e-01 +1.2071000e+00 -8.3300111e-01 +3.4737667e-17 +9.4739000e-18 +1.0539625e+04
8.8278000e-02 +5.0000000e-01 +1.4400867e+01 +3.7890667e-02 +0.0000000e+00 +5.7955778e+00 +5.7448000e-01 +1.2266667e+00 -8.3906000e-01 +2.7158556e-17 +1.0421289e-17 +9.9618475e+03
9.4270000e-02 +5.0000000e-01 +1.4648933e+01 +4.1297333e-02 +0.0000000e+00 +5.4694556e+00 +6.1124333e-01 +1.2427889e+00 -8.4136111e-01 +2.0211000e-17 +1.1368667e-17 +9.3892091e+03
1.0053600e-01 +5.0000000e-01 +1.4883100e+01 +4.4686333e-02 +0.0000000e+00 +5.1532000e+00 +6.4518667e-01 +1.2553333e+00 -8.4017556e-01 +1.4526667e-17 +1.2316111e-17 +8.8292310e+03
1.0708300e-01 +5.0000000e-01 +1.5105167e+01 +4.7980333e-02 +0.0000000e+00 +4.8494222e+00 +6.7582444e-01 +1.2640889e+00 -8.3578778e-01 +9.6318000e-18 +1.3579222e-17 +8.2869619e+03
1.1392000e-01 +5.0000000e-01 +1.5316833e+01 +5.1099667e-02 +0.0000000e+00 +4.5598333e+00 +7.0275222e-01 +1.2690333e+00 -8.2847667e-01 +6.1580333e-18 +1.5158222e-17 +7.7649021e+03
1.2105300e-01 +5.0000000e-01 +1.5519800e+01 +5.3956000e-02 +0.0000000e+00 +4.2857444e+00 +7.2566222e-01 +1.2702556e+00 -8.1858000e-01 +4.1053556e-18 +1.5474000e-17 +7.2637220e+03
1.2849000e-01 +5.0000000e-01 +1.5715600e+01 +5.6461667e-02 +0.0000000e+00 +4.0282000e+00 +7.4435556e-01 +1.2677444e+00 -8.0652111e-01 +3.9474556e-18 +1.5158222e-17 +6.7837346e+03
1.3623700e-01 +5.0000000e-01 +1.5905400e+01 +5.8544333e-02 +0.0000000e+00 +3.7880667e+00 +7.5876556e-01 +1.2612667e+00 -7.9271667e-01 +5.3685444e-18 +1.3263444e-17 +6.3246214e+03
1.4430000e-01 +5.0000000e-01 +1.6090033e+01 +6.0154333e-02 +0.0000000e+00 +3.5653111e+00 +7.6895889e-01 +1.2504444e+00 -7.7747444e-01 +8.3686111e-18 +1.1052889e-17 +5.8874122e+03
1.5268500e-01 +5.0000000e-01 +1.6270333e+01 +6.1256667e-02 +0.0000000e+00 +3.3588111e+00 +7.7506889e-01 +1.2351444e+00 -7.6100667e-01 +1.2000222e-17 +9.7897000e-18 +5.4751152e+03
1.6139700e-01 +5.0000000e-01 +1.6446933e+01 +6.1833000e-02 +0.0000000e+00 +3.1673667e+00 +7.7726333e-01 +1.2153556e+00 -7.4342556e-01 +1.6105667e-17 +9.4739000e-18 +5.0888409e+03
1.7043900e-01 +5.0000000e-01 +1.6620567e+01 +6.1892667e-02 +0.0000000e+00 +2.9896000e+00 +7.7578667e-01 +1.1911333e+00 -7.2477111e-01 +2.0526778e-17 +9.3160000e-18 +4.7263570e+03
1.7981500e-01 +5.0000000e-01 +1.6791933e+01 +6.1450667e-02 +0.0000000e+00 +2.8237000e+00 +7.7095000e-01 +1.1629556e+00 -7.0499000e-01 +2.4000556e-17 +9.1581111e-18 +4.3853909e+03
1.8952800e-01 +5.0000000e-01 +1.6961667e+01 +6.0517667e-02 +0.0000000e+00 +2.6676222e+00 +7.6302111e-01 +1.1315222e+00 -6.8385444e-01 +2.5263778e-17 +9.0002111e-18 +4.0644974e+03
1.9957700e-01 +5.0000000e-01 +1.7130167e+01 +5.9097000e-02 +0.0000000e+00 +2.5200000e+00 +7.5219333e-01 +1.0971489e+00 -6.6115333e-01 +2.4632111e-17 +9.4739000e-18 +3.7640152e+03
2.0996400e-01 +5.0000000e-01 +1.7297433e+01 +5.7190667e-02 +0.0000000e+00 +2.3800000e+00 +7.3876556e-01 +1.0600356e+00 -6.3688333e-01 +2.4632111e-17 +1.0421289e-17 +3.4840335e+03
2.2068800e-01 +5.0000000e-01 +1.7463167e+01 +5.4789667e-02 +0.0000000e+00 +2.2465444e+00 +7.2326333e-01 +1.0206422e+00 -6.1117444e-01 +2.5895333e-17 +1.1052889e-17 +3.2236786e+03
2.3174700e-01 +5.0000000e-01 +1.7627067e+01 +5.1902000e-02 +0.0000000e+00 +2.1194778e+00 +7.0631111e-01 +9.7950889e-01 -5.8429778e-01 +2.9053333e-17 +1.1684444e-17 +2.9802346e+03
2.4313600e-01 +5.0000000e-01 +1.7788733e+01 +4.8583333e-02 +0.0000000e+00 +1.9993111e+00 +6.8844778e-01 +9.3768333e-01 -5.5644667e-01 +3.3474444e-17 +1.2631889e-17 +2.7499753e+03
2.5485200e-01 +5.0000000e-01 +1.7947933e+01 +4.4902333e-02 +0.0000000e+00 +1.8851778e+00 +6.7004222e-01 +8.9622333e-01 -5.2769889e-01 +3.7895667e-17 +1.3579222e-17 +2.5339247e+03
2.6688900e-01 +5.0000000e-01 +1.8104400e+01 +4.0917667e-02 +0.0000000e+00 +1.7755778e+00 +6.5133667e-01 +8.5532667e-01 -4.9822333e-01 +4.1685222e-17 +1.4526667e-17 +2.3325740e+03
2.7923700e-01 +5.0000000e-01 +1.8257200e+01 +3.6717667e-02 +0.0000000e+00 +1.6702000e+00 +6.3249889e-01 +8.1476333e-01 -4.6816222e-01 +4.6737889e-17 +1.5789889e-17 +2.1433056e+03
2.9189000e-01 +5.0000000e-01 +1.8405267e+01 +3.2409833e-02 +0.0000000e+00 +1.5685667e+00 +6.1365889e-01 +7.7448333e-01 -4.3753222e-01 +5.1790667e-17 +1.8000444e-17 +1.9682317e+03
3.0483500e-01 +5.0000000e-01 +1.8547933e+01 +2.8074700e-02 +0.0000000e+00 +1.4698889e+00 +5.9498556e-01 +7.3479667e-01 -4.0635000e-01 +5.5580222e-17 +2.0211000e-17 +1.8099576e+03
3.1806100e-01 +5.0000000e-01 +1.8684600e+01 +2.3789267e-02 +0.0000000e+00 +1.3748778e+00 +5.7675111e-01 +6.9672000e-01 -3.7475333e-01 +5.9369778e-17 +2.1474222e-17 +1.6669393e+03
3.3155400e-01 +5.0000000e-01 +1.8814700e+01 +1.9640533e-02 +0.0000000e+00 +1.2841778e+00 +5.5927222e-01 +6.6100667e-01 -3.4285778e-01 +6.3159333e-17 +2.2105778e-17 +1.5376547e+03
3.4530000e-01 +5.0000000e-01 +1.8937567e+01 +1.5731467e-02 +0.0000000e+00 +1.1970444e+00 +5.4287444e-01 +6.2776778e-01 -3.1085444e-01 +6.9475333e-17 +2.2105778e-17 +1.4214732e+03
3.5928100e-01 +5.0000000e-01 +1.9052433e+01 +1.2177600e-02 +0.0000000e+00 +1.1134556e+00 +5.2784222e-01 +5.9723222e-01 -2.7900111e-01 +7.2001667e-17 +2.1474222e-17 +1.3167940e+03
3.7348100e-01 +5.0000000e-01 +1.9158267e+01 +9.0604000e-03 +0.0000000e+00 +1.0351567e+00 +5.1434556e-01 +5.6951333e-01 -2.4744000e-01 +7.7054444e-17 +2.0211000e-17 +1.2228686e+03
3.8788000e-01 +5.0000000e-01 +1.9254100e+01 +6.4175333e-03 +0.0000000e+00 +9.6365778e-01 +5.0236778e-01 +5.4463889e-01 -2.1627111e-01 +8.0844000e-17 +1.9579444e-17 +1.1391205e+03
4.0245700e-01 +5.0000000e-01 +1.9339167e+01 +4.2566667e-03 +0.0000000e+00 +8.9973111e-01 +4.9168111e-01 +5.2237556e-01 -1.8563778e-01 +8.5896667e-17 +1.8947778e-17 +1.0667188e+03
4.1719100e-01 +5.0000000e-01 +1.9412833e+01 +2.5736600e-03 +0.0000000e+00 +8.4373556e-01 +4.8202444e-01 +5.0258111e-01 -1.5556889e-01 +8.8423111e-17 +1.8316222e-17 +1.0066233e+03
4.3206000e-01 +5.0000000e-01 +1.9474533e+01 +1.3535433e-03 +0.0000000e+00 +7.9628333e-01 +4.7335667e-01 +4.8585556e-01 -1.2606778e-01 +9.0949444e-17 +1.6737222e-17 +9.5760854e+02
4.4704100e-01 +5.0000000e-01 +1.9524000e+01 +5.6713667e-04 +0.0000000e+00 +7.5760000e-01 +4.6589333e-01 +4.7263000e-01 -9.7165889e-02 +9.3475889e-17 +1.3895111e-17 +9.1933505e+02
4.6210900e-01 +5.0000000e-01 +1.9561267e+01 +1.5191133e-04 +0.0000000e+00 +7.2816000e-01 +4.5995222e-01 +4.6302222e-01 -6.8838000e-02 +9.6002222e-17 +9.9476000e-18 +8.9144336e+02
4.7724000e-01 +5.0000000e-01 +1.9586267e+01 +5.8393667e-06 +0.0000000e+00 +7.0900111e-01 +4.5580778e-01 +4.5678222e-01 -4.1019222e-02 +9.8528556e-17 +6.0001333e-18 +8.7314104e+02
4.9240900e-01 +5.0000000e-01 +1.9598833e+01 +0.0000000e+00 +0.0000000e+00 +6.9997889e-01 +4.5366889e-01 +4.5366889e-01 -1.3615222e-02 +9.8528556e-17 +1.9342556e-18 +8.6393444e+02
5.0759100e-01 +5.0000000e-01 +1.9598833e+01 -5.8393667e-06 +0.0000000e+00 +6.9997889e-01 +4.5366889e-01 +4.5366889e-01 +1.3615222e-02 +9.8528556e-17 -1.9342556e-18 +8.6393444e+02
5.2276000e-01 +5.0000000e-01 +1.9586267e+01 -1.5191133e-04 +0.0000000e+00 +7.0900111e-01 +4.5580778e-01 +4.5678222e-01 +4.1019222e-02 +9.8528556e-17 -6.0001333e-18 +8.7314104e+02
5.3789100e-01 +5.0000000e-01 +1.9561267e+01 -5.6713667e-04 +0.0000000e+00 +7.2816000e-01 +4.5995222e-01 +4.6302222e-01 +6.8838000e-02 +9.6002222e-17 -9.9476000e-18 +8.9144336e+02
5.5295900e-01 +5.0000000e-01 +1.9524000e+01 -1.3535433e-03 +0.0000000e+00 +7.5760000e-01 +4.6589333e-01 +4.7263000e-01 +9.7165889e-02 +9.3475889e-17 -1.3895111e-17 +9.1933505e+02
5.6794000e-01 +5.0000000e-01 +1.9474533e+01 -2.5736600e-03 +0.0000000e+00 +7.9628333e-01 +4.7335667e-01 +4.8585556e-01 +1.2606778e-01 +9.0949444e-17 -1.6737222e-17 +9.5760854e+02
5.8280900e-01 +5.0000000e-01 +1.9412833e+01 -4.2566667e-03 +0.0000000e+00 +8.4373556e-01 +4.8202444e-01 +5.0258111e-01 +1.5556889e-01 +8.8423111e-17 -1.8316222e-17 +1.0066233e+03
5.9754300e-01 +5.0000000e-01 +1.9339167e+01 -6.4175333e-03 +0.0000000e+00 +8.9973111e-01 +4.9168111e-01 +5.2237556e-01 +1.8563778e-01 +8.5896667e-17 -1.8947778e-17 +1.0667188e+03
6.1212000e-01 +5.0000000e-01 +1.9254100e+01 -9.0604000e-03 +0.0000000e+00 +9.6365778e-01 +5.0236778e-01 +5.4463889e-01 +2.1627111e-01 +8.0844000e-17 -1.9579444e-17 +1.1391205e+03
6.2651900e-01 +5.0000000e-01 +1.9158267e+01 -1.2177600e-02 +0.0000000e+00 +1.0351567e+00 +5.1434556e-01 +5.6951333e-01 +2.4744000e-01 +7.7054444e-17 -2.0211000e-17 +1.2228686e+03
6.4071900e-01 +5.0000000e-01 +1.9052433e+01 -1.5731467e-02 +0.0000000e+00 +1.1134556e+00 +5.2784222e-01 +5.9723222e-01 +2.7900111e-01 +7.2001667e-17 -2.1474222e-17 +1.3167940e+03
6.5470000e-01 +5.0000000e-01 +1.8937567e+01 -1.9640533e-02 +0.0000000e+00 +1.1970444e+00 +5.4287444e-01 +6.2776778e-01 +3.1085444e-01 +6.9475333e-17 -2.2105778e-17 +1.4214732e+03
6.6844600e-01 +5.0000000e-01 +1.8814700e+01 -2.3789267e-02 +0.0000000e+00 +1.2841778e+00 +5.5927222e-01 +6.6100667e-01 +3.4285778e-01 +6.3159333e-17 -2.2105778e-17 +1.5376547e+03
6.8193900e-01 +5.0000000e-01 +1.8684600e+01 -2.8074700e-02 +0.0000000e+00 +1.3748778e+00 +5.7675111e-01 +6.9672000e-01 +3.7475333e-01 +5.9369778e-17 -2.1474222e-17 +1.6669393e+03
6.9516500e-01 +5.0000000e-01 +1.8547933e+01 -3.2409833e-02 +0.0000000e+00 +1.4698889e+00 +5.9498556e-01 +7.3479667e-01 +4.0635000e-01 +5.5580222e-17 -2.0211000e-17 +1.8099576e+03
7.0811000e-01 +5.0000000e-01 +1.8405267e+01 -3.6717667e-02 +0.0000000e+00 +1.5685667e+00 +6.1365889e-01 +7.7448333e-01 +4.3753222e-01 +5.1790667e-17 -1.8000444e-17 +1.9682317e+03
7.2076300e-01 +5.0000000e-01 +1.8257200e+01 -4.0917667e-02 +0.0000000e+00 +1.6702000e+00 +6.3249889e-01 +8.1476333e-01 +4.6816222e-01 +4.6737889e-17 -1.5789889e-17 +2.1433056e+03
7.3311100e-01 +5.0000000e-01 +1.8104400e+01 -4.4902333e-02 +0.0000000e+00 +1.7755778e+00 +6.5133667e-01 +8.5532667e-01 +4.9822333e-01 +4.1685222e-17 -1.4526667e-17 +2.3325740e+03
7.4514800e-01 +5.0000000e-01 +1.7947933e+01 -4.8583333e-02 +0.0000000e+00 +1.8851778e+00 +6.7004222e-01 +8.9622333e-01 +5.2769889e-01 +3.7895667e-17 -1.3579222e-17 +2.5339247e+03
7.5686400e-01 +5.0000000e-01 +1.7788733e+01 -5.1902000e-02 +0.0000000e+00 +1.9993111e+00 +6.8844778e-01 +9.3768333e-01 +5.5644667e-01 +3.3474444e-17 -1.2631889e-17 +2.7499753e+03
7.6825300e-01 +5.0000000e-01 +1.7627067e+01 -5.4789667e-02 +0.0000000e+00 +2.1194778e+00 +7.0631111e-01 +9.7950889e-01 +5.8429778e-01 +2.9053333e-17 -1.1684444e-17 +2.9802346e+03
7.7931200e-01 +5.0000000e-01 +1.7463167e+01 -5.7190667e-02 +0.0000000e+00 +2.2465444e+00 +7.2326333e-01 +1.0206422e+00 +6.1117444e-01 +2.5895333e-17 -1.1052889e-17 +3.2236786e+03
7.9003600e-01 +5.0000000e-01 +1.7297433e+01 -5.9097000e-02 +0.0000000e+00 +2.3800000e+00 +7.3876556e-01 +1.0600356e+00 +6.3688333e-01 +2.4632111e-17 -1.0421289e-17 +3.4840335e+03
8.0042300e-01 +5.0000000e-01 +1.7130167e+01 -6.0517667e-02 +0.0000000e+00 +2.5200000e+00 +7.5219333e-01 +1.0971489e+00 +6.6115333e-01 +2.4632111e-17 -9.4739000e-18 +3.7640152e+03
8.1047200e-01 +5.0000000e-01 +1.6961667e+01 -6.1450667e-02 +0.0000000e+00 +2.6676222e+00 +7.6302111e-01 +1.1315222e+00 +6.8385444e-01 +2.5263778e-17 -9.0002111e-18 +4.0644974e+03
8.2018500e-01 +5.0000000e-01 +1.6791933e+01 -6.1892667e-02 +0.0000000e+00 +2.8237000e+00 +7.7095000e-01 +1.1629556e+00 +7.0499000e-01 +2.4000556e-17 -9.1581111e-18 +4.3853909e+03
8.2956100e-01 +5.0000000e-01 +1.6620567e+01 -6.1833000e-02 +0.0000000e+00 +2.9896000e+00 +7.7578667e-01 +1.1911333e+00 +7.2477111e-01 +2.0526778e-17 -9.3160000e-18 +4.7263570e+03
8.3860300e-01 +5.0000000e-01 +1.6446933e+01 -6.1256667e-02 +0.0000000e+00 +3.1673667e+00 +7.7726333e-01 +1.2153556e+00 +7.4342556e-01 +1.6105667e-17 -9.4739000e-18 +5.0888409e+03
8.4731500e-01 +5.0000000e-01 +1.6270333e+01 -6.0154333e-02 +0.0000000e+00 +3.3588111e+00 +7.7506889e-01 +1.2351444e+00 +7.6100667e-01 +1.2000222e-17 -9.7897000e-18 +5.4751152e+03
8.5570000e-01 +5.0000000e-01 +1.6090033e+01 -5.8544333e-02 +0.0000000e+00 +3.5653111e+00 +7.6895889e-01 +1.2504444e+00 +7.7747444e-01 +8.3686111e-18 -1.1052889e-17 +5.8874122e+03
8.6376300e-01 +5.0000000e-01 +1.5905400e+01 -5.6461667e-02 +0.0000000e+00 +3.7880667e+00 +7.5876556e-01 +1.2612667e+00 +7.9271667e-01 +5.3685444e-18 -1.3263444e-17 +6.3246214e+03
8.7151000e-01 +5.0000000e-01 +1.5715600e+01 -5.3956000e-02 +0.0000000e+00 +4.0282000e+00 +7.4435556e-01 +1.2677444e+00 +8.0652111e-01 +3.9474556e-18 -1.5158222e-17 +6.7837346e+03
8.7894700e-01 +5.0000000e-01 +1.5519800e+01 -5.1099667e-02 +0.0000000e+00 +4.2857444e+00 +7.2566222e-01 +1.2702556e+00 +8.1858000e-01 +4.1053556e-18 -1.5474000e-17 +7.2637220e+03
8.8608000e-01 +5.0000000e-01 +1.5316833e+01 -4.7980333e-02 +0.0000000e+00 +4.5598333e+00 +7.0275222e-01 +1.2690333e+00 +8.2847667e-01 +6.1580333e-18 -1.5158222e-17 +7.7649021e+03
8.9291700e-01 +5.0000000e-01 +1.5105167e+01 -4.4686333e-02 +0.0000000e+00 +4.8494222e+00 +6.7582444e-01 +1.2640889e+00 +8.3578778e-01 +9.6318000e-18 -1.3579222e-17 +8.2869619e+03
8.9946400e-01 +5.0000000e-01 +1.4883100e+01 -4.1297333e-02 +0.0000000e+00 +5.1532000e+00 +6.4518667e-01 +1.2553333e+00 +8.4017556e-01 +1.4526667e-17 -1.2316111e-17 +8.8292310e+03
9.0573000e-01 +5.0000000e-01 +1.4648933e+01 -3.7890667e-02 +0.0000000e+00 +5.4694556e+00 +6.1124333e-01 +1.2427889e+00 +8.4136111e-01 +2.0211000e-17 -1.1368667e-17 +9.3892091e+03
9.1172200e-01 +5.0000000e-01 +1.4400867e+01 -3.4542333e-02 +0.0000000e+00 +5.7955778e+00 +5.7448000e-01 +1.2266667e+00 +8.3906000e-01 +2.7158556e-17 -1.0421289e-17 +9.9618475e+03
9.1744900e-01 +5.0000000e-01 +1.4136967e+01 -3.1321800e-02 +0.0000000e+00 +6.1281000e+00 +5.3543222e-01 +1.2071000e+00 +8.3300111e-01 +3.4737667e-17 -9.4739000e-18 +1.0539625e+04
9.2291900e-01 +5.0000000e-01 +1.3855367e+01 -2.8283333e-02 +0.0000000e+00 +6.4624444e+00 +4.9466111e-01 +1.1841000e+00 +8.2295000e-01 +4.2948333e-17 -8.5265111e-18 +1.1113982e+04
9.2814000e-01 +5.0000000e-01 +1.3554033e+01 -2.5457967e-02 +0.0000000e+00 +6.7923556e+00 +4.5275889e-01 +1.1576889e+00 +8.0870556e-01 +5.1790667e-17 -7.5791222e-18 +1.1678256e+04
9.3312100e-01 +5.0000000e-01 +1.3230867e+01 -2.2855800e-02 +0.0000000e+00 +7.1095444e+00 +4.1035333e-01 +1.1279000e+00 +7.9007667e-01 +5.9369778e-17 -6.7896333e-18 +1.2226645e+04
9.3787000e-01 +5.0000000e-01 +1.2883800e+01 -2.0471633e-02 +0.0000000e+00 +7.4037111e+00 +3.6810222e-01 +1.0948022e+00 +7.6686444e-01 +6.4422556e-17 -6.3159333e-18 +1.2750702e+04
9.4239600e-01 +5.0000000e-01 +1.2510667e+01 -1.8291033e-02 +0.0000000e+00 +7.6627889e+00 +3.2665556e-01 +1.0584289e+00 +7.3885333e-01 +6.8212111e-17 -6.1580333e-18 +1.3238727e+04
9.4670700e-01 +5.0000000e-01 +1.2109433e+01 -1.6295733e-02 +0.0000000e+00 +7.8733333e+00 +2.8661333e-01 +1.0186967e+00 +7.0584778e-01 +6.9475333e-17 -5.8422444e-18 +1.3677944e+04
9.5081100e-01 +5.0000000e-01 +1.1678200e+01 -1.4467067e-02 +0.0000000e+00 +8.0209556e+00 +2.4849889e-01 +9.7544667e-01 +6.6774667e-01 +6.9475333e-17 -5.5264444e-18 +1.4055657e+04
9.5471600e-01 +5.0000000e-01 +1.1215433e+01 -1.2787900e-02 +0.0000000e+00 +8.0908222e+00 +2.1274444e-01 +9.2853889e-01 +6.2459000e-01 +6.8212111e-17 -5.0527444e-18 +1.4359362e+04
9.5843100e-01 +5.0000000e-01 +1.0720067e+01 -1.1243200e-02 +0.0000000e+00 +8.0683778e+00 +1.7969111e-01 +8.7798778e-01 +5.7661000e-01 +6.6948889e-17 -4.4211556e-18 +1.4577627e+04
9.6196300e-01 +5.0000000e-01 +1.0191767e+01 -9.8203667e-03 +0.0000000e+00 +7.9404111e+00 +1.4958333e-01 +8.2406444e-01 +5.2428111e-01 +6.3159333e-17 -3.9474556e-18 +1.4704629e+04
9.6532000e-01 +5.0000000e-01 +9.6311000e+00 -8.5095667e-03 +0.0000000e+00 +7.6965667e+00 +1.2256556e-01 +7.6730667e-01 +4.6836889e-01 +6.0633000e-17 -3.5527111e-18 +1.4743679e+04
9.6851000e-01 +5.0000000e-01 +9.0396333e+00 -7.3038000e-03 +0.0000000e+00 +7.3312222e+00 +9.8690778e-02 +7.0844222e-01 +4.0996111e-01 +5.5580222e-17 -3.1579667e-18 +1.4711855e+04
9.7153900e-01 +5.0000000e-01 +8.4202000e+00 -6.1986333e-03 +0.0000000e+00 +6.8453556e+00 +7.7929111e-02 +6.4825667e-01 +3.5046667e-01 +4.9264333e-17 -2.9211222e-18 +1.4643995e+04
9.7441500e-01 +5.0000000e-01 +7.7767333e+00 -5.1917000e-03 +0.0000000e+00 +6.2483222e+00 +6.0180556e-02 +5.8746000e-01 +2.9156444e-01 +4.4211556e-17 -2.6842778e-18 +1.4591333e+04
9.7714500e-01 +5.0000000e-01 +7.1143667e+00 -4.2816333e-03 +0.0000000e+00 +5.5587556e+00 +4.5290889e-02 +5.2659556e-01 +2.3508333e-01 +3.7895667e-17 -2.3684778e-18 +1.4613394e+04
9.7973500e-01 +5.0000000e-01 +6.4391000e+00 -3.4675667e-03 +0.0000000e+00 +4.8041889e+00 +3.3064556e-02 +4.6601889e-01 +1.8283333e-01 +3.1579667e-17 -1.9737333e-18 +1.4761820e+04
9.8219200e-01 +5.0000000e-01 +5.7576667e+00 -2.7481367e-03 +0.0000000e+00 +4.0190444e+00 +2.3274889e-02 +4.0594667e-01 +1.3639778e-01 +2.5263778e-17 -1.5789889e-18 +1.5062012e+04
9.8452200e-01 +5.0000000e-01 +5.0769333e+00 -2.1214100e-03 +0.0000000e+00 +3.2410778e+00 +1.5671556e-02 +3.4657000e-01 +9.6946556e-02 +1.9579444e-17 -1.1447667e-18 +1.5500114e+04
9.8673100e-01 +5.0000000e-01 +4.4035000e+00 -1.5846933e-03 +0.0000000e+00 +2.5067667e+00 +9.9844778e-03 +2.8819556e-01 +6.5083444e-02 +1.4842444e-17 -7.8949222e-19 +1.6023875e+04
9.8882500e-01 +5.0000000e-01 +3.7433000e+00 -1.1346033e-03 +0.0000000e+00 +1.8468111e+00 +5.9287000e-03 +2.3139000e-01 +4.0788889e-02 +1.0737089e-17 -4.9343222e-19 +1.6560380e+04
9.9080900e-01 +5.0000000e-01 +3.1012833e+00 -7.6716333e-04 +0.0000000e+00 +1.2828111e+00 +3.2096889e-03 +1.7708444e-01 +2.3463444e-02 +7.5791222e-18 -2.7138778e-19 +1.7044698e+04
9.9268900e-01 +5.0000000e-01 +2.4811267e+00 -4.7791000e-04 +0.0000000e+00 +8.2592667e-01 +1.5317444e-03 +1.2662000e-01 +1.2063111e-02 +4.8948444e-18 -1.3076000e-19 +1.7445620e+04
9.9447000e-01 +5.0000000e-01 +1.8853200e+00 -2.6200467e-04 +0.0000000e+00 +4.7767667e-01 +6.0963889e-04 +8.1730778e-02 +5.2930222e-03 +2.8421667e-18 -5.1810444e-20 +1.7780210e+04
9.9615600e-01 +5.0000000e-01 +1.3152100e+00 -1.1430700e-04 +0.0000000e+00 +2.3230111e-01 +1.8325889e-04 +4.4463444e-02 +1.8096556e-03 +1.4210889e-18 -1.5111333e-20 +1.8110616e+04
9.9775300e-01 +5.0000000e-01 +7.7121667e-01 -2.9416800e-05 +0.0000000e+00 +7.9777000e-02 +3.4114111e-05 +1.7097556e-02 +3.8811778e-04 +5.1317000e-19 -2.4671667e-21 +1.8529091e+04
9.9926500e-01 +5.0000000e-01 +2.5309700e-01 +0.0000000e+00 +0.0000000e+00 +8.5918000e-03 +2.3399667e-06 +2.0829667e-03 +2.4757667e-05 +5.6744778e-20 -8.9145556e-23 +1.9086148e+04
1.0000000e+00 +5.0000000e-01 +0.0000000e+00 +0.0000000e+00 +0.0000000e+00 +0.0000000e+00 +0.0000000e+00 +0.0000000e+00 +0.0000000e+00 +0.0000000e+00 +0.0000000e+00 +1.9084889e+04
