#    y              z              <u>            <v>            <w>            <u'u'>         <v'v'>         <w'w'>         <u'v'>         <u'w'>         <v'w'>         <eps>         
#----------------------------------------------------------------------------------------------------------------------------------------------------------------------------------
0.0000000e+00 +4.5000000e-01 +0.0000000e+00 +0.0000000e+00 +0.0000000e+00 +0.0000000e+00 +0.0000000e+00 +0.0000000e+00 +0.0000000e+00 +0.0000000e+00 +0.0000000e+00 +1.8773000e+04
7.3500000e-04 +4.5000000e-01 +2.5090733e-01 +2.9718600e-05 +9.3654333e-04 +8.4507444e-03 +2.2989222e-06 +2.0472000e-03 -2.4644778e-05 -6.9085667e-05 -4.6402556e-07 +1.8774238e+04
2.2470000e-03 +4.5000000e-01 +7.6452667e-01 +1.1697767e-04 +2.7717733e-03 +7.8470444e-02 +3.3512333e-05 +1.6804111e-02 -3.8590111e-04 -6.1492222e-04 -6.6336111e-06 +1.8226226e+04
3.8440000e-03 +4.5000000e-01 +1.3037700e+00 +2.7139600e-04 +4.5955667e-03 +2.2850444e-01 +1.8001111e-04 +4.3701444e-02 -1.7971222e-03 -1.7160111e-03 -2.8251667e-05 +1.7814265e+04
5.5300000e-03 +4.5000000e-01 +1.8688900e+00 +5.0112333e-04 +6.3968000e-03 +4.6987222e-01 +5.9879111e-04 +8.0334778e-02 -5.2496333e-03 -3.3727222e-03 -7.5671556e-05 +1.7488488e+04
7.3110000e-03 +4.5000000e-01 +2.4594833e+00 +8.1452667e-04 +8.1651000e-03 +8.1242333e-01 +1.5043889e-03 +1.2446889e-01 -1.1948222e-02 -5.5669222e-03 -1.5883222e-04 +1.7158525e+04
9.1910000e-03 +4.5000000e-01 +3.0742433e+00 +1.2201967e-03 +9.8903333e-03 +1.2618000e+00 +3.1522222e-03 +1.7409889e-01 -2.3207444e-02 -8.2616333e-03 -2.8695778e-04 +1.6765030e+04
1.1175000e-02 +4.5000000e-01 +3.7107667e+00 +1.7268833e-03 +1.1562267e-02 +1.8165444e+00 +5.8223444e-03 +2.2752778e-01 -4.0286444e-02 -1.1404667e-02 -4.6829556e-04 +1.6294226e+04
1.3269000e-02 +4.5000000e-01 +4.3654333e+00 +2.3434367e-03 +1.3170833e-02 +2.4658111e+00 +9.8051222e-03 +2.8344333e-01 -6.4191556e-02 -1.4934889e-02 -7.0985778e-04 +1.5778100e+04
1.5478000e-02 +4.5000000e-01 +5.0335000e+00 +3.0787433e-03 +1.4706233e-02 +3.1886667e+00 +1.5389889e-02 +3.4093333e-01 -9.5493778e-02 -1.8789778e-02 -1.0172111e-03 +1.5280084e+04
1.7808000e-02 +4.5000000e-01 +5.7091667e+00 +3.9416667e-03 +1.6159700e-02 +3.9554111e+00 +2.2856333e-02 +3.9943778e-01 -1.3420444e-01 -2.2910333e-02 -1.3943333e-03 +1.4868282e+04
2.0265000e-02 +4.5000000e-01 +6.3860333e+00 +4.9410667e-03 +1.7524100e-02 +4.7306889e+00 +3.2469333e-02 +4.5864222e-01 -1.7974222e-01 -2.7237444e-02 -1.8435000e-03 +1.4590678e+04
2.2855000e-02 +4.5000000e-01 +7.0573333e+00 +6.0857667e-03 +1.8794833e-02 +5.4777778e+00 +4.4473556e-02 +5.1834000e-01 -2.3099444e-01 -3.1695778e-02 -2.3650000e-03 +1.4459917e+04
2.5585000e-02 +4.5000000e-01 +7.7166000e+00 +7.3845333e-03 +1.9970533e-02 +6.1629222e+00 +5.9089556e-02 +5.7830889e-01 -2.8645556e-01 -3.6171667e-02 -2.9566444e-03 +1.4452859e+04
2.8461000e-02 +4.5000000e-01 +8.3578667e+00 +8.8458667e-03 +2.1053700e-02 +6.7588000e+00 +7.6506333e-02 +6.3821444e-01 -3.4440889e-01 -4.0500444e-02 -3.6120333e-03 +1.4521594e+04
3.1490000e-02 +4.5000000e-01 +8.9761333e+00 +1.0477967e-02 +2.2051367e-02 +7.2465889e+00 +9.6873111e-02 +6.9757778e-01 -4.0311111e-01 -4.4474333e-02 -4.3170889e-03 +1.4609809e+04
3.4680000e-02 +4.5000000e-01 +9.5674000e+00 +1.2288000e-02 +2.2976033e-02 +7.6164667e+00 +1.2028667e-01 +7.5579444e-01 -4.6094778e-01 -4.7864889e-02 -5.0453556e-03 +1.4666977e+04
3.8037000e-02 +4.5000000e-01 +1.0128967e+01 +1.4281733e-02 +2.3845600e-02 +7.8668889e+00 +1.4677889e-01 +8.1219222e-01 -5.1653667e-01 -5.0447000e-02 -5.7561111e-03 +1.4656283e+04
4.1569000e-02 +4.5000000e-01 +1.0659133e+01 +1.6463233e-02 +2.4680267e-02 +8.0030444e+00 +1.7630444e-01 +8.6611333e-01 -5.6878778e-01 -5.2024778e-02 -6.3996000e-03 +1.4557084e+04
4.5284000e-02 +4.5000000e-01 +1.1157267e+01 +1.8835067e-02 +2.5497300e-02 +8.0349556e+00 +2.0872667e-01 +9.1699444e-01 -6.1691333e-01 -5.2473556e-02 -6.9287889e-03 +1.4362622e+04
4.9189000e-02 +4.5000000e-01 +1.1623567e+01 +2.1398533e-02 +2.6304633e-02 +7.9755889e+00 +2.4381778e-01 +9.6442778e-01 -6.6041222e-01 -5.1788444e-02 -7.3118000e-03 +1.4077248e+04
5.3293000e-02 +4.5000000e-01 +1.2058833e+01 +2.4153467e-02 +2.7095133e-02 +7.8392333e+00 +2.8125333e-01 +1.0082111e+00 -6.9901778e-01 -5.0083444e-02 -7.5381444e-03 +1.3711817e+04
5.7604000e-02 +4.5000000e-01 +1.2464367e+01 +2.7096467e-02 +2.7842900e-02 +7.6403889e+00 +3.2062111e-01 +1.0483244e+00 -7.3263444e-01 -4.7513778e-02 -7.6182667e-03 +1.3280042e+04
6.2130000e-02 +4.5000000e-01 +1.2841800e+01 +3.0217633e-02 +2.8504367e-02 +7.3929222e+00 +3.6143111e-01 +1.0848844e+00 -7.6128333e-01 -4.4196222e-02 -7.5802000e-03 +1.2795648e+04
6.6879000e-02 +4.5000000e-01 +1.3193067e+01 +3.3497000e-02 +2.9024867e-02 +7.1094444e+00 +4.0313111e-01 +1.1180667e+00 -7.8506778e-01 -4.0207667e-02 -7.4654667e-03 +1.2271097e+04
7.1860000e-02 +4.5000000e-01 +1.3520200e+01 +3.6901667e-02 +2.9342733e-02 +6.8011000e+00 +4.4512000e-01 +1.1480111e+00 -8.0417556e-01 -3.5633889e-02 -7.3256000e-03 +1.1718261e+04
7.7081000e-02 +4.5000000e-01 +1.3825200e+01 +4.0385667e-02 +2.9387333e-02 +6.4776000e+00 +4.8676444e-01 +1.1746333e+00 -8.1887222e-01 -3.0613444e-02 -7.2153000e-03 +1.1147535e+04
8.2551000e-02 +4.5000000e-01 +1.4110167e+01 +4.3893000e-02 +2.9082633e-02 +6.1471889e+00 +5.2743000e-01 +1.1976778e+00 -8.2947333e-01 -2.5368778e-02 -7.1800333e-03 +1.0568255e+04
8.8278000e-02 +4.5000000e-01 +1.4377067e+01 +4.7359667e-02 +2.8362967e-02 +5.8165222e+00 +5.6650556e-01 +1.2168889e+00 -8.3628222e-01 -2.0166778e-02 -7.2532222e-03 +9.9893151e+03
9.4270000e-02 +4.5000000e-01 +1.4627867e+01 +5.0716000e-02 +2.7188100e-02 +5.4907333e+00 +6.0342333e-01 +1.2321778e+00 -8.3954667e-01 -1.5254333e-02 -7.4608778e-03 +9.4176608e+03
1.0053600e-01 +4.5000000e-01 +1.4864533e+01 +5.3884000e-02 +2.5551367e-02 +5.1739222e+00 +6.3766000e-01 +1.2437667e+00 -8.3948889e-01 -1.0926322e-02 -7.8080000e-03 +8.8573047e+03
1.0708300e-01 +4.5000000e-01 +1.5088867e+01 +5.6781000e-02 +2.3483700e-02 +4.8696222e+00 +6.6874222e-01 +1.2519889e+00 -8.3637889e-01 -7.5323111e-03 -8.2460222e-03 +8.3100487e+03
1.1392000e-01 +4.5000000e-01 +1.5302433e+01 +5.9337333e-02 +2.1031700e-02 +4.5805778e+00 +6.9626778e-01 +1.2570556e+00 -8.3052667e-01 -5.2377111e-03 -8.6835556e-03 +7.7792569e+03
1.2105300e-01 +4.5000000e-01 +1.5506800e+01 +6.1503667e-02 +1.8238133e-02 +4.3079222e+00 +7.1991111e-01 +1.2589222e+00 -8.2215444e-01 -4.0048778e-03 -9.0392778e-03 +7.2717846e+03
1.2849000e-01 +4.5000000e-01 +1.5703533e+01 +6.3240333e-02 +1.5158067e-02 +4.0517222e+00 +7.3942000e-01 +1.2572889e+00 -8.1139889e-01 -3.8201889e-03 -9.2806556e-03 +6.7911384e+03
1.3623700e-01 +4.5000000e-01 +1.5894100e+01 +6.4507333e-02 +1.1841200e-02 +3.8121444e+00 +7.5464111e-01 +1.2514667e+00 -7.9844000e-01 -4.6585444e-03 -9.4251111e-03 +6.3330509e+03
1.4430000e-01 +4.5000000e-01 +1.6079633e+01 +6.5256667e-02 +8.3449667e-03 +3.5888778e+00 +7.6553111e-01 +1.2408000e+00 -7.8347778e-01 -6.4636333e-03 -9.4690556e-03 +5.8940110e+03
1.5268500e-01 +4.5000000e-01 +1.6260967e+01 +6.5445333e-02 +4.7799000e-03 +3.3803000e+00 +7.7215889e-01 +1.2251889e+00 -7.6664556e-01 -9.0509667e-03 -9.4024333e-03 +5.4766696e+03
1.6139700e-01 +4.5000000e-01 +1.6438900e+01 +6.5059667e-02 +1.3259200e-03 +3.1850333e+00 +7.7465222e-01 +1.2050556e+00 -7.4810889e-01 -1.1997000e-02 -9.2858444e-03 +5.0820526e+03
1.7043900e-01 +4.5000000e-01 +1.6614033e+01 +6.4100000e-02 -1.7945367e-03 +3.0025556e+00 +7.7316444e-01 +1.1807556e+00 -7.2802222e-01 -1.4834000e-02 -9.2190778e-03 +4.7097649e+03
1.7981500e-01 +4.5000000e-01 +1.6786800e+01 +6.2569333e-02 -4.4495000e-03 +2.8323444e+00 +7.6792667e-01 +1.1524444e+00 -7.0649222e-01 -1.7243444e-02 -9.2708889e-03 +4.3624317e+03
1.8952800e-01 +4.5000000e-01 +1.6957533e+01 +6.0495000e-02 -6.6816667e-03 +2.6730889e+00 +7.5934778e-01 +1.1205333e+00 -6.8359444e-01 -1.8920000e-02 -9.4524333e-03 +4.0410865e+03
1.9957700e-01 +4.5000000e-01 +1.7126500e+01 +5.7928667e-02 -8.6874667e-03 +2.5227889e+00 +7.4798333e-01 +1.0857378e+00 -6.5943111e-01 -1.9823889e-02 -9.7610556e-03 +3.7429354e+03
2.0996400e-01 +4.5000000e-01 +1.7293767e+01 +5.4910667e-02 -1.0669000e-02 +2.3795000e+00 +7.3442111e-01 +1.0487144e+00 -6.3406000e-01 -2.0848000e-02 -1.0213733e-02 +3.4639937e+03
2.2068800e-01 +4.5000000e-01 +1.7459233e+01 +5.1487667e-02 -1.2614200e-02 +2.2422111e+00 +7.1921222e-01 +1.0099700e+00 -6.0750778e-01 -2.2897556e-02 -1.0805589e-02 +3.2008529e+03
2.3174700e-01 +4.5000000e-01 +1.7622433e+01 +4.7747333e-02 -1.4280533e-02 +2.1109889e+00 +7.0280333e-01 +9.6988111e-01 -5.7989000e-01 -2.6033556e-02 -1.1444333e-02 +2.9533917e+03
2.4313600e-01 +4.5000000e-01 +1.7782967e+01 +4.3772667e-02 -1.5493267e-02 +1.9862667e+00 +6.8548556e-01 +9.2908889e-01 -5.5120111e-01 -2.9712333e-02 -1.2048222e-02 +2.7239101e+03
2.5485200e-01 +4.5000000e-01 +1.7940433e+01 +3.9609000e-02 -1.6284333e-02 +1.8684889e+00 +6.6750889e-01 +8.8827444e-01 -5.2138000e-01 -3.3613556e-02 -1.2684111e-02 +2.5113560e+03
2.6688900e-01 +4.5000000e-01 +1.8094433e+01 +3.5308000e-02 -1.6740767e-02 +1.7574889e+00 +6.4917222e-01 +8.4755444e-01 -4.9068556e-01 -3.7705222e-02 -1.3501222e-02 +2.3140376e+03
2.7923700e-01 +4.5000000e-01 +1.8244233e+01 +3.0915300e-02 -1.6933633e-02 +1.6523444e+00 +6.3084222e-01 +8.0711556e-01 -4.5945111e-01 -4.1701889e-02 -1.4599333e-02 +2.1299760e+03
2.9189000e-01 +4.5000000e-01 +1.8388967e+01 +2.6470700e-02 -1.6905033e-02 +1.5520444e+00 +6.1288222e-01 +7.6752667e-01 -4.2772333e-01 -4.5502222e-02 -1.5967333e-02 +1.9592303e+03
3.0483500e-01 +4.5000000e-01 +1.8528000e+01 +2.2056600e-02 -1.6626067e-02 +1.4559222e+00 +5.9552667e-01 +7.2951889e-01 -3.9551667e-01 -4.9622667e-02 -1.7283333e-02 +1.8044933e+03
3.1806100e-01 +4.5000000e-01 +1.8660967e+01 +1.7780733e-02 -1.6059167e-02 +1.3643667e+00 +5.7890667e-01 +6.9359111e-01 -3.6320444e-01 -5.3985444e-02 -1.8180444e-02 +1.6654700e+03
3.3155400e-01 +4.5000000e-01 +1.8787133e+01 +1.3745133e-02 -1.5146833e-02 +1.2778444e+00 +5.6316000e-01 +6.5996333e-01 -3.3117667e-01 -5.8386667e-02 -1.8575222e-02 +1.5401070e+03
3.4530000e-01 +4.5000000e-01 +1.8905633e+01 +1.0060900e-02 -1.3870600e-02 +1.1961444e+00 +5.4845444e-01 +6.2854111e-01 -2.9951889e-01 -6.2943778e-02 -1.8475444e-02 +1.4279197e+03
3.5928100e-01 +4.5000000e-01 +1.9015800e+01 +6.8066000e-03 -1.2303233e-02 +1.1190667e+00 +5.3492444e-01 +5.9931000e-01 -2.6824000e-01 -6.7307111e-02 -1.8029333e-02 +1.3281200e+03
3.7348100e-01 +4.5000000e-01 +1.9116700e+01 +4.0390667e-03 -1.0570100e-02 +1.0476333e+00 +5.2267111e-01 +5.7233778e-01 -2.3744556e-01 -7.1221222e-02 -1.7458556e-02 +1.2398734e+03
3.8788000e-01 +4.5000000e-01 +1.9207600e+01 +1.8082367e-03 -8.7390667e-03 +9.8282222e-01 +5.1177333e-01 +5.4791667e-01 -2.0716444e-01 -7.4698111e-02 -1.6891222e-02 +1.1629365e+03
4.0245700e-01 +4.5000000e-01 +1.9288000e+01 +1.4578433e-04 -6.8623333e-03 +9.2532778e-01 +5.0222000e-01 +5.2634222e-01 -1.7739333e-01 -7.7829000e-02 -1.6261222e-02 +1.0969021e+03
4.1719100e-01 +4.5000000e-01 +1.9357467e+01 -9.5507000e-04 -5.0304333e-03 +8.7580667e-01 +4.9390444e-01 +5.0795889e-01 -1.4821889e-01 -8.0714222e-02 -1.5248000e-02 +1.0410724e+03
4.3206000e-01 +4.5000000e-01 +1.9415533e+01 -1.5215333e-03 -3.3422667e-03 +8.3436556e-01 +4.8673889e-01 +4.9300000e-01 -1.1977000e-01 -8.3519222e-02 -1.3605444e-02 +9.9575460e+02
4.4704100e-01 +4.5000000e-01 +1.9461933e+01 -1.6024633e-03 -1.8279833e-03 +8.0102000e-01 +4.8072222e-01 +4.8142556e-01 -9.2112889e-02 -8.6338444e-02 -1.1336000e-02 +9.6104213e+02
4.6210900e-01 +4.5000000e-01 +1.9496633e+01 -1.2907633e-03 -5.5468333e-04 +7.7608778e-01 +4.7592778e-01 +4.7305222e-01 -6.5191667e-02 -8.8821444e-02 -8.5197444e-03 +9.3667544e+02
4.7724000e-01 +4.5000000e-01 +1.9519767e+01 -7.1179667e-04 +3.5051667e-04 +7.5975667e-01 +4.7252333e-01 +4.6752333e-01 -3.8883000e-02 -9.0618333e-02 -5.2844556e-03 +9.2135308e+02
4.9240900e-01 +4.5000000e-01 +1.9531333e+01 +0.0000000e+00 +8.0551667e-04 +7.5181889e-01 +4.7074333e-01 +4.6472667e-01 -1.2930667e-02 -9.1602778e-02 -1.7919444e-03 +9.1386333e+02
5.0759100e-01 +4.5000000e-01 +1.9531333e+01 +7.1179667e-04 +8.0551667e-04 +7.5181889e-01 +4.7074333e-01 +4.6472667e-01 +1.2930667e-02 -9.1602778e-02 +1.7919444e-03 +9.1386333e+02
5.2276000e-01 +4.5000000e-01 +1.9519767e+01 +1.2907633e-03 +3.5051667e-04 +7.5975667e-01 +4.7252333e-01 +4.6752333e-01 +3.8883000e-02 -9.0618333e-02 +5.2844556e-03 +9.2135308e+02
5.3789100e-01 +4.5000000e-01 +1.9496633e+01 +1.6024633e-03 -5.5468333e-04 +7.7608778e-01 +4.7592778e-01 +4.7305222e-01 +6.5191667e-02 -8.8821444e-02 +8.5197444e-03 +9.3667544e+02
5.5295900e-01 +4.5000000e-01 +1.9461933e+01 +1.5215333e-03 -1.8279833e-03 +8.0102000e-01 +4.8072222e-01 +4.8142556e-01 +9.2112889e-02 -8.6338444e-02 +1.1336000e-02 +9.6104213e+02
5.6794000e-01 +4.5000000e-01 +1.9415533e+01 +9.5507000e-04 -3.3422667e-03 +8.3436556e-01 +4.8673889e-01 +4.9300000e-01 +1.1977000e-01 -8.3519222e-02 +1.3605444e-02 +9.9575460e+02
5.8280900e-01 +4.5000000e-01 +1.9357467e+01 -1.4578433e-04 -5.0304333e-03 +8.7580667e-01 +4.9390444e-01 +5.0795889e-01 +1.4821889e-01 -8.0714222e-02 +1.5248000e-02 +1.0410724e+03
5.9754300e-01 +4.5000000e-01 +1.9288000e+01 -1.8082367e-03 -6.8623333e-03 +9.2532778e-01 +5.0222000e-01 +5.2634222e-01 +1.7739333e-01 -7.7829000e-02 +1.6261222e-02 +1.0969021e+03
6.1212000e-01 +4.5000000e-01 +1.9207600e+01 -4.0390667e-03 -8.7390667e-03 +9.8282222e-01 +5.1177333e-01 +5.4791667e-01 +2.0716444e-01 -7.4698111e-02 +1.6891222e-02 +1.1629365e+03
6.2651900e-01 +4.5000000e-01 +1.9116700e+01 -6.8066000e-03 -1.0570100e-02 +1.0476333e+00 +5.2267111e-01 +5.7233778e-01 +2.3744556e-01 -7.1221222e-02 +1.7458556e-02 +1.2398734e+03
6.4071900e-01 +4.5000000e-01 +1.9015800e+01 -1.0060900e-02 -1.2303233e-02 +1.1190667e+00 +5.3492444e-01 +5.9931000e-01 +2.6824000e-01 -6.7307111e-02 +1.8029333e-02 +1.3281200e+03
6.5470000e-01 +4.5000000e-01 +1.8905633e+01 -1.3745133e-02 -1.3870600e-02 +1.1961444e+00 +5.4845444e-01 +6.2854111e-01 +2.9951889e-01 -6.2943778e-02 +1.8475444e-02 +1.4279197e+03
6.6844600e-01 +4.5000000e-01 +1.8787133e+01 -1.7780733e-02 -1.5146833e-02 +1.2778444e+00 +5.6316000e-01 +6.5996333e-01 +3.3117667e-01 -5.8386667e-02 +1.8575222e-02 +1.5401070e+03
6.8193900e-01 +4.5000000e-01 +1.8660967e+01 -2.2056600e-02 -1.6059167e-02 +1.3643667e+00 +5.7890667e-01 +6.9359111e-01 +3.6320444e-01 -5.3985444e-02 +1.8180444e-02 +1.6654700e+03
6.9516500e-01 +4.5000000e-01 +1.8528000e+01 -2.6470700e-02 -1.6626067e-02 +1.4559222e+00 +5.9552667e-01 +7.2951889e-01 +3.9551667e-01 -4.9622667e-02 +1.7283333e-02 +1.8044933e+03
7.0811000e-01 +4.5000000e-01 +1.8388967e+01 -3.0915300e-02 -1.6905033e-02 +1.5520444e+00 +6.1288222e-01 +7.6752667e-01 +4.2772333e-01 -4.5502222e-02 +1.5967333e-02 +1.9592303e+03
7.2076300e-01 +4.5000000e-01 +1.8244233e+01 -3.5308000e-02 -1.6933633e-02 +1.6523444e+00 +6.3084222e-01 +8.0711556e-01 +4.5945111e-01 -4.1701889e-02 +1.4599333e-02 +2.1299760e+03
7.3311100e-01 +4.5000000e-01 +1.8094433e+01 -3.9609000e-02 -1.6740767e-02 +1.7574889e+00 +6.4917222e-01 +8.4755444e-01 +4.9068556e-01 -3.7705222e-02 +1.3501222e-02 +2.3140376e+03
7.4514800e-01 +4.5000000e-01 +1.7940433e+01 -4.3772667e-02 -1.6284333e-02 +1.8684889e+00 +6.6750889e-01 +8.8827444e-01 +5.2138000e-01 -3.3613556e-02 +1.2684111e-02 +2.5113560e+03
7.5686400e-01 +4.5000000e-01 +1.7782967e+01 -4.7747333e-02 -1.5493267e-02 +1.9862667e+00 +6.8548556e-01 +9.2908889e-01 +5.5120111e-01 -2.9712333e-02 +1.2048222e-02 +2.7239101e+03
7.6825300e-01 +4.5000000e-01 +1.7622433e+01 -5.1487667e-02 -1.4280533e-02 +2.1109889e+00 +7.0280333e-01 +9.6988111e-01 +5.7989000e-01 -2.6033556e-02 +1.1444333e-02 +2.9533917e+03
7.7931200e-01 +4.5000000e-01 +1.7459233e+01 -5.4910667e-02 -1.2614200e-02 +2.2422111e+00 +7.1921222e-01 +1.0099700e+00 +6.0750778e-01 -2.2897556e-02 +1.0805589e-02 +3.2008529e+03
7.9003600e-01 +4.5000000e-01 +1.7293767e+01 -5.7928667e-02 -1.0669000e-02 +2.3795000e+00 +7.3442111e-01 +1.0487144e+00 +6.3406000e-01 -2.0848000e-02 +1.0213733e-02 +3.4639937e+03
8.0042300e-01 +4.5000000e-01 +1.7126500e+01 -6.0495000e-02 -8.6874667e-03 +2.5227889e+00 +7.4798333e-01 +1.0857378e+00 +6.5943111e-01 -1.9823889e-02 +9.7610556e-03 +3.7429354e+03
8.1047200e-01 +4.5000000e-01 +1.6957533e+01 -6.2569333e-02 -6.6816667e-03 +2.6730889e+00 +7.5934778e-01 +1.1205333e+00 +6.8359444e-01 -1.8920000e-02 +9.4524333e-03 +4.0410865e+03
8.2018500e-01 +4.5000000e-01 +1.6786800e+01 -6.4100000e-02 -4.4495000e-03 +2.8323444e+00 +7.6792667e-01 +1.1524444e+00 +7.0649222e-01 -1.7243444e-02 +9.2708889e-03 +4.3624317e+03
8.2956100e-01 +4.5000000e-01 +1.6614033e+01 -6.5059667e-02 -1.7945367e-03 +3.0025556e+00 +7.7316444e-01 +1.1807556e+00 +7.2802222e-01 -1.4834000e-02 +9.2190778e-03 +4.7097649e+03
8.3860300e-01 +4.5000000e-01 +1.6438900e+01 -6.5445333e-02 +1.3259200e-03 +3.1850333e+00 +7.7465222e-01 +1.2050556e+00 +7.4810889e-01 -1.1997000e-02 +9.2858444e-03 +5.0820526e+03
8.4731500e-01 +4.5000000e-01 +1.6260967e+01 -6.5256667e-02 +4.7799000e-03 +3.3803000e+00 +7.7215889e-01 +1.2251889e+00 +7.6664556e-01 -9.0509667e-03 +9.4024333e-03 +5.4766696e+03
8.5570000e-01 +4.5000000e-01 +1.6079633e+01 -6.4507333e-02 +8.3449667e-03 +3.5888778e+00 +7.6553111e-01 +1.2408000e+00 +7.8347778e-01 -6.4636333e-03 +9.4690556e-03 +5.8940110e+03
8.6376300e-01 +4.5000000e-01 +1.5894100e+01 -6.3240333e-02 +1.1841200e-02 +3.8121444e+00 +7.5464111e-01 +1.2514667e+00 +7.9844000e-01 -4.6585444e-03 +9.4251111e-03 +6.3330509e+03
8.7151000e-01 +4.5000000e-01 +1.5703533e+01 -6.1503667e-02 +1.5158067e-02 +4.0517222e+00 +7.3942000e-01 +1.2572889e+00 +8.1139889e-01 -3.8201889e-03 +9.2806556e-03 +6.7911384e+03
8.7894700e-01 +4.5000000e-01 +1.5506800e+01 -5.9337333e-02 +1.8238133e-02 +4.3079222e+00 +7.1991111e-01 +1.2589222e+00 +8.2215444e-01 -4.0048778e-03 +9.0392778e-03 +7.2717846e+03
8.8608000e-01 +4.5000000e-01 +1.5302433e+01 -5.6781000e-02 +2.1031700e-02 +4.5805778e+00 +6.9626778e-01 +1.2570556e+00 +8.3052667e-01 -5.2377111e-03 +8.6835556e-03 +7.7792569e+03
8.9291700e-01 +4.5000000e-01 +1.5088867e+01 -5.3884000e-02 +2.3483700e-02 +4.8696222e+00 +6.6874222e-01 +1.2519889e+00 +8.3637889e-01 -7.5323111e-03 +8.2460222e-03 +8.3100487e+03
8.9946400e-01 +4.5000000e-01 +1.4864533e+01 -5.0716000e-02 +2.5551367e-02 +5.1739222e+00 +6.3766000e-01 +1.2437667e+00 +8.3948889e-01 -1.0926322e-02 +7.8080000e-03 +8.8573047e+03
9.0573000e-01 +4.5000000e-01 +1.4627867e+01 -4.7359667e-02 +2.7188100e-02 +5.4907333e+00 +6.0342333e-01 +1.2321778e+00 +8.3954667e-01 -1.5254333e-02 +7.4608778e-03 +9.4176608e+03
9.1172200e-01 +4.5000000e-01 +1.4377067e+01 -4.3893000e-02 +2.8362967e-02 +5.8165222e+00 +5.6650556e-01 +1.2168889e+00 +8.3628222e-01 -2.0166778e-02 +7.2532222e-03 +9.9893151e+03
9.1744900e-01 +4.5000000e-01 +1.4110167e+01 -4.0385667e-02 +2.9082633e-02 +6.1471889e+00 +5.2743000e-01 +1.1976778e+00 +8.2947333e-01 -2.5368778e-02 +7.1800333e-03 +1.0568255e+04
9.2291900e-01 +4.5000000e-01 +1.3825200e+01 -3.6901667e-02 +2.9387333e-02 +6.4776000e+00 +4.8676444e-01 +1.1746333e+00 +8.1887222e-01 -3.0613444e-02 +7.2153000e-03 +1.1147535e+04
9.2814000e-01 +4.5000000e-01 +1.3520200e+01 -3.3497000e-02 +2.9342733e-02 +6.8011000e+00 +4.4512000e-01 +1.1480111e+00 +8.0417556e-01 -3.5633889e-02 +7.3256000e-03 +1.1718261e+04
9.3312100e-01 +4.5000000e-01 +1.3193067e+01 -3.0217633e-02 +2.9024867e-02 +7.1094444e+00 +4.0313111e-01 +1.1180667e+00 +7.8506778e-01 -4.0207667e-02 +7.4654667e-03 +1.2271097e+04
9.3787000e-01 +4.5000000e-01 +1.2841800e+01 -2.7096467e-02 +2.8504367e-02 +7.3929222e+00 +3.6143111e-01 +1.0848844e+00 +7.6128333e-01 -4.4196222e-02 +7.5802000e-03 +1.2795648e+04
9.4239600e-01 +4.5000000e-01 +1.2464367e+01 -2.4153467e-02 +2.7842900e-02 +7.6403889e+00 +3.2062111e-01 +1.0483244e+00 +7.3263444e-01 -4.7513778e-02 +7.6182667e-03 +1.3280042e+04
9.4670700e-01 +4.5000000e-01 +1.2058833e+01 -2.1398533e-02 +2.7095133e-02 +7.8392333e+00 +2.8125333e-01 +1.0082111e+00 +6.9901778e-01 -5.0083444e-02 +7.5381444e-03 +1.3711817e+04
9.5081100e-01 +4.5000000e-01 +1.1623567e+01 -1.8835067e-02 +2.6304633e-02 +7.9755889e+00 +2.4381778e-01 +9.6442778e-01 +6.6041222e-01 -5.1788444e-02 +7.3118000e-03 +1.4077248e+04
9.5471600e-01 +4.5000000e-01 +1.1157267e+01 -1.6463233e-02 +2.5497300e-02 +8.0349556e+00 +2.0872667e-01 +9.1699444e-01 +6.1691333e-01 -5.2473556e-02 +6.9287889e-03 +1.4362622e+04
9.5843100e-01 +4.5000000e-01 +1.0659133e+01 -1.4281733e-02 +2.4680267e-02 +8.0030444e+00 +1.7630444e-01 +8.6611333e-01 +5.6878778e-01 -5.2024778e-02 +6.3996000e-03 +1.4557084e+04
9.6196300e-01 +4.5000000e-01 +1.0128967e+01 -1.2288000e-02 +2.3845600e-02 +7.8668889e+00 +1.4677889e-01 +8.1219222e-01 +5.1653667e-01 -5.0447000e-02 +5.7561111e-03 +1.4656283e+04
9.6532000e-01 +4.5000000e-01 +9.5674000e+00 -1.0477967e-02 +2.2976033e-02 +7.6164667e+00 +1.2028667e-01 +7.5579444e-01 +4.6094778e-01 -4.7864889e-02 +5.0453556e-03 +1.4666977e+04
9.6851000e-01 +4.5000000e-01 +8.9761333e+00 -8.8458667e-03 +2.2051367e-02 +7.2465889e+00 +9.6873111e-02 +6.9757778e-01 +4.0311111e-01 -4.4474333e-02 +4.3170889e-03 +1.4609809e+04
9.7153900e-01 +4.5000000e-01 +8.3578667e+00 -7.3845333e-03 +2.1053700e-02 +6.7588000e+00 +7.6506333e-02 +6.3821444e-01 +3.4440889e-01 -4.0500444e-02 +3.6120333e-03 +1.4521594e+04
9.7441500e-01 +4.5000000e-01 +7.7166000e+00 -6.0857667e-03 +1.9970533e-02 +6.1629222e+00 +5.9089556e-02 +5.7830889e-01 +2.8645556e-01 -3.6171667e-02 +2.9566444e-03 +1.4452859e+04
9.7714500e-01 +4.5000000e-01 +7.0573333e+00 -4.9410667e-03 +1.8794833e-02 +5.4777778e+00 +4.4473556e-02 +5.1834000e-01 +2.3099444e-01 -3.1695778e-02 +2.3650000e-03 +1.4459917e+04
9.7973500e-01 +4.5000000e-01 +6.3860333e+00 -3.9416667e-03 +1.7524100e-02 +4.7306889e+00 +3.2469333e-02 +4.5864222e-01 +1.7974222e-01 -2.7237444e-02 +1.8435000e-03 +1.4590678e+04
9.8219200e-01 +4.5000000e-01 +5.7091667e+00 -3.0787433e-03 +1.6159700e-02 +3.9554111e+00 +2.2856333e-02 +3.9943778e-01 +1.3420444e-01 -2.2910333e-02 +1.3943333e-03 +1.4868282e+04
9.8452200e-01 +4.5000000e-01 +5.0335000e+00 -2.3434367e-03 +1.4706233e-02 +3.1886667e+00 +1.5389889e-02 +3.4093333e-01 +9.5493778e-02 -1.8789778e-02 +1.0172111e-03 +1.5280084e+04
9.8673100e-01 +4.5000000e-01 +4.3654333e+00 -1.7268833e-03 +1.3170833e-02 +2.4658111e+00 +9.8051222e-03 +2.8344333e-01 +6.4191556e-02 -1.4934889e-02 +7.0985778e-04 +1.5778100e+04
9.8882500e-01 +4.5000000e-01 +3.7107667e+00 -1.2201967e-03 +1.1562267e-02 +1.8165444e+00 +5.8223444e-03 +2.2752778e-01 +4.0286444e-02 -1.1404667e-02 +4.6829556e-04 +1.6294226e+04
9.9080900e-01 +4.5000000e-01 +3.0742433e+00 -8.1452667e-04 +9.8903333e-03 +1.2618000e+00 +3.1522222e-03 +1.7409889e-01 +2.3207444e-02 -8.2616333e-03 +2.8695778e-04 +1.6765030e+04
9.9268900e-01 +4.5000000e-01 +2.4594833e+00 -5.0112333e-04 +8.1651000e-03 +8.1242333e-01 +1.5043889e-03 +1.2446889e-01 +1.1948222e-02 -5.5669222e-03 +1.5883222e-04 +1.7158525e+04
9.9447000e-01 +4.5000000e-01 +1.8688900e+00 -2.7139600e-04 +6.3968000e-03 +4.6987222e-01 +5.9879111e-04 +8.0334778e-02 +5.2496333e-03 -3.3727222e-03 +7.5671556e-05 +1.7488488e+04
9.9615600e-01 +4.5000000e-01 +1.3037700e+00 -1.1697767e-04 +4.5955667e-03 +2.2850444e-01 +1.8001111e-04 +4.3701444e-02 +1.7971222e-03 -1.7160111e-03 +2.8251667e-05 +1.7814265e+04
9.9775300e-01 +4.5000000e-01 +7.6452667e-01 -2.9718600e-05 +2.7717733e-03 +7.8470444e-02 +3.3512333e-05 +1.6804111e-02 +3.8590111e-04 -6.1492222e-04 +6.6336111e-06 +1.8226226e+04
9.9926500e-01 +4.5000000e-01 +2.5090733e-01 +0.0000000e+00 +9.3654333e-04 +8.4507444e-03 +2.2989222e-06 +2.0472000e-03 +2.4644778e-05 -6.9085667e-05 +4.6402556e-07 +1.8774238e+04
1.0000000e+00 +4.5000000e-01 +0.0000000e+00 +0.0000000e+00 +0.0000000e+00 +0.0000000e+00 +0.0000000e+00 +0.0000000e+00 +0.0000000e+00 +0.0000000e+00 +0.0000000e+00 +1.8773000e+04
