#    y              z              <u>            <v>            <w>            <u'u'>         <v'v'>         <w'w'>         <u'v'>         <u'w'>         <v'w'>         <eps>         
#----------------------------------------------------------------------------------------------------------------------------------------------------------------------------------
0.0000000e+00 +8.0000000e-02 +0.0000000e+00 +0.0000000e+00 +0.0000000e+00 +0.0000000e+00 +0.0000000e+00 +0.0000000e+00 +0.0000000e+00 +0.0000000e+00 +0.0000000e+00 +4.8050556e+03
7.3500000e-04 +8.0000000e-02 +1.9748433e-01 -2.5505767e-04 +5.2093667e-03 +2.2302333e-03 +4.6657444e-07 +4.3215778e-04 -8.1862778e-06 +9.8964667e-05 -4.4334000e-06 +4.8058219e+03
2.2470000e-03 +8.0000000e-02 +6.0132333e-01 -9.8318667e-04 +1.5180633e-02 +2.0605556e-02 +7.0060000e-06 +3.5983667e-03 -1.2484000e-04 +8.8961778e-04 -6.2278111e-05 +4.6627636e+03
3.8440000e-03 +8.0000000e-02 +1.0249933e+00 -2.2368333e-03 +2.4763833e-02 +5.9803111e-02 +3.8699111e-05 +9.4597000e-03 -5.6663000e-04 +2.5114667e-03 -2.6427556e-04 +4.5604392e+03
5.5300000e-03 +8.0000000e-02 +1.4690600e+00 -4.0492333e-03 +3.3834000e-02 +1.2276222e-01 +1.3264111e-04 +1.7543889e-02 -1.6170333e-03 +5.0109889e-03 -7.0915667e-04 +4.4909933e+03
7.3110000e-03 +8.0000000e-02 +1.9339000e+00 -6.4483000e-03 +4.2265667e-02 +2.1236000e-01 +3.4416444e-04 +2.7369889e-02 -3.6087000e-03 +8.4265889e-03 -1.4969778e-03 +4.4355464e+03
9.1910000e-03 +8.0000000e-02 +2.4196167e+00 -9.4555000e-03 +4.9926000e-02 +3.3091889e-01 +7.4631000e-04 +3.8459778e-02 -6.9037000e-03 +1.2769111e-02 -2.7269889e-03 +4.3811777e+03
1.1175000e-02 +8.0000000e-02 +2.9259467e+00 -1.3084067e-02 +5.6670000e-02 +4.7963778e-01 +1.4288889e-03 +5.0355333e-02 -1.1860889e-02 +1.7989889e-02 -4.4938222e-03 +4.3232884e+03
1.3269000e-02 +8.0000000e-02 +3.4522000e+00 -1.7336567e-02 +6.2337667e-02 +6.5805778e-01 +2.4969222e-03 +6.2635111e-02 -1.8792444e-02 +2.3940333e-02 -6.8817778e-03 +4.2657198e+03
1.5478000e-02 +8.0000000e-02 +3.9971333e+00 -2.2202633e-02 +6.6749667e-02 +8.6366889e-01 +4.0682000e-03 +7.4933222e-02 -2.7915222e-02 +3.0336111e-02 -9.9578667e-03 +4.2188727e+03
1.7808000e-02 +8.0000000e-02 +4.5590667e+00 -2.7656467e-02 +6.9708000e-02 +1.0917644e+00 +6.2697000e-03 +8.6955000e-02 -3.9303111e-02 +3.6740778e-02 -1.3764222e-02 +4.1965360e+03
2.0265000e-02 +8.0000000e-02 +5.1356667e+00 -3.3654667e-02 +7.1002333e-02 +1.3356111e+00 +9.2329222e-03 +9.8491778e-02 -5.2850000e-02 +4.2584889e-02 -1.8311556e-02 +4.2119136e+03
2.2855000e-02 +8.0000000e-02 +5.7240667e+00 -4.0135333e-02 +7.0421667e-02 +1.5869000e+00 +1.3088444e-02 +1.0942900e-01 -6.8248444e-02 +4.7223889e-02 -2.3575556e-02 +4.2742202e+03
2.5585000e-02 +8.0000000e-02 +6.3210333e+00 -4.7017333e-02 +6.7774333e-02 +1.8364444e+00 +1.7959889e-02 +1.1974667e-01 -8.4992333e-02 +5.0026556e-02 -2.9497000e-02 +4.3863513e+03
2.8461000e-02 +8.0000000e-02 +6.9227667e+00 -5.4202333e-02 +6.2911333e-02 +2.0750222e+00 +2.3959222e-02 +1.2950556e-01 -1.0240144e-01 +5.0468222e-02 -3.5986222e-02 +4.5439378e+03
3.1490000e-02 +8.0000000e-02 +7.5253000e+00 -6.1577000e-02 +5.5752000e-02 +2.2941889e+00 +3.1182111e-02 +1.3882778e-01 -1.1966889e-01 +4.8205111e-02 -4.2931111e-02 +4.7360390e+03
3.4680000e-02 +8.0000000e-02 +8.1244000e+00 -6.9016667e-02 +4.6305000e-02 +2.4869667e+00 +3.9707000e-02 +1.4785667e-01 -1.3592778e-01 +4.3108889e-02 -5.0207333e-02 +4.9470860e+03
3.8037000e-02 +8.0000000e-02 +8.7157000e+00 -7.6390667e-02 +3.4681667e-02 +2.6484111e+00 +4.9595556e-02 +1.5671889e-01 -1.5031778e-01 +3.5256556e-02 -5.7686778e-02 +5.1594063e+03
4.1569000e-02 +8.0000000e-02 +9.2949667e+00 -8.3564333e-02 +2.1099933e-02 +2.7757556e+00 +6.0894889e-02 +1.6548556e-01 -1.6206111e-01 +2.4885444e-02 -6.5242222e-02 +5.3564405e+03
4.5284000e-02 +8.0000000e-02 +9.8579667e+00 -9.0402667e-02 +5.8736333e-03 +2.8684778e+00 +7.3640444e-02 +1.7413444e-01 -1.7052222e-01 +1.2332333e-02 -7.2744556e-02 +5.5250343e+03
4.9189000e-02 +8.0000000e-02 +1.0400733e+01 -9.6772000e-02 -1.0605167e-02 +2.9281333e+00 +8.7856889e-02 +1.8253556e-01 -1.7524444e-01 -2.0229333e-03 -8.0054889e-02 +5.6565276e+03
5.3293000e-02 +8.0000000e-02 +1.0919567e+01 -1.0253867e-01 -2.7891400e-02 +2.9581556e+00 +1.0355811e-01 +1.9046778e-01 -1.7598000e-01 -1.7792556e-02 -8.7014333e-02 +5.7467413e+03
5.7604000e-02 +8.0000000e-02 +1.1411200e+01 -1.0757000e-01 -4.5515000e-02 +2.9634444e+00 +1.2074778e-01 +1.9766889e-01 -1.7268444e-01 -3.4595667e-02 -9.3442222e-02 +5.7954574e+03
6.2130000e-02 +8.0000000e-02 +1.1872733e+01 -1.1173200e-01 -6.3009667e-02 +2.9499333e+00 +1.3941889e-01 +2.0390778e-01 -1.6551222e-01 -5.2064222e-02 -9.9145667e-02 +5.8059671e+03
6.6879000e-02 +8.0000000e-02 +1.2301900e+01 -1.1488833e-01 -7.9938667e-02 +2.9241000e+00 +1.5956222e-01 +2.0904667e-01 -1.5479556e-01 -6.9857222e-02 -1.0394333e-01 +5.7843463e+03
7.1860000e-02 +8.0000000e-02 +1.2697033e+01 -1.1690133e-01 -9.5915333e-02 +2.8924333e+00 +1.8116111e-01 +2.1307333e-01 -1.4100444e-01 -8.7707333e-02 -1.0768511e-01 +5.7389515e+03
7.7081000e-02 +8.0000000e-02 +1.3057133e+01 -1.1763333e-01 -1.1060533e-01 +2.8610444e+00 +2.0419000e-01 +2.1607444e-01 -1.2470111e-01 -1.0549556e-01 -1.1025756e-01 +5.6797872e+03
8.2551000e-02 +8.0000000e-02 +1.3381733e+01 -1.1695333e-01 -1.2371967e-01 +2.8353889e+00 +2.2860444e-01 +2.1821889e-01 -1.0649900e-01 -1.2328444e-01 -1.1157778e-01 +5.6174036e+03
8.8278000e-02 +8.0000000e-02 +1.3671100e+01 -1.1474233e-01 -1.3500467e-01 +2.8200778e+00 +2.5433556e-01 +2.1975111e-01 -8.7030556e-02 -1.4127889e-01 -1.1159444e-01 +5.5618914e+03
9.4270000e-02 +8.0000000e-02 +1.3925867e+01 -1.1090300e-01 -1.4423667e-01 +2.8188889e+00 +2.8128333e-01 +2.2100333e-01 -6.6905111e-02 -1.5980000e-01 -1.1028356e-01 +5.5222787e+03
1.0053600e-01 +8.0000000e-02 +1.4147133e+01 -1.0536900e-01 -1.5122433e-01 +2.8345889e+00 +3.0932000e-01 +2.2232889e-01 -4.6655778e-02 -1.7928222e-01 -1.0764222e-01 +5.5066809e+03
1.0708300e-01 +8.0000000e-02 +1.4336233e+01 -9.8115667e-02 -1.5580367e-01 +2.8689222e+00 +3.3829667e-01 +2.2403000e-01 -2.6710667e-02 -2.0024222e-01 -1.0368333e-01 +5.5230791e+03
1.1392000e-01 +8.0000000e-02 +1.4494767e+01 -8.9170000e-02 -1.5784233e-01 +2.9227778e+00 +3.6807444e-01 +2.2638333e-01 -7.3987889e-03 -2.2313889e-01 -9.8451000e-02 +5.5785105e+03
1.2105300e-01 +8.0000000e-02 +1.4624300e+01 -7.8612333e-02 -1.5725533e-01 +2.9969444e+00 +3.9855333e-01 +2.2969000e-01 +1.1032256e-02 -2.4822111e-01 -9.2060333e-02 +5.6758589e+03
1.2849000e-01 +8.0000000e-02 +1.4726433e+01 -6.6574667e-02 -1.5402800e-01 +3.0922778e+00 +4.2969333e-01 +2.3418889e-01 +2.8454667e-02 -2.7548778e-01 -8.4703222e-02 +5.8142331e+03
1.3623700e-01 +8.0000000e-02 +1.4802700e+01 -5.3231000e-02 -1.4822233e-01 +3.2088444e+00 +4.6149778e-01 +2.3991778e-01 +4.4925889e-02 -3.0473000e-01 -7.6606556e-02 +5.9932726e+03
1.4430000e-01 +8.0000000e-02 +1.4854667e+01 -3.8788667e-02 -1.3996833e-01 +3.3448667e+00 +4.9398333e-01 +2.4674667e-01 +6.0663000e-02 -3.3555444e-01 -6.8012889e-02 +6.2157975e+03
1.5268500e-01 +8.0000000e-02 +1.4884133e+01 -2.3483600e-02 -1.2941700e-01 +3.4966778e+00 +5.2711222e-01 +2.5455556e-01 +7.5896333e-02 -3.6744000e-01 -5.9160000e-02 +6.4860715e+03
1.6139700e-01 +8.0000000e-02 +1.4892933e+01 -7.5834000e-03 -1.1669267e-01 +3.6601778e+00 +5.6076222e-01 +2.6342667e-01 +9.0681778e-02 -3.9998778e-01 -5.0256111e-02 +6.8071408e+03
1.7043900e-01 +8.0000000e-02 +1.4882867e+01 +8.6192667e-03 -1.0194533e-01 +3.8328778e+00 +5.9476778e-01 +2.7359333e-01 +1.0488622e-01 -4.3311222e-01 -4.1516444e-02 +7.1802636e+03
1.7981500e-01 +8.0000000e-02 +1.4855267e+01 +2.4814867e-02 -8.5468000e-02 +4.0157222e+00 +6.2901222e-01 +2.8506556e-01 +1.1833889e-01 -4.6678667e-01 -3.3202667e-02 +7.5989059e+03
1.8952800e-01 +8.0000000e-02 +1.4811433e+01 +4.0670667e-02 -6.7663333e-02 +4.2119000e+00 +6.6348000e-01 +2.9737667e-01 +1.3094333e-01 -5.0096556e-01 -2.5617111e-02 +8.0507361e+03
1.9957700e-01 +8.0000000e-02 +1.4752800e+01 +5.5825667e-02 -4.8953667e-02 +4.4228111e+00 +6.9822889e-01 +3.1009889e-01 +1.4266778e-01 -5.3573333e-01 -1.9075444e-02 +8.5287144e+03
2.0996400e-01 +8.0000000e-02 +1.4681233e+01 +6.9909000e-02 -2.9747133e-02 +4.6455333e+00 +7.3330222e-01 +3.2311778e-01 +1.5348333e-01 -5.7113889e-01 -1.3815222e-02 +9.0326613e+03
2.2068800e-01 +8.0000000e-02 +1.4599433e+01 +8.2538667e-02 -1.0447367e-02 +4.8714667e+00 +7.6864667e-01 +3.3616444e-01 +1.6315444e-01 -6.0633889e-01 -9.8599667e-03 +9.5630322e+03
2.3174700e-01 +8.0000000e-02 +1.4511167e+01 +9.3348333e-02 +8.5722000e-03 +5.0883889e+00 +8.0417889e-01 +3.4908444e-01 +1.7084889e-01 -6.3989111e-01 -7.0729444e-03 +1.0112542e+04
2.4313600e-01 +8.0000000e-02 +1.4420300e+01 +1.0205933e-01 +2.6769633e-02 +5.2867222e+00 +8.3996111e-01 +3.6230444e-01 +1.7501667e-01 -6.7040667e-01 -5.3583000e-03 +1.0663671e+04
2.5485200e-01 +8.0000000e-02 +1.4330433e+01 +1.0848400e-01 +4.3333000e-02 +5.4645222e+00 +8.7600556e-01 +3.7595222e-01 +1.7398222e-01 -6.9641556e-01 -4.5356000e-03 +1.1193647e+04
2.6688900e-01 +8.0000000e-02 +1.4244533e+01 +1.1255767e-01 +5.7431333e-02 +5.6197667e+00 +9.1184444e-01 +3.8936111e-01 +1.6695000e-01 -7.1727333e-01 -4.3563000e-03 +1.1690610e+04
2.7923700e-01 +8.0000000e-02 +1.4164933e+01 +1.1435033e-01 +6.8358667e-02 +5.7467778e+00 +9.4671444e-01 +4.0213556e-01 +1.5402667e-01 -7.3321111e-01 -4.8519556e-03 +1.2159784e+04
2.9189000e-01 +8.0000000e-02 +1.4093467e+01 +1.1405967e-01 +7.6057667e-02 +5.8495444e+00 +9.8009889e-01 +4.1385444e-01 +1.3627444e-01 -7.4603000e-01 -5.6342000e-03 +1.2586898e+04
3.0483500e-01 +8.0000000e-02 +1.4031100e+01 +1.1191833e-01 +8.0886333e-02 +5.9384000e+00 +1.0118289e+00 +4.2470556e-01 +1.1537444e-01 -7.5846222e-01 -6.4987000e-03 +1.2952287e+04
3.1806100e-01 +8.0000000e-02 +1.3978767e+01 +1.0807767e-01 +8.3353667e-02 +6.0202556e+00 +1.0416256e+00 +4.3691889e-01 +9.2917667e-02 -7.7237333e-01 -7.4699889e-03 +1.3254949e+04
3.3155400e-01 +8.0000000e-02 +1.3936967e+01 +1.0249333e-01 +8.3784000e-02 +6.1040556e+00 +1.0687122e+00 +4.5113667e-01 +6.9334889e-02 -7.8841000e-01 -8.6483556e-03 +1.3477439e+04
3.4530000e-01 +8.0000000e-02 +1.3907333e+01 +9.5311000e-02 +8.2265333e-02 +6.1898889e+00 +1.0922589e+00 +4.6291667e-01 +4.4734111e-02 -8.0490889e-01 -9.9539667e-03 +1.3609513e+04
3.5928100e-01 +8.0000000e-02 +1.3891867e+01 +8.6850000e-02 +7.8599000e-02 +6.2590111e+00 +1.1118667e+00 +4.7073000e-01 +2.1244667e-02 -8.1604222e-01 -1.0938122e-02 +1.3664000e+04
3.7348100e-01 +8.0000000e-02 +1.3889733e+01 +7.7392667e-02 +7.3144000e-02 +6.3001889e+00 +1.1282889e+00 +4.7785111e-01 +1.7237556e-03 -8.2184667e-01 -1.1412778e-02 +1.3660715e+04
3.8788000e-01 +8.0000000e-02 +1.3898500e+01 +6.7381333e-02 +6.6828333e-02 +6.3195444e+00 +1.1430000e+00 +4.8562333e-01 -1.2836333e-02 -8.2519000e-01 -1.2081333e-02 +1.3609729e+04
4.0245700e-01 +8.0000000e-02 +1.3914700e+01 +5.7161000e-02 +6.0339667e-02 +6.3306778e+00 +1.1563889e+00 +4.9348778e-01 -2.3019333e-02 -8.2807889e-01 -1.2597556e-02 +1.3522931e+04
4.1719100e-01 +8.0000000e-02 +1.3934233e+01 +4.6500333e-02 +5.3536667e-02 +6.3354111e+00 +1.1678667e+00 +5.0023000e-01 -2.8587556e-02 -8.3027667e-01 -1.2060333e-02 +1.3412952e+04
4.3206000e-01 +8.0000000e-02 +1.3955000e+01 +3.6033667e-02 +4.7084000e-02 +6.3285222e+00 +1.1775889e+00 +5.0454667e-01 -3.0068222e-02 -8.2902222e-01 -1.0050500e-02 +1.3321702e+04
4.4704100e-01 +8.0000000e-02 +1.3974300e+01 +2.6263000e-02 +4.1425333e-02 +6.3048889e+00 +1.1857667e+00 +5.0789000e-01 -2.8620889e-02 -8.2484444e-01 -7.6004667e-03 +1.3266816e+04
4.6210900e-01 +8.0000000e-02 +1.3989467e+01 +1.7289433e-02 +3.6919667e-02 +6.2865111e+00 +1.1916778e+00 +5.1081556e-01 -2.4515889e-02 -8.2323889e-01 -5.5433222e-03 +1.3222348e+04
4.7724000e-01 +8.0000000e-02 +1.3999867e+01 +8.6903333e-03 +3.3580667e-02 +6.2844556e+00 +1.1950000e+00 +5.1379333e-01 -1.6117667e-02 -8.2551667e-01 -3.4777778e-03 +1.3180374e+04
4.9240900e-01 +8.0000000e-02 +1.4005667e+01 +0.0000000e+00 +3.1464033e-02 +6.2840222e+00 +1.1963667e+00 +5.1641778e-01 -5.3335000e-03 -8.2831333e-01 -1.2313889e-03 +1.3171444e+04
5.0759100e-01 +8.0000000e-02 +1.4005667e+01 -8.6903333e-03 +3.1464033e-02 +6.2840222e+00 +1.1963667e+00 +5.1641778e-01 +5.3335000e-03 -8.2831333e-01 +1.2313889e-03 +1.3171444e+04
5.2276000e-01 +8.0000000e-02 +1.3999867e+01 -1.7289433e-02 +3.3580667e-02 +6.2844556e+00 +1.1950000e+00 +5.1379333e-01 +1.6117667e-02 -8.2551667e-01 +3.4777778e-03 +1.3180374e+04
5.3789100e-01 +8.0000000e-02 +1.3989467e+01 -2.6263000e-02 +3.6919667e-02 +6.2865111e+00 +1.1916778e+00 +5.1081556e-01 +2.4515889e-02 -8.2323889e-01 +5.5433222e-03 +1.3222348e+04
5.5295900e-01 +8.0000000e-02 +1.3974300e+01 -3.6033667e-02 +4.1425333e-02 +6.3048889e+00 +1.1857667e+00 +5.0789000e-01 +2.8620889e-02 -8.2484444e-01 +7.6004667e-03 +1.3266816e+04
5.6794000e-01 +8.0000000e-02 +1.3955000e+01 -4.6500333e-02 +4.7084000e-02 +6.3285222e+00 +1.1775889e+00 +5.0454667e-01 +3.0068222e-02 -8.2902222e-01 +1.0050500e-02 +1.3321702e+04
5.8280900e-01 +8.0000000e-02 +1.3934233e+01 -5.7161000e-02 +5.3536667e-02 +6.3354111e+00 +1.1678667e+00 +5.0023000e-01 +2.8587556e-02 -8.3027667e-01 +1.2060333e-02 +1.3412952e+04
5.9754300e-01 +8.0000000e-02 +1.3914700e+01 -6.7381333e-02 +6.0339667e-02 +6.3306778e+00 +1.1563889e+00 +4.9348778e-01 +2.3019333e-02 -8.2807889e-01 +1.2597556e-02 +1.3522931e+04
6.1212000e-01 +8.0000000e-02 +1.3898500e+01 -7.7392667e-02 +6.6828333e-02 +6.3195444e+00 +1.1430000e+00 +4.8562333e-01 +1.2836333e-02 -8.2519000e-01 +1.2081333e-02 +1.3609729e+04
6.2651900e-01 +8.0000000e-02 +1.3889733e+01 -8.6850000e-02 +7.3144000e-02 +6.3001889e+00 +1.1282889e+00 +4.7785111e-01 -1.7237556e-03 -8.2184667e-01 +1.1412778e-02 +1.3660715e+04
6.4071900e-01 +8.0000000e-02 +1.3891867e+01 -9.5311000e-02 +7.8599000e-02 +6.2590111e+00 +1.1118667e+00 +4.7073000e-01 -2.1244667e-02 -8.1604222e-01 +1.0938122e-02 +1.3664000e+04
6.5470000e-01 +8.0000000e-02 +1.3907333e+01 -1.0249333e-01 +8.2265333e-02 +6.1898889e+00 +1.0922589e+00 +4.6291667e-01 -4.4734111e-02 -8.0490889e-01 +9.9539667e-03 +1.3609513e+04
6.6844600e-01 +8.0000000e-02 +1.3936967e+01 -1.0807767e-01 +8.3784000e-02 +6.1040556e+00 +1.0687122e+00 +4.5113667e-01 -6.9334889e-02 -7.8841000e-01 +8.6483556e-03 +1.3477439e+04
6.8193900e-01 +8.0000000e-02 +1.3978767e+01 -1.1191833e-01 +8.3353667e-02 +6.0202556e+00 +1.0416256e+00 +4.3691889e-01 -9.2917667e-02 -7.7237333e-01 +7.4699889e-03 +1.3254949e+04
6.9516500e-01 +8.0000000e-02 +1.4031100e+01 -1.1405967e-01 +8.0886333e-02 +5.9384000e+00 +1.0118289e+00 +4.2470556e-01 -1.1537444e-01 -7.5846222e-01 +6.4987000e-03 +1.2952287e+04
7.0811000e-01 +8.0000000e-02 +1.4093467e+01 -1.1435033e-01 +7.6057667e-02 +5.8495444e+00 +9.8009889e-01 +4.1385444e-01 -1.3627444e-01 -7.4603000e-01 +5.6342000e-03 +1.2586898e+04
7.2076300e-01 +8.0000000e-02 +1.4164933e+01 -1.1255767e-01 +6.8358667e-02 +5.7467778e+00 +9.4671444e-01 +4.0213556e-01 -1.5402667e-01 -7.3321111e-01 +4.8519556e-03 +1.2159784e+04
7.3311100e-01 +8.0000000e-02 +1.4244533e+01 -1.0848400e-01 +5.7431333e-02 +5.6197667e+00 +9.1184444e-01 +3.8936111e-01 -1.6695000e-01 -7.1727333e-01 +4.3563000e-03 +1.1690610e+04
7.4514800e-01 +8.0000000e-02 +1.4330433e+01 -1.0205933e-01 +4.3333000e-02 +5.4645222e+00 +8.7600556e-01 +3.7595222e-01 -1.7398222e-01 -6.9641556e-01 +4.5356000e-03 +1.1193647e+04
7.5686400e-01 +8.0000000e-02 +1.4420300e+01 -9.3348333e-02 +2.6769633e-02 +5.2867222e+00 +8.3996111e-01 +3.6230444e-01 -1.7501667e-01 -6.7040667e-01 +5.3583000e-03 +1.0663671e+04
7.6825300e-01 +8.0000000e-02 +1.4511167e+01 -8.2538667e-02 +8.5722000e-03 +5.0883889e+00 +8.0417889e-01 +3.4908444e-01 -1.7084889e-01 -6.3989111e-01 +7.0729444e-03 +1.0112542e+04
7.7931200e-01 +8.0000000e-02 +1.4599433e+01 -6.9909000e-02 -1.0447367e-02 +4.8714667e+00 +7.6864667e-01 +3.3616444e-01 -1.6315444e-01 -6.0633889e-01 +9.8599667e-03 +9.5630322e+03
7.9003600e-01 +8.0000000e-02 +1.4681233e+01 -5.5825667e-02 -2.9747133e-02 +4.6455333e+00 +7.3330222e-01 +3.2311778e-01 -1.5348333e-01 -5.7113889e-01 +1.3815222e-02 +9.0326613e+03
8.0042300e-01 +8.0000000e-02 +1.4752800e+01 -4.0670667e-02 -4.8953667e-02 +4.4228111e+00 +6.9822889e-01 +3.1009889e-01 -1.4266778e-01 -5.3573333e-01 +1.9075444e-02 +8.5287144e+03
8.1047200e-01 +8.0000000e-02 +1.4811433e+01 -2.4814867e-02 -6.7663333e-02 +4.2119000e+00 +6.6348000e-01 +2.9737667e-01 -1.3094333e-01 -5.0096556e-01 +2.5617111e-02 +8.0507361e+03
8.2018500e-01 +8.0000000e-02 +1.4855267e+01 -8.6192667e-03 -8.5468000e-02 +4.0157222e+00 +6.2901222e-01 +2.8506556e-01 -1.1833889e-01 -4.6678667e-01 +3.3202667e-02 +7.5989059e+03
8.2956100e-01 +8.0000000e-02 +1.4882867e+01 +7.5834000e-03 -1.0194533e-01 +3.8328778e+00 +5.9476778e-01 +2.7359333e-01 -1.0488622e-01 -4.3311222e-01 +4.1516444e-02 +7.1802636e+03
8.3860300e-01 +8.0000000e-02 +1.4892933e+01 +2.3483600e-02 -1.1669267e-01 +3.6601778e+00 +5.6076222e-01 +2.6342667e-01 -9.0681778e-02 -3.9998778e-01 +5.0256111e-02 +6.8071408e+03
8.4731500e-01 +8.0000000e-02 +1.4884133e+01 +3.8788667e-02 -1.2941700e-01 +3.4966778e+00 +5.2711222e-01 +2.5455556e-01 -7.5896333e-02 -3.6744000e-01 +5.9160000e-02 +6.4860715e+03
8.5570000e-01 +8.0000000e-02 +1.4854667e+01 +5.3231000e-02 -1.3996833e-01 +3.3448667e+00 +4.9398333e-01 +2.4674667e-01 -6.0663000e-02 -3.3555444e-01 +6.8012889e-02 +6.2157975e+03
8.6376300e-01 +8.0000000e-02 +1.4802700e+01 +6.6574667e-02 -1.4822233e-01 +3.2088444e+00 +4.6149778e-01 +2.3991778e-01 -4.4925889e-02 -3.0473000e-01 +7.6606556e-02 +5.9932726e+03
8.7151000e-01 +8.0000000e-02 +1.4726433e+01 +7.8612333e-02 -1.5402800e-01 +3.0922778e+00 +4.2969333e-01 +2.3418889e-01 -2.8454667e-02 -2.7548778e-01 +8.4703222e-02 +5.8142331e+03
8.7894700e-01 +8.0000000e-02 +1.4624300e+01 +8.9170000e-02 -1.5725533e-01 +2.9969444e+00 +3.9855333e-01 +2.2969000e-01 -1.1032256e-02 -2.4822111e-01 +9.2060333e-02 +5.6758589e+03
8.8608000e-01 +8.0000000e-02 +1.4494767e+01 +9.8115667e-02 -1.5784233e-01 +2.9227778e+00 +3.6807444e-01 +2.2638333e-01 +7.3987889e-03 -2.2313889e-01 +9.8451000e-02 +5.5785105e+03
8.9291700e-01 +8.0000000e-02 +1.4336233e+01 +1.0536900e-01 -1.5580367e-01 +2.8689222e+00 +3.3829667e-01 +2.2403000e-01 +2.6710667e-02 -2.0024222e-01 +1.0368333e-01 +5.5230791e+03
8.9946400e-01 +8.0000000e-02 +1.4147133e+01 +1.1090300e-01 -1.5122433e-01 +2.8345889e+00 +3.0932000e-01 +2.2232889e-01 +4.6655778e-02 -1.7928222e-01 +1.0764222e-01 +5.5066809e+03
9.0573000e-01 +8.0000000e-02 +1.3925867e+01 +1.1474233e-01 -1.4423667e-01 +2.8188889e+00 +2.8128333e-01 +2.2100333e-01 +6.6905111e-02 -1.5980000e-01 +1.1028356e-01 +5.5222787e+03
9.1172200e-01 +8.0000000e-02 +1.3671100e+01 +1.1695333e-01 -1.3500467e-01 +2.8200778e+00 +2.5433556e-01 +2.1975111e-01 +8.7030556e-02 -1.4127889e-01 +1.1159444e-01 +5.5618914e+03
9.1744900e-01 +8.0000000e-02 +1.3381733e+01 +1.1763333e-01 -1.2371967e-01 +2.8353889e+00 +2.2860444e-01 +2.1821889e-01 +1.0649900e-01 -1.2328444e-01 +1.1157778e-01 +5.6174036e+03
9.2291900e-01 +8.0000000e-02 +1.3057133e+01 +1.1690133e-01 -1.1060533e-01 +2.8610444e+00 +2.0419000e-01 +2.1607444e-01 +1.2470111e-01 -1.0549556e-01 +1.1025756e-01 +5.6797872e+03
9.2814000e-01 +8.0000000e-02 +1.2697033e+01 +1.1488833e-01 -9.5915333e-02 +2.8924333e+00 +1.8116111e-01 +2.1307333e-01 +1.4100444e-01 -8.7707333e-02 +1.0768511e-01 +5.7389515e+03
9.3312100e-01 +8.0000000e-02 +1.2301900e+01 +1.1173200e-01 -7.9938667e-02 +2.9241000e+00 +1.5956222e-01 +2.0904667e-01 +1.5479556e-01 -6.9857222e-02 +1.0394333e-01 +5.7843463e+03
9.3787000e-01 +8.0000000e-02 +1.1872733e+01 +1.0757000e-01 -6.3009667e-02 +2.9499333e+00 +1.3941889e-01 +2.0390778e-01 +1.6551222e-01 -5.2064222e-02 +9.9145667e-02 +5.8059671e+03
9.4239600e-01 +8.0000000e-02 +1.1411200e+01 +1.0253867e-01 -4.5515000e-02 +2.9634444e+00 +1.2074778e-01 +1.9766889e-01 +1.7268444e-01 -3.4595667e-02 +9.3442222e-02 +5.7954574e+03
9.4670700e-01 +8.0000000e-02 +1.0919567e+01 +9.6772000e-02 -2.7891400e-02 +2.9581556e+00 +1.0355811e-01 +1.9046778e-01 +1.7598000e-01 -1.7792556e-02 +8.7014333e-02 +5.7467413e+03
9.5081100e-01 +8.0000000e-02 +1.0400733e+01 +9.0402667e-02 -1.0605167e-02 +2.9281333e+00 +8.7856889e-02 +1.8253556e-01 +1.7524444e-01 -2.0229333e-03 +8.0054889e-02 +5.6565276e+03
9.5471600e-01 +8.0000000e-02 +9.8579667e+00 +8.3564333e-02 +5.8736333e-03 +2.8684778e+00 +7.3640444e-02 +1.7413444e-01 +1.7052222e-01 +1.2332333e-02 +7.2744556e-02 +5.5250343e+03
9.5843100e-01 +8.0000000e-02 +9.2949667e+00 +7.6390667e-02 +2.1099933e-02 +2.7757556e+00 +6.0894889e-02 +1.6548556e-01 +1.6206111e-01 +2.4885444e-02 +6.5242222e-02 +5.3564405e+03
9.6196300e-01 +8.0000000e-02 +8.7157000e+00 +6.9016667e-02 +3.4681667e-02 +2.6484111e+00 +4.9595556e-02 +1.5671889e-01 +1.5031778e-01 +3.5256556e-02 +5.7686778e-02 +5.1594062e+03
9.6532000e-01 +8.0000000e-02 +8.1244000e+00 +6.1577000e-02 +4.6305000e-02 +2.4869667e+00 +3.9707000e-02 +1.4785667e-01 +1.3592778e-01 +4.3108889e-02 +5.0207333e-02 +4.9470860e+03
9.6851000e-01 +8.0000000e-02 +7.5253000e+00 +5.4202333e-02 +5.5752000e-02 +2.2941889e+00 +3.1182111e-02 +1.3882778e-01 +1.1966889e-01 +4.8205111e-02 +4.2931111e-02 +4.7360390e+03
9.7153900e-01 +8.0000000e-02 +6.9227667e+00 +4.7017333e-02 +6.2911333e-02 +2.0750222e+00 +2.3959222e-02 +1.2950556e-01 +1.0240144e-01 +5.0468222e-02 +3.5986222e-02 +4.5439378e+03
9.7441500e-01 +8.0000000e-02 +6.3210333e+00 +4.0135333e-02 +6.7774333e-02 +1.8364444e+00 +1.7959889e-02 +1.1974667e-01 +8.4992333e-02 +5.0026556e-02 +2.9497000e-02 +4.3863513e+03
9.7714500e-01 +8.0000000e-02 +5.7240667e+00 +3.3654667e-02 +7.0421667e-02 +1.5869000e+00 +1.3088444e-02 +1.0942900e-01 +6.8248444e-02 +4.7223889e-02 +2.3575556e-02 +4.2742202e+03
9.7973500e-01 +8.0000000e-02 +5.1356667e+00 +2.7656467e-02 +7.1002333e-02 +1.3356111e+00 +9.2329222e-03 +9.8491778e-02 +5.2850000e-02 +4.2584889e-02 +1.8311556e-02 +4.2119136e+03
9.8219200e-01 +8.0000000e-02 +4.5590667e+00 +2.2202633e-02 +6.9708000e-02 +1.0917644e+00 +6.2697000e-03 +8.6955000e-02 +3.9303111e-02 +3.6740778e-02 +1.3764222e-02 +4.1965360e+03
9.8452200e-01 +8.0000000e-02 +3.9971333e+00 +1.7336567e-02 +6.6749667e-02 +8.6366889e-01 +4.0682000e-03 +7.4933222e-02 +2.7915222e-02 +3.0336111e-02 +9.9578667e-03 +4.2188727e+03
9.8673100e-01 +8.0000000e-02 +3.4522000e+00 +1.3084067e-02 +6.2337667e-02 +6.5805778e-01 +2.4969222e-03 +6.2635111e-02 +1.8792444e-02 +2.3940333e-02 +6.8817778e-03 +4.2657198e+03
9.8882500e-01 +8.0000000e-02 +2.9259467e+00 +9.4555000e-03 +5.6670000e-02 +4.7963778e-01 +1.4288889e-03 +5.0355333e-02 +1.1860889e-02 +1.7989889e-02 +4.4938222e-03 +4.3232884e+03
9.9080900e-01 +8.0000000e-02 +2.4196167e+00 +6.4483000e-03 +4.9926000e-02 +3.3091889e-01 +7.4631000e-04 +3.8459778e-02 +6.9037000e-03 +1.2769111e-02 +2.7269889e-03 +4.3811777e+03
9.9268900e-01 +8.0000000e-02 +1.9339000e+00 +4.0492333e-03 +4.2265667e-02 +2.1236000e-01 +3.4416444e-04 +2.7369889e-02 +3.6087000e-03 +8.4265889e-03 +1.4969778e-03 +4.4355464e+03
9.9447000e-01 +8.0000000e-02 +1.4690600e+00 +2.2368333e-03 +3.3834000e-02 +1.2276222e-01 +1.3264111e-04 +1.7543889e-02 +1.6170333e-03 +5.0109889e-03 +7.0915667e-04 +4.4909933e+03
9.9615600e-01 +8.0000000e-02 +1.0249933e+00 +9.8318667e-04 +2.4763833e-02 +5.9803111e-02 +3.8699111e-05 +9.4597000e-03 +5.6663000e-04 +2.5114667e-03 +2.6427556e-04 +4.5604392e+03
9.9775300e-01 +8.0000000e-02 +6.0132333e-01 +2.5505767e-04 +1.5180633e-02 +2.0605556e-02 +7.0060000e-06 +3.5983667e-03 +1.2484000e-04 +8.8961778e-04 +6.2278111e-05 +4.6627636e+03
9.9926500e-01 +8.0000000e-02 +1.9748433e-01 +0.0000000e+00 +5.2093667e-03 +2.2302333e-03 +4.6657444e-07 +4.3215778e-04 +8.1862778e-06 +9.8964667e-05 +4.4334000e-06 +4.8058219e+03
1.0000000e+00 +8.0000000e-02 +0.0000000e+00 +0.0000000e+00 +0.0000000e+00 +0.0000000e+00 +0.0000000e+00 +0.0000000e+00 +0.0000000e+00 +0.0000000e+00 +0.0000000e+00 +4.8050556e+03
