#    y              z              <u>            <v>            <w>            <u'u'>         <v'v'>         <w'w'>         <u'v'>         <u'w'>         <v'w'>         <eps>         
#----------------------------------------------------------------------------------------------------------------------------------------------------------------------------------
0.0000000e+00 +4.0000000e-01 +0.0000000e+00 +0.0000000e+00 +0.0000000e+00 +0.0000000e+00 +0.0000000e+00 +0.0000000e+00 +0.0000000e+00 +0.0000000e+00 +0.0000000e+00 +1.7762889e+04
7.3500000e-04 +4.0000000e-01 +2.4451767e-01 +6.0582000e-05 +2.2782800e-03 +7.9896444e-03 +2.1376778e-06 +1.9372778e-03 -2.1803889e-05 -7.2786222e-05 -1.2549222e-06 +1.7764065e+04
2.2470000e-03 +4.0000000e-01 +7.4500000e-01 +2.3629767e-04 +6.7718000e-03 +7.4178000e-02 +3.1191556e-05 +1.5906444e-02 -3.4300778e-04 -6.6595222e-04 -1.7678333e-05 +1.7241870e+04
3.8440000e-03 +4.0000000e-01 +1.2704033e+00 +5.4378000e-04 +1.1273033e-02 +2.1601111e-01 +1.6769556e-04 +4.1385667e-02 -1.6042778e-03 -1.9075222e-03 -7.3869333e-05 +1.6858037e+04
5.5300000e-03 +4.0000000e-01 +1.8210267e+00 +9.9619667e-04 +1.5755833e-02 +4.4432333e-01 +5.5836556e-04 +7.6124778e-02 -4.7068889e-03 -3.8519111e-03 -1.9327000e-04 +1.6569102e+04
7.3110000e-03 +4.0000000e-01 +2.3965867e+00 +1.6067033e-03 +2.0194333e-02 +7.6878778e-01 +1.4043111e-03 +1.1803778e-01 -1.0761911e-02 -6.5422222e-03 -3.9452778e-04 +1.6290601e+04
9.1910000e-03 +4.0000000e-01 +2.9959767e+00 +2.3884300e-03 +2.4561700e-02 +1.1954444e+00 +2.9458556e-03 +1.6524889e-01 -2.1004222e-02 -1.0012267e-02 -6.9021889e-04 +1.5963864e+04
1.1175000e-02 +4.0000000e-01 +3.6171000e+00 +3.3543000e-03 +2.8829933e-02 +1.7239222e+00 +5.4477111e-03 +2.1616333e-01 -3.6647667e-02 -1.4290778e-02 -1.0862333e-03 +1.5569590e+04
1.3269000e-02 +4.0000000e-01 +4.2567000e+00 +4.5168333e-03 +3.2970133e-02 +2.3452444e+00 +9.1856333e-03 +2.6953000e-01 -5.8706667e-02 -1.9399333e-02 -1.5817889e-03 +1.5131598e+04
1.5478000e-02 +4.0000000e-01 +4.9105000e+00 +5.8878667e-03 +3.6953667e-02 +3.0408778e+00 +1.4435778e-02 +3.2446222e-01 -8.7823111e-02 -2.5335778e-02 -2.1700667e-03 +1.4704366e+04
1.7808000e-02 +4.0000000e-01 +5.5732333e+00 +7.4782000e-03 +4.0753333e-02 +3.7837222e+00 +2.1467000e-02 +3.8040111e-01 -1.2414111e-01 -3.2039000e-02 -2.8393556e-03 +1.4350721e+04
2.0265000e-02 +4.0000000e-01 +6.2388667e+00 +9.2972333e-03 +4.4346000e-02 +4.5408222e+00 +3.0535111e-02 +4.3703222e-01 -1.6725778e-01 -3.9347778e-02 -3.5748889e-03 +1.4117726e+04
2.2855000e-02 +4.0000000e-01 +6.9012000e+00 +1.1352733e-02 +4.7714667e-02 +5.2772222e+00 +4.1879333e-02 +4.9417111e-01 -2.1626111e-01 -4.6970222e-02 -4.3609889e-03 +1.4021682e+04
2.5585000e-02 +4.0000000e-01 +7.5539667e+00 +1.3650433e-02 +5.0849667e-02 +5.9600556e+00 +5.5718222e-02 +5.5165111e-01 -2.6984000e-01 -5.4484778e-02 -5.1832222e-03 +1.4045405e+04
2.8461000e-02 +4.0000000e-01 +8.1915000e+00 +1.6193900e-02 +5.3747333e-02 +6.5619111e+00 +7.2243778e-02 +6.0924000e-01 -3.2643444e-01 -6.1380778e-02 -6.0298333e-03 +1.4147673e+04
3.1490000e-02 +4.0000000e-01 +8.8088000e+00 +1.8984300e-02 +5.6411000e-02 +7.0630444e+00 +9.1614556e-02 +6.6658222e-01 -3.8440111e-01 -6.7137556e-02 -6.8914222e-03 +1.4276332e+04
3.4680000e-02 +4.0000000e-01 +9.4018333e+00 +2.2020333e-02 +5.8846000e-02 +7.4520889e+00 +1.1394333e-01 +7.2319667e-01 -4.4216333e-01 -7.1318222e-02 -7.7587111e-03 +1.4382143e+04
3.8037000e-02 +4.0000000e-01 +9.9676333e+00 +2.5297600e-02 +6.1055667e-02 +7.7256667e+00 +1.3928333e-01 +7.7851556e-01 -4.9832111e-01 -7.3646333e-02 -8.6190889e-03 +1.4427365e+04
4.1569000e-02 +4.0000000e-01 +1.0504233e+01 +2.8807100e-02 +6.3038333e-02 +7.8870556e+00 +1.6761556e-01 +8.3194111e-01 -5.5172000e-01 -7.4036222e-02 -9.4529111e-03 +1.4388559e+04
4.5284000e-02 +4.0000000e-01 +1.1010633e+01 +3.2533300e-02 +6.4783667e-02 +7.9445444e+00 +1.9883222e-01 +8.8291111e-01 -6.0147778e-01 -7.2573556e-02 -1.0231244e-02 +1.4256520e+04
4.9189000e-02 +4.0000000e-01 +1.1486633e+01 +3.6452000e-02 +6.6268000e-02 +7.9096667e+00 +2.3273556e-01 +9.3092889e-01 -6.4698000e-01 -6.9456111e-02 -1.0920044e-02 +1.4032131e+04
5.3293000e-02 +4.0000000e-01 +1.1932667e+01 +4.0529667e-02 +6.7451000e-02 +7.7957889e+00 +2.6903333e-01 +9.7558778e-01 -6.8784778e-01 -6.4903333e-02 -1.1491667e-02 +1.3722846e+04
5.7604000e-02 +4.0000000e-01 +1.2349567e+01 +4.4720667e-02 +6.8265333e-02 +7.6168333e+00 +3.0733889e-01 +1.0165911e+00 -7.2389889e-01 -5.9064444e-02 -1.1933889e-02 +1.3338828e+04
6.2130000e-02 +4.0000000e-01 +1.2738667e+01 +4.8967000e-02 +6.8612333e-02 +7.3863667e+00 +3.4718778e-01 +1.0537722e+00 -7.5509444e-01 -5.2015667e-02 -1.2248667e-02 +1.2891315e+04
6.6879000e-02 +4.0000000e-01 +1.3101433e+01 +5.3196667e-02 +6.8362667e-02 +7.1168333e+00 +3.8805000e-01 +1.0870922e+00 -7.8150000e-01 -4.3894222e-02 -1.2446556e-02 +1.2392489e+04
7.1860000e-02 +4.0000000e-01 +1.3439567e+01 +5.7326333e-02 +6.7369333e-02 +6.8191778e+00 +4.2936000e-01 +1.1166000e+00 -8.0326222e-01 -3.5035444e-02 -1.2545222e-02 +1.1855395e+04
7.7081000e-02 +4.0000000e-01 +1.3754867e+01 +6.1270667e-02 +6.5498333e-02 +6.5029667e+00 +4.7054667e-01 +1.1423556e+00 -8.2058778e-01 -2.5956000e-02 -1.2556778e-02 +1.1291699e+04
8.2551000e-02 +4.0000000e-01 +1.4049267e+01 +6.4949000e-02 +6.2659667e-02 +6.1765889e+00 +5.1105333e-01 +1.1644222e+00 -8.3371333e-01 -1.7236889e-02 -1.2470222e-02 +1.0711434e+04
8.8278000e-02 +4.0000000e-01 +1.4324733e+01 +6.8288000e-02 +5.8817333e-02 +5.8472222e+00 +5.5034000e-01 +1.1827889e+00 -8.4287333e-01 -9.4382444e-03 -1.2254667e-02 +1.0123571e+04
9.4270000e-02 +4.0000000e-01 +1.4583267e+01 +7.1217333e-02 +5.3991333e-02 +5.5207667e+00 +5.8787444e-01 +1.1975333e+00 -8.4829889e-01 -3.0345889e-03 -1.1882222e-02 +9.5351896e+03
1.0053600e-01 +4.0000000e-01 +1.4826933e+01 +7.3661333e-02 +4.8269000e-02 +5.2019444e+00 +6.2309000e-01 +1.2087778e+00 -8.5021000e-01 +1.7114556e-03 -1.1360444e-02 +8.9523410e+03
1.0708300e-01 +4.0000000e-01 +1.5057533e+01 +7.5531333e-02 +4.1805333e-02 +4.8946333e+00 +6.5539444e-01 +1.2166444e+00 -8.4878778e-01 +4.8086222e-03 -1.0780422e-02 +8.3804328e+03
1.1392000e-01 +4.0000000e-01 +1.5276733e+01 +7.6737667e-02 +3.4802000e-02 +4.6018667e+00 +6.8422889e-01 +1.2212222e+00 -8.4413667e-01 +6.3671000e-03 -1.0337789e-02 +7.8244089e+03
1.2105300e-01 +4.0000000e-01 +1.5485933e+01 +7.7205667e-02 +2.7468333e-02 +4.3253889e+00 +7.0914889e-01 +1.2224444e+00 -8.3633444e-01 +6.4925889e-03 -1.0258678e-02 +7.2895361e+03
1.2849000e-01 +4.0000000e-01 +1.5686600e+01 +7.6886333e-02 +1.9984500e-02 +4.0658111e+00 +7.2983889e-01 +1.2200333e+00 -8.2552333e-01 +5.3645222e-03 -1.0680722e-02 +6.7804103e+03
1.3623700e-01 +4.0000000e-01 +1.5880167e+01 +7.5762000e-02 +1.2519033e-02 +3.8232000e+00 +7.4611778e-01 +1.2135667e+00 -8.1189000e-01 +3.1696222e-03 -1.1616444e-02 +6.2981331e+03
1.4430000e-01 +4.0000000e-01 +1.6067933e+01 +7.3863667e-02 +5.2515333e-03 +3.5967667e+00 +7.5793333e-01 +1.2026556e+00 -7.9566444e-01 -5.0878778e-05 -1.2956444e-02 +5.8426570e+03
1.5268500e-01 +4.0000000e-01 +1.6251000e+01 +7.1263333e-02 -1.6619800e-03 +3.3846222e+00 +7.6532222e-01 +1.1871222e+00 -7.7704444e-01 -4.1826222e-03 -1.4532111e-02 +5.4155193e+03
1.6139700e-01 +4.0000000e-01 +1.6430233e+01 +6.8039000e-02 -8.1130667e-03 +3.1849333e+00 +7.6839111e-01 +1.1670556e+00 -7.5612667e-01 -8.8783889e-03 -1.6214556e-02 +5.0175521e+03
1.7043900e-01 +4.0000000e-01 +1.6606200e+01 +6.4264667e-02 -1.3983833e-02 +2.9965778e+00 +7.6737556e-01 +1.1426778e+00 -7.3305111e-01 -1.3999444e-02 -1.7944889e-02 +4.6474127e+03
1.7981500e-01 +4.0000000e-01 +1.6779367e+01 +6.0003000e-02 -1.9121067e-02 +2.8189000e+00 +7.6270000e-01 +1.1146111e+00 -7.0807667e-01 -1.9515889e-02 -1.9722556e-02 +4.3013247e+03
1.8952800e-01 +4.0000000e-01 +1.6949900e+01 +5.5309667e-02 -2.3477200e-02 +2.6513778e+00 +7.5491556e-01 +1.0837089e+00 -6.8160444e-01 -2.5061111e-02 -2.1513667e-02 +3.9759009e+03
1.9957700e-01 +4.0000000e-01 +1.7117767e+01 +5.0245667e-02 -2.7189267e-02 +2.4932222e+00 +7.4456333e-01 +1.0505256e+00 -6.5395222e-01 -3.0178667e-02 -2.3211889e-02 +3.6711948e+03
2.0996400e-01 +4.0000000e-01 +1.7282800e+01 +4.4890000e-02 -3.0423233e-02 +2.3444111e+00 +7.3211889e-01 +1.0152867e+00 -6.2521444e-01 -3.5174889e-02 -2.4681111e-02 +3.3873791e+03
2.2068800e-01 +4.0000000e-01 +1.7444767e+01 +3.9330000e-02 -3.3121100e-02 +2.2044667e+00 +7.1802889e-01 +9.7826222e-01 -5.9536222e-01 -4.1179333e-02 -2.5849444e-02 +3.1240835e+03
2.3174700e-01 +4.0000000e-01 +1.7603433e+01 +3.3646000e-02 -3.5042667e-02 +2.0718222e+00 +7.0272889e-01 +9.4005444e-01 -5.6440000e-01 -4.8521778e-02 -2.6860667e-02 +2.8818490e+03
2.4313600e-01 +4.0000000e-01 +1.7758467e+01 +2.7950567e-02 -3.6123333e-02 +1.9461556e+00 +6.8663667e-01 +9.0119667e-01 -5.3253778e-01 -5.6534889e-02 -2.8015778e-02 +2.6610605e+03
2.5485200e-01 +4.0000000e-01 +1.7909400e+01 +2.2376200e-02 -3.6511000e-02 +1.8281444e+00 +6.7014667e-01 +8.6213444e-01 -5.0007000e-01 -6.5097333e-02 -2.9423111e-02 +2.4591537e+03
2.6688900e-01 +4.0000000e-01 +1.8055700e+01 +1.7009967e-02 -3.6405333e-02 +1.7185111e+00 +6.5366000e-01 +8.2364333e-01 -4.6724111e-01 -7.4198667e-02 -3.0890778e-02 +2.2712131e+03
2.7923700e-01 +4.0000000e-01 +1.8196500e+01 +1.1914867e-02 -3.5930333e-02 +1.6170556e+00 +6.3760667e-01 +7.8621667e-01 -4.3425889e-01 -8.3672222e-02 -3.2037889e-02 +2.0976756e+03
2.9189000e-01 +4.0000000e-01 +1.8331167e+01 +7.1483667e-03 -3.5041000e-02 +1.5227556e+00 +6.2236667e-01 +7.5012667e-01 -4.0135444e-01 -9.3536111e-02 -3.2671222e-02 +1.9422094e+03
3.0483500e-01 +4.0000000e-01 +1.8459233e+01 +2.7855200e-03 -3.3635333e-02 +1.4350222e+00 +6.0821000e-01 +7.1606000e-01 -3.6878000e-01 -1.0392167e-01 -3.2947889e-02 +1.8038882e+03
3.1806100e-01 +4.0000000e-01 +1.8580233e+01 -1.0589533e-03 -3.1578733e-02 +1.3543444e+00 +5.9527889e-01 +6.8443889e-01 -3.3670222e-01 -1.1466778e-01 -3.3058667e-02 +1.6799805e+03
3.3155400e-01 +4.0000000e-01 +1.8693500e+01 -4.2846333e-03 -2.8813133e-02 +1.2812444e+00 +5.8359000e-01 +6.5511111e-01 -3.0516778e-01 -1.2499111e-01 -3.3100444e-02 +1.5692842e+03
3.4530000e-01 +4.0000000e-01 +1.8798433e+01 -6.8500333e-03 -2.5433233e-02 +1.2150556e+00 +5.7310556e-01 +6.2798667e-01 -2.7423222e-01 -1.3441444e-01 -3.3091111e-02 +1.4720074e+03
3.5928100e-01 +4.0000000e-01 +1.8894533e+01 -8.7491333e-03 -2.1730933e-02 +1.1550444e+00 +5.6379222e-01 +6.0282111e-01 -2.4403667e-01 -1.4278556e-01 -3.2858333e-02 +1.3883596e+03
3.7348100e-01 +4.0000000e-01 +1.8981233e+01 -1.0003867e-02 -1.7912433e-02 +1.1011267e+00 +5.5562444e-01 +5.7962556e-01 -2.1462333e-01 -1.5043000e-01 -3.2074667e-02 +1.3171459e+03
3.8788000e-01 +4.0000000e-01 +1.9058267e+01 -1.0591000e-02 -1.3941833e-02 +1.0540178e+00 +5.4857667e-01 +5.5870667e-01 -1.8604556e-01 -1.5758556e-01 -3.0551556e-02 +1.2577666e+03
4.0245700e-01 +4.0000000e-01 +1.9125633e+01 -1.0472567e-02 -9.8644667e-03 +1.0142956e+00 +5.4258333e-01 +5.4053000e-01 -1.5846889e-01 -1.6423778e-01 -2.8261111e-02 +1.2090637e+03
4.1719100e-01 +4.0000000e-01 +1.9183333e+01 -9.7035333e-03 -5.9053333e-03 +9.8196556e-01 +5.3755444e-01 +5.2557889e-01 -1.3201667e-01 -1.7039222e-01 -2.5241889e-02 +1.1687515e+03
4.3206000e-01 +4.0000000e-01 +1.9231167e+01 -8.3918333e-03 -2.3019467e-03 +9.5678778e-01 +5.3348222e-01 +5.1377444e-01 -1.0662778e-01 -1.7616556e-01 -2.1538889e-02 +1.1363306e+03
4.4704100e-01 +4.0000000e-01 +1.9268933e+01 -6.6509000e-03 +7.7760333e-04 +9.3773333e-01 +5.3040333e-01 +5.0500222e-01 -8.2018111e-02 -1.8152111e-01 -1.7279556e-02 +1.1116973e+03
4.6210900e-01 +4.0000000e-01 +1.9296967e+01 -4.5865000e-03 +3.2114967e-03 +9.2390556e-01 +5.2823667e-01 +4.9903222e-01 -5.8000000e-02 -1.8605333e-01 -1.2634778e-02 +1.0945258e+03
4.7724000e-01 +4.0000000e-01 +1.9315533e+01 -2.3243733e-03 +4.8835667e-03 +9.1493333e-01 +5.2683333e-01 +4.9530000e-01 -3.4535778e-02 -1.8923222e-01 -7.7229778e-03 +1.0841269e+03
4.9240900e-01 +4.0000000e-01 +1.9324833e+01 +0.0000000e+00 +5.6992000e-03 +9.1050444e-01 +5.2612778e-01 +4.9348222e-01 -1.1472000e-02 -1.9080000e-01 -2.6061111e-03 +1.0792255e+03
5.0759100e-01 +4.0000000e-01 +1.9324833e+01 +2.3243733e-03 +5.6992000e-03 +9.1050444e-01 +5.2612778e-01 +4.9348222e-01 +1.1472000e-02 -1.9080000e-01 +2.6061111e-03 +1.0792255e+03
5.2276000e-01 +4.0000000e-01 +1.9315533e+01 +4.5865000e-03 +4.8835667e-03 +9.1493333e-01 +5.2683333e-01 +4.9530000e-01 +3.4535778e-02 -1.8923222e-01 +7.7229778e-03 +1.0841269e+03
5.3789100e-01 +4.0000000e-01 +1.9296967e+01 +6.6509000e-03 +3.2114967e-03 +9.2390556e-01 +5.2823667e-01 +4.9903222e-01 +5.8000000e-02 -1.8605333e-01 +1.2634778e-02 +1.0945258e+03
5.5295900e-01 +4.0000000e-01 +1.9268933e+01 +8.3918333e-03 +7.7760333e-04 +9.3773333e-01 +5.3040333e-01 +5.0500222e-01 +8.2018111e-02 -1.8152111e-01 +1.7279556e-02 +1.1116973e+03
5.6794000e-01 +4.0000000e-01 +1.9231167e+01 +9.7035333e-03 -2.3019467e-03 +9.5678778e-01 +5.3348222e-01 +5.1377444e-01 +1.0662778e-01 -1.7616556e-01 +2.1538889e-02 +1.1363306e+03
5.8280900e-01 +4.0000000e-01 +1.9183333e+01 +1.0472567e-02 -5.9053333e-03 +9.8196556e-01 +5.3755444e-01 +5.2557889e-01 +1.3201667e-01 -1.7039222e-01 +2.5241889e-02 +1.1687515e+03
5.9754300e-01 +4.0000000e-01 +1.9125633e+01 +1.0591000e-02 -9.8644667e-03 +1.0142956e+00 +5.4258333e-01 +5.4053000e-01 +1.5846889e-01 -1.6423778e-01 +2.8261111e-02 +1.2090637e+03
6.1212000e-01 +4.0000000e-01 +1.9058267e+01 +1.0003867e-02 -1.3941833e-02 +1.0540178e+00 +5.4857667e-01 +5.5870667e-01 +1.8604556e-01 -1.5758556e-01 +3.0551556e-02 +1.2577666e+03
6.2651900e-01 +4.0000000e-01 +1.8981233e+01 +8.7491333e-03 -1.7912433e-02 +1.1011267e+00 +5.5562444e-01 +5.7962556e-01 +2.1462333e-01 -1.5043000e-01 +3.2074667e-02 +1.3171459e+03
6.4071900e-01 +4.0000000e-01 +1.8894533e+01 +6.8500333e-03 -2.1730933e-02 +1.1550444e+00 +5.6379222e-01 +6.0282111e-01 +2.4403667e-01 -1.4278556e-01 +3.2858333e-02 +1.3883596e+03
6.5470000e-01 +4.0000000e-01 +1.8798433e+01 +4.2846333e-03 -2.5433233e-02 +1.2150556e+00 +5.7310556e-01 +6.2798667e-01 +2.7423222e-01 -1.3441444e-01 +3.3091111e-02 +1.4720074e+03
6.6844600e-01 +4.0000000e-01 +1.8693500e+01 +1.0589533e-03 -2.8813133e-02 +1.2812444e+00 +5.8359000e-01 +6.5511111e-01 +3.0516778e-01 -1.2499111e-01 +3.3100444e-02 +1.5692842e+03
6.8193900e-01 +4.0000000e-01 +1.8580233e+01 -2.7855200e-03 -3.1578733e-02 +1.3543444e+00 +5.9527889e-01 +6.8443889e-01 +3.3670222e-01 -1.1466778e-01 +3.3058667e-02 +1.6799805e+03
6.9516500e-01 +4.0000000e-01 +1.8459233e+01 -7.1483667e-03 -3.3635333e-02 +1.4350222e+00 +6.0821000e-01 +7.1606000e-01 +3.6878000e-01 -1.0392167e-01 +3.2947889e-02 +1.8038882e+03
7.0811000e-01 +4.0000000e-01 +1.8331167e+01 -1.1914867e-02 -3.5041000e-02 +1.5227556e+00 +6.2236667e-01 +7.5012667e-01 +4.0135444e-01 -9.3536111e-02 +3.2671222e-02 +1.9422094e+03
7.2076300e-01 +4.0000000e-01 +1.8196500e+01 -1.7009967e-02 -3.5930333e-02 +1.6170556e+00 +6.3760667e-01 +7.8621667e-01 +4.3425889e-01 -8.3672222e-02 +3.2037889e-02 +2.0976756e+03
7.3311100e-01 +4.0000000e-01 +1.8055700e+01 -2.2376200e-02 -3.6405333e-02 +1.7185111e+00 +6.5366000e-01 +8.2364333e-01 +4.6724111e-01 -7.4198667e-02 +3.0890778e-02 +2.2712131e+03
7.4514800e-01 +4.0000000e-01 +1.7909400e+01 -2.7950567e-02 -3.6511000e-02 +1.8281444e+00 +6.7014667e-01 +8.6213444e-01 +5.0007000e-01 -6.5097333e-02 +2.9423111e-02 +2.4591537e+03
7.5686400e-01 +4.0000000e-01 +1.7758467e+01 -3.3646000e-02 -3.6123333e-02 +1.9461556e+00 +6.8663667e-01 +9.0119667e-01 +5.3253778e-01 -5.6534889e-02 +2.8015778e-02 +2.6610605e+03
7.6825300e-01 +4.0000000e-01 +1.7603433e+01 -3.9330000e-02 -3.5042667e-02 +2.0718222e+00 +7.0272889e-01 +9.4005444e-01 +5.6440000e-01 -4.8521778e-02 +2.6860667e-02 +2.8818490e+03
7.7931200e-01 +4.0000000e-01 +1.7444767e+01 -4.4890000e-02 -3.3121100e-02 +2.2044667e+00 +7.1802889e-01 +9.7826222e-01 +5.9536222e-01 -4.1179333e-02 +2.5849444e-02 +3.1240835e+03
7.9003600e-01 +4.0000000e-01 +1.7282800e+01 -5.0245667e-02 -3.0423233e-02 +2.3444111e+00 +7.3211889e-01 +1.0152867e+00 +6.2521444e-01 -3.5174889e-02 +2.4681111e-02 +3.3873791e+03
8.0042300e-01 +4.0000000e-01 +1.7117767e+01 -5.5309667e-02 -2.7189267e-02 +2.4932222e+00 +7.4456333e-01 +1.0505256e+00 +6.5395222e-01 -3.0178667e-02 +2.3211889e-02 +3.6711948e+03
8.1047200e-01 +4.0000000e-01 +1.6949900e+01 -6.0003000e-02 -2.3477200e-02 +2.6513778e+00 +7.5491556e-01 +1.0837089e+00 +6.8160444e-01 -2.5061111e-02 +2.1513667e-02 +3.9759009e+03
8.2018500e-01 +4.0000000e-01 +1.6779367e+01 -6.4264667e-02 -1.9121067e-02 +2.8189000e+00 +7.6270000e-01 +1.1146111e+00 +7.0807667e-01 -1.9515889e-02 +1.9722556e-02 +4.3013247e+03
8.2956100e-01 +4.0000000e-01 +1.6606200e+01 -6.8039000e-02 -1.3983833e-02 +2.9965778e+00 +7.6737556e-01 +1.1426778e+00 +7.3305111e-01 -1.3999444e-02 +1.7944889e-02 +4.6474127e+03
8.3860300e-01 +4.0000000e-01 +1.6430233e+01 -7.1263333e-02 -8.1130667e-03 +3.1849333e+00 +7.6839111e-01 +1.1670556e+00 +7.5612667e-01 -8.8783889e-03 +1.6214556e-02 +5.0175521e+03
8.4731500e-01 +4.0000000e-01 +1.6251000e+01 -7.3863667e-02 -1.6619800e-03 +3.3846222e+00 +7.6532222e-01 +1.1871222e+00 +7.7704444e-01 -4.1826222e-03 +1.4532111e-02 +5.4155193e+03
8.5570000e-01 +4.0000000e-01 +1.6067933e+01 -7.5762000e-02 +5.2515333e-03 +3.5967667e+00 +7.5793333e-01 +1.2026556e+00 +7.9566444e-01 -5.0878778e-05 +1.2956444e-02 +5.8426570e+03
8.6376300e-01 +4.0000000e-01 +1.5880167e+01 -7.6886333e-02 +1.2519033e-02 +3.8232000e+00 +7.4611778e-01 +1.2135667e+00 +8.1189000e-01 +3.1696222e-03 +1.1616444e-02 +6.2981331e+03
8.7151000e-01 +4.0000000e-01 +1.5686600e+01 -7.7205667e-02 +1.9984500e-02 +4.0658111e+00 +7.2983889e-01 +1.2200333e+00 +8.2552333e-01 +5.3645222e-03 +1.0680722e-02 +6.7804103e+03
8.7894700e-01 +4.0000000e-01 +1.5485933e+01 -7.6737667e-02 +2.7468333e-02 +4.3253889e+00 +7.0914889e-01 +1.2224444e+00 +8.3633444e-01 +6.4925889e-03 +1.0258678e-02 +7.2895361e+03
8.8608000e-01 +4.0000000e-01 +1.5276733e+01 -7.5531333e-02 +3.4802000e-02 +4.6018667e+00 +6.8422889e-01 +1.2212222e+00 +8.4413667e-01 +6.3671000e-03 +1.0337789e-02 +7.8244089e+03
8.9291700e-01 +4.0000000e-01 +1.5057533e+01 -7.3661333e-02 +4.1805333e-02 +4.8946333e+00 +6.5539444e-01 +1.2166444e+00 +8.4878778e-01 +4.8086222e-03 +1.0780422e-02 +8.3804328e+03
8.9946400e-01 +4.0000000e-01 +1.4826933e+01 -7.1217333e-02 +4.8269000e-02 +5.2019444e+00 +6.2309000e-01 +1.2087778e+00 +8.5021000e-01 +1.7114556e-03 +1.1360444e-02 +8.9523410e+03
9.0573000e-01 +4.0000000e-01 +1.4583267e+01 -6.8288000e-02 +5.3991333e-02 +5.5207667e+00 +5.8787444e-01 +1.1975333e+00 +8.4829889e-01 -3.0345889e-03 +1.1882222e-02 +9.5351896e+03
9.1172200e-01 +4.0000000e-01 +1.4324733e+01 -6.4949000e-02 +5.8817333e-02 +5.8472222e+00 +5.5034000e-01 +1.1827889e+00 +8.4287333e-01 -9.4382444e-03 +1.2254667e-02 +1.0123571e+04
9.1744900e-01 +4.0000000e-01 +1.4049267e+01 -6.1270667e-02 +6.2659667e-02 +6.1765889e+00 +5.1105333e-01 +1.1644222e+00 +8.3371333e-01 -1.7236889e-02 +1.2470222e-02 +1.0711434e+04
9.2291900e-01 +4.0000000e-01 +1.3754867e+01 -5.7326333e-02 +6.5498333e-02 +6.5029667e+00 +4.7054667e-01 +1.1423556e+00 +8.2058778e-01 -2.5956000e-02 +1.2556778e-02 +1.1291699e+04
9.2814000e-01 +4.0000000e-01 +1.3439567e+01 -5.3196667e-02 +6.7369333e-02 +6.8191778e+00 +4.2936000e-01 +1.1166000e+00 +8.0326222e-01 -3.5035444e-02 +1.2545222e-02 +1.1855395e+04
9.3312100e-01 +4.0000000e-01 +1.3101433e+01 -4.8967000e-02 +6.8362667e-02 +7.1168333e+00 +3.8805000e-01 +1.0870922e+00 +7.8150000e-01 -4.3894222e-02 +1.2446556e-02 +1.2392489e+04
9.3787000e-01 +4.0000000e-01 +1.2738667e+01 -4.4720667e-02 +6.8612333e-02 +7.3863667e+00 +3.4718778e-01 +1.0537722e+00 +7.5509444e-01 -5.2015667e-02 +1.2248667e-02 +1.2891315e+04
9.4239600e-01 +4.0000000e-01 +1.2349567e+01 -4.0529667e-02 +6.8265333e-02 +7.6168333e+00 +3.0733889e-01 +1.0165911e+00 +7.2389889e-01 -5.9064444e-02 +1.1933889e-02 +1.3338828e+04
9.4670700e-01 +4.0000000e-01 +1.1932667e+01 -3.6452000e-02 +6.7451000e-02 +7.7957889e+00 +2.6903333e-01 +9.7558778e-01 +6.8784778e-01 -6.4903333e-02 +1.1491667e-02 +1.3722846e+04
9.5081100e-01 +4.0000000e-01 +1.1486633e+01 -3.2533300e-02 +6.6268000e-02 +7.9096667e+00 +2.3273556e-01 +9.3092889e-01 +6.4698000e-01 -6.9456111e-02 +1.0920044e-02 +1.4032131e+04
9.5471600e-01 +4.0000000e-01 +1.1010633e+01 -2.8807100e-02 +6.4783667e-02 +7.9445444e+00 +1.9883222e-01 +8.8291111e-01 +6.0147778e-01 -7.2573556e-02 +1.0231244e-02 +1.4256520e+04
9.5843100e-01 +4.0000000e-01 +1.0504233e+01 -2.5297600e-02 +6.3038333e-02 +7.8870556e+00 +1.6761556e-01 +8.3194111e-01 +5.5172000e-01 -7.4036222e-02 +9.4529111e-03 +1.4388559e+04
9.6196300e-01 +4.0000000e-01 +9.9676333e+00 -2.2020333e-02 +6.1055667e-02 +7.7256667e+00 +1.3928333e-01 +7.7851556e-01 +4.9832111e-01 -7.3646333e-02 +8.6190889e-03 +1.4427365e+04
9.6532000e-01 +4.0000000e-01 +9.4018333e+00 -1.8984300e-02 +5.8846000e-02 +7.4520889e+00 +1.1394333e-01 +7.2319667e-01 +4.4216333e-01 -7.1318222e-02 +7.7587111e-03 +1.4382143e+04
9.6851000e-01 +4.0000000e-01 +8.8088000e+00 -1.6193900e-02 +5.6411000e-02 +7.0630444e+00 +9.1614556e-02 +6.6658222e-01 +3.8440111e-01 -6.7137556e-02 +6.8914222e-03 +1.4276332e+04
9.7153900e-01 +4.0000000e-01 +8.1915000e+00 -1.3650433e-02 +5.3747333e-02 +6.5619111e+00 +7.2243778e-02 +6.0924000e-01 +3.2643444e-01 -6.1380778e-02 +6.0298333e-03 +1.4147673e+04
9.7441500e-01 +4.0000000e-01 +7.5539667e+00 -1.1352733e-02 +5.0849667e-02 +5.9600556e+00 +5.5718222e-02 +5.5165111e-01 +2.6984000e-01 -5.4484778e-02 +5.1832222e-03 +1.4045405e+04
9.7714500e-01 +4.0000000e-01 +6.9012000e+00 -9.2972333e-03 +4.7714667e-02 +5.2772222e+00 +4.1879333e-02 +4.9417111e-01 +2.1626111e-01 -4.6970222e-02 +4.3609889e-03 +1.4021682e+04
9.7973500e-01 +4.0000000e-01 +6.2388667e+00 -7.4782000e-03 +4.4346000e-02 +4.5408222e+00 +3.0535111e-02 +4.3703222e-01 +1.6725778e-01 -3.9347778e-02 +3.5748889e-03 +1.4117726e+04
9.8219200e-01 +4.0000000e-01 +5.5732333e+00 -5.8878667e-03 +4.0753333e-02 +3.7837222e+00 +2.1467000e-02 +3.8040111e-01 +1.2414111e-01 -3.2039000e-02 +2.8393556e-03 +1.4350721e+04
9.8452200e-01 +4.0000000e-01 +4.9105000e+00 -4.5168333e-03 +3.6953667e-02 +3.0408778e+00 +1.4435778e-02 +3.2446222e-01 +8.7823111e-02 -2.5335778e-02 +2.1700667e-03 +1.4704366e+04
9.8673100e-01 +4.0000000e-01 +4.2567000e+00 -3.3543000e-03 +3.2970133e-02 +2.3452444e+00 +9.1856333e-03 +2.6953000e-01 +5.8706667e-02 -1.9399333e-02 +1.5817889e-03 +1.5131598e+04
9.8882500e-01 +4.0000000e-01 +3.6171000e+00 -2.3884300e-03 +2.8829933e-02 +1.7239222e+00 +5.4477111e-03 +2.1616333e-01 +3.6647667e-02 -1.4290778e-02 +1.0862333e-03 +1.5569590e+04
9.9080900e-01 +4.0000000e-01 +2.9959767e+00 -1.6067033e-03 +2.4561700e-02 +1.1954444e+00 +2.9458556e-03 +1.6524889e-01 +2.1004222e-02 -1.0012267e-02 +6.9021889e-04 +1.5963864e+04
9.9268900e-01 +4.0000000e-01 +2.3965867e+00 -9.9619667e-04 +2.0194333e-02 +7.6878778e-01 +1.4043111e-03 +1.1803778e-01 +1.0761911e-02 -6.5422222e-03 +3.9452778e-04 +1.6290601e+04
9.9447000e-01 +4.0000000e-01 +1.8210267e+00 -5.4378000e-04 +1.5755833e-02 +4.4432333e-01 +5.5836556e-04 +7.6124778e-02 +4.7068889e-03 -3.8519111e-03 +1.9327000e-04 +1.6569102e+04
9.9615600e-01 +4.0000000e-01 +1.2704033e+00 -2.3629767e-04 +1.1273033e-02 +2.1601111e-01 +1.6769556e-04 +4.1385667e-02 +1.6042778e-03 -1.9075222e-03 +7.3869333e-05 +1.6858037e+04
9.9775300e-01 +4.0000000e-01 +7.4500000e-01 -6.0582000e-05 +6.7718000e-03 +7.4178000e-02 +3.1191556e-05 +1.5906444e-02 +3.4300778e-04 -6.6595222e-04 +1.7678333e-05 +1.7241870e+04
9.9926500e-01 +4.0000000e-01 +2.4451767e-01 +0.0000000e+00 +2.2782800e-03 +7.9896444e-03 +2.1376778e-06 +1.9372778e-03 +2.1803889e-05 -7.2786222e-05 +1.2549222e-06 +1.7764065e+04
1.0000000e+00 +4.0000000e-01 +0.0000000e+00 +0.0000000e+00 +0.0000000e+00 +0.0000000e+00 +0.0000000e+00 +0.0000000e+00 +0.0000000e+00 +0.0000000e+00 +0.0000000e+00 +1.7762889e+04
