#    y              z              <u>            <v>            <w>            <u'u'>         <v'v'>         <w'w'>         <u'v'>         <u'w'>         <v'w'>         <eps>         
#----------------------------------------------------------------------------------------------------------------------------------------------------------------------------------
0.0000000e+00 +1.0000000e-04 +0.0000000e+00 +0.0000000e+00 +0.0000000e+00 +0.0000000e+00 +0.0000000e+00 +0.0000000e+00 +0.0000000e+00 +0.0000000e+00 +0.0000000e+00 +2.1496222e+01
7.3500000e-04 +1.0000000e-04 +5.0189333e-04 -3.1235300e-11 -1.5617667e-11 +1.2335444e-06 +1.4277556e-10 +1.4277556e-10 +5.3774778e-11 +5.3774778e-11 -8.5527889e-12 +2.1496688e+01
2.2470000e-03 +1.0000000e-04 +1.3854900e-03 -7.9655667e-10 +6.2748333e-10 +5.8261333e-06 +1.4102111e-09 +7.1534000e-10 -2.0065111e-09 +1.2282111e-11 -3.6249333e-11 +6.0595042e+01
3.8440000e-03 +1.0000000e-04 +2.2306033e-03 +1.0452967e-08 -4.8161333e-09 +1.0621033e-05 +6.0514444e-09 +1.4694000e-09 -9.6819556e-09 +1.3384111e-10 -1.8060444e-10 +1.1157544e+02
5.5300000e-03 +1.0000000e-04 +3.0667333e-03 +7.1982000e-08 -2.7054133e-08 +1.4872889e-05 +1.7674111e-08 +2.4395000e-09 -2.5071444e-08 +5.7033111e-10 -8.0532667e-10 +1.6131487e+02
7.3110000e-03 +1.0000000e-04 +3.9066000e-03 +2.5420567e-07 -7.7240000e-08 +1.8493667e-05 +4.2142889e-08 +3.6849667e-09 -4.8071000e-08 +1.0432889e-09 -2.5213556e-09 +2.0685594e+02
9.1910000e-03 +1.0000000e-04 +4.7571333e-03 +6.6296667e-07 -1.6528400e-07 +2.1579889e-05 +8.8874111e-08 +5.2166556e-09 -7.6529333e-08 +1.2185111e-09 -6.0575222e-09 +2.4891282e+02
1.1175000e-02 +1.0000000e-04 +5.6228333e-03 +1.4406867e-06 -2.9908167e-07 +2.4305556e-05 +1.7191778e-07 +7.0109222e-09 -1.0712656e-07 +8.9310778e-10 -1.2153000e-08 +2.8990632e+02
1.3269000e-02 +1.0000000e-04 +6.5070333e-03 +2.7660767e-06 -4.8423667e-07 +2.6875000e-05 +3.1078444e-07 +9.0269111e-09 -1.3666222e-07 +3.2977778e-11 -2.1495778e-08 +3.3327104e+02
1.5478000e-02 +1.0000000e-04 +7.4122667e-03 +4.8532333e-06 -7.2420667e-07 +2.9500444e-05 +5.3105111e-07 +1.1217111e-08 -1.6341667e-07 -1.2657333e-09 -3.4686333e-08 +3.8318816e+02
1.7808000e-02 +1.0000000e-04 +8.3406333e-03 +7.9516667e-06 -1.0209700e-06 +3.2391778e-05 +8.6472444e-07 +1.3533889e-08 -1.8833333e-07 -2.8656889e-09 -5.2208111e-08 +4.4452775e+02
2.0265000e-02 +1.0000000e-04 +9.2938667e-03 +1.2349033e-05 -1.3761467e-06 +3.5754222e-05 +1.3502667e-06 +1.5933889e-08 -2.1584000e-07 -4.7244333e-09 -7.4391889e-08 +5.2293391e+02
2.2855000e-02 +1.0000000e-04 +1.0273400e-02 +1.8379633e-05 -1.7926167e-06 +3.9793444e-05 +2.0321333e-06 +1.8380222e-08 -2.5403444e-07 -7.0764000e-09 -1.0136822e-07 +6.2500583e+02
2.5585000e-02 +1.0000000e-04 +1.1280367e-02 +2.6439900e-05 -2.2762067e-06 +4.4722556e-05 +2.9596000e-06 +2.0844222e-08 -3.1386111e-07 -1.0655467e-08 -1.3300667e-07 +7.5856535e+02
2.8461000e-02 +1.0000000e-04 +1.2315633e-02 +3.7013000e-05 -2.8371367e-06 +5.0771111e-05 +4.1847889e-06 +2.3308111e-08 -4.0678333e-07 -1.6933667e-08 -1.6885000e-07 +9.3293216e+02
3.1490000e-02 +1.0000000e-04 +1.3379600e-02 +5.0700667e-05 -3.4905667e-06 +5.8191667e-05 +5.7595778e-06 +2.5772667e-08 -5.4048889e-07 -2.8315778e-08 -2.0807667e-07 +1.1592313e+03
3.4680000e-02 +1.0000000e-04 +1.4472200e-02 +6.8256333e-05 -4.2557333e-06 +6.7260556e-05 +7.7319222e-06 +2.8268000e-08 -7.1240556e-07 -4.8192667e-08 -2.4951778e-07 +1.4506665e+03
3.8037000e-02 +1.0000000e-04 +1.5592800e-02 +9.0614000e-05 -5.1531333e-06 +7.8271111e-05 +1.0142056e-05 +3.0864222e-08 -9.0153778e-07 -8.0733222e-08 -2.9180000e-07 +1.8225879e+03
4.1569000e-02 +1.0000000e-04 +1.6739900e-02 +1.1889833e-04 -6.1999667e-06 +9.1515667e-05 +1.3019889e-05 +3.3670000e-08 -1.0601600e-06 -1.3032000e-07 -3.3359667e-07 +2.2926452e+03
4.5284000e-02 +1.0000000e-04 +1.7910967e-02 +1.5440467e-04 -7.4041667e-06 +1.0725656e-04 +1.6384889e-05 +3.6811222e-08 -1.1080889e-06 -2.0062556e-07 -3.7394667e-07 +2.8805867e+03
4.9189000e-02 +1.0000000e-04 +1.9102300e-02 +1.9853667e-04 -8.7579667e-06 +1.2568889e-04 +2.0249889e-05 +4.0385000e-08 -9.3286889e-07 -2.9348333e-07 -4.1252556e-07 +3.6079729e+03
5.3293000e-02 +1.0000000e-04 +2.0308733e-02 +2.5269767e-04 -1.0232767e-05 +1.4689778e-04 +2.4627111e-05 +4.4393333e-08 -3.9883889e-07 -4.0783222e-07 -4.4965667e-07 +4.4978634e+03
5.7604000e-02 +1.0000000e-04 +2.1523433e-02 +3.1814333e-04 -1.1776933e-05 +1.7082333e-04 +2.9534222e-05 +4.8678444e-08 +6.3394556e-07 -5.3915889e-07 -4.8589889e-07 +5.5741192e+03
6.2130000e-02 +1.0000000e-04 +2.2738067e-02 +3.9580667e-04 -1.3317300e-05 +1.9723889e-04 +3.4994556e-05 +5.2913111e-08 +2.2834000e-06 -6.7978778e-07 -5.2118667e-07 +6.8606709e+03
6.6879000e-02 +1.0000000e-04 +2.3942633e-02 +4.8612000e-04 -1.4765267e-05 +2.2574556e-04 +4.1027111e-05 +5.6710889e-08 +4.6183222e-06 -8.2021556e-07 -5.5396778e-07 +8.3806033e+03
7.1860000e-02 +1.0000000e-04 +2.5125833e-02 +5.8888333e-04 -1.6026133e-05 +2.5579778e-04 +4.7627444e-05 +5.9836556e-08 +7.6391556e-06 -9.5105444e-07 -5.8117111e-07 +1.0155284e+04
7.7081000e-02 +1.0000000e-04 +2.6275433e-02 +7.0315667e-04 -1.7010200e-05 +2.8675000e-04 +5.4751556e-05 +6.2338111e-08 +1.1272222e-05 -1.0647389e-06 -5.9937333e-07 +1.2203080e+04
8.2551000e-02 +1.0000000e-04 +2.7378733e-02 +8.2726667e-04 -1.7643267e-05 +3.1792000e-04 +6.2314222e-05 +6.4457556e-08 +1.5376444e-05 -1.1563000e-06 -6.0632778e-07 +1.4538808e+04
8.8278000e-02 +1.0000000e-04 +2.8423100e-02 +9.5884667e-04 -1.7875633e-05 +3.4866333e-04 +7.0202667e-05 +6.6421556e-08 +1.9756667e-05 -1.2233444e-06 -6.0153444e-07 +1.7172671e+04
9.4270000e-02 +1.0000000e-04 +2.9396633e-02 +1.0950100e-03 -1.7688400e-05 +3.7845778e-04 +7.8292444e-05 +6.8344556e-08 +2.4183556e-05 -1.2661667e-06 -5.8564556e-07 +2.0109752e+04
1.0053600e-01 +1.0000000e-04 +3.0288733e-02 +1.2325433e-03 -1.7096100e-05 +4.0694889e-04 +8.6458111e-05 +7.0332778e-08 +2.8424333e-05 -1.2884222e-06 -5.5976444e-07 +2.3349592e+04
1.0708300e-01 +1.0000000e-04 +3.1090433e-02 +1.3681633e-03 -1.6143200e-05 +4.3397444e-04 +9.4582667e-05 +7.2605000e-08 +3.2285333e-05 -1.2968333e-06 -5.2568000e-07 +2.6884190e+04
1.1392000e-01 +1.0000000e-04 +3.1794700e-02 +1.4987133e-03 -1.4891433e-05 +4.5950333e-04 +1.0257122e-04 +7.5352333e-08 +3.5637556e-05 -1.2981111e-06 -4.8608556e-07 +3.0697822e+04
1.2105300e-01 +1.0000000e-04 +3.2396567e-02 +1.6212167e-03 -1.3402133e-05 +4.8355778e-04 +1.1035489e-04 +7.8555667e-08 +3.8401111e-05 -1.2959444e-06 -4.4298778e-07 +3.4763733e+04
1.2849000e-01 +1.0000000e-04 +3.2892933e-02 +1.7328300e-03 -1.1722567e-05 +5.0612667e-04 +1.1786889e-04 +8.2174889e-08 +4.0514556e-05 -1.2921889e-06 -3.9644111e-07 +3.9043767e+04
1.3623700e-01 +1.0000000e-04 +3.3282500e-02 +1.8307267e-03 -9.8811667e-06 +5.2713889e-04 +1.2502222e-04 +8.6323000e-08 +4.1933778e-05 -1.2886556e-06 -3.4555333e-07 +4.3487161e+04
1.4430000e-01 +1.0000000e-04 +3.3565667e-02 +1.9120000e-03 -7.8929000e-06 +5.4648667e-04 +1.3169556e-04 +9.1249444e-08 +4.2636222e-05 -1.2862222e-06 -2.9057222e-07 +4.8031812e+04
1.5268500e-01 +1.0000000e-04 +3.3744667e-02 +1.9737833e-03 -5.7806000e-06 +5.6416222e-04 +1.3777222e-04 +9.7098111e-08 +4.2627444e-05 -1.2868000e-06 -2.3437889e-07 +5.2610047e+04
1.6139700e-01 +1.0000000e-04 +3.3824667e-02 +2.0136767e-03 -3.6038667e-06 +5.8045556e-04 +1.4320889e-04 +1.0389056e-07 +4.1981444e-05 -1.2954333e-06 -1.8254222e-07 +5.7155361e+04
1.7043900e-01 +1.0000000e-04 +3.3813667e-02 +2.0303067e-03 -1.4606033e-06 +5.9600444e-04 +1.4809667e-04 +1.1158778e-07 +4.0832889e-05 -1.3133222e-06 -1.4233111e-07 +6.1610228e+04
1.7981500e-01 +1.0000000e-04 +3.3723000e-02 +2.0236467e-03 +5.3675667e-07 +6.1155667e-04 +1.5267556e-04 +1.1991333e-07 +3.9298667e-05 -1.3393778e-06 -1.1846000e-07 +6.5930750e+04
1.8952800e-01 +1.0000000e-04 +3.3567000e-02 +1.9949300e-03 +2.2984733e-06 +6.2762778e-04 +1.5725000e-04 +1.2843000e-07 +3.7486667e-05 -1.3761667e-06 -1.0891311e-07 +7.0085714e+04
1.9957700e-01 +1.0000000e-04 +3.3361667e-02 +1.9461833e-03 +3.7853667e-06 +6.4431556e-04 +1.6205667e-04 +1.3737778e-07 +3.5454111e-05 -1.4206333e-06 -1.0742000e-07 +7.4053392e+04
2.0996400e-01 +1.0000000e-04 +3.3123967e-02 +1.8796900e-03 +5.0042333e-06 +6.6148444e-04 +1.6724556e-04 +1.4668556e-07 +3.3095889e-05 -1.4638667e-06 -1.1095978e-07 +7.7825199e+04
2.2068800e-01 +1.0000000e-04 +3.2869800e-02 +1.7978000e-03 +5.9779667e-06 +6.7931111e-04 +1.7283556e-04 +1.5611333e-07 +3.0191000e-05 -1.5069222e-06 -1.1345111e-07 +8.1404730e+04
2.3174700e-01 +1.0000000e-04 +3.2613633e-02 +1.7030533e-03 +6.7154333e-06 +6.9876667e-04 +1.7874333e-04 +1.6563889e-07 +2.6744889e-05 -1.5611667e-06 -1.1600444e-07 +8.4813353e+04
2.4313600e-01 +1.0000000e-04 +3.2370700e-02 +1.5983367e-03 +7.2122000e-06 +7.2099556e-04 +1.8484111e-04 +1.7453111e-07 +2.2981444e-05 -1.6305889e-06 -1.1588333e-07 +8.8094321e+04
2.5485200e-01 +1.0000000e-04 +3.2156600e-02 +1.4859767e-03 +7.5278333e-06 +7.4595333e-04 +1.9087000e-04 +1.8435889e-07 +1.9086222e-05 -1.7131222e-06 -1.0547133e-07 +9.1289508e+04
2.6688900e-01 +1.0000000e-04 +3.1985833e-02 +1.3671000e-03 +7.7588000e-06 +7.7257444e-04 +1.9680778e-04 +1.9427333e-07 +1.5202889e-05 -1.8029778e-06 -1.0739478e-07 +9.4440735e+04
2.7923700e-01 +1.0000000e-04 +3.1869600e-02 +1.2422500e-03 +7.9505333e-06 +7.9985222e-04 +2.0284222e-04 +2.0472111e-07 +1.1286667e-05 -1.9107889e-06 -1.1278000e-07 +9.7585468e+04
2.9189000e-01 +1.0000000e-04 +3.1813267e-02 +1.1125967e-03 +8.0677333e-06 +8.2793889e-04 +2.0913333e-04 +2.1694333e-07 +7.3259444e-06 -2.0261444e-06 -1.2897333e-07 +1.0075886e+05
3.0483500e-01 +1.0000000e-04 +3.1817200e-02 +9.8055000e-04 +8.0422000e-06 +8.5885667e-04 +2.1588000e-04 +2.2807667e-07 +2.9424444e-06 -2.1286111e-06 -1.5276444e-07 +1.0399687e+05
3.1806100e-01 +1.0000000e-04 +3.1881767e-02 +8.5066667e-04 +7.7504333e-06 +8.9435778e-04 +2.2282000e-04 +2.3781556e-07 -1.7348889e-06 -2.2421778e-06 -1.5616000e-07 +1.0733100e+05
3.3155400e-01 +1.0000000e-04 +3.2007567e-02 +7.2776667e-04 +7.1904000e-06 +9.3373444e-04 +2.2975111e-04 +2.4911333e-07 -5.7299667e-06 -2.3900556e-06 -1.6726667e-07 +1.1076758e+05
3.4530000e-01 +1.0000000e-04 +3.2191567e-02 +6.1413333e-04 +6.5303000e-06 +9.7419111e-04 +2.3693444e-04 +2.5872556e-07 -8.4338111e-06 -2.5509667e-06 -1.8310556e-07 +1.1427427e+05
3.5928100e-01 +1.0000000e-04 +3.2428567e-02 +5.1099333e-04 +5.8296667e-06 +1.0118533e-03 +2.4425444e-04 +2.6749333e-07 -9.7927556e-06 -2.6878111e-06 -1.8392556e-07 +1.1779141e+05
3.7348100e-01 +1.0000000e-04 +3.2707067e-02 +4.1832000e-04 +5.1576000e-06 +1.0444200e-03 +2.5134889e-04 +2.7714889e-07 -1.0082711e-05 -2.8145444e-06 -1.7883778e-07 +1.2124161e+05
3.8788000e-01 +1.0000000e-04 +3.3007333e-02 +3.3448000e-04 +4.6102000e-06 +1.0698100e-03 +2.5811222e-04 +2.8587000e-07 -9.8244444e-06 -2.9187667e-06 -1.7341000e-07 +1.2449322e+05
4.0245700e-01 +1.0000000e-04 +3.3313900e-02 +2.6059633e-04 +4.0213000e-06 +1.0903000e-03 +2.6463000e-04 +2.9179000e-07 -9.9168222e-06 -2.9756111e-06 -1.7016111e-07 +1.2750518e+05
4.1719100e-01 +1.0000000e-04 +3.3611333e-02 +2.0020367e-04 +3.2509467e-06 +1.1101267e-03 +2.7046778e-04 +2.9750333e-07 -1.1210556e-05 -3.0410111e-06 -1.3633667e-07 +1.3025485e+05
4.3206000e-01 +1.0000000e-04 +3.3879667e-02 +1.5415533e-04 +2.4446433e-06 +1.1299111e-03 +2.7483111e-04 +3.0438889e-07 -1.1904778e-05 -3.1884667e-06 -8.4501667e-08 +1.3263968e+05
4.4704100e-01 +1.0000000e-04 +3.4099333e-02 +1.1576200e-04 +2.0208467e-06 +1.1470222e-03 +2.7796556e-04 +3.1193444e-07 -1.0065867e-05 -3.3383000e-06 -6.4317778e-08 +1.3453061e+05
4.6210900e-01 +1.0000000e-04 +3.4262333e-02 +7.7361667e-05 +2.0233700e-06 +1.1600000e-03 +2.8060778e-04 +3.1597556e-07 -6.6642889e-06 -3.4104889e-06 -5.8230333e-08 +1.3589784e+05
4.7724000e-01 +1.0000000e-04 +3.4372000e-02 +3.8208667e-05 +2.0594800e-06 +1.1666778e-03 +2.8256889e-04 +3.1619444e-07 -3.4284444e-06 -3.3925111e-06 -3.3494000e-08 +1.3676360e+05
4.9240900e-01 +1.0000000e-04 +3.4429333e-02 +0.0000000e+00 +2.0008133e-06 +1.1687556e-03 +2.8334889e-04 +3.1831000e-07 -1.0491556e-06 -3.3678333e-06 -1.6646444e-09 +1.3718441e+05
5.0759100e-01 +1.0000000e-04 +3.4429333e-02 -3.8208667e-05 +2.0008133e-06 +1.1687556e-03 +2.8334889e-04 +3.1831000e-07 +1.0491556e-06 -3.3678333e-06 +1.6646444e-09 +1.3718441e+05
5.2276000e-01 +1.0000000e-04 +3.4372000e-02 -7.7361667e-05 +2.0594800e-06 +1.1666778e-03 +2.8256889e-04 +3.1619444e-07 +3.4284444e-06 -3.3925111e-06 +3.3494000e-08 +1.3676360e+05
5.3789100e-01 +1.0000000e-04 +3.4262333e-02 -1.1576200e-04 +2.0233700e-06 +1.1600000e-03 +2.8060778e-04 +3.1597556e-07 +6.6642889e-06 -3.4104889e-06 +5.8230333e-08 +1.3589784e+05
5.5295900e-01 +1.0000000e-04 +3.4099333e-02 -1.5415533e-04 +2.0208467e-06 +1.1470222e-03 +2.7796556e-04 +3.1193444e-07 +1.0065867e-05 -3.3383000e-06 +6.4317778e-08 +1.3453061e+05
5.6794000e-01 +1.0000000e-04 +3.3879667e-02 -2.0020367e-04 +2.4446433e-06 +1.1299111e-03 +2.7483111e-04 +3.0438889e-07 +1.1904778e-05 -3.1884667e-06 +8.4501667e-08 +1.3263968e+05
5.8280900e-01 +1.0000000e-04 +3.3611333e-02 -2.6059633e-04 +3.2509467e-06 +1.1101267e-03 +2.7046778e-04 +2.9750333e-07 +1.1210556e-05 -3.0410111e-06 +1.3633667e-07 +1.3025485e+05
5.9754300e-01 +1.0000000e-04 +3.3313900e-02 -3.3448000e-04 +4.0213000e-06 +1.0903000e-03 +2.6463000e-04 +2.9179000e-07 +9.9168222e-06 -2.9756111e-06 +1.7016111e-07 +1.2750518e+05
6.1212000e-01 +1.0000000e-04 +3.3007333e-02 -4.1832000e-04 +4.6102000e-06 +1.0698100e-03 +2.5811222e-04 +2.8587000e-07 +9.8244444e-06 -2.9187667e-06 +1.7341000e-07 +1.2449322e+05
6.2651900e-01 +1.0000000e-04 +3.2707067e-02 -5.1099333e-04 +5.1576000e-06 +1.0444200e-03 +2.5134889e-04 +2.7714889e-07 +1.0082711e-05 -2.8145444e-06 +1.7883778e-07 +1.2124161e+05
6.4071900e-01 +1.0000000e-04 +3.2428567e-02 -6.1413333e-04 +5.8296667e-06 +1.0118533e-03 +2.4425444e-04 +2.6749333e-07 +9.7927556e-06 -2.6878111e-06 +1.8392556e-07 +1.1779141e+05
6.5470000e-01 +1.0000000e-04 +3.2191567e-02 -7.2776667e-04 +6.5303000e-06 +9.7419111e-04 +2.3693444e-04 +2.5872556e-07 +8.4338111e-06 -2.5509667e-06 +1.8310556e-07 +1.1427427e+05
6.6844600e-01 +1.0000000e-04 +3.2007567e-02 -8.5066667e-04 +7.1904000e-06 +9.3373444e-04 +2.2975111e-04 +2.4911333e-07 +5.7299667e-06 -2.3900556e-06 +1.6726667e-07 +1.1076758e+05
6.8193900e-01 +1.0000000e-04 +3.1881767e-02 -9.8055000e-04 +7.7504333e-06 +8.9435778e-04 +2.2282000e-04 +2.3781556e-07 +1.7348889e-06 -2.2421778e-06 +1.5616000e-07 +1.0733100e+05
6.9516500e-01 +1.0000000e-04 +3.1817200e-02 -1.1125967e-03 +8.0422000e-06 +8.5885667e-04 +2.1588000e-04 +2.2807667e-07 -2.9424444e-06 -2.1286111e-06 +1.5276444e-07 +1.0399687e+05
7.0811000e-01 +1.0000000e-04 +3.1813267e-02 -1.2422500e-03 +8.0677333e-06 +8.2793889e-04 +2.0913333e-04 +2.1694333e-07 -7.3259444e-06 -2.0261444e-06 +1.2897333e-07 +1.0075886e+05
7.2076300e-01 +1.0000000e-04 +3.1869600e-02 -1.3671000e-03 +7.9505333e-06 +7.9985222e-04 +2.0284222e-04 +2.0472111e-07 -1.1286667e-05 -1.9107889e-06 +1.1278000e-07 +9.7585468e+04
7.3311100e-01 +1.0000000e-04 +3.1985833e-02 -1.4859767e-03 +7.7588000e-06 +7.7257444e-04 +1.9680778e-04 +1.9427333e-07 -1.5202889e-05 -1.8029778e-06 +1.0739478e-07 +9.4440735e+04
7.4514800e-01 +1.0000000e-04 +3.2156600e-02 -1.5983367e-03 +7.5278333e-06 +7.4595333e-04 +1.9087000e-04 +1.8435889e-07 -1.9086222e-05 -1.7131222e-06 +1.0547133e-07 +9.1289508e+04
7.5686400e-01 +1.0000000e-04 +3.2370700e-02 -1.7030533e-03 +7.2122000e-06 +7.2099556e-04 +1.8484111e-04 +1.7453111e-07 -2.2981444e-05 -1.6305889e-06 +1.1588333e-07 +8.8094321e+04
7.6825300e-01 +1.0000000e-04 +3.2613633e-02 -1.7978000e-03 +6.7154333e-06 +6.9876667e-04 +1.7874333e-04 +1.6563889e-07 -2.6744889e-05 -1.5611667e-06 +1.1600444e-07 +8.4813353e+04
7.7931200e-01 +1.0000000e-04 +3.2869800e-02 -1.8796900e-03 +5.9779667e-06 +6.7931111e-04 +1.7283556e-04 +1.5611333e-07 -3.0191000e-05 -1.5069222e-06 +1.1345111e-07 +8.1404730e+04
7.9003600e-01 +1.0000000e-04 +3.3123967e-02 -1.9461833e-03 +5.0042333e-06 +6.6148444e-04 +1.6724556e-04 +1.4668556e-07 -3.3095889e-05 -1.4638667e-06 +1.1095978e-07 +7.7825199e+04
8.0042300e-01 +1.0000000e-04 +3.3361667e-02 -1.9949300e-03 +3.7853667e-06 +6.4431556e-04 +1.6205667e-04 +1.3737778e-07 -3.5454111e-05 -1.4206333e-06 +1.0742000e-07 +7.4053392e+04
8.1047200e-01 +1.0000000e-04 +3.3567000e-02 -2.0236467e-03 +2.2984733e-06 +6.2762778e-04 +1.5725000e-04 +1.2843000e-07 -3.7486667e-05 -1.3761667e-06 +1.0891311e-07 +7.0085714e+04
8.2018500e-01 +1.0000000e-04 +3.3723000e-02 -2.0303067e-03 +5.3675667e-07 +6.1155667e-04 +1.5267556e-04 +1.1991333e-07 -3.9298667e-05 -1.3393778e-06 +1.1846000e-07 +6.5930750e+04
8.2956100e-01 +1.0000000e-04 +3.3813667e-02 -2.0136767e-03 -1.4606033e-06 +5.9600444e-04 +1.4809667e-04 +1.1158778e-07 -4.0832889e-05 -1.3133222e-06 +1.4233111e-07 +6.1610228e+04
8.3860300e-01 +1.0000000e-04 +3.3824667e-02 -1.9737833e-03 -3.6038667e-06 +5.8045556e-04 +1.4320889e-04 +1.0389056e-07 -4.1981444e-05 -1.2954333e-06 +1.8254222e-07 +5.7155361e+04
8.4731500e-01 +1.0000000e-04 +3.3744667e-02 -1.9120000e-03 -5.7806000e-06 +5.6416222e-04 +1.3777222e-04 +9.7098111e-08 -4.2627444e-05 -1.2868000e-06 +2.3437889e-07 +5.2610047e+04
8.5570000e-01 +1.0000000e-04 +3.3565667e-02 -1.8307267e-03 -7.8929000e-06 +5.4648667e-04 +1.3169556e-04 +9.1249444e-08 -4.2636222e-05 -1.2862222e-06 +2.9057222e-07 +4.8031812e+04
8.6376300e-01 +1.0000000e-04 +3.3282500e-02 -1.7328300e-03 -9.8811667e-06 +5.2713889e-04 +1.2502222e-04 +8.6323000e-08 -4.1933778e-05 -1.2886556e-06 +3.4555333e-07 +4.3487161e+04
8.7151000e-01 +1.0000000e-04 +3.2892933e-02 -1.6212167e-03 -1.1722567e-05 +5.0612667e-04 +1.1786889e-04 +8.2174889e-08 -4.0514556e-05 -1.2921889e-06 +3.9644111e-07 +3.9043767e+04
8.7894700e-01 +1.0000000e-04 +3.2396567e-02 -1.4987133e-03 -1.3402133e-05 +4.8355778e-04 +1.1035489e-04 +7.8555667e-08 -3.8401111e-05 -1.2959444e-06 +4.4298778e-07 +3.4763733e+04
8.8608000e-01 +1.0000000e-04 +3.1794700e-02 -1.3681633e-03 -1.4891433e-05 +4.5950333e-04 +1.0257122e-04 +7.5352333e-08 -3.5637556e-05 -1.2981111e-06 +4.8608556e-07 +3.0697822e+04
8.9291700e-01 +1.0000000e-04 +3.1090433e-02 -1.2325433e-03 -1.6143200e-05 +4.3397444e-04 +9.4582667e-05 +7.2605000e-08 -3.2285333e-05 -1.2968333e-06 +5.2568000e-07 +2.6884190e+04
8.9946400e-01 +1.0000000e-04 +3.0288733e-02 -1.0950100e-03 -1.7096100e-05 +4.0694889e-04 +8.6458111e-05 +7.0332778e-08 -2.8424333e-05 -1.2884222e-06 +5.5976444e-07 +2.3349592e+04
9.0573000e-01 +1.0000000e-04 +2.9396633e-02 -9.5884667e-04 -1.7688400e-05 +3.7845778e-04 +7.8292444e-05 +6.8344556e-08 -2.4183556e-05 -1.2661667e-06 +5.8564556e-07 +2.0109752e+04
9.1172200e-01 +1.0000000e-04 +2.8423100e-02 -8.2726667e-04 -1.7875633e-05 +3.4866333e-04 +7.0202667e-05 +6.6421556e-08 -1.9756667e-05 -1.2233444e-06 +6.0153444e-07 +1.7172671e+04
9.1744900e-01 +1.0000000e-04 +2.7378733e-02 -7.0315667e-04 -1.7643267e-05 +3.1792000e-04 +6.2314222e-05 +6.4457556e-08 -1.5376444e-05 -1.1563000e-06 +6.0632778e-07 +1.4538808e+04
9.2291900e-01 +1.0000000e-04 +2.6275433e-02 -5.8888333e-04 -1.7010200e-05 +2.8675000e-04 +5.4751556e-05 +6.2338111e-08 -1.1272222e-05 -1.0647389e-06 +5.9937333e-07 +1.2203080e+04
9.2814000e-01 +1.0000000e-04 +2.5125833e-02 -4.8612000e-04 -1.6026133e-05 +2.5579778e-04 +4.7627444e-05 +5.9836556e-08 -7.6391556e-06 -9.5105444e-07 +5.8117111e-07 +1.0155284e+04
9.3312100e-01 +1.0000000e-04 +2.3942633e-02 -3.9580667e-04 -1.4765267e-05 +2.2574556e-04 +4.1027111e-05 +5.6710889e-08 -4.6183222e-06 -8.2021556e-07 +5.5396778e-07 +8.3806033e+03
9.3787000e-01 +1.0000000e-04 +2.2738067e-02 -3.1814333e-04 -1.3317300e-05 +1.9723889e-04 +3.4994556e-05 +5.2913111e-08 -2.2834000e-06 -6.7978778e-07 +5.2118667e-07 +6.8606709e+03
9.4239600e-01 +1.0000000e-04 +2.1523433e-02 -2.5269767e-04 -1.1776933e-05 +1.7082333e-04 +2.9534222e-05 +4.8678444e-08 -6.3394556e-07 -5.3915889e-07 +4.8589889e-07 +5.5741192e+03
9.4670700e-01 +1.0000000e-04 +2.0308733e-02 -1.9853667e-04 -1.0232767e-05 +1.4689778e-04 +2.4627111e-05 +4.4393333e-08 +3.9883889e-07 -4.0783222e-07 +4.4965667e-07 +4.4978634e+03
9.5081100e-01 +1.0000000e-04 +1.9102300e-02 -1.5440467e-04 -8.7579667e-06 +1.2568889e-04 +2.0249889e-05 +4.0385000e-08 +9.3286889e-07 -2.9348333e-07 +4.1252556e-07 +3.6079729e+03
9.5471600e-01 +1.0000000e-04 +1.7910967e-02 -1.1889833e-04 -7.4041667e-06 +1.0725656e-04 +1.6384889e-05 +3.6811222e-08 +1.1080889e-06 -2.0062556e-07 +3.7394667e-07 +2.8805867e+03
9.5843100e-01 +1.0000000e-04 +1.6739900e-02 -9.0614000e-05 -6.1999667e-06 +9.1515667e-05 +1.3019889e-05 +3.3670000e-08 +1.0601600e-06 -1.3032000e-07 +3.3359667e-07 +2.2926452e+03
9.6196300e-01 +1.0000000e-04 +1.5592800e-02 -6.8256333e-05 -5.1531333e-06 +7.8271111e-05 +1.0142056e-05 +3.0864222e-08 +9.0153778e-07 -8.0733222e-08 +2.9180000e-07 +1.8225879e+03
9.6532000e-01 +1.0000000e-04 +1.4472200e-02 -5.0700667e-05 -4.2557333e-06 +6.7260556e-05 +7.7319222e-06 +2.8268000e-08 +7.1240556e-07 -4.8192667e-08 +2.4951778e-07 +1.4506665e+03
9.6851000e-01 +1.0000000e-04 +1.3379600e-02 -3.7013000e-05 -3.4905667e-06 +5.8191667e-05 +5.7595778e-06 +2.5772667e-08 +5.4048889e-07 -2.8315778e-08 +2.0807667e-07 +1.1592313e+03
9.7153900e-01 +1.0000000e-04 +1.2315633e-02 -2.6439900e-05 -2.8371367e-06 +5.0771111e-05 +4.1847889e-06 +2.3308111e-08 +4.0678333e-07 -1.6933667e-08 +1.6885000e-07 +9.3293216e+02
9.7441500e-01 +1.0000000e-04 +1.1280367e-02 -1.8379633e-05 -2.2762067e-06 +4.4722556e-05 +2.9596000e-06 +2.0844222e-08 +3.1386111e-07 -1.0655467e-08 +1.3300667e-07 +7.5856534e+02
9.7714500e-01 +1.0000000e-04 +1.0273400e-02 -1.2349033e-05 -1.7926167e-06 +3.9793444e-05 +2.0321333e-06 +1.8380222e-08 +2.5403444e-07 -7.0764000e-09 +1.0136822e-07 +6.2500582e+02
9.7973500e-01 +1.0000000e-04 +9.2938667e-03 -7.9516667e-06 -1.3761467e-06 +3.5754222e-05 +1.3502667e-06 +1.5933889e-08 +2.1584000e-07 -4.7244333e-09 +7.4391889e-08 +5.2293391e+02
9.8219200e-01 +1.0000000e-04 +8.3406333e-03 -4.8532333e-06 -1.0209700e-06 +3.2391778e-05 +8.6472444e-07 +1.3533889e-08 +1.8833333e-07 -2.8656889e-09 +5.2208111e-08 +4.4452774e+02
9.8452200e-01 +1.0000000e-04 +7.4122667e-03 -2.7660767e-06 -7.2420667e-07 +2.9500444e-05 +5.3105111e-07 +1.1217111e-08 +1.6341667e-07 -1.2657333e-09 +3.4686333e-08 +3.8318816e+02
9.8673100e-01 +1.0000000e-04 +6.5070333e-03 -1.4406867e-06 -4.8423667e-07 +2.6875000e-05 +3.1078444e-07 +9.0269111e-09 +1.3666222e-07 +3.2977778e-11 +2.1495778e-08 +3.3327104e+02
9.8882500e-01 +1.0000000e-04 +5.6228333e-03 -6.6296667e-07 -2.9908167e-07 +2.4305556e-05 +1.7191778e-07 +7.0109222e-09 +1.0712656e-07 +8.9310778e-10 +1.2153000e-08 +2.8990632e+02
9.9080900e-01 +1.0000000e-04 +4.7571333e-03 -2.5420567e-07 -1.6528400e-07 +2.1579889e-05 +8.8874111e-08 +5.2166556e-09 +7.6529333e-08 +1.2185111e-09 +6.0575222e-09 +2.4891282e+02
9.9268900e-01 +1.0000000e-04 +3.9066000e-03 -7.1982000e-08 -7.7240000e-08 +1.8493667e-05 +4.2142889e-08 +3.6849667e-09 +4.8071000e-08 +1.0432889e-09 +2.5213556e-09 +2.0685594e+02
9.9447000e-01 +1.0000000e-04 +3.0667333e-03 -1.0452967e-08 -2.7054133e-08 +1.4872889e-05 +1.7674111e-08 +2.4395000e-09 +2.5071444e-08 +5.7033111e-10 +8.0532667e-10 +1.6131487e+02
9.9615600e-01 +1.0000000e-04 +2.2306033e-03 +7.9655667e-10 -4.8161333e-09 +1.0621033e-05 +6.0514444e-09 +1.4694000e-09 +9.6819556e-09 +1.3384111e-10 +1.8060444e-10 +1.1157544e+02
9.9775300e-01 +1.0000000e-04 +1.3854900e-03 +3.1235300e-11 +6.2748333e-10 +5.8261333e-06 +1.4102111e-09 +7.1534000e-10 +2.0065111e-09 +1.2282111e-11 +3.6249333e-11 +6.0595042e+01
9.9926500e-01 +1.0000000e-04 +5.0189333e-04 +0.0000000e+00 -1.5617667e-11 +1.2335444e-06 +1.4277556e-10 +1.4277556e-10 -5.3774778e-11 +5.3774778e-11 +8.5527889e-12 +2.1496688e+01
1.0000000e+00 +1.0000000e-04 +0.0000000e+00 +0.0000000e+00 +0.0000000e+00 +0.0000000e+00 +0.0000000e+00 +0.0000000e+00 +0.0000000e+00 +0.0000000e+00 +0.0000000e+00 +2.1496222e+01
