#    y              z              <u>            <v>            <w>            <u'u'>         <v'v'>         <w'w'>         <u'v'>         <u'w'>         <v'w'>         <eps>         
#----------------------------------------------------------------------------------------------------------------------------------------------------------------------------------
0.0000000e+00 +5.0000000e-02 +0.0000000e+00 +0.0000000e+00 +0.0000000e+00 +0.0000000e+00 +0.0000000e+00 +0.0000000e+00 +0.0000000e+00 +0.0000000e+00 +0.0000000e+00 +1.9798556e+03
7.3500000e-04 +5.0000000e-02 +1.4217700e-01 -1.3304633e-04 +1.3629833e-03 +9.5476222e-04 +3.0269889e-07 +1.5521778e-04 -2.3235111e-06 -6.0822000e-06 -3.0864889e-06 +1.9802518e+03
2.2470000e-03 +5.0000000e-02 +4.3228667e-01 -5.1455333e-04 +3.9626000e-03 +8.6591000e-03 +4.6033444e-06 +1.2904889e-03 -3.6101222e-05 -4.8700556e-05 -4.3565000e-05 +1.8954107e+03
3.8440000e-03 +5.0000000e-02 +7.3587667e-01 -1.1735600e-03 +6.4285000e-03 +2.4774444e-02 +2.5730889e-05 +3.3904000e-03 -1.6506000e-04 -1.1956333e-04 -1.8491111e-04 +1.8434629e+03
5.5300000e-03 +5.0000000e-02 +1.0533233e+00 -2.1285667e-03 +8.7054667e-03 +5.0273778e-02 +8.9295000e-05 +6.2896000e-03 -4.7284444e-04 -1.9394778e-04 -4.9527556e-04 +1.8237506e+03
7.3110000e-03 +5.0000000e-02 +1.3849500e+00 -3.3945333e-03 +1.0738633e-02 +8.6234111e-02 +2.3473333e-04 +9.8261778e-03 -1.0577478e-03 -2.3330000e-04 -1.0420078e-03 +1.8288412e+03
9.1910000e-03 +5.0000000e-02 +1.7309967e+00 -4.9820667e-03 +1.2471267e-02 +1.3372444e-01 +5.1592111e-04 +1.3845111e-02 -2.0283889e-03 -1.8923444e-04 -1.8900111e-03 +1.8540752e+03
1.1175000e-02 +5.0000000e-02 +2.0915667e+00 -6.8957667e-03 +1.3842767e-02 +1.9368222e-01 +1.0014844e-03 +1.8201444e-02 -3.4971889e-03 -1.4866111e-05 -3.0997333e-03 +1.8975938e+03
1.3269000e-02 +5.0000000e-02 +2.4666233e+00 -9.1325000e-03 +1.4786367e-02 +2.6680222e-01 +1.7746000e-03 +2.2763333e-02 -5.5715889e-03 +3.1712000e-04 -4.7246444e-03 +1.9597138e+03
1.5478000e-02 +5.0000000e-02 +2.8559633e+00 -1.1678767e-02 +1.5226333e-02 +3.5343222e-01 +2.9320000e-03 +2.7414444e-02 -8.3425444e-03 +7.9140556e-04 -6.8084444e-03 +2.0421288e+03
1.7808000e-02 +5.0000000e-02 +3.2591800e+00 -1.4507867e-02 +1.5075700e-02 +4.5351667e-01 +4.5818556e-03 +3.2056889e-02 -1.1870111e-02 +1.3254556e-03 -9.3817556e-03 +2.1471950e+03
2.0265000e-02 +5.0000000e-02 +3.6756333e+00 -1.7576867e-02 +1.4235933e-02 +5.6657333e-01 +6.8402889e-03 +3.6614556e-02 -1.6167444e-02 +1.7495222e-03 -1.2458667e-02 +2.2772815e+03
2.2855000e-02 +5.0000000e-02 +4.1045333e+00 -2.0823700e-02 +1.2598900e-02 +6.9172000e-01 +9.8264667e-03 +4.1036333e-02 -2.1184111e-02 +1.7985778e-03 -1.6033556e-02 +2.4341976e+03
2.5585000e-02 +5.0000000e-02 +4.5447000e+00 -2.4165133e-02 +1.0053567e-02 +8.2773222e-01 +1.3656778e-02 +4.5299333e-02 -2.6793667e-02 +1.1220889e-03 -2.0079444e-02 +2.6189301e+03
2.8461000e-02 +5.0000000e-02 +4.9948000e+00 -2.7495867e-02 +6.4963000e-03 +9.7313556e-01 +1.8438667e-02 +4.9410333e-02 -3.2786222e-02 -6.8705667e-04 -2.4548222e-02 +2.8313363e+03
3.1490000e-02 +5.0000000e-02 +5.4532333e+00 -3.0689767e-02 +1.8456533e-03 +1.1263000e+00 +2.4265667e-02 +5.3402667e-02 -3.8870444e-02 -4.0475556e-03 -2.9373556e-02 +3.0702095e+03
3.4680000e-02 +5.0000000e-02 +5.9180667e+00 -3.3603000e-02 -3.9417333e-03 +1.2854889e+00 +3.1214444e-02 +5.7328000e-02 -4.4685000e-02 -9.3365444e-03 -3.4476333e-02 +3.3335200e+03
3.8037000e-02 +5.0000000e-02 +6.3871333e+00 -3.6078667e-02 -1.0855400e-02 +1.4489778e+00 +3.9344889e-02 +6.1240667e-02 -4.9820444e-02 -1.6838778e-02 -3.9769889e-02 +3.6186698e+03
4.1569000e-02 +5.0000000e-02 +6.8579333e+00 -3.7954333e-02 -1.8819200e-02 +1.6150000e+00 +4.8702667e-02 +6.5179111e-02 -5.3847667e-02 -2.6708444e-02 -4.5165778e-02 +3.9231694e+03
4.5284000e-02 +5.0000000e-02 +7.3277333e+00 -3.9067333e-02 -2.7685467e-02 +1.7818333e+00 +5.9324889e-02 +6.9147111e-02 -5.6350889e-02 -3.8948778e-02 -5.0576111e-02 +4.2449705e+03
4.9189000e-02 +5.0000000e-02 +7.7935000e+00 -3.9262667e-02 -3.7237000e-02 +1.9478000e+00 +7.1245778e-02 +7.3102667e-02 -5.6960333e-02 -5.3410222e-02 -5.5913333e-02 +4.5826871e+03
5.3293000e-02 +5.0000000e-02 +8.2520000e+00 -3.8398333e-02 -4.7197333e-02 +2.1113556e+00 +8.4501889e-02 +7.6958778e-02 -5.5383444e-02 -6.9804444e-02 -6.1087000e-02 +4.9357181e+03
5.7604000e-02 +5.0000000e-02 +8.6999000e+00 -3.6348333e-02 -5.7248333e-02 +2.2711556e+00 +9.9135444e-02 +8.0594667e-02 -5.1432333e-02 -8.7732222e-02 -6.5998444e-02 +5.3039337e+03
6.2130000e-02 +5.0000000e-02 +9.1338000e+00 -3.3005700e-02 -6.7051333e-02 +2.4262444e+00 +1.1519333e-01 +8.3875444e-02 -4.5044778e-02 -1.0672478e-01 -7.0536333e-02 +5.6876134e+03
6.6879000e-02 +5.0000000e-02 +9.5502667e+00 -2.8282000e-02 -7.6273000e-02 +2.5760778e+00 +1.3272333e-01 +8.6671111e-02 -3.6296333e-02 -1.2628889e-01 -7.4572778e-02 +6.0874603e+03
7.1860000e-02 +5.0000000e-02 +9.9461333e+00 -2.2106867e-02 -8.4605000e-02 +2.7207444e+00 +1.5176222e-01 +8.8879333e-02 -2.5398889e-02 -1.4595556e-01 -7.7964333e-02 +6.5046905e+03
7.7081000e-02 +5.0000000e-02 +1.0318467e+01 -1.4427133e-02 -9.1780667e-02 +2.8609333e+00 +1.7232667e-01 +9.0449778e-02 -1.2680111e-02 -1.6533444e-01 -8.0556556e-02 +6.9407090e+03
8.2551000e-02 +5.0000000e-02 +1.0664700e+01 -5.2084000e-03 -9.7584000e-02 +2.9979889e+00 +1.9439444e-01 +9.1403222e-02 +1.4532778e-03 -1.8417778e-01 -8.2192778e-02 +7.3972699e+03
8.8278000e-02 +5.0000000e-02 +1.0982767e+01 +5.5610333e-03 -1.0185233e-01 +3.1338000e+00 +2.1790222e-01 +9.1836000e-02 +1.6558333e-02 -2.0240333e-01 -8.2729889e-02 +7.8767194e+03
9.4270000e-02 +5.0000000e-02 +1.1271000e+01 +1.7864000e-02 -1.0447600e-01 +3.2706333e+00 +2.4274222e-01 +9.1921444e-02 +3.2200444e-02 -2.2008667e-01 -8.2059000e-02 +8.3821692e+03
1.0053600e-01 +5.0000000e-02 +1.1528333e+01 +3.1647200e-02 -1.0539933e-01 +3.4110667e+00 +2.6877444e-01 +9.1904778e-02 +4.7993778e-02 -2.3744111e-01 -8.0127889e-02 +8.9168226e+03
1.0708300e-01 +5.0000000e-02 +1.1754067e+01 +4.6812667e-02 -1.0461700e-01 +3.5577556e+00 +2.9584667e-01 +9.2068889e-02 +6.3633889e-02 -2.5474667e-01 -7.6947333e-02 +9.4828203e+03
1.1392000e-01 +5.0000000e-02 +1.1948100e+01 +6.3208667e-02 -1.0216467e-01 +3.7130444e+00 +3.2379444e-01 +9.2674667e-02 +7.8920556e-02 -2.7224889e-01 -7.2579111e-02 +1.0082779e+04
1.2105300e-01 +5.0000000e-02 +1.2110567e+01 +8.0624667e-02 -9.8107667e-02 +3.8784444e+00 +3.5244222e-01 +9.3907778e-02 +9.3760556e-02 -2.9009222e-01 -6.7129222e-02 +1.0721020e+04
1.2849000e-01 +5.0000000e-02 +1.2242033e+01 +9.8795333e-02 -9.2529667e-02 +4.0546444e+00 +3.8161667e-01 +9.5831667e-02 +1.0814300e-01 -3.0826222e-01 -6.0765889e-02 +1.1403055e+04
1.3623700e-01 +5.0000000e-02 +1.2343200e+01 +1.1741700e-01 -8.5524667e-02 +4.2419000e+00 +4.1116333e-01 +9.8395667e-02 +1.2211444e-01 -3.2656444e-01 -5.3723667e-02 +1.2132082e+04
1.4430000e-01 +5.0000000e-02 +1.2415000e+01 +1.3616433e-01 -7.7181000e-02 +4.4398889e+00 +4.4096111e-01 +1.0153644e-01 +1.3575778e-01 -3.4474778e-01 -4.6246333e-02 +1.2908510e+04
1.5268500e-01 +5.0000000e-02 +1.2458633e+01 +1.5469733e-01 -6.7581333e-02 +4.6466222e+00 +4.7087556e-01 +1.0529344e-01 +1.4908222e-01 -3.6272111e-01 -3.8560333e-02 +1.3734359e+04
1.6139700e-01 +5.0000000e-02 +1.2475433e+01 +1.7264500e-01 -5.6848000e-02 +4.8583111e+00 +5.0070889e-01 +1.0986389e-01 +1.6186444e-01 -3.8066000e-01 -3.0929667e-02 +1.4614258e+04
1.7043900e-01 +5.0000000e-02 +1.2466967e+01 +1.8957167e-01 -4.5186000e-02 +5.0717222e+00 +5.3019333e-01 +1.1544111e-01 +1.7365000e-01 -3.9893000e-01 -2.3670889e-02 +1.5550667e+04
1.7981500e-01 +5.0000000e-02 +1.2434967e+01 +2.0497533e-01 -3.2911467e-02 +5.2862556e+00 +5.5905333e-01 +1.2191778e-01 +1.8384444e-01 -4.1770444e-01 -1.7131889e-02 +1.6537347e+04
1.8952800e-01 +5.0000000e-02 +1.2381900e+01 +2.1832700e-01 -2.0416400e-02 +5.5021333e+00 +5.8705444e-01 +1.2888889e-01 +1.9187444e-01 -4.3635111e-01 -1.1560778e-02 +1.7561762e+04
1.9957700e-01 +5.0000000e-02 +1.2310733e+01 +2.2912367e-01 -8.0396667e-03 +5.7191778e+00 +6.1398222e-01 +1.3587333e-01 +1.9740778e-01 -4.5405667e-01 -6.9478000e-03 +1.8605767e+04
2.0996400e-01 +5.0000000e-02 +1.2224800e+01 +2.3687333e-01 +3.9183667e-03 +5.9392000e+00 +6.3972444e-01 +1.4263333e-01 +2.0053778e-01 -4.7084778e-01 -3.2793444e-03 +1.9636425e+04
2.2068800e-01 +5.0000000e-02 +1.2128167e+01 +2.4115100e-01 +1.5185133e-02 +6.1595667e+00 +6.6443111e-01 +1.4913333e-01 +2.0159000e-01 -4.8711333e-01 -6.5525556e-04 +2.0633738e+04
2.3174700e-01 +5.0000000e-02 +1.2025400e+01 +2.4168067e-01 +2.5575200e-02 +6.3716111e+00 +6.8845111e-01 +1.5582333e-01 +2.0016778e-01 -5.0345444e-01 +9.2297333e-04 +2.1590465e+04
2.4313600e-01 +5.0000000e-02 +1.1921267e+01 +2.3832267e-01 +3.4916000e-02 +6.5675778e+00 +7.1208444e-01 +1.6322444e-01 +1.9503889e-01 -5.2057778e-01 +1.5003444e-03 +2.2491135e+04
2.5485200e-01 +5.0000000e-02 +1.1820700e+01 +2.3117200e-01 +4.2973333e-02 +6.7433111e+00 +7.3548667e-01 +1.7087333e-01 +1.8486111e-01 -5.3724667e-01 +1.1364444e-03 +2.3320309e+04
2.6688900e-01 +5.0000000e-02 +1.1728367e+01 +2.2061300e-01 +4.9435333e-02 +6.8963000e+00 +7.5872222e-01 +1.7820778e-01 +1.6829444e-01 -5.5122444e-01 -3.5871444e-05 +2.4060540e+04
2.7923700e-01 +5.0000000e-02 +1.1647967e+01 +2.0732633e-01 +5.4133667e-02 +7.0209556e+00 +7.8170000e-01 +1.8521000e-01 +1.4485222e-01 -5.6171333e-01 -1.5936556e-03 +2.4711508e+04
2.9189000e-01 +5.0000000e-02 +1.1581033e+01 +1.9202767e-01 +5.7159333e-02 +7.1233444e+00 +8.0419556e-01 +1.9206222e-01 +1.1568444e-01 -5.7059222e-01 -3.2067444e-03 +2.5270227e+04
3.0483500e-01 +5.0000000e-02 +1.1528400e+01 +1.7535967e-01 +5.8731667e-02 +7.2202889e+00 +8.2584444e-01 +1.9863444e-01 +8.3154667e-02 -5.7989000e-01 -4.5970000e-03 +2.5730122e+04
3.1806100e-01 +5.0000000e-02 +1.1490933e+01 +1.5776567e-01 +5.8667667e-02 +7.3291333e+00 +8.4594889e-01 +2.0574111e-01 +4.8864444e-02 -5.9209444e-01 -5.6399778e-03 +2.6069638e+04
3.3155400e-01 +5.0000000e-02 +1.1468433e+01 +1.3964033e-01 +5.6786667e-02 +7.4617333e+00 +8.6425667e-01 +2.1325111e-01 +1.5688333e-02 -6.0887444e-01 -7.0395778e-03 +2.6258215e+04
3.4530000e-01 +5.0000000e-02 +1.1462167e+01 +1.2139000e-01 +5.3578333e-02 +7.6072333e+00 +8.8154333e-01 +2.2011556e-01 -1.1926444e-02 -6.2594556e-01 -8.9620333e-03 +2.6306181e+04
3.5928100e-01 +5.0000000e-02 +1.1473733e+01 +1.0350800e-01 +4.9426667e-02 +7.7328889e+00 +8.9839778e-01 +2.2616667e-01 -3.3495556e-02 -6.3759111e-01 -1.0464044e-02 +2.6286250e+04
3.7348100e-01 +5.0000000e-02 +1.1500700e+01 +8.6636000e-02 +4.4397667e-02 +7.8127111e+00 +9.1440444e-01 +2.3136333e-01 -5.1056000e-02 -6.4478444e-01 -1.1122667e-02 +2.6248552e+04
3.8788000e-01 +5.0000000e-02 +1.1538500e+01 +7.1177333e-02 +3.9435667e-02 +7.8597778e+00 +9.2894222e-01 +2.3578778e-01 -6.3253222e-02 -6.5088333e-01 -1.1055822e-02 +2.6160723e+04
4.0245700e-01 +5.0000000e-02 +1.1582100e+01 +5.7113000e-02 +3.4445333e-02 +7.8927222e+00 +9.4194222e-01 +2.4074111e-01 -6.9631667e-02 -6.5589889e-01 -1.1028333e-02 +2.6033714e+04
4.1719100e-01 +5.0000000e-02 +1.1626867e+01 +4.4579667e-02 +2.9063533e-02 +7.9204556e+00 +9.5349778e-01 +2.4512778e-01 -6.9760556e-02 -6.6017556e-01 -1.0906722e-02 +2.5902037e+04
4.3206000e-01 +5.0000000e-02 +1.1668467e+01 +3.3374667e-02 +2.4372767e-02 +7.9390778e+00 +9.6351556e-01 +2.4881333e-01 -6.3830667e-02 -6.6424889e-01 -1.0034144e-02 +2.5776020e+04
4.4704100e-01 +5.0000000e-02 +1.1703967e+01 +2.3453333e-02 +2.1082700e-02 +7.9478333e+00 +9.7182889e-01 +2.5086444e-01 -5.3943778e-02 -6.6760556e-01 -7.9206222e-03 +2.5669217e+04
4.6210900e-01 +5.0000000e-02 +1.1732400e+01 +1.4741333e-02 +1.8808067e-02 +7.9520000e+00 +9.7818556e-01 +2.5263889e-01 -4.1253333e-02 -6.6980667e-01 -5.0481444e-03 +2.5590137e+04
4.7724000e-01 +5.0000000e-02 +1.1752700e+01 +7.0165333e-03 +1.7156367e-02 +7.9693000e+00 +9.8221667e-01 +2.5477333e-01 -2.6682889e-02 -6.7276000e-01 -2.5333222e-03 +2.5504907e+04
4.9240900e-01 +5.0000000e-02 +1.1763400e+01 +0.0000000e+00 +1.5751800e-02 +7.9918000e+00 +9.8399000e-01 +2.5602778e-01 -9.5401667e-03 -6.7527333e-01 -7.6777444e-04 +2.5436218e+04
5.0759100e-01 +5.0000000e-02 +1.1763400e+01 -7.0165333e-03 +1.5751800e-02 +7.9918000e+00 +9.8399000e-01 +2.5602778e-01 +9.5401667e-03 -6.7527333e-01 +7.6777444e-04 +2.5436218e+04
5.2276000e-01 +5.0000000e-02 +1.1752700e+01 -1.4741333e-02 +1.7156367e-02 +7.9693000e+00 +9.8221667e-01 +2.5477333e-01 +2.6682889e-02 -6.7276000e-01 +2.5333222e-03 +2.5504907e+04
5.3789100e-01 +5.0000000e-02 +1.1732400e+01 -2.3453333e-02 +1.8808067e-02 +7.9520000e+00 +9.7818556e-01 +2.5263889e-01 +4.1253333e-02 -6.6980667e-01 +5.0481444e-03 +2.5590137e+04
5.5295900e-01 +5.0000000e-02 +1.1703967e+01 -3.3374667e-02 +2.1082700e-02 +7.9478333e+00 +9.7182889e-01 +2.5086444e-01 +5.3943778e-02 -6.6760556e-01 +7.9206222e-03 +2.5669217e+04
5.6794000e-01 +5.0000000e-02 +1.1668467e+01 -4.4579667e-02 +2.4372767e-02 +7.9390778e+00 +9.6351556e-01 +2.4881333e-01 +6.3830667e-02 -6.6424889e-01 +1.0034144e-02 +2.5776020e+04
5.8280900e-01 +5.0000000e-02 +1.1626867e+01 -5.7113000e-02 +2.9063533e-02 +7.9204556e+00 +9.5349778e-01 +2.4512778e-01 +6.9760556e-02 -6.6017556e-01 +1.0906722e-02 +2.5902037e+04
5.9754300e-01 +5.0000000e-02 +1.1582100e+01 -7.1177333e-02 +3.4445333e-02 +7.8927222e+00 +9.4194222e-01 +2.4074111e-01 +6.9631667e-02 -6.5589889e-01 +1.1028333e-02 +2.6033714e+04
6.1212000e-01 +5.0000000e-02 +1.1538500e+01 -8.6636000e-02 +3.9435667e-02 +7.8597778e+00 +9.2894222e-01 +2.3578778e-01 +6.3253222e-02 -6.5088333e-01 +1.1055822e-02 +2.6160723e+04
6.2651900e-01 +5.0000000e-02 +1.1500700e+01 -1.0350800e-01 +4.4397667e-02 +7.8127111e+00 +9.1440444e-01 +2.3136333e-01 +5.1056000e-02 -6.4478444e-01 +1.1122667e-02 +2.6248552e+04
6.4071900e-01 +5.0000000e-02 +1.1473733e+01 -1.2139000e-01 +4.9426667e-02 +7.7328889e+00 +8.9839778e-01 +2.2616667e-01 +3.3495556e-02 -6.3759111e-01 +1.0464044e-02 +2.6286250e+04
6.5470000e-01 +5.0000000e-02 +1.1462167e+01 -1.3964033e-01 +5.3578333e-02 +7.6072333e+00 +8.8154333e-01 +2.2011556e-01 +1.1926444e-02 -6.2594556e-01 +8.9620333e-03 +2.6306181e+04
6.6844600e-01 +5.0000000e-02 +1.1468433e+01 -1.5776567e-01 +5.6786667e-02 +7.4617333e+00 +8.6425667e-01 +2.1325111e-01 -1.5688333e-02 -6.0887444e-01 +7.0395778e-03 +2.6258215e+04
6.8193900e-01 +5.0000000e-02 +1.1490933e+01 -1.7535967e-01 +5.8667667e-02 +7.3291333e+00 +8.4594889e-01 +2.0574111e-01 -4.8864444e-02 -5.9209444e-01 +5.6399778e-03 +2.6069638e+04
6.9516500e-01 +5.0000000e-02 +1.1528400e+01 -1.9202767e-01 +5.8731667e-02 +7.2202889e+00 +8.2584444e-01 +1.9863444e-01 -8.3154667e-02 -5.7989000e-01 +4.5970000e-03 +2.5730122e+04
7.0811000e-01 +5.0000000e-02 +1.1581033e+01 -2.0732633e-01 +5.7159333e-02 +7.1233444e+00 +8.0419556e-01 +1.9206222e-01 -1.1568444e-01 -5.7059222e-01 +3.2067444e-03 +2.5270227e+04
7.2076300e-01 +5.0000000e-02 +1.1647967e+01 -2.2061300e-01 +5.4133667e-02 +7.0209556e+00 +7.8170000e-01 +1.8521000e-01 -1.4485222e-01 -5.6171333e-01 +1.5936556e-03 +2.4711508e+04
7.3311100e-01 +5.0000000e-02 +1.1728367e+01 -2.3117200e-01 +4.9435333e-02 +6.8963000e+00 +7.5872222e-01 +1.7820778e-01 -1.6829444e-01 -5.5122444e-01 +3.5871444e-05 +2.4060540e+04
7.4514800e-01 +5.0000000e-02 +1.1820700e+01 -2.3832267e-01 +4.2973333e-02 +6.7433111e+00 +7.3548667e-01 +1.7087333e-01 -1.8486111e-01 -5.3724667e-01 -1.1364444e-03 +2.3320309e+04
7.5686400e-01 +5.0000000e-02 +1.1921267e+01 -2.4168067e-01 +3.4916000e-02 +6.5675778e+00 +7.1208444e-01 +1.6322444e-01 -1.9503889e-01 -5.2057778e-01 -1.5003444e-03 +2.2491135e+04
7.6825300e-01 +5.0000000e-02 +1.2025400e+01 -2.4115100e-01 +2.5575200e-02 +6.3716111e+00 +6.8845111e-01 +1.5582333e-01 -2.0016778e-01 -5.0345444e-01 -9.2297333e-04 +2.1590465e+04
7.7931200e-01 +5.0000000e-02 +1.2128167e+01 -2.3687333e-01 +1.5185133e-02 +6.1595667e+00 +6.6443111e-01 +1.4913333e-01 -2.0159000e-01 -4.8711333e-01 +6.5525556e-04 +2.0633738e+04
7.9003600e-01 +5.0000000e-02 +1.2224800e+01 -2.2912367e-01 +3.9183667e-03 +5.9392000e+00 +6.3972444e-01 +1.4263333e-01 -2.0053778e-01 -4.7084778e-01 +3.2793444e-03 +1.9636425e+04
8.0042300e-01 +5.0000000e-02 +1.2310733e+01 -2.1832700e-01 -8.0396667e-03 +5.7191778e+00 +6.1398222e-01 +1.3587333e-01 -1.9740778e-01 -4.5405667e-01 +6.9478000e-03 +1.8605767e+04
8.1047200e-01 +5.0000000e-02 +1.2381900e+01 -2.0497533e-01 -2.0416400e-02 +5.5021333e+00 +5.8705444e-01 +1.2888889e-01 -1.9187444e-01 -4.3635111e-01 +1.1560778e-02 +1.7561762e+04
8.2018500e-01 +5.0000000e-02 +1.2434967e+01 -1.8957167e-01 -3.2911467e-02 +5.2862556e+00 +5.5905333e-01 +1.2191778e-01 -1.8384444e-01 -4.1770444e-01 +1.7131889e-02 +1.6537347e+04
8.2956100e-01 +5.0000000e-02 +1.2466967e+01 -1.7264500e-01 -4.5186000e-02 +5.0717222e+00 +5.3019333e-01 +1.1544111e-01 -1.7365000e-01 -3.9893000e-01 +2.3670889e-02 +1.5550667e+04
8.3860300e-01 +5.0000000e-02 +1.2475433e+01 -1.5469733e-01 -5.6848000e-02 +4.8583111e+00 +5.0070889e-01 +1.0986389e-01 -1.6186444e-01 -3.8066000e-01 +3.0929667e-02 +1.4614258e+04
8.4731500e-01 +5.0000000e-02 +1.2458633e+01 -1.3616433e-01 -6.7581333e-02 +4.6466222e+00 +4.7087556e-01 +1.0529344e-01 -1.4908222e-01 -3.6272111e-01 +3.8560333e-02 +1.3734359e+04
8.5570000e-01 +5.0000000e-02 +1.2415000e+01 -1.1741700e-01 -7.7181000e-02 +4.4398889e+00 +4.4096111e-01 +1.0153644e-01 -1.3575778e-01 -3.4474778e-01 +4.6246333e-02 +1.2908510e+04
8.6376300e-01 +5.0000000e-02 +1.2343200e+01 -9.8795333e-02 -8.5524667e-02 +4.2419000e+00 +4.1116333e-01 +9.8395667e-02 -1.2211444e-01 -3.2656444e-01 +5.3723667e-02 +1.2132082e+04
8.7151000e-01 +5.0000000e-02 +1.2242033e+01 -8.0624667e-02 -9.2529667e-02 +4.0546444e+00 +3.8161667e-01 +9.5831667e-02 -1.0814300e-01 -3.0826222e-01 +6.0765889e-02 +1.1403055e+04
8.7894700e-01 +5.0000000e-02 +1.2110567e+01 -6.3208667e-02 -9.8107667e-02 +3.8784444e+00 +3.5244222e-01 +9.3907778e-02 -9.3760556e-02 -2.9009222e-01 +6.7129222e-02 +1.0721020e+04
8.8608000e-01 +5.0000000e-02 +1.1948100e+01 -4.6812667e-02 -1.0216467e-01 +3.7130444e+00 +3.2379444e-01 +9.2674667e-02 -7.8920556e-02 -2.7224889e-01 +7.2579111e-02 +1.0082779e+04
8.9291700e-01 +5.0000000e-02 +1.1754067e+01 -3.1647200e-02 -1.0461700e-01 +3.5577556e+00 +2.9584667e-01 +9.2068889e-02 -6.3633889e-02 -2.5474667e-01 +7.6947333e-02 +9.4828203e+03
8.9946400e-01 +5.0000000e-02 +1.1528333e+01 -1.7864000e-02 -1.0539933e-01 +3.4110667e+00 +2.6877444e-01 +9.1904778e-02 -4.7993778e-02 -2.3744111e-01 +8.0127889e-02 +8.9168226e+03
9.0573000e-01 +5.0000000e-02 +1.1271000e+01 -5.5610333e-03 -1.0447600e-01 +3.2706333e+00 +2.4274222e-01 +9.1921444e-02 -3.2200444e-02 -2.2008667e-01 +8.2059000e-02 +8.3821691e+03
9.1172200e-01 +5.0000000e-02 +1.0982767e+01 +5.2084000e-03 -1.0185233e-01 +3.1338000e+00 +2.1790222e-01 +9.1836000e-02 -1.6558333e-02 -2.0240333e-01 +8.2729889e-02 +7.8767194e+03
9.1744900e-01 +5.0000000e-02 +1.0664700e+01 +1.4427133e-02 -9.7584000e-02 +2.9979889e+00 +1.9439444e-01 +9.1403222e-02 -1.4532778e-03 -1.8417778e-01 +8.2192778e-02 +7.3972699e+03
9.2291900e-01 +5.0000000e-02 +1.0318467e+01 +2.2106867e-02 -9.1780667e-02 +2.8609333e+00 +1.7232667e-01 +9.0449778e-02 +1.2680111e-02 -1.6533444e-01 +8.0556556e-02 +6.9407090e+03
9.2814000e-01 +5.0000000e-02 +9.9461333e+00 +2.8282000e-02 -8.4605000e-02 +2.7207444e+00 +1.5176222e-01 +8.8879333e-02 +2.5398889e-02 -1.4595556e-01 +7.7964333e-02 +6.5046905e+03
9.3312100e-01 +5.0000000e-02 +9.5502667e+00 +3.3005700e-02 -7.6273000e-02 +2.5760778e+00 +1.3272333e-01 +8.6671111e-02 +3.6296333e-02 -1.2628889e-01 +7.4572778e-02 +6.0874603e+03
9.3787000e-01 +5.0000000e-02 +9.1338000e+00 +3.6348333e-02 -6.7051333e-02 +2.4262444e+00 +1.1519333e-01 +8.3875444e-02 +4.5044778e-02 -1.0672478e-01 +7.0536333e-02 +5.6876134e+03
9.4239600e-01 +5.0000000e-02 +8.6999000e+00 +3.8398333e-02 -5.7248333e-02 +2.2711556e+00 +9.9135444e-02 +8.0594667e-02 +5.1432333e-02 -8.7732222e-02 +6.5998444e-02 +5.3039337e+03
9.4670700e-01 +5.0000000e-02 +8.2520000e+00 +3.9262667e-02 -4.7197333e-02 +2.1113556e+00 +8.4501889e-02 +7.6958778e-02 +5.5383444e-02 -6.9804444e-02 +6.1087000e-02 +4.9357181e+03
9.5081100e-01 +5.0000000e-02 +7.7935000e+00 +3.9067333e-02 -3.7237000e-02 +1.9478000e+00 +7.1245778e-02 +7.3102667e-02 +5.6960333e-02 -5.3410222e-02 +5.5913333e-02 +4.5826870e+03
9.5471600e-01 +5.0000000e-02 +7.3277333e+00 +3.7954333e-02 -2.7685467e-02 +1.7818333e+00 +5.9324889e-02 +6.9147111e-02 +5.6350889e-02 -3.8948778e-02 +5.0576111e-02 +4.2449705e+03
9.5843100e-01 +5.0000000e-02 +6.8579333e+00 +3.6078667e-02 -1.8819200e-02 +1.6150000e+00 +4.8702667e-02 +6.5179111e-02 +5.3847667e-02 -2.6708444e-02 +4.5165778e-02 +3.9231694e+03
9.6196300e-01 +5.0000000e-02 +6.3871333e+00 +3.3603000e-02 -1.0855400e-02 +1.4489778e+00 +3.9344889e-02 +6.1240667e-02 +4.9820444e-02 -1.6838778e-02 +3.9769889e-02 +3.6186698e+03
9.6532000e-01 +5.0000000e-02 +5.9180667e+00 +3.0689767e-02 -3.9417333e-03 +1.2854889e+00 +3.1214444e-02 +5.7328000e-02 +4.4685000e-02 -9.3365444e-03 +3.4476333e-02 +3.3335200e+03
9.6851000e-01 +5.0000000e-02 +5.4532333e+00 +2.7495867e-02 +1.8456533e-03 +1.1263000e+00 +2.4265667e-02 +5.3402667e-02 +3.8870444e-02 -4.0475556e-03 +2.9373556e-02 +3.0702095e+03
9.7153900e-01 +5.0000000e-02 +4.9948000e+00 +2.4165133e-02 +6.4963000e-03 +9.7313556e-01 +1.8438667e-02 +4.9410333e-02 +3.2786222e-02 -6.8705667e-04 +2.4548222e-02 +2.8313363e+03
9.7441500e-01 +5.0000000e-02 +4.5447000e+00 +2.0823700e-02 +1.0053567e-02 +8.2773222e-01 +1.3656778e-02 +4.5299333e-02 +2.6793667e-02 +1.1220889e-03 +2.0079444e-02 +2.6189301e+03
9.7714500e-01 +5.0000000e-02 +4.1045333e+00 +1.7576867e-02 +1.2598900e-02 +6.9172000e-01 +9.8264667e-03 +4.1036333e-02 +2.1184111e-02 +1.7985778e-03 +1.6033556e-02 +2.4341976e+03
9.7973500e-01 +5.0000000e-02 +3.6756333e+00 +1.4507867e-02 +1.4235933e-02 +5.6657333e-01 +6.8402889e-03 +3.6614556e-02 +1.6167444e-02 +1.7495222e-03 +1.2458667e-02 +2.2772815e+03
9.8219200e-01 +5.0000000e-02 +3.2591800e+00 +1.1678767e-02 +1.5075700e-02 +4.5351667e-01 +4.5818556e-03 +3.2056889e-02 +1.1870111e-02 +1.3254556e-03 +9.3817556e-03 +2.1471950e+03
9.8452200e-01 +5.0000000e-02 +2.8559633e+00 +9.1325000e-03 +1.5226333e-02 +3.5343222e-01 +2.9320000e-03 +2.7414444e-02 +8.3425444e-03 +7.9140556e-04 +6.8084444e-03 +2.0421288e+03
9.8673100e-01 +5.0000000e-02 +2.4666233e+00 +6.8957667e-03 +1.4786367e-02 +2.6680222e-01 +1.7746000e-03 +2.2763333e-02 +5.5715889e-03 +3.1712000e-04 +4.7246444e-03 +1.9597138e+03
9.8882500e-01 +5.0000000e-02 +2.0915667e+00 +4.9820667e-03 +1.3842767e-02 +1.9368222e-01 +1.0014844e-03 +1.8201444e-02 +3.4971889e-03 -1.4866111e-05 +3.0997333e-03 +1.8975937e+03
9.9080900e-01 +5.0000000e-02 +1.7309967e+00 +3.3945333e-03 +1.2471267e-02 +1.3372444e-01 +5.1592111e-04 +1.3845111e-02 +2.0283889e-03 -1.8923444e-04 +1.8900111e-03 +1.8540752e+03
9.9268900e-01 +5.0000000e-02 +1.3849500e+00 +2.1285667e-03 +1.0738633e-02 +8.6234111e-02 +2.3473333e-04 +9.8261778e-03 +1.0577478e-03 -2.3330000e-04 +1.0420078e-03 +1.8288412e+03
9.9447000e-01 +5.0000000e-02 +1.0533233e+00 +1.1735600e-03 +8.7054667e-03 +5.0273778e-02 +8.9295000e-05 +6.2896000e-03 +4.7284444e-04 -1.9394778e-04 +4.9527556e-04 +1.8237506e+03
9.9615600e-01 +5.0000000e-02 +7.3587667e-01 +5.1455333e-04 +6.4285000e-03 +2.4774444e-02 +2.5730889e-05 +3.3904000e-03 +1.6506000e-04 -1.1956333e-04 +1.8491111e-04 +1.8434629e+03
9.9775300e-01 +5.0000000e-02 +4.3228667e-01 +1.3304633e-04 +3.9626000e-03 +8.6591000e-03 +4.6033444e-06 +1.2904889e-03 +3.6101222e-05 -4.8700556e-05 +4.3565000e-05 +1.8954107e+03
9.9926500e-01 +5.0000000e-02 +1.4217700e-01 +0.0000000e+00 +1.3629833e-03 +9.5476222e-04 +3.0269889e-07 +1.5521778e-04 +2.3235111e-06 -6.0822000e-06 +3.0864889e-06 +1.9802518e+03
1.0000000e+00 +5.0000000e-02 +0.0000000e+00 +0.0000000e+00 +0.0000000e+00 +0.0000000e+00 +0.0000000e+00 +0.0000000e+00 +0.0000000e+00 +0.0000000e+00 +0.0000000e+00 +1.9798556e+03
