#    y              z              <u>            <v>            <w>            <u'u'>         <v'v'>         <w'w'>         <u'v'>         <u'w'>         <v'w'>         <eps>         
#----------------------------------------------------------------------------------------------------------------------------------------------------------------------------------
0.0000000e+00 +3.5000000e-01 +0.0000000e+00 +0.0000000e+00 +0.0000000e+00 +0.0000000e+00 +0.0000000e+00 +0.0000000e+00 +0.0000000e+00 +0.0000000e+00 +0.0000000e+00 +1.6143889e+04
7.3500000e-04 +3.5000000e-01 +2.3723267e-01 +9.2548333e-05 +4.6491667e-03 +7.2545556e-03 +1.9236111e-06 +1.7598444e-03 -1.9090889e-05 -6.5357000e-05 -1.3480667e-06 +1.6144995e+04
2.2470000e-03 +3.5000000e-01 +7.2273667e-01 +3.6160333e-04 +1.3813200e-02 +6.7332556e-02 +2.8097778e-05 +1.4460667e-02 -3.0103333e-04 -5.8146111e-04 -1.8693889e-05 +1.5665226e+04
3.8440000e-03 +3.5000000e-01 +1.2323600e+00 +8.3339667e-04 +2.2986400e-02 +1.9605222e-01 +1.5121778e-04 +3.7659889e-02 -1.4108889e-03 -1.6236222e-03 -7.7226333e-05 +1.5320398e+04
5.5300000e-03 +3.5000000e-01 +1.7664567e+00 +1.5289100e-03 +3.2114233e-02 +4.0332222e-01 +5.0407222e-04 +6.9357444e-02 -4.1486667e-03 -3.1976000e-03 -2.0017222e-04 +1.5074556e+04
7.3110000e-03 +3.5000000e-01 +2.3248833e+00 +2.4690633e-03 +4.1142667e-02 +6.9820000e-01 +1.2693444e-03 +1.0771111e-01 -9.5095778e-03 -5.2984000e-03 -4.0560667e-04 +1.4854039e+04
9.1910000e-03 +3.5000000e-01 +2.9068067e+00 +3.6745667e-03 +5.0015000e-02 +1.0867744e+00 +2.6663778e-03 +1.5107222e-01 -1.8615111e-02 -7.9122333e-03 -7.0582556e-04 +1.4606438e+04
1.1175000e-02 +3.5000000e-01 +3.5105000e+00 +5.1655667e-03 +5.8672000e-02 +1.5697556e+00 +4.9380222e-03 +1.9804222e-01 -3.2592778e-02 -1.1020644e-02 -1.1072589e-03 +1.4312774e+04
1.3269000e-02 +3.5000000e-01 +4.1333000e+00 +6.9609333e-03 +6.7052333e-02 +2.1404667e+00 +8.3388111e-03 +2.4752222e-01 -5.2424111e-02 -1.4603778e-02 -1.6105889e-03 +1.3989150e+04
1.5478000e-02 +3.5000000e-01 +4.7715000e+00 +9.0778667e-03 +7.5091333e-02 +2.7838667e+00 +1.3125111e-02 +2.9873222e-01 -7.8791444e-02 -1.8636111e-02 -2.2106222e-03 +1.3678356e+04
1.7808000e-02 +3.5000000e-01 +5.4205000e+00 +1.1530867e-02 +8.2723000e-02 +3.4770667e+00 +1.9547778e-02 +3.5117556e-01 -1.1195778e-01 -2.3065889e-02 -2.8957889e-03 +1.3431118e+04
2.0265000e-02 +3.5000000e-01 +6.0750333e+00 +1.4330900e-02 +8.9881667e-02 +4.1914778e+00 +2.7846778e-02 +4.0456333e-01 -1.5171111e-01 -2.7776333e-02 -3.6476111e-03 +1.3287377e+04
2.2855000e-02 +3.5000000e-01 +6.7294000e+00 +1.7484400e-02 +9.6506333e-02 +4.8958111e+00 +3.8247111e-02 +4.5871222e-01 -1.9737000e-01 -3.2538556e-02 -4.4408444e-03 +1.3262915e+04
2.5585000e-02 +3.5000000e-01 +7.3778667e+00 +2.0992133e-02 +1.0254200e-01 +5.5596556e+00 +5.0956111e-02 +5.1344000e-01 -2.4786444e-01 -3.6978556e-02 -5.2452111e-03 +1.3346755e+04
2.8461000e-02 +3.5000000e-01 +8.0149000e+00 +2.4848033e-02 +1.0794167e-01 +6.1564556e+00 +6.6158333e-02 +5.6848222e-01 -3.0185222e-01 -4.0585333e-02 -6.0289889e-03 +1.3505832e+04
3.1490000e-02 +3.5000000e-01 +8.6355333e+00 +2.9038000e-02 +1.1266567e-01 +6.6658222e+00 +8.4010000e-02 +6.2345556e-01 -3.5786222e-01 -4.2777778e-02 -6.7637222e-03 +1.3695626e+04
3.4680000e-02 +3.5000000e-01 +9.2355667e+00 +3.3538333e-02 +1.1667533e-01 +7.0744889e+00 +1.0463056e-01 +6.7786111e-01 -4.1442222e-01 -4.3018556e-02 -7.4288778e-03 +1.3870633e+04
3.8037000e-02 +3.5000000e-01 +9.8115333e+00 +3.8314667e-02 +1.1992633e-01 +7.3763333e+00 +1.2809333e-01 +7.3112556e-01 -4.7016556e-01 -4.0937333e-02 -8.0157000e-03 +1.3992561e+04
4.1569000e-02 +3.5000000e-01 +1.0361000e+01 +4.3319333e-02 +1.2236100e-01 +7.5714778e+00 +1.5441778e-01 +7.8267222e-01 -5.2389333e-01 -3.6422667e-02 -8.5291667e-03 +1.4034816e+04
4.5284000e-02 +3.5000000e-01 +1.0882300e+01 +4.8489333e-02 +1.2389967e-01 +7.6649889e+00 +1.8355333e-01 +8.3197556e-01 -5.7459667e-01 -2.9657667e-02 -8.9844333e-03 +1.3983220e+04
4.9189000e-02 +3.5000000e-01 +1.1374567e+01 +5.3746667e-02 +1.2444200e-01 +7.6655333e+00 +2.1537556e-01 +8.7859889e-01 -6.2147333e-01 -2.1096333e-02 -9.3951556e-03 +1.3833746e+04
5.3293000e-02 +3.5000000e-01 +1.1837600e+01 +5.8995667e-02 +1.2387333e-01 +7.5842222e+00 +2.4966889e-01 +9.2218556e-01 -6.6392778e-01 -1.1381444e-02 -9.7586444e-03 +1.3589481e+04
5.7604000e-02 +3.5000000e-01 +1.2271733e+01 +6.4125667e-02 +1.2208167e-01 +7.4335778e+00 +2.8612222e-01 +9.6245889e-01 -7.0157444e-01 -1.2183778e-03 -1.0053178e-02 +1.3257036e+04
6.2130000e-02 +3.5000000e-01 +1.2677700e+01 +6.9014000e-02 +1.1897167e-01 +7.2264556e+00 +3.2432889e-01 +9.9922222e-01 -7.3421111e-01 +8.7639444e-03 -1.0255067e-02 +1.2845748e+04
6.6879000e-02 +3.5000000e-01 +1.3056567e+01 +7.3529333e-02 +1.1447367e-01 +6.9752000e+00 +3.6380000e-01 +1.0323556e+00 -7.6177444e-01 +1.8112556e-02 -1.0358767e-02 +1.2368586e+04
7.1860000e-02 +3.5000000e-01 +1.3409667e+01 +7.7539000e-02 +1.0854133e-01 +6.6910222e+00 +4.0398556e-01 +1.0617644e+00 -7.8428889e-01 +2.6536889e-02 -1.0378133e-02 +1.1841111e+04
7.7081000e-02 +3.5000000e-01 +1.3738567e+01 +8.0916667e-02 +1.0115900e-01 +6.3840889e+00 +4.4429667e-01 +1.0873311e+00 -8.0184444e-01 +3.3778889e-02 -1.0332378e-02 +1.1277614e+04
8.2551000e-02 +3.5000000e-01 +1.4045100e+01 +8.3547333e-02 +9.2368000e-02 +6.0637000e+00 +4.8411222e-01 +1.1089222e+00 -8.1460111e-01 +3.9511222e-02 -1.0243244e-02 +1.0689137e+04
8.8278000e-02 +3.5000000e-01 +1.4331067e+01 +8.5335667e-02 +8.2287333e-02 +5.7381556e+00 +5.2280222e-01 +1.1264556e+00 -8.2279667e-01 +4.3416667e-02 -1.0147200e-02 +1.0084204e+04
9.4270000e-02 +3.5000000e-01 +1.4598433e+01 +8.6213000e-02 +7.1108000e-02 +5.4145556e+00 +5.5975667e-01 +1.1399556e+00 -8.2675778e-01 +4.5389222e-02 -1.0097500e-02 +9.4707616e+03
1.0053600e-01 +3.5000000e-01 +1.4849033e+01 +8.6146667e-02 +5.9073333e-02 +5.0984222e+00 +5.9440889e-01 +1.1495667e+00 -8.2684778e-01 +4.5551889e-02 -1.0155378e-02 +8.8575024e+03
1.0708300e-01 +3.5000000e-01 +1.5084700e+01 +8.5138667e-02 +4.6461333e-02 +4.7935000e+00 +6.2623778e-01 +1.1555333e+00 -8.2340889e-01 +4.4119556e-02 -1.0376022e-02 +8.2546207e+03
1.1392000e-01 +3.5000000e-01 +1.5307167e+01 +8.3210333e-02 +3.3546000e-02 +4.5017778e+00 +6.5476222e-01 +1.1580111e+00 -8.1673111e-01 +4.1351333e-02 -1.0812156e-02 +7.6719104e+03
1.2105300e-01 +3.5000000e-01 +1.5518267e+01 +8.0385000e-02 +2.0571633e-02 +4.2246444e+00 +6.7954222e-01 +1.1569444e+00 -8.0707222e-01 +3.7487333e-02 -1.1554667e-02 +7.1144446e+03
1.2849000e-01 +3.5000000e-01 +1.5719567e+01 +7.6682667e-02 +7.7591333e-03 +3.9634000e+00 +7.0024000e-01 +1.1522000e+00 -7.9461333e-01 +3.2722222e-02 -1.2739333e-02 +6.5843450e+03
1.3623700e-01 +3.5000000e-01 +1.5912467e+01 +7.2127000e-02 -4.6373000e-03 +3.7182556e+00 +7.1668333e-01 +1.1437333e+00 -7.7940889e-01 +2.7155667e-02 -1.4435556e-02 +6.0859005e+03
1.4430000e-01 +3.5000000e-01 +1.6098300e+01 +6.6764667e-02 -1.6281267e-02 +3.4885667e+00 +7.2888333e-01 +1.1317222e+00 -7.6152778e-01 +2.0733667e-02 -1.6564444e-02 +5.6232602e+03
1.5268500e-01 +3.5000000e-01 +1.6278233e+01 +6.0689333e-02 -2.6820133e-02 +3.2738556e+00 +7.3697667e-01 +1.1162556e+00 -7.4121000e-01 +1.3417667e-02 -1.8980778e-02 +5.1950314e+03
1.6139700e-01 +3.5000000e-01 +1.6453133e+01 +5.4043000e-02 -3.6007333e-02 +3.0736889e+00 +7.4117333e-01 +1.0972244e+00 -7.1876111e-01 +5.2448889e-03 -2.1575556e-02 +4.7973271e+03
1.7043900e-01 +3.5000000e-01 +1.6623567e+01 +4.6975000e-02 -4.3750667e-02 +2.8867667e+00 +7.4175444e-01 +1.0746989e+00 -6.9434111e-01 -3.8137000e-03 -2.4254111e-02 +4.4283144e+03
1.7981500e-01 +3.5000000e-01 +1.6789867e+01 +3.9606667e-02 -5.0033667e-02 +2.7113111e+00 +7.3911667e-01 +1.0490411e+00 -6.6794889e-01 -1.3989333e-02 -2.6904889e-02 +4.0881107e+03
1.8952800e-01 +3.5000000e-01 +1.6952333e+01 +3.2055333e-02 -5.4901667e-02 +2.5460556e+00 +7.3377889e-01 +1.0206511e+00 -6.3968000e-01 -2.5315556e-02 -2.9530333e-02 +3.7762121e+03
1.9957700e-01 +3.5000000e-01 +1.7111033e+01 +2.4465133e-02 -5.8526000e-02 +2.3907333e+00 +7.2634000e-01 +9.9012222e-01 -6.0987556e-01 -3.7497889e-02 -3.2216778e-02 +3.4895270e+03
2.0996400e-01 +3.5000000e-01 +1.7265867e+01 +1.7002667e-02 -6.1097000e-02 +2.2455222e+00 +7.1739333e-01 +9.5794889e-01 -5.7906778e-01 -5.0263667e-02 -3.4949111e-02 +3.2258208e+03
2.2068800e-01 +3.5000000e-01 +1.7416533e+01 +9.8333333e-03 -6.2715333e-02 +2.1106889e+00 +7.0746444e-01 +9.2443444e-01 -5.4772333e-01 -6.3597000e-02 -3.7573333e-02 +2.9849438e+03
2.3174700e-01 +3.5000000e-01 +1.7562733e+01 +3.0492200e-03 -6.3408000e-02 +1.9863222e+00 +6.9697778e-01 +8.9009889e-01 -5.1599111e-01 -7.7530778e-02 -3.9918667e-02 +2.7659778e+03
2.4313600e-01 +3.5000000e-01 +1.7704000e+01 -3.3370667e-03 -6.3168000e-02 +1.8720667e+00 +6.8630333e-01 +8.5539333e-01 -4.8383889e-01 -9.1916222e-02 -4.1914333e-02 +2.5675593e+03
2.5485200e-01 +3.5000000e-01 +1.7839733e+01 -9.2762333e-03 -6.1900000e-02 +1.7675667e+00 +6.7579889e-01 +8.2094889e-01 -4.5139889e-01 -1.0711378e-01 -4.3509333e-02 +2.3883203e+03
2.6688900e-01 +3.5000000e-01 +1.7969167e+01 -1.4616800e-02 -5.9508000e-02 +1.6724111e+00 +6.6580556e-01 +7.8787667e-01 -4.1893778e-01 -1.2341444e-01 -4.4768111e-02 +2.2277756e+03
2.7923700e-01 +3.5000000e-01 +1.8091733e+01 -1.9173367e-02 -5.6180667e-02 +1.5857667e+00 +6.5660111e-01 +7.5683778e-01 -3.8661556e-01 -1.4011556e-01 -4.5813000e-02 +2.0859247e+03
2.9189000e-01 +3.5000000e-01 +1.8207033e+01 -2.2835967e-02 -5.2261333e-02 +1.5076111e+00 +6.4833444e-01 +7.2766667e-01 -3.5456778e-01 -1.5654556e-01 -4.6520889e-02 +1.9617632e+03
3.0483500e-01 +3.5000000e-01 +1.8314867e+01 -2.5584433e-02 -4.7831333e-02 +1.4382889e+00 +6.4102556e-01 +7.0019778e-01 -3.2293667e-01 -1.7295667e-01 -4.6668222e-02 +1.8539728e+03
3.1806100e-01 +3.5000000e-01 +1.8415100e+01 -2.7456467e-02 -4.2780333e-02 +1.3784333e+00 +6.3464667e-01 +6.7477333e-01 -2.9197889e-01 -1.8949444e-01 -4.6248333e-02 +1.7605933e+03
3.3155400e-01 +3.5000000e-01 +1.8507333e+01 -2.8493333e-02 -3.7044667e-02 +1.3281667e+00 +6.2926444e-01 +6.5152333e-01 -2.6211000e-01 -2.0544778e-01 -4.5231444e-02 +1.6800716e+03
3.4530000e-01 +3.5000000e-01 +1.8591167e+01 -2.8743167e-02 -3.0837933e-02 +1.2867778e+00 +6.2505667e-01 +6.3042667e-01 -2.3360000e-01 -2.2009000e-01 -4.3621000e-02 +1.6115619e+03
3.5928100e-01 +3.5000000e-01 +1.8666300e+01 -2.8244933e-02 -2.4486867e-02 +1.2534667e+00 +6.2215222e-01 +6.1154889e-01 -2.0655111e-01 -2.3323000e-01 -4.1573667e-02 +1.5534224e+03
3.7348100e-01 +3.5000000e-01 +1.8732633e+01 -2.6997433e-02 -1.8133067e-02 +1.2272667e+00 +6.2047778e-01 +5.9485111e-01 -1.8092444e-01 -2.4516111e-01 -3.9039444e-02 +1.5058675e+03
3.8788000e-01 +3.5000000e-01 +1.8790100e+01 -2.5038600e-02 -1.1710400e-02 +1.2073000e+00 +6.1972778e-01 +5.8023333e-01 -1.5658222e-01 -2.5602333e-01 -3.5962556e-02 +1.4689960e+03
4.0245700e-01 +3.5000000e-01 +1.8838967e+01 -2.2481900e-02 -5.3679000e-03 +1.1923667e+00 +6.1948556e-01 +5.6789556e-01 -1.3330556e-01 -2.6571556e-01 -3.2415000e-02 +1.4412842e+03
4.1719100e-01 +3.5000000e-01 +1.8879733e+01 -1.9435767e-02 +4.9255333e-04 +1.1813111e+00 +6.1939333e-01 +5.5801333e-01 -1.1086333e-01 -2.7417222e-01 -2.8431333e-02 +1.4215030e+03
4.3206000e-01 +3.5000000e-01 +1.8912933e+01 -1.5977667e-02 +5.6605000e-03 +1.1740556e+00 +6.1920444e-01 +5.5036778e-01 -8.9187556e-02 -2.8146778e-01 -2.4071778e-02 +1.4078470e+03
4.4704100e-01 +3.5000000e-01 +1.8938933e+01 -1.2198000e-02 +1.0004833e-02 +1.1704667e+00 +6.1881778e-01 +5.4465111e-01 -6.8347000e-02 -2.8789778e-01 -1.9331222e-02 +1.3984051e+03
4.6210900e-01 +3.5000000e-01 +1.8957933e+01 -8.2143667e-03 +1.3312267e-02 +1.1692889e+00 +6.1829222e-01 +5.4085556e-01 -4.8302111e-02 -2.9353000e-01 -1.4209889e-02 +1.3925308e+03
4.7724000e-01 +3.5000000e-01 +1.8970167e+01 -4.1304667e-03 +1.5408900e-02 +1.1691000e+00 +6.1779778e-01 +5.3876556e-01 -2.8792556e-02 -2.9785667e-01 -8.7382889e-03 +1.3898315e+03
4.9240900e-01 +3.5000000e-01 +1.8976167e+01 +0.0000000e+00 +1.6361133e-02 +1.1689444e+00 +6.1750222e-01 +5.3782111e-01 -9.5652667e-03 -3.0014667e-01 -2.9568333e-03 +1.3893555e+03
5.0759100e-01 +3.5000000e-01 +1.8976167e+01 +4.1304667e-03 +1.6361133e-02 +1.1689444e+00 +6.1750222e-01 +5.3782111e-01 +9.5652667e-03 -3.0014667e-01 +2.9568333e-03 +1.3893555e+03
5.2276000e-01 +3.5000000e-01 +1.8970167e+01 +8.2143667e-03 +1.5408900e-02 +1.1691000e+00 +6.1779778e-01 +5.3876556e-01 +2.8792556e-02 -2.9785667e-01 +8.7382889e-03 +1.3898315e+03
5.3789100e-01 +3.5000000e-01 +1.8957933e+01 +1.2198000e-02 +1.3312267e-02 +1.1692889e+00 +6.1829222e-01 +5.4085556e-01 +4.8302111e-02 -2.9353000e-01 +1.4209889e-02 +1.3925308e+03
5.5295900e-01 +3.5000000e-01 +1.8938933e+01 +1.5977667e-02 +1.0004833e-02 +1.1704667e+00 +6.1881778e-01 +5.4465111e-01 +6.8347000e-02 -2.8789778e-01 +1.9331222e-02 +1.3984051e+03
5.6794000e-01 +3.5000000e-01 +1.8912933e+01 +1.9435767e-02 +5.6605000e-03 +1.1740556e+00 +6.1920444e-01 +5.5036778e-01 +8.9187556e-02 -2.8146778e-01 +2.4071778e-02 +1.4078470e+03
5.8280900e-01 +3.5000000e-01 +1.8879733e+01 +2.2481900e-02 +4.9255333e-04 +1.1813111e+00 +6.1939333e-01 +5.5801333e-01 +1.1086333e-01 -2.7417222e-01 +2.8431333e-02 +1.4215030e+03
5.9754300e-01 +3.5000000e-01 +1.8838967e+01 +2.5038600e-02 -5.3679000e-03 +1.1923667e+00 +6.1948556e-01 +5.6789556e-01 +1.3330556e-01 -2.6571556e-01 +3.2415000e-02 +1.4412842e+03
6.1212000e-01 +3.5000000e-01 +1.8790100e+01 +2.6997433e-02 -1.1710400e-02 +1.2073000e+00 +6.1972778e-01 +5.8023333e-01 +1.5658222e-01 -2.5602333e-01 +3.5962556e-02 +1.4689960e+03
6.2651900e-01 +3.5000000e-01 +1.8732633e+01 +2.8244933e-02 -1.8133067e-02 +1.2272667e+00 +6.2047778e-01 +5.9485111e-01 +1.8092444e-01 -2.4516111e-01 +3.9039444e-02 +1.5058675e+03
6.4071900e-01 +3.5000000e-01 +1.8666300e+01 +2.8743167e-02 -2.4486867e-02 +1.2534667e+00 +6.2215222e-01 +6.1154889e-01 +2.0655111e-01 -2.3323000e-01 +4.1573667e-02 +1.5534224e+03
6.5470000e-01 +3.5000000e-01 +1.8591167e+01 +2.8493333e-02 -3.0837933e-02 +1.2867778e+00 +6.2505667e-01 +6.3042667e-01 +2.3360000e-01 -2.2009000e-01 +4.3621000e-02 +1.6115619e+03
6.6844600e-01 +3.5000000e-01 +1.8507333e+01 +2.7456467e-02 -3.7044667e-02 +1.3281667e+00 +6.2926444e-01 +6.5152333e-01 +2.6211000e-01 -2.0544778e-01 +4.5231444e-02 +1.6800716e+03
6.8193900e-01 +3.5000000e-01 +1.8415100e+01 +2.5584433e-02 -4.2780333e-02 +1.3784333e+00 +6.3464667e-01 +6.7477333e-01 +2.9197889e-01 -1.8949444e-01 +4.6248333e-02 +1.7605933e+03
6.9516500e-01 +3.5000000e-01 +1.8314867e+01 +2.2835967e-02 -4.7831333e-02 +1.4382889e+00 +6.4102556e-01 +7.0019778e-01 +3.2293667e-01 -1.7295667e-01 +4.6668222e-02 +1.8539728e+03
7.0811000e-01 +3.5000000e-01 +1.8207033e+01 +1.9173367e-02 -5.2261333e-02 +1.5076111e+00 +6.4833444e-01 +7.2766667e-01 +3.5456778e-01 -1.5654556e-01 +4.6520889e-02 +1.9617632e+03
7.2076300e-01 +3.5000000e-01 +1.8091733e+01 +1.4616800e-02 -5.6180667e-02 +1.5857667e+00 +6.5660111e-01 +7.5683778e-01 +3.8661556e-01 -1.4011556e-01 +4.5813000e-02 +2.0859247e+03
7.3311100e-01 +3.5000000e-01 +1.7969167e+01 +9.2762333e-03 -5.9508000e-02 +1.6724111e+00 +6.6580556e-01 +7.8787667e-01 +4.1893778e-01 -1.2341444e-01 +4.4768111e-02 +2.2277756e+03
7.4514800e-01 +3.5000000e-01 +1.7839733e+01 +3.3370667e-03 -6.1900000e-02 +1.7675667e+00 +6.7579889e-01 +8.2094889e-01 +4.5139889e-01 -1.0711378e-01 +4.3509333e-02 +2.3883203e+03
7.5686400e-01 +3.5000000e-01 +1.7704000e+01 -3.0492200e-03 -6.3168000e-02 +1.8720667e+00 +6.8630333e-01 +8.5539333e-01 +4.8383889e-01 -9.1916222e-02 +4.1914333e-02 +2.5675593e+03
7.6825300e-01 +3.5000000e-01 +1.7562733e+01 -9.8333333e-03 -6.3408000e-02 +1.9863222e+00 +6.9697778e-01 +8.9009889e-01 +5.1599111e-01 -7.7530778e-02 +3.9918667e-02 +2.7659778e+03
7.7931200e-01 +3.5000000e-01 +1.7416533e+01 -1.7002667e-02 -6.2715333e-02 +2.1106889e+00 +7.0746444e-01 +9.2443444e-01 +5.4772333e-01 -6.3597000e-02 +3.7573333e-02 +2.9849438e+03
7.9003600e-01 +3.5000000e-01 +1.7265867e+01 -2.4465133e-02 -6.1097000e-02 +2.2455222e+00 +7.1739333e-01 +9.5794889e-01 +5.7906778e-01 -5.0263667e-02 +3.4949111e-02 +3.2258208e+03
8.0042300e-01 +3.5000000e-01 +1.7111033e+01 -3.2055333e-02 -5.8526000e-02 +2.3907333e+00 +7.2634000e-01 +9.9012222e-01 +6.0987556e-01 -3.7497889e-02 +3.2216778e-02 +3.4895270e+03
8.1047200e-01 +3.5000000e-01 +1.6952333e+01 -3.9606667e-02 -5.4901667e-02 +2.5460556e+00 +7.3377889e-01 +1.0206511e+00 +6.3968000e-01 -2.5315556e-02 +2.9530333e-02 +3.7762121e+03
8.2018500e-01 +3.5000000e-01 +1.6789867e+01 -4.6975000e-02 -5.0033667e-02 +2.7113111e+00 +7.3911667e-01 +1.0490411e+00 +6.6794889e-01 -1.3989333e-02 +2.6904889e-02 +4.0881107e+03
8.2956100e-01 +3.5000000e-01 +1.6623567e+01 -5.4043000e-02 -4.3750667e-02 +2.8867667e+00 +7.4175444e-01 +1.0746989e+00 +6.9434111e-01 -3.8137000e-03 +2.4254111e-02 +4.4283144e+03
8.3860300e-01 +3.5000000e-01 +1.6453133e+01 -6.0689333e-02 -3.6007333e-02 +3.0736889e+00 +7.4117333e-01 +1.0972244e+00 +7.1876111e-01 +5.2448889e-03 +2.1575556e-02 +4.7973271e+03
8.4731500e-01 +3.5000000e-01 +1.6278233e+01 -6.6764667e-02 -2.6820133e-02 +3.2738556e+00 +7.3697667e-01 +1.1162556e+00 +7.4121000e-01 +1.3417667e-02 +1.8980778e-02 +5.1950314e+03
8.5570000e-01 +3.5000000e-01 +1.6098300e+01 -7.2127000e-02 -1.6281267e-02 +3.4885667e+00 +7.2888333e-01 +1.1317222e+00 +7.6152778e-01 +2.0733667e-02 +1.6564444e-02 +5.6232602e+03
8.6376300e-01 +3.5000000e-01 +1.5912467e+01 -7.6682667e-02 -4.6373000e-03 +3.7182556e+00 +7.1668333e-01 +1.1437333e+00 +7.7940889e-01 +2.7155667e-02 +1.4435556e-02 +6.0859005e+03
8.7151000e-01 +3.5000000e-01 +1.5719567e+01 -8.0385000e-02 +7.7591333e-03 +3.9634000e+00 +7.0024000e-01 +1.1522000e+00 +7.9461333e-01 +3.2722222e-02 +1.2739333e-02 +6.5843450e+03
8.7894700e-01 +3.5000000e-01 +1.5518267e+01 -8.3210333e-02 +2.0571633e-02 +4.2246444e+00 +6.7954222e-01 +1.1569444e+00 +8.0707222e-01 +3.7487333e-02 +1.1554667e-02 +7.1144446e+03
8.8608000e-01 +3.5000000e-01 +1.5307167e+01 -8.5138667e-02 +3.3546000e-02 +4.5017778e+00 +6.5476222e-01 +1.1580111e+00 +8.1673111e-01 +4.1351333e-02 +1.0812156e-02 +7.6719104e+03
8.9291700e-01 +3.5000000e-01 +1.5084700e+01 -8.6146667e-02 +4.6461333e-02 +4.7935000e+00 +6.2623778e-01 +1.1555333e+00 +8.2340889e-01 +4.4119556e-02 +1.0376022e-02 +8.2546207e+03
8.9946400e-01 +3.5000000e-01 +1.4849033e+01 -8.6213000e-02 +5.9073333e-02 +5.0984222e+00 +5.9440889e-01 +1.1495667e+00 +8.2684778e-01 +4.5551889e-02 +1.0155378e-02 +8.8575024e+03
9.0573000e-01 +3.5000000e-01 +1.4598433e+01 -8.5335667e-02 +7.1108000e-02 +5.4145556e+00 +5.5975667e-01 +1.1399556e+00 +8.2675778e-01 +4.5389222e-02 +1.0097500e-02 +9.4707616e+03
9.1172200e-01 +3.5000000e-01 +1.4331067e+01 -8.3547333e-02 +8.2287333e-02 +5.7381556e+00 +5.2280222e-01 +1.1264556e+00 +8.2279667e-01 +4.3416667e-02 +1.0147200e-02 +1.0084204e+04
9.1744900e-01 +3.5000000e-01 +1.4045100e+01 -8.0916667e-02 +9.2368000e-02 +6.0637000e+00 +4.8411222e-01 +1.1089222e+00 +8.1460111e-01 +3.9511222e-02 +1.0243244e-02 +1.0689137e+04
9.2291900e-01 +3.5000000e-01 +1.3738567e+01 -7.7539000e-02 +1.0115900e-01 +6.3840889e+00 +4.4429667e-01 +1.0873311e+00 +8.0184444e-01 +3.3778889e-02 +1.0332378e-02 +1.1277614e+04
9.2814000e-01 +3.5000000e-01 +1.3409667e+01 -7.3529333e-02 +1.0854133e-01 +6.6910222e+00 +4.0398556e-01 +1.0617644e+00 +7.8428889e-01 +2.6536889e-02 +1.0378133e-02 +1.1841111e+04
9.3312100e-01 +3.5000000e-01 +1.3056567e+01 -6.9014000e-02 +1.1447367e-01 +6.9752000e+00 +3.6380000e-01 +1.0323556e+00 +7.6177444e-01 +1.8112556e-02 +1.0358767e-02 +1.2368586e+04
9.3787000e-01 +3.5000000e-01 +1.2677700e+01 -6.4125667e-02 +1.1897167e-01 +7.2264556e+00 +3.2432889e-01 +9.9922222e-01 +7.3421111e-01 +8.7639444e-03 +1.0255067e-02 +1.2845748e+04
9.4239600e-01 +3.5000000e-01 +1.2271733e+01 -5.8995667e-02 +1.2208167e-01 +7.4335778e+00 +2.8612222e-01 +9.6245889e-01 +7.0157444e-01 -1.2183778e-03 +1.0053178e-02 +1.3257036e+04
9.4670700e-01 +3.5000000e-01 +1.1837600e+01 -5.3746667e-02 +1.2387333e-01 +7.5842222e+00 +2.4966889e-01 +9.2218556e-01 +6.6392778e-01 -1.1381444e-02 +9.7586444e-03 +1.3589481e+04
9.5081100e-01 +3.5000000e-01 +1.1374567e+01 -4.8489333e-02 +1.2444200e-01 +7.6655333e+00 +2.1537556e-01 +8.7859889e-01 +6.2147333e-01 -2.1096333e-02 +9.3951556e-03 +1.3833746e+04
9.5471600e-01 +3.5000000e-01 +1.0882300e+01 -4.3319333e-02 +1.2389967e-01 +7.6649889e+00 +1.8355333e-01 +8.3197556e-01 +5.7459667e-01 -2.9657667e-02 +8.9844333e-03 +1.3983220e+04
9.5843100e-01 +3.5000000e-01 +1.0361000e+01 -3.8314667e-02 +1.2236100e-01 +7.5714778e+00 +1.5441778e-01 +7.8267222e-01 +5.2389333e-01 -3.6422667e-02 +8.5291667e-03 +1.4034816e+04
9.6196300e-01 +3.5000000e-01 +9.8115333e+00 -3.3538333e-02 +1.1992633e-01 +7.3763333e+00 +1.2809333e-01 +7.3112556e-01 +4.7016556e-01 -4.0937333e-02 +8.0157000e-03 +1.3992561e+04
9.6532000e-01 +3.5000000e-01 +9.2355667e+00 -2.9038000e-02 +1.1667533e-01 +7.0744889e+00 +1.0463056e-01 +6.7786111e-01 +4.1442222e-01 -4.3018556e-02 +7.4288778e-03 +1.3870633e+04
9.6851000e-01 +3.5000000e-01 +8.6355333e+00 -2.4848033e-02 +1.1266567e-01 +6.6658222e+00 +8.4010000e-02 +6.2345556e-01 +3.5786222e-01 -4.2777778e-02 +6.7637222e-03 +1.3695626e+04
9.7153900e-01 +3.5000000e-01 +8.0149000e+00 -2.0992133e-02 +1.0794167e-01 +6.1564556e+00 +6.6158333e-02 +5.6848222e-01 +3.0185222e-01 -4.0585333e-02 +6.0289889e-03 +1.3505832e+04
9.7441500e-01 +3.5000000e-01 +7.3778667e+00 -1.7484400e-02 +1.0254200e-01 +5.5596556e+00 +5.0956111e-02 +5.1344000e-01 +2.4786444e-01 -3.6978556e-02 +5.2452111e-03 +1.3346755e+04
9.7714500e-01 +3.5000000e-01 +6.7294000e+00 -1.4330900e-02 +9.6506333e-02 +4.8958111e+00 +3.8247111e-02 +4.5871222e-01 +1.9737000e-01 -3.2538556e-02 +4.4408444e-03 +1.3262915e+04
9.7973500e-01 +3.5000000e-01 +6.0750333e+00 -1.1530867e-02 +8.9881667e-02 +4.1914778e+00 +2.7846778e-02 +4.0456333e-01 +1.5171111e-01 -2.7776333e-02 +3.6476111e-03 +1.3287377e+04
9.8219200e-01 +3.5000000e-01 +5.4205000e+00 -9.0778667e-03 +8.2723000e-02 +3.4770667e+00 +1.9547778e-02 +3.5117556e-01 +1.1195778e-01 -2.3065889e-02 +2.8957889e-03 +1.3431118e+04
9.8452200e-01 +3.5000000e-01 +4.7715000e+00 -6.9609333e-03 +7.5091333e-02 +2.7838667e+00 +1.3125111e-02 +2.9873222e-01 +7.8791444e-02 -1.8636111e-02 +2.2106222e-03 +1.3678356e+04
9.8673100e-01 +3.5000000e-01 +4.1333000e+00 -5.1655667e-03 +6.7052333e-02 +2.1404667e+00 +8.3388111e-03 +2.4752222e-01 +5.2424111e-02 -1.4603778e-02 +1.6105889e-03 +1.3989150e+04
9.8882500e-01 +3.5000000e-01 +3.5105000e+00 -3.6745667e-03 +5.8672000e-02 +1.5697556e+00 +4.9380222e-03 +1.9804222e-01 +3.2592778e-02 -1.1020644e-02 +1.1072589e-03 +1.4312774e+04
9.9080900e-01 +3.5000000e-01 +2.9068067e+00 -2.4690633e-03 +5.0015000e-02 +1.0867744e+00 +2.6663778e-03 +1.5107222e-01 +1.8615111e-02 -7.9122333e-03 +7.0582556e-04 +1.4606438e+04
9.9268900e-01 +3.5000000e-01 +2.3248833e+00 -1.5289100e-03 +4.1142667e-02 +6.9820000e-01 +1.2693444e-03 +1.0771111e-01 +9.5095778e-03 -5.2984000e-03 +4.0560667e-04 +1.4854039e+04
9.9447000e-01 +3.5000000e-01 +1.7664567e+00 -8.3339667e-04 +3.2114233e-02 +4.0332222e-01 +5.0407222e-04 +6.9357444e-02 +4.1486667e-03 -3.1976000e-03 +2.0017222e-04 +1.5074556e+04
9.9615600e-01 +3.5000000e-01 +1.2323600e+00 -3.6160333e-04 +2.2986400e-02 +1.9605222e-01 +1.5121778e-04 +3.7659889e-02 +1.4108889e-03 -1.6236222e-03 +7.7226333e-05 +1.5320398e+04
9.9775300e-01 +3.5000000e-01 +7.2273667e-01 -9.2548333e-05 +1.3813200e-02 +6.7332556e-02 +2.8097778e-05 +1.4460667e-02 +3.0103333e-04 -5.8146111e-04 +1.8693889e-05 +1.5665226e+04
9.9926500e-01 +3.5000000e-01 +2.3723267e-01 +0.0000000e+00 +4.6491667e-03 +7.2545556e-03 +1.9236111e-06 +1.7598444e-03 +1.9090889e-05 -6.5357000e-05 +1.3480667e-06 +1.6144995e+04
1.0000000e+00 +3.5000000e-01 +0.0000000e+00 +0.0000000e+00 +0.0000000e+00 +0.0000000e+00 +0.0000000e+00 +0.0000000e+00 +0.0000000e+00 +0.0000000e+00 +0.0000000e+00 +1.6143889e+04
