#    y              z              <u>            <v>            <w>            <u'u'>         <v'v'>         <w'w'>         <u'v'>         <u'w'>         <v'w'>         <eps>         
#----------------------------------------------------------------------------------------------------------------------------------------------------------------------------------
0.0000000e+00 +1.0000000e-02 +0.0000000e+00 +0.0000000e+00 +0.0000000e+00 +0.0000000e+00 +0.0000000e+00 +0.0000000e+00 +0.0000000e+00 +0.0000000e+00 +0.0000000e+00 +2.6035111e+02
7.3500000e-04 +1.0000000e-02 +3.7566667e-02 -3.2324633e-06 +4.6307667e-06 +1.6681111e-04 +4.3728889e-08 +9.0233889e-07 +7.9818222e-09 -6.5432889e-07 -6.2807444e-08 +2.6037849e+02
2.2470000e-03 +1.0000000e-02 +1.1264500e-01 -1.2178033e-05 +1.3587600e-05 +1.2694667e-03 +6.4956333e-07 +7.3110667e-06 -3.0446222e-07 -4.6290556e-06 -1.0167844e-06 +1.9830622e+02
3.8440000e-03 +1.0000000e-02 +1.8941867e-01 -2.6041367e-05 +1.8173867e-05 +3.0918667e-03 +3.5878444e-06 +1.9363222e-05 -2.1156333e-06 -1.0584811e-05 -4.7509889e-06 +1.5729073e+02
5.5300000e-03 +1.0000000e-02 +2.6796467e-01 -4.2333667e-05 +1.3843067e-05 +5.3576556e-03 +1.2403667e-05 +3.6913889e-05 -6.8476111e-06 -1.7324444e-05 -1.3782778e-05 +1.3807279e+02
7.3110000e-03 +1.0000000e-02 +3.4839667e-01 -5.6791667e-05 -3.8784667e-06 +7.8972000e-03 +3.2734444e-05 +5.9922000e-05 -1.5418444e-05 -2.4327778e-05 -3.1028222e-05 +1.3602321e+02
9.1910000e-03 +1.0000000e-02 +4.3084333e-01 -6.3073000e-05 -3.9281667e-05 +1.0635033e-02 +7.2745111e-05 +8.8183778e-05 -2.8003000e-05 -3.1533667e-05 -5.9625889e-05 +1.4793806e+02
1.1175000e-02 +1.0000000e-02 +5.1544000e-01 -5.2405667e-05 -9.6364333e-05 +1.3573778e-02 +1.4365111e-04 +1.2124000e-04 -4.4243333e-05 -3.9118000e-05 -1.0274644e-04 +1.7215872e+02
1.3269000e-02 +1.0000000e-02 +6.0232333e-01 -1.3188367e-05 -1.7877000e-04 +1.6778222e-02 +2.6024333e-04 +1.5839111e-04 -6.3800111e-05 -4.7350667e-05 -1.6340000e-04 +2.0842672e+02
1.5478000e-02 +1.0000000e-02 +6.9162000e-01 +6.9487000e-05 -2.8982300e-04 +2.0361556e-02 +4.4131667e-04 +1.9875556e-04 -8.7087889e-05 -5.6641444e-05 -2.4424222e-04 +2.5772995e+02
1.7808000e-02 +1.0000000e-02 +7.8346333e-01 +2.1443333e-04 -4.3270667e-04 +2.4476222e-02 +7.0991000e-04 +2.4136222e-04 -1.1598333e-04 -6.7876556e-05 -3.4736667e-04 +3.2224465e+02
2.0265000e-02 +1.0000000e-02 +8.7796000e-01 +4.4514667e-04 -6.1078333e-04 +2.9308889e-02 +1.0932378e-03 +2.8523222e-04 -1.5423556e-04 -8.3121444e-05 -4.7407222e-04 +4.0534025e+02
2.2855000e-02 +1.0000000e-02 +9.7522000e-01 +7.9081667e-04 -8.2803000e-04 +3.5079556e-02 +1.6222111e-03 +3.2947778e-04 -2.0723000e-04 -1.0669022e-04 -6.2461778e-04 +5.1166412e+02
2.5585000e-02 +1.0000000e-02 +1.0753200e+00 +1.2875833e-03 -1.0894567e-03 +4.2043889e-02 +2.3304778e-03 +3.7341000e-04 -2.8075333e-04 -1.4645667e-04 -7.9798222e-04 +6.4728659e+02
2.8461000e-02 +1.0000000e-02 +1.1783167e+00 +1.9799733e-03 -1.4013733e-03 +5.0496333e-02 +3.2529556e-03 +4.1667778e-04 -3.7842556e-04 -2.1510556e-04 -9.9173000e-04 +8.1985745e+02
3.1490000e-02 +1.0000000e-02 +1.2842400e+00 +2.9223367e-03 -1.7712533e-03 +6.0771111e-02 +4.4240667e-03 +4.5941111e-04 -4.9770556e-04 -3.3086444e-04 -1.2020778e-03 +1.0387885e+03
3.4680000e-02 +1.0000000e-02 +1.3930633e+00 +4.1800000e-03 -2.2070933e-03 +7.3237667e-02 +5.8758667e-03 +5.0232111e-04 -6.2471000e-04 -5.1711667e-04 -1.4242667e-03 +1.3154409e+03
3.8037000e-02 +1.0000000e-02 +1.5047000e+00 +5.8295667e-03 -2.7160667e-03 +8.8286444e-02 +7.6366000e-03 +5.4666556e-04 -7.2865222e-04 -8.0043111e-04 -1.6532111e-03 +1.6631494e+03
4.1569000e-02 +1.0000000e-02 +1.6189900e+00 +7.9580667e-03 -3.3026067e-03 +1.0630389e-01 +9.7300000e-03 +5.9398667e-04 -7.5720778e-04 -1.2068333e-03 -1.8842556e-03 +2.0973253e+03
4.5284000e-02 +1.0000000e-02 +1.7356633e+00 +1.0660367e-02 -3.9661000e-03 +1.2763444e-01 +1.2175667e-02 +6.4562444e-04 -6.3444111e-04 -1.7567667e-03 -2.1139000e-03 +2.6353360e+03
4.9189000e-02 +1.0000000e-02 +1.8543367e+00 +1.4034300e-02 -4.6987333e-03 +1.5253444e-01 +1.4990222e-02 +7.0206889e-04 -2.6281667e-04 -2.4596222e-03 -2.3398667e-03 +3.2961847e+03
5.3293000e-02 +1.0000000e-02 +1.9744733e+00 +1.8173967e-02 -5.4836000e-03 +1.8111667e-01 +1.8188556e-02 +7.6236333e-04 +4.6970111e-04 -3.3094333e-03 -2.5605000e-03 +4.1002938e+03
5.7604000e-02 +1.0000000e-02 +2.0953867e+00 +2.3161167e-02 -6.2944333e-03 +2.1330889e-01 +2.1785000e-02 +8.2386667e-04 +1.6773333e-03 -4.2826444e-03 -2.7735222e-03 +5.0689084e+03
6.2130000e-02 +1.0000000e-02 +2.2162267e+00 +2.9055700e-02 -7.0962000e-03 +2.4882000e-01 +2.5792000e-02 +8.8270667e-04 +3.4599444e-03 -5.3391222e-03 -2.9745111e-03 +6.2235033e+03
6.6879000e-02 +1.0000000e-02 +2.3359967e+00 +3.5886000e-02 -7.8476000e-03 +2.8713556e-01 +3.0217778e-02 +9.3497333e-04 +5.8844000e-03 -6.4265778e-03 -3.1559556e-03 +7.5852245e+03
7.1860000e-02 +1.0000000e-02 +2.4535667e+00 +4.3640333e-02 -8.5048667e-03 +3.2754111e-01 +3.5062444e-02 +9.7807889e-04 +8.9671444e-03 -7.4876889e-03 -3.3075000e-03 +9.1741950e+03
7.7081000e-02 +1.0000000e-02 +2.5677233e+00 +5.2262333e-02 -9.0260000e-03 +3.6918333e-01 +4.0312000e-02 +1.0114522e-03 +1.2661667e-02 -8.4684111e-03 -3.4173222e-03 +1.1008556e+04
8.2551000e-02 +1.0000000e-02 +2.6772067e+00 +6.1648000e-02 -9.3754667e-03 +4.1115444e-01 +4.5933778e-02 +1.0363311e-03 +1.6853778e-02 -9.3253667e-03 -3.4741889e-03 +1.3103770e+04
8.8278000e-02 +1.0000000e-02 +2.7807800e+00 +7.1647667e-02 -9.5282000e-03 +4.5259778e-01 +5.1873444e-02 +1.0550067e-03 +2.1368111e-02 -1.0031489e-02 -3.4694667e-03 +1.5471399e+04
9.4270000e-02 +1.0000000e-02 +2.8772733e+00 +8.2073333e-02 -9.4725333e-03 +4.9281000e-01 +5.8054778e-02 +1.0701867e-03 +2.5987111e-02 -1.0580800e-02 -3.3986444e-03 +1.8118086e+04
1.0053600e-01 +1.0000000e-02 +2.9656433e+00 +9.2709667e-02 -9.2117667e-03 +5.3131444e-01 +6.4384778e-02 +1.0852578e-03 +3.0483889e-02 -1.0991011e-02 -3.2623111e-03 +2.1044611e+04
1.0708300e-01 +1.0000000e-02 +3.0450133e+00 +1.0332633e-01 -8.7629667e-03 +5.6786778e-01 +7.0761444e-02 +1.1043778e-03 +3.4657667e-02 -1.1297556e-02 -3.0670333e-03 +2.4244124e+04
1.1392000e-01 +1.0000000e-02 +3.1146967e+00 +1.1369133e-01 -8.1527000e-03 +6.0240667e-01 +7.7085111e-02 +1.1304667e-03 +3.8357333e-02 -1.1538333e-02 -2.8239667e-03 +2.7702207e+04
1.2105300e-01 +1.0000000e-02 +3.1742033e+00 +1.2357867e-01 -7.4099000e-03 +6.3495222e-01 +8.3263111e-02 +1.1638778e-03 +4.1482000e-02 -1.1740111e-02 -2.5435444e-03 +3.1394296e+04
1.2849000e-01 +1.0000000e-02 +3.2232433e+00 +1.3276833e-01 -6.5588333e-03 +6.6548444e-01 +8.9207667e-02 +1.2052222e-03 +4.3967000e-02 -1.1919778e-02 -2.2328222e-03 +3.5286074e+04
1.3623700e-01 +1.0000000e-02 +3.2616900e+00 +1.4104067e-01 -5.6153333e-03 +6.9388778e-01 +9.4833889e-02 +1.2565667e-03 +4.5770000e-02 -1.2090000e-02 -1.8995111e-03 +3.9331888e+04
1.4430000e-01 +1.0000000e-02 +3.2895933e+00 +1.4816967e-01 -4.5883000e-03 +7.2002444e-01 +1.0006000e-01 +1.3193556e-03 +4.6858778e-02 -1.2257667e-02 -1.5527556e-03 +4.3477193e+04
1.5268500e-01 +1.0000000e-02 +3.3071933e+00 +1.5392367e-01 -3.4876000e-03 +7.4389333e-01 +1.0481022e-01 +1.3957556e-03 +4.7203667e-02 -1.2436667e-02 -1.2045444e-03 +4.7661736e+04
1.6139700e-01 +1.0000000e-02 +3.3149700e+00 +1.5808733e-01 -2.3379567e-03 +7.6585778e-01 +1.0904222e-01 +1.4895333e-03 +4.6815444e-02 -1.2661889e-02 -8.8205889e-04 +5.1824822e+04
1.7043900e-01 +1.0000000e-02 +3.3137033e+00 +1.6050300e-01 -1.1856067e-03 +7.8676778e-01 +1.1279556e-01 +1.5974889e-03 +4.5783667e-02 -1.2955667e-02 -6.2112667e-04 +5.5908165e+04
1.7981500e-01 +1.0000000e-02 +3.3044967e+00 +1.6110267e-01 -8.8369667e-05 +8.0760111e-01 +1.1619444e-01 +1.7129889e-03 +4.4243556e-02 -1.3320000e-02 -4.3610444e-04 +5.9865545e+04
1.8952800e-01 +1.0000000e-02 +3.2887433e+00 +1.5991200e-01 +9.0425667e-04 +8.2891222e-01 +1.1939889e-01 +1.8333667e-03 +4.2331444e-02 -1.3760444e-02 -3.2523000e-04 +6.3656855e+04
1.9957700e-01 +1.0000000e-02 +3.2680567e+00 +1.5703733e-01 +1.7620067e-03 +8.5073667e-01 +1.2258111e-01 +1.9558778e-03 +4.0140444e-02 -1.4250111e-02 -2.7675111e-04 +6.7254954e+04
2.0996400e-01 +1.0000000e-02 +3.2441367e+00 +1.5263600e-01 +2.4763100e-03 +8.7289000e-01 +1.2586222e-01 +2.0761778e-03 +3.7586556e-02 -1.4719556e-02 -2.5904000e-04 +7.0651519e+04
2.2068800e-01 +1.0000000e-02 +3.2185333e+00 +1.4687667e-01 +3.0569700e-03 +8.9561556e-01 +1.2923778e-01 +2.1981444e-03 +3.4440333e-02 -1.5168000e-02 -2.3693889e-04 +7.3850010e+04
2.3174700e-01 +1.0000000e-02 +3.1926700e+00 +1.3993000e-01 +3.5140000e-03 +9.2027778e-01 +1.3264778e-01 +2.3244667e-03 +3.0686333e-02 -1.5690000e-02 -2.2535333e-04 +7.6869361e+04
2.4313600e-01 +1.0000000e-02 +3.1680633e+00 +1.3198833e-01 +3.8469333e-03 +9.4845667e-01 +1.3609222e-01 +2.4477556e-03 +2.6624889e-02 -1.6363333e-02 -2.4047667e-04 +7.9744257e+04
2.5485200e-01 +1.0000000e-02 +3.1462833e+00 +1.2322767e-01 +4.0809000e-03 +9.8015444e-01 +1.3961889e-01 +2.5748333e-03 +2.2566111e-02 -1.7131889e-02 -2.6754778e-04 +8.2522677e+04
2.6688900e-01 +1.0000000e-02 +3.1288033e+00 +1.1378100e-01 +4.2530667e-03 +1.0138122e+00 +1.4326111e-01 +2.7066222e-03 +1.8532667e-02 -1.7950556e-02 -3.2032556e-04 +8.5248955e+04
2.7923700e-01 +1.0000000e-02 +3.1167233e+00 +1.0375200e-01 +4.3848667e-03 +1.0477644e+00 +1.4705778e-01 +2.8486778e-03 +1.4399222e-02 -1.8836111e-02 -3.9848889e-04 +8.7954579e+04
2.9189000e-01 +1.0000000e-02 +3.1105600e+00 +9.3267333e-02 +4.4659667e-03 +1.0822700e+00 +1.5106333e-01 +3.0026444e-03 +9.8762333e-03 -1.9696000e-02 -5.1307778e-04 +9.0670110e+04
3.0483500e-01 +1.0000000e-02 +3.1103133e+00 +8.2523667e-02 +4.4655000e-03 +1.1206000e+00 +1.5527778e-01 +3.1467667e-03 +4.6753000e-03 -2.0540667e-02 -6.2552444e-04 +9.3422476e+04
3.1806100e-01 +1.0000000e-02 +3.1160367e+00 +7.1844333e-02 +4.3294000e-03 +1.1656222e+00 +1.5964000e-01 +3.2841000e-03 -6.6619444e-04 -2.1540556e-02 -7.1068333e-04 +9.6245951e+04
3.3155400e-01 +1.0000000e-02 +3.1278167e+00 +6.1589333e-02 +4.0549333e-03 +1.2160111e+00 +1.6410778e-01 +3.4202667e-03 -5.2733889e-03 -2.2692444e-02 -7.8419222e-04 +9.9152693e+04
3.4530000e-01 +1.0000000e-02 +3.1453667e+00 +5.2001667e-02 +3.7080667e-03 +1.2675889e+00 +1.6865667e-01 +3.5516222e-03 -8.5889000e-03 -2.3928333e-02 -8.4643222e-04 +1.0211033e+05
3.5928100e-01 +1.0000000e-02 +3.1682367e+00 +4.3259333e-02 +3.3186533e-03 +1.3157444e+00 +1.7333889e-01 +3.6746000e-03 -1.0347656e-02 -2.5083000e-02 -9.1525222e-04 +1.0508795e+05
3.7348100e-01 +1.0000000e-02 +3.1952967e+00 +3.5407000e-02 +2.9357300e-03 +1.3573111e+00 +1.7809111e-01 +3.7920111e-03 -1.1010622e-02 -2.6085444e-02 -9.4024556e-04 +1.0802502e+05
3.8788000e-01 +1.0000000e-02 +3.2245100e+00 +2.8356900e-02 +2.6103400e-03 +1.3893667e+00 +1.8260000e-01 +3.9007333e-03 -1.1355889e-02 -2.6897333e-02 -8.8652444e-04 +1.1079868e+05
4.0245700e-01 +1.0000000e-02 +3.2543533e+00 +2.2177633e-02 +2.2674733e-03 +1.4153889e+00 +1.8670889e-01 +3.9796444e-03 -1.1838778e-02 -2.7483889e-02 -8.4470222e-04 +1.1336738e+05
4.1719100e-01 +1.0000000e-02 +3.2832700e+00 +1.7050433e-02 +1.8504067e-03 +1.4404111e+00 +1.9031889e-01 +4.0441444e-03 -1.2580111e-02 -2.8135222e-02 -6.9262667e-04 +1.1568464e+05
4.3206000e-01 +1.0000000e-02 +3.3093533e+00 +1.2974500e-02 +1.4326300e-03 +1.4643778e+00 +1.9321667e-01 +4.1325333e-03 -1.2263556e-02 -2.9159556e-02 -4.8099667e-04 +1.1766521e+05
4.4704100e-01 +1.0000000e-02 +3.3307500e+00 +9.5274000e-03 +1.1960200e-03 +1.4849444e+00 +1.9552667e-01 +4.2311222e-03 -1.0141289e-02 -3.0075111e-02 -3.7634556e-04 +1.1924143e+05
4.6210900e-01 +1.0000000e-02 +3.3466667e+00 +6.2633667e-03 +1.1522033e-03 +1.5009111e+00 +1.9738556e-01 +4.2831778e-03 -7.0980000e-03 -3.0577778e-02 -2.9781556e-04 +1.2039155e+05
4.7724000e-01 +1.0000000e-02 +3.3574667e+00 +3.0818700e-03 +1.1394467e-03 +1.5097667e+00 +1.9863444e-01 +4.2979333e-03 -3.9786111e-03 -3.0643111e-02 -1.6613556e-04 +1.2115616e+05
4.9240900e-01 +1.0000000e-02 +3.3631667e+00 +0.0000000e+00 +1.1049067e-03 +1.5128667e+00 +1.9923556e-01 +4.3187556e-03 -1.2018778e-03 -3.0530333e-02 -4.9228667e-05 +1.2155885e+05
5.0759100e-01 +1.0000000e-02 +3.3631667e+00 -3.0818700e-03 +1.1049067e-03 +1.5128667e+00 +1.9923556e-01 +4.3187556e-03 +1.2018778e-03 -3.0530333e-02 +4.9228667e-05 +1.2155885e+05
5.2276000e-01 +1.0000000e-02 +3.3574667e+00 -6.2633667e-03 +1.1394467e-03 +1.5097667e+00 +1.9863444e-01 +4.2979333e-03 +3.9786111e-03 -3.0643111e-02 +1.6613556e-04 +1.2115616e+05
5.3789100e-01 +1.0000000e-02 +3.3466667e+00 -9.5274000e-03 +1.1522033e-03 +1.5009111e+00 +1.9738556e-01 +4.2831778e-03 +7.0980000e-03 -3.0577778e-02 +2.9781556e-04 +1.2039155e+05
5.5295900e-01 +1.0000000e-02 +3.3307500e+00 -1.2974500e-02 +1.1960200e-03 +1.4849444e+00 +1.9552667e-01 +4.2311222e-03 +1.0141289e-02 -3.0075111e-02 +3.7634556e-04 +1.1924143e+05
5.6794000e-01 +1.0000000e-02 +3.3093533e+00 -1.7050433e-02 +1.4326300e-03 +1.4643778e+00 +1.9321667e-01 +4.1325333e-03 +1.2263556e-02 -2.9159556e-02 +4.8099667e-04 +1.1766521e+05
5.8280900e-01 +1.0000000e-02 +3.2832700e+00 -2.2177633e-02 +1.8504067e-03 +1.4404111e+00 +1.9031889e-01 +4.0441444e-03 +1.2580111e-02 -2.8135222e-02 +6.9262667e-04 +1.1568464e+05
5.9754300e-01 +1.0000000e-02 +3.2543533e+00 -2.8356900e-02 +2.2674733e-03 +1.4153889e+00 +1.8670889e-01 +3.9796444e-03 +1.1838778e-02 -2.7483889e-02 +8.4470222e-04 +1.1336738e+05
6.1212000e-01 +1.0000000e-02 +3.2245100e+00 -3.5407000e-02 +2.6103400e-03 +1.3893667e+00 +1.8260000e-01 +3.9007333e-03 +1.1355889e-02 -2.6897333e-02 +8.8652444e-04 +1.1079868e+05
6.2651900e-01 +1.0000000e-02 +3.1952967e+00 -4.3259333e-02 +2.9357300e-03 +1.3573111e+00 +1.7809111e-01 +3.7920111e-03 +1.1010622e-02 -2.6085444e-02 +9.4024556e-04 +1.0802502e+05
6.4071900e-01 +1.0000000e-02 +3.1682367e+00 -5.2001667e-02 +3.3186533e-03 +1.3157444e+00 +1.7333889e-01 +3.6746000e-03 +1.0347656e-02 -2.5083000e-02 +9.1525222e-04 +1.0508795e+05
6.5470000e-01 +1.0000000e-02 +3.1453667e+00 -6.1589333e-02 +3.7080667e-03 +1.2675889e+00 +1.6865667e-01 +3.5516222e-03 +8.5889000e-03 -2.3928333e-02 +8.4643222e-04 +1.0211033e+05
6.6844600e-01 +1.0000000e-02 +3.1278167e+00 -7.1844333e-02 +4.0549333e-03 +1.2160111e+00 +1.6410778e-01 +3.4202667e-03 +5.2733889e-03 -2.2692444e-02 +7.8419222e-04 +9.9152693e+04
6.8193900e-01 +1.0000000e-02 +3.1160367e+00 -8.2523667e-02 +4.3294000e-03 +1.1656222e+00 +1.5964000e-01 +3.2841000e-03 +6.6619444e-04 -2.1540556e-02 +7.1068333e-04 +9.6245951e+04
6.9516500e-01 +1.0000000e-02 +3.1103133e+00 -9.3267333e-02 +4.4655000e-03 +1.1206000e+00 +1.5527778e-01 +3.1467667e-03 -4.6753000e-03 -2.0540667e-02 +6.2552444e-04 +9.3422476e+04
7.0811000e-01 +1.0000000e-02 +3.1105600e+00 -1.0375200e-01 +4.4659667e-03 +1.0822700e+00 +1.5106333e-01 +3.0026444e-03 -9.8762333e-03 -1.9696000e-02 +5.1307778e-04 +9.0670110e+04
7.2076300e-01 +1.0000000e-02 +3.1167233e+00 -1.1378100e-01 +4.3848667e-03 +1.0477644e+00 +1.4705778e-01 +2.8486778e-03 -1.4399222e-02 -1.8836111e-02 +3.9848889e-04 +8.7954579e+04
7.3311100e-01 +1.0000000e-02 +3.1288033e+00 -1.2322767e-01 +4.2530667e-03 +1.0138122e+00 +1.4326111e-01 +2.7066222e-03 -1.8532667e-02 -1.7950556e-02 +3.2032556e-04 +8.5248955e+04
7.4514800e-01 +1.0000000e-02 +3.1462833e+00 -1.3198833e-01 +4.0809000e-03 +9.8015444e-01 +1.3961889e-01 +2.5748333e-03 -2.2566111e-02 -1.7131889e-02 +2.6754778e-04 +8.2522677e+04
7.5686400e-01 +1.0000000e-02 +3.1680633e+00 -1.3993000e-01 +3.8469333e-03 +9.4845667e-01 +1.3609222e-01 +2.4477556e-03 -2.6624889e-02 -1.6363333e-02 +2.4047667e-04 +7.9744257e+04
7.6825300e-01 +1.0000000e-02 +3.1926700e+00 -1.4687667e-01 +3.5140000e-03 +9.2027778e-01 +1.3264778e-01 +2.3244667e-03 -3.0686333e-02 -1.5690000e-02 +2.2535333e-04 +7.6869361e+04
7.7931200e-01 +1.0000000e-02 +3.2185333e+00 -1.5263600e-01 +3.0569700e-03 +8.9561556e-01 +1.2923778e-01 +2.1981444e-03 -3.4440333e-02 -1.5168000e-02 +2.3693889e-04 +7.3850010e+04
7.9003600e-01 +1.0000000e-02 +3.2441367e+00 -1.5703733e-01 +2.4763100e-03 +8.7289000e-01 +1.2586222e-01 +2.0761778e-03 -3.7586556e-02 -1.4719556e-02 +2.5904000e-04 +7.0651519e+04
8.0042300e-01 +1.0000000e-02 +3.2680567e+00 -1.5991200e-01 +1.7620067e-03 +8.5073667e-01 +1.2258111e-01 +1.9558778e-03 -4.0140444e-02 -1.4250111e-02 +2.7675111e-04 +6.7254954e+04
8.1047200e-01 +1.0000000e-02 +3.2887433e+00 -1.6110267e-01 +9.0425667e-04 +8.2891222e-01 +1.1939889e-01 +1.8333667e-03 -4.2331444e-02 -1.3760444e-02 +3.2523000e-04 +6.3656855e+04
8.2018500e-01 +1.0000000e-02 +3.3044967e+00 -1.6050300e-01 -8.8369667e-05 +8.0760111e-01 +1.1619444e-01 +1.7129889e-03 -4.4243556e-02 -1.3320000e-02 +4.3610444e-04 +5.9865544e+04
8.2956100e-01 +1.0000000e-02 +3.3137033e+00 -1.5808733e-01 -1.1856067e-03 +7.8676778e-01 +1.1279556e-01 +1.5974889e-03 -4.5783667e-02 -1.2955667e-02 +6.2112667e-04 +5.5908165e+04
8.3860300e-01 +1.0000000e-02 +3.3149700e+00 -1.5392367e-01 -2.3379567e-03 +7.6585778e-01 +1.0904222e-01 +1.4895333e-03 -4.6815444e-02 -1.2661889e-02 +8.8205889e-04 +5.1824822e+04
8.4731500e-01 +1.0000000e-02 +3.3071933e+00 -1.4816967e-01 -3.4876000e-03 +7.4389333e-01 +1.0481022e-01 +1.3957556e-03 -4.7203667e-02 -1.2436667e-02 +1.2045444e-03 +4.7661736e+04
8.5570000e-01 +1.0000000e-02 +3.2895933e+00 -1.4104067e-01 -4.5883000e-03 +7.2002444e-01 +1.0006000e-01 +1.3193556e-03 -4.6858778e-02 -1.2257667e-02 +1.5527556e-03 +4.3477193e+04
8.6376300e-01 +1.0000000e-02 +3.2616900e+00 -1.3276833e-01 -5.6153333e-03 +6.9388778e-01 +9.4833889e-02 +1.2565667e-03 -4.5770000e-02 -1.2090000e-02 +1.8995111e-03 +3.9331888e+04
8.7151000e-01 +1.0000000e-02 +3.2232433e+00 -1.2357867e-01 -6.5588333e-03 +6.6548444e-01 +8.9207667e-02 +1.2052222e-03 -4.3967000e-02 -1.1919778e-02 +2.2328222e-03 +3.5286074e+04
8.7894700e-01 +1.0000000e-02 +3.1742033e+00 -1.1369133e-01 -7.4099000e-03 +6.3495222e-01 +8.3263111e-02 +1.1638778e-03 -4.1482000e-02 -1.1740111e-02 +2.5435444e-03 +3.1394296e+04
8.8608000e-01 +1.0000000e-02 +3.1146967e+00 -1.0332633e-01 -8.1527000e-03 +6.0240667e-01 +7.7085111e-02 +1.1304667e-03 -3.8357333e-02 -1.1538333e-02 +2.8239667e-03 +2.7702207e+04
8.9291700e-01 +1.0000000e-02 +3.0450133e+00 -9.2709667e-02 -8.7629667e-03 +5.6786778e-01 +7.0761444e-02 +1.1043778e-03 -3.4657667e-02 -1.1297556e-02 +3.0670333e-03 +2.4244124e+04
8.9946400e-01 +1.0000000e-02 +2.9656433e+00 -8.2073333e-02 -9.2117667e-03 +5.3131444e-01 +6.4384778e-02 +1.0852578e-03 -3.0483889e-02 -1.0991011e-02 +3.2623111e-03 +2.1044611e+04
9.0573000e-01 +1.0000000e-02 +2.8772733e+00 -7.1647667e-02 -9.4725333e-03 +4.9281000e-01 +5.8054778e-02 +1.0701867e-03 -2.5987111e-02 -1.0580800e-02 +3.3986444e-03 +1.8118086e+04
9.1172200e-01 +1.0000000e-02 +2.7807800e+00 -6.1648000e-02 -9.5282000e-03 +4.5259778e-01 +5.1873444e-02 +1.0550067e-03 -2.1368111e-02 -1.0031489e-02 +3.4694667e-03 +1.5471399e+04
9.1744900e-01 +1.0000000e-02 +2.6772067e+00 -5.2262333e-02 -9.3754667e-03 +4.1115444e-01 +4.5933778e-02 +1.0363311e-03 -1.6853778e-02 -9.3253667e-03 +3.4741889e-03 +1.3103770e+04
9.2291900e-01 +1.0000000e-02 +2.5677233e+00 -4.3640333e-02 -9.0260000e-03 +3.6918333e-01 +4.0312000e-02 +1.0114522e-03 -1.2661667e-02 -8.4684111e-03 +3.4173222e-03 +1.1008556e+04
9.2814000e-01 +1.0000000e-02 +2.4535667e+00 -3.5886000e-02 -8.5048667e-03 +3.2754111e-01 +3.5062444e-02 +9.7807889e-04 -8.9671444e-03 -7.4876889e-03 +3.3075000e-03 +9.1741950e+03
9.3312100e-01 +1.0000000e-02 +2.3359967e+00 -2.9055700e-02 -7.8476000e-03 +2.8713556e-01 +3.0217778e-02 +9.3497333e-04 -5.8844000e-03 -6.4265778e-03 +3.1559556e-03 +7.5852244e+03
9.3787000e-01 +1.0000000e-02 +2.2162267e+00 -2.3161167e-02 -7.0962000e-03 +2.4882000e-01 +2.5792000e-02 +8.8270667e-04 -3.4599444e-03 -5.3391222e-03 +2.9745111e-03 +6.2235033e+03
9.4239600e-01 +1.0000000e-02 +2.0953867e+00 -1.8173967e-02 -6.2944333e-03 +2.1330889e-01 +2.1785000e-02 +8.2386667e-04 -1.6773333e-03 -4.2826444e-03 +2.7735222e-03 +5.0689084e+03
9.4670700e-01 +1.0000000e-02 +1.9744733e+00 -1.4034300e-02 -5.4836000e-03 +1.8111667e-01 +1.8188556e-02 +7.6236333e-04 -4.6970111e-04 -3.3094333e-03 +2.5605000e-03 +4.1002938e+03
9.5081100e-01 +1.0000000e-02 +1.8543367e+00 -1.0660367e-02 -4.6987333e-03 +1.5253444e-01 +1.4990222e-02 +7.0206889e-04 +2.6281667e-04 -2.4596222e-03 +2.3398667e-03 +3.2961847e+03
9.5471600e-01 +1.0000000e-02 +1.7356633e+00 -7.9580667e-03 -3.9661000e-03 +1.2763444e-01 +1.2175667e-02 +6.4562444e-04 +6.3444111e-04 -1.7567667e-03 +2.1139000e-03 +2.6353360e+03
9.5843100e-01 +1.0000000e-02 +1.6189900e+00 -5.8295667e-03 -3.3026067e-03 +1.0630389e-01 +9.7300000e-03 +5.9398667e-04 +7.5720778e-04 -1.2068333e-03 +1.8842556e-03 +2.0973253e+03
9.6196300e-01 +1.0000000e-02 +1.5047000e+00 -4.1800000e-03 -2.7160667e-03 +8.8286444e-02 +7.6366000e-03 +5.4666556e-04 +7.2865222e-04 -8.0043111e-04 +1.6532111e-03 +1.6631494e+03
9.6532000e-01 +1.0000000e-02 +1.3930633e+00 -2.9223367e-03 -2.2070933e-03 +7.3237667e-02 +5.8758667e-03 +5.0232111e-04 +6.2471000e-04 -5.1711667e-04 +1.4242667e-03 +1.3154409e+03
9.6851000e-01 +1.0000000e-02 +1.2842400e+00 -1.9799733e-03 -1.7712533e-03 +6.0771111e-02 +4.4240667e-03 +4.5941111e-04 +4.9770556e-04 -3.3086444e-04 +1.2020778e-03 +1.0387885e+03
9.7153900e-01 +1.0000000e-02 +1.1783167e+00 -1.2875833e-03 -1.4013733e-03 +5.0496333e-02 +3.2529556e-03 +4.1667778e-04 +3.7842556e-04 -2.1510556e-04 +9.9173000e-04 +8.1985745e+02
9.7441500e-01 +1.0000000e-02 +1.0753200e+00 -7.9081667e-04 -1.0894567e-03 +4.2043889e-02 +2.3304778e-03 +3.7341000e-04 +2.8075333e-04 -1.4645667e-04 +7.9798222e-04 +6.4728659e+02
9.7714500e-01 +1.0000000e-02 +9.7522000e-01 -4.4514667e-04 -8.2803000e-04 +3.5079556e-02 +1.6222111e-03 +3.2947778e-04 +2.0723000e-04 -1.0669022e-04 +6.2461778e-04 +5.1166412e+02
9.7973500e-01 +1.0000000e-02 +8.7796000e-01 -2.1443333e-04 -6.1078333e-04 +2.9308889e-02 +1.0932378e-03 +2.8523222e-04 +1.5423556e-04 -8.3121444e-05 +4.7407222e-04 +4.0534024e+02
9.8219200e-01 +1.0000000e-02 +7.8346333e-01 -6.9487000e-05 -4.3270667e-04 +2.4476222e-02 +7.0991000e-04 +2.4136222e-04 +1.1598333e-04 -6.7876556e-05 +3.4736667e-04 +3.2224465e+02
9.8452200e-01 +1.0000000e-02 +6.9162000e-01 +1.3188367e-05 -2.8982300e-04 +2.0361556e-02 +4.4131667e-04 +1.9875556e-04 +8.7087889e-05 -5.6641444e-05 +2.4424222e-04 +2.5772995e+02
9.8673100e-01 +1.0000000e-02 +6.0232333e-01 +5.2405667e-05 -1.7877000e-04 +1.6778222e-02 +2.6024333e-04 +1.5839111e-04 +6.3800111e-05 -4.7350667e-05 +1.6340000e-04 +2.0842672e+02
9.8882500e-01 +1.0000000e-02 +5.1544000e-01 +6.3073000e-05 -9.6364333e-05 +1.3573778e-02 +1.4365111e-04 +1.2124000e-04 +4.4243333e-05 -3.9118000e-05 +1.0274644e-04 +1.7215872e+02
9.9080900e-01 +1.0000000e-02 +4.3084333e-01 +5.6791667e-05 -3.9281667e-05 +1.0635033e-02 +7.2745111e-05 +8.8183778e-05 +2.8003000e-05 -3.1533667e-05 +5.9625889e-05 +1.4793806e+02
9.9268900e-01 +1.0000000e-02 +3.4839667e-01 +4.2333667e-05 -3.8784667e-06 +7.8972000e-03 +3.2734444e-05 +5.9922000e-05 +1.5418444e-05 -2.4327778e-05 +3.1028222e-05 +1.3602321e+02
9.9447000e-01 +1.0000000e-02 +2.6796467e-01 +2.6041367e-05 +1.3843067e-05 +5.3576556e-03 +1.2403667e-05 +3.6913889e-05 +6.8476111e-06 -1.7324444e-05 +1.3782778e-05 +1.3807279e+02
9.9615600e-01 +1.0000000e-02 +1.8941867e-01 +1.2178033e-05 +1.8173867e-05 +3.0918667e-03 +3.5878444e-06 +1.9363222e-05 +2.1156333e-06 -1.0584811e-05 +4.7509889e-06 +1.5729073e+02
9.9775300e-01 +1.0000000e-02 +1.1264500e-01 +3.2324633e-06 +1.3587600e-05 +1.2694667e-03 +6.4956333e-07 +7.3110667e-06 +3.0446222e-07 -4.6290556e-06 +1.0167844e-06 +1.9830622e+02
9.9926500e-01 +1.0000000e-02 +3.7566667e-02 +0.0000000e+00 +4.6307667e-06 +1.6681111e-04 +4.3728889e-08 +9.0233889e-07 -7.9818222e-09 -6.5432889e-07 +6.2807444e-08 +2.6037849e+02
1.0000000e+00 +1.0000000e-02 +0.0000000e+00 +0.0000000e+00 +0.0000000e+00 +0.0000000e+00 +0.0000000e+00 +0.0000000e+00 +0.0000000e+00 +0.0000000e+00 +0.0000000e+00 +2.6035111e+02
