#    y              z              <u>            <v>            <w>            <u'u'>         <v'v'>         <w'w'>         <u'v'>         <u'w'>         <v'w'>         <eps>         
#----------------------------------------------------------------------------------------------------------------------------------------------------------------------------------
0.0000000e+00 +1.0000000e-01 +0.0000000e+00 +0.0000000e+00 +0.0000000e+00 +0.0000000e+00 +0.0000000e+00 +0.0000000e+00 +0.0000000e+00 +0.0000000e+00 +0.0000000e+00 +6.5146667e+03
7.3500000e-04 +1.0000000e-01 +2.2209800e-01 -2.5209900e-04 +8.4705333e-03 +2.9736556e-03 +5.1578111e-07 +6.3043667e-04 -9.4574444e-06 +2.0628667e-04 -4.1312222e-06 +6.5156368e+03
2.2470000e-03 +1.0000000e-01 +6.7654333e-01 -9.7472000e-04 +2.4699900e-02 +2.7564111e-02 +7.6857111e-06 +5.2606778e-03 -1.4551667e-04 +1.8527444e-03 -5.8001222e-05 +6.3290877e+03
3.8440000e-03 +1.0000000e-01 +1.1536133e+00 -2.2237700e-03 +4.0336667e-02 +8.0196111e-02 +4.2146111e-05 +1.3859111e-02 -6.6751778e-04 +5.2188889e-03 -2.4666222e-04 +6.1889371e+03
5.5300000e-03 +1.0000000e-01 +1.6539300e+00 -4.0367000e-03 +5.5199000e-02 +1.6496889e-01 +1.4334556e-04 +2.5756333e-02 -1.9267444e-03 +1.0366489e-02 -6.6428111e-04 +6.0856416e+03
7.3110000e-03 +1.0000000e-01 +2.1778533e+00 -6.4462000e-03 +6.9103000e-02 +2.8587000e-01 +3.6892222e-04 +4.0257667e-02 -4.3507111e-03 +1.7305889e-02 -1.4089333e-03 +5.9942243e+03
9.1910000e-03 +1.0000000e-01 +2.7253600e+00 -9.4791667e-03 +8.1855000e-02 +4.4606111e-01 +7.9328000e-04 +5.6659000e-02 -8.4216889e-03 +2.5958333e-02 -2.5811000e-03 +5.8954215e+03
1.1175000e-02 +1.0000000e-01 +3.2959100e+00 -1.3155200e-02 +9.3246333e-02 +6.4699444e-01 +1.5059333e-03 +7.4271889e-02 -1.4634667e-02 +3.6110111e-02 -4.2797667e-03 +5.7800481e+03
1.3269000e-02 +1.0000000e-01 +3.8883333e+00 -1.7484733e-02 +1.0305167e-01 +8.8751000e-01 +2.6096111e-03 +9.2455556e-02 -2.3436889e-02 +4.7367556e-02 -6.5958333e-03 +5.6512720e+03
1.5478000e-02 +1.0000000e-01 +4.5007667e+00 -2.2467667e-02 +1.1102600e-01 +1.1631667e+00 +4.2178444e-03 +1.1064989e-01 -3.5156778e-02 +5.9135778e-02 -9.6035333e-03 +5.5237527e+03
1.7808000e-02 +1.0000000e-01 +5.1305333e+00 -2.8091667e-02 +1.1691033e-01 +1.4659556e+00 +6.4522111e-03 +1.2840556e-01 -4.9933889e-02 +7.0638000e-02 -1.3350889e-02 +5.4194986e+03
2.0265000e-02 +1.0000000e-01 +5.7742667e+00 -3.4331333e-02 +1.2043967e-01 +1.7846778e+00 +9.4388667e-03 +1.4540444e-01 -6.7663000e-02 +8.0988000e-02 -1.7852000e-02 +5.3614400e+03
2.2855000e-02 +1.0000000e-01 +6.4277667e+00 -4.1147667e-02 +1.2136167e-01 +2.1057667e+00 +1.3304778e-02 +1.6147222e-01 -8.7963111e-02 +8.9304889e-02 -2.3081778e-02 +5.3666173e+03
2.5585000e-02 +1.0000000e-01 +7.0864000e+00 -4.8488000e-02 +1.1946200e-01 +2.4146444e+00 +1.8173778e-02 +1.7657222e-01 -1.1017989e-01 +9.4844556e-02 -2.8977222e-02 +5.4410074e+03
2.8461000e-02 +1.0000000e-01 +7.7450000e+00 -5.6287333e-02 +1.1459067e-01 +2.6972667e+00 +2.4163444e-02 +1.9078333e-01 -1.3342222e-01 +9.7112111e-02 -3.5443000e-02 +5.5771075e+03
3.1490000e-02 +1.0000000e-01 +8.3982333e+00 -6.4469667e-02 +1.0669167e-01 +2.9416111e+00 +3.1381556e-02 +2.0426000e-01 -1.5663333e-01 +9.5926222e-02 -4.2361111e-02 +5.7553491e+03
3.4680000e-02 +1.0000000e-01 +9.0406333e+00 -7.2949000e-02 +9.5820667e-02 +3.1387333e+00 +3.9924000e-02 +2.1718333e-01 -1.7868111e-01 +9.1420222e-02 -4.9600667e-02 +5.9486011e+03
3.8037000e-02 +1.0000000e-01 +9.6670333e+00 -8.1633333e-02 +8.2153667e-02 +3.2834778e+00 +4.9872667e-02 +2.2969444e-01 -1.9845889e-01 +8.3980889e-02 -5.7025667e-02 +6.1279511e+03
4.1569000e-02 +1.0000000e-01 +1.0272567e+01 -9.0424000e-02 +6.5983667e-02 +3.3745444e+00 +6.1293667e-02 +2.4183889e-01 -2.1498111e-01 +7.4140556e-02 -6.4495556e-02 +6.2685327e+03
4.5284000e-02 +1.0000000e-01 +1.0852767e+01 -9.9217667e-02 +4.7701000e-02 +3.4142333e+00 +7.4235889e-02 +2.5353222e-01 -2.2746000e-01 +6.2455333e-02 -7.1863444e-02 +6.3529652e+03
4.9189000e-02 +1.0000000e-01 +1.1403833e+01 -1.0790433e-01 +2.7766867e-02 +3.4078778e+00 +8.8731889e-02 +2.6455778e-01 -2.3535556e-01 +4.9411444e-02 -7.8972556e-02 +6.3722114e+03
5.3293000e-02 +1.0000000e-01 +1.1922567e+01 -1.1636733e-01 +6.6837000e-03 +3.3631556e+00 +1.0480044e-01 +2.7462889e-01 -2.3840000e-01 +3.5395444e-02 -8.5657556e-02 +6.3246153e+03
5.7604000e-02 +1.0000000e-01 +1.2406500e+01 -1.2447800e-01 -1.5035967e-02 +3.2891556e+00 +1.2245111e-01 +2.8346667e-01 -2.3659111e-01 +2.0722111e-02 -9.1750889e-02 +6.2140707e+03
6.2130000e-02 +1.0000000e-01 +1.2853867e+01 -1.3209733e-01 -3.6894667e-02 +3.1954667e+00 +1.4168556e-01 +2.9090667e-01 -2.3016222e-01 +5.6684889e-03 -9.7091778e-02 +6.0492807e+03
6.6879000e-02 +1.0000000e-01 +1.3263600e+01 -1.3907300e-01 -5.8429333e-02 +3.0912444e+00 +1.6250000e-01 +2.9694333e-01 -2.1953333e-01 -9.5422111e-03 -1.0153567e-01 +5.8436385e+03
7.1860000e-02 +1.0000000e-01 +1.3635333e+01 -1.4524433e-01 -7.9220000e-02 +2.9846111e+00 +1.8486556e-01 +3.0170667e-01 -2.0526444e-01 -2.4792000e-02 -1.0495956e-01 +5.6133880e+03
7.7081000e-02 +1.0000000e-01 +1.3969467e+01 -1.5044667e-01 -9.8888667e-02 +2.8824333e+00 +2.0872889e-01 +3.0539889e-01 -1.8802000e-01 -4.0101667e-02 -1.0726733e-01 +5.3747623e+03
8.2551000e-02 +1.0000000e-01 +1.4266900e+01 -1.5451900e-01 -1.1708600e-01 +2.7902556e+00 +2.3400111e-01 +3.0825222e-01 -1.6852111e-01 -5.5630222e-02 -1.0839333e-01 +5.1423562e+03
8.8278000e-02 +1.0000000e-01 +1.4529000e+01 -1.5731133e-01 -1.3348267e-01 +2.7123444e+00 +2.6056111e-01 +3.1054000e-01 -1.4750000e-01 -7.1663222e-02 -1.0830378e-01 +4.9283465e+03
9.4270000e-02 +1.0000000e-01 +1.4757433e+01 -1.5869167e-01 -1.4776767e-01 +2.6517889e+00 +2.8825778e-01 +3.1256778e-01 -1.2563889e-01 -8.8611000e-02 -1.0699511e-01 +4.7421973e+03
1.0053600e-01 +1.0000000e-01 +1.4954133e+01 -1.5855300e-01 -1.5965033e-01 +2.6106889e+00 +3.1692778e-01 +3.1465333e-01 -1.0354089e-01 -1.0700489e-01 -1.0449033e-01 +4.5912767e+03
1.0708300e-01 +1.0000000e-01 +1.5121167e+01 -1.5681867e-01 -1.6886200e-01 +2.5901222e+00 +3.4642889e-01 +3.1711111e-01 -8.1728222e-02 -1.2742778e-01 -1.0084933e-01 +4.4813810e+03
1.1392000e-01 +1.0000000e-01 +1.5260467e+01 -1.5344767e-01 -1.7516400e-01 +2.5903889e+00 +3.7666778e-01 +3.2027778e-01 -6.0617444e-02 -1.5040778e-01 -9.6184778e-02 +4.4157480e+03
1.2105300e-01 +1.0000000e-01 +1.5374067e+01 -1.4844067e-01 -1.7837000e-01 +2.6113889e+00 +4.0760222e-01 +3.2450222e-01 -4.0476556e-02 -1.7629778e-01 -9.0639667e-02 +4.3943911e+03
1.2849000e-01 +1.0000000e-01 +1.5463867e+01 -1.4184400e-01 -1.7838200e-01 +2.6526667e+00 +4.3921333e-01 +3.2998333e-01 -2.1428111e-02 -2.0512889e-01 -8.4341333e-02 +4.4164191e+03
1.3623700e-01 +1.0000000e-01 +1.5531600e+01 -1.3374867e-01 -1.7521267e-01 +2.7132667e+00 +4.7147889e-01 +3.3668667e-01 -3.5234444e-03 -2.3659333e-01 -7.7385556e-02 +4.4824801e+03
1.4430000e-01 +1.0000000e-01 +1.5579033e+01 -1.2428033e-01 -1.6897100e-01 +2.7917222e+00 +5.0434889e-01 +3.4448333e-01 +1.3231333e-02 -2.7024667e-01 -6.9856222e-02 +4.5927923e+03
1.5268500e-01 +1.0000000e-01 +1.5607833e+01 -1.1359600e-01 -1.5980267e-01 +2.8864889e+00 +5.3773444e-01 +3.5330444e-01 +2.8963667e-02 -3.0575444e-01 -6.1883556e-02 +4.7466163e+03
1.6139700e-01 +1.0000000e-01 +1.5619600e+01 -1.0186700e-01 -1.4784867e-01 +2.9964000e+00 +5.7156000e-01 +3.6322667e-01 +4.3971889e-02 -3.4299667e-01 -5.3695778e-02 +4.9429156e+03
1.7043900e-01 +1.0000000e-01 +1.5615767e+01 -8.9279000e-02 -1.3329067e-01 +3.1208667e+00 +6.0584444e-01 +3.7456222e-01 +5.8513000e-02 -3.8189556e-01 -4.5628667e-02 +5.1786089e+03
1.7981500e-01 +1.0000000e-01 +1.5597600e+01 -7.6040000e-02 -1.1644267e-01 +3.2605222e+00 +6.4072667e-01 +3.8752111e-01 +7.2609778e-02 -4.2226556e-01 -3.8051889e-02 +5.4480638e+03
1.8952800e-01 +1.0000000e-01 +1.5566000e+01 -6.2353667e-02 -9.7756667e-02 +3.4167444e+00 +6.7640444e-01 +4.0174444e-01 +8.6169667e-02 -4.6374444e-01 -3.1270222e-02 +5.7454512e+03
1.9957700e-01 +1.0000000e-01 +1.5522133e+01 -4.8424667e-02 -7.7693667e-02 +3.5880778e+00 +7.1300000e-01 +4.1669556e-01 +9.9075889e-02 -5.0596667e-01 -2.5442556e-02 +6.0705598e+03
2.0996400e-01 +1.0000000e-01 +1.5467767e+01 -3.4475000e-02 -5.6670333e-02 +3.7689778e+00 +7.5048222e-01 +4.3200000e-01 +1.1099444e-01 -5.4864111e-01 -2.0570000e-02 +6.4267204e+03
2.2068800e-01 +1.0000000e-01 +1.5405333e+01 -2.0732400e-02 -3.5099667e-02 +3.9527444e+00 +7.8873444e-01 +4.4727000e-01 +1.2128667e-01 -5.9093000e-01 -1.6622111e-02 +6.8075131e+03
2.3174700e-01 +1.0000000e-01 +1.5337633e+01 -7.3974667e-03 -1.3439300e-02 +4.1326333e+00 +8.2765222e-01 +4.6242333e-01 +1.2910667e-01 -6.3116444e-01 -1.3695333e-02 +7.1992328e+03
2.4313600e-01 +1.0000000e-01 +1.5267467e+01 +5.3629667e-03 +7.6107000e-03 +4.3019778e+00 +8.6703111e-01 +4.7764556e-01 +1.3343556e-01 -6.6734778e-01 -1.1963111e-02 +7.5927777e+03
2.5485200e-01 +1.0000000e-01 +1.5197000e+01 +1.7419333e-02 +2.7132833e-02 +4.4563000e+00 +9.0649778e-01 +4.9257111e-01 +1.3374889e-01 -6.9842000e-01 -1.1078778e-02 +7.9849120e+03
2.6688900e-01 +1.0000000e-01 +1.5128367e+01 +2.8525433e-02 +4.4307333e-02 +4.5915444e+00 +9.4554556e-01 +5.0713222e-01 +1.3025222e-01 -7.2362667e-01 -1.0468333e-02 +8.3717983e+03
2.7923700e-01 +1.0000000e-01 +1.5063733e+01 +3.8278333e-02 +5.8462000e-02 +4.7071444e+00 +9.8353000e-01 +5.2152667e-01 +1.2295444e-01 -7.4342444e-01 -9.9042889e-03 +8.7392365e+03
2.9189000e-01 +1.0000000e-01 +1.5004167e+01 +4.6376000e-02 +6.9337667e-02 +4.8069556e+00 +1.0199933e+00 +5.3516556e-01 +1.1259222e-01 -7.6016556e-01 -9.4712667e-03 +9.0766275e+03
3.0483500e-01 +1.0000000e-01 +1.4950533e+01 +5.2662000e-02 +7.7198667e-02 +4.8938556e+00 +1.0546856e+00 +5.4825000e-01 +1.0011589e-01 -7.7609556e-01 -9.6998778e-03 +9.3784027e+03
3.1806100e-01 +1.0000000e-01 +1.4903733e+01 +5.7067000e-02 +8.2476000e-02 +4.9711778e+00 +1.0869556e+00 +5.6190111e-01 +8.5757444e-02 -7.9204333e-01 -1.0616478e-02 +9.6443524e+03
3.3155400e-01 +1.0000000e-01 +1.4864867e+01 +5.9576333e-02 +8.5653667e-02 +5.0418333e+00 +1.1160222e+00 +5.7638111e-01 +6.9690889e-02 -8.0777667e-01 -1.0991644e-02 +9.8687318e+03
3.4530000e-01 +1.0000000e-01 +1.4834633e+01 +6.0204000e-02 +8.6628667e-02 +5.1068889e+00 +1.1414778e+00 +5.8851889e-01 +5.1682333e-02 -8.2268333e-01 -1.0368711e-02 +1.0033855e+04
3.5928100e-01 +1.0000000e-01 +1.4813733e+01 +5.8819333e-02 +8.5310333e-02 +5.1621667e+00 +1.1630889e+00 +5.9722222e-01 +3.3404667e-02 -8.3504778e-01 -9.7193778e-03 +1.0133050e+04
3.7348100e-01 +1.0000000e-01 +1.4802533e+01 +5.5506333e-02 +8.1915667e-02 +5.2002111e+00 +1.1811778e+00 +6.0553444e-01 +1.8191667e-02 -8.4335667e-01 -9.8580778e-03 +1.0179197e+04
3.8788000e-01 +1.0000000e-01 +1.4801067e+01 +5.0715667e-02 +7.6989667e-02 +5.2209222e+00 +1.1966111e+00 +6.1397667e-01 +7.4007556e-03 -8.4812444e-01 -1.0627711e-02 +1.0176653e+04
4.0245700e-01 +1.0000000e-01 +1.4807100e+01 +4.4828000e-02 +7.1271000e-02 +5.2309000e+00 +1.2100889e+00 +6.2131444e-01 +6.9975778e-05 -8.5043556e-01 -1.1562667e-02 +1.0139481e+04
4.1719100e-01 +1.0000000e-01 +1.4817300e+01 +3.8125333e-02 +6.5384333e-02 +5.2312778e+00 +1.2219667e+00 +6.2667556e-01 -5.4080333e-03 -8.4940444e-01 -1.1380111e-02 +1.0092847e+04
4.3206000e-01 +1.0000000e-01 +1.4829667e+01 +3.0915433e-02 +5.9067333e-02 +5.2210778e+00 +1.2324667e+00 +6.3050000e-01 -1.0001833e-02 -8.4502333e-01 -9.9737667e-03 +1.0047563e+04
4.4704100e-01 +1.0000000e-01 +1.4842300e+01 +2.3419033e-02 +5.3034000e-02 +5.2039000e+00 +1.2414333e+00 +6.3408444e-01 -1.1662889e-02 -8.3997222e-01 -8.1672111e-03 +1.0004226e+04
4.6210900e-01 +1.0000000e-01 +1.4852433e+01 +1.5837000e-02 +4.7945667e-02 +5.1892778e+00 +1.2482222e+00 +6.3737444e-01 -9.7975444e-03 -8.3753778e-01 -6.1868333e-03 +9.9749030e+03
4.7724000e-01 +1.0000000e-01 +1.4859133e+01 +8.0641667e-03 +4.4500000e-02 +5.1830889e+00 +1.2523889e+00 +6.4019889e-01 -6.0449333e-03 -8.3852000e-01 -4.3085889e-03 +9.9601768e+03
4.9240900e-01 +1.0000000e-01 +1.4863067e+01 +0.0000000e+00 +4.2708333e-02 +5.1802556e+00 +1.2542556e+00 +6.4228333e-01 -2.0512333e-03 -8.4027667e-01 -1.6892667e-03 +9.9482440e+03
5.0759100e-01 +1.0000000e-01 +1.4863067e+01 -8.0641667e-03 +4.2708333e-02 +5.1802556e+00 +1.2542556e+00 +6.4228333e-01 +2.0512333e-03 -8.4027667e-01 +1.6892667e-03 +9.9482440e+03
5.2276000e-01 +1.0000000e-01 +1.4859133e+01 -1.5837000e-02 +4.4500000e-02 +5.1830889e+00 +1.2523889e+00 +6.4019889e-01 +6.0449333e-03 -8.3852000e-01 +4.3085889e-03 +9.9601768e+03
5.3789100e-01 +1.0000000e-01 +1.4852433e+01 -2.3419033e-02 +4.7945667e-02 +5.1892778e+00 +1.2482222e+00 +6.3737444e-01 +9.7975444e-03 -8.3753778e-01 +6.1868333e-03 +9.9749030e+03
5.5295900e-01 +1.0000000e-01 +1.4842300e+01 -3.0915433e-02 +5.3034000e-02 +5.2039000e+00 +1.2414333e+00 +6.3408444e-01 +1.1662889e-02 -8.3997222e-01 +8.1672111e-03 +1.0004226e+04
5.6794000e-01 +1.0000000e-01 +1.4829667e+01 -3.8125333e-02 +5.9067333e-02 +5.2210778e+00 +1.2324667e+00 +6.3050000e-01 +1.0001833e-02 -8.4502333e-01 +9.9737667e-03 +1.0047563e+04
5.8280900e-01 +1.0000000e-01 +1.4817300e+01 -4.4828000e-02 +6.5384333e-02 +5.2312778e+00 +1.2219667e+00 +6.2667556e-01 +5.4080333e-03 -8.4940444e-01 +1.1380111e-02 +1.0092847e+04
5.9754300e-01 +1.0000000e-01 +1.4807100e+01 -5.0715667e-02 +7.1271000e-02 +5.2309000e+00 +1.2100889e+00 +6.2131444e-01 -6.9975778e-05 -8.5043556e-01 +1.1562667e-02 +1.0139481e+04
6.1212000e-01 +1.0000000e-01 +1.4801067e+01 -5.5506333e-02 +7.6989667e-02 +5.2209222e+00 +1.1966111e+00 +6.1397667e-01 -7.4007556e-03 -8.4812444e-01 +1.0627711e-02 +1.0176653e+04
6.2651900e-01 +1.0000000e-01 +1.4802533e+01 -5.8819333e-02 +8.1915667e-02 +5.2002111e+00 +1.1811778e+00 +6.0553444e-01 -1.8191667e-02 -8.4335667e-01 +9.8580778e-03 +1.0179197e+04
6.4071900e-01 +1.0000000e-01 +1.4813733e+01 -6.0204000e-02 +8.5310333e-02 +5.1621667e+00 +1.1630889e+00 +5.9722222e-01 -3.3404667e-02 -8.3504778e-01 +9.7193778e-03 +1.0133050e+04
6.5470000e-01 +1.0000000e-01 +1.4834633e+01 -5.9576333e-02 +8.6628667e-02 +5.1068889e+00 +1.1414778e+00 +5.8851889e-01 -5.1682333e-02 -8.2268333e-01 +1.0368711e-02 +1.0033855e+04
6.6844600e-01 +1.0000000e-01 +1.4864867e+01 -5.7067000e-02 +8.5653667e-02 +5.0418333e+00 +1.1160222e+00 +5.7638111e-01 -6.9690889e-02 -8.0777667e-01 +1.0991644e-02 +9.8687318e+03
6.8193900e-01 +1.0000000e-01 +1.4903733e+01 -5.2662000e-02 +8.2476000e-02 +4.9711778e+00 +1.0869556e+00 +5.6190111e-01 -8.5757444e-02 -7.9204333e-01 +1.0616478e-02 +9.6443524e+03
6.9516500e-01 +1.0000000e-01 +1.4950533e+01 -4.6376000e-02 +7.7198667e-02 +4.8938556e+00 +1.0546856e+00 +5.4825000e-01 -1.0011589e-01 -7.7609556e-01 +9.6998778e-03 +9.3784027e+03
7.0811000e-01 +1.0000000e-01 +1.5004167e+01 -3.8278333e-02 +6.9337667e-02 +4.8069556e+00 +1.0199933e+00 +5.3516556e-01 -1.1259222e-01 -7.6016556e-01 +9.4712667e-03 +9.0766275e+03
7.2076300e-01 +1.0000000e-01 +1.5063733e+01 -2.8525433e-02 +5.8462000e-02 +4.7071444e+00 +9.8353000e-01 +5.2152667e-01 -1.2295444e-01 -7.4342444e-01 +9.9042889e-03 +8.7392365e+03
7.3311100e-01 +1.0000000e-01 +1.5128367e+01 -1.7419333e-02 +4.4307333e-02 +4.5915444e+00 +9.4554556e-01 +5.0713222e-01 -1.3025222e-01 -7.2362667e-01 +1.0468333e-02 +8.3717983e+03
7.4514800e-01 +1.0000000e-01 +1.5197000e+01 -5.3629667e-03 +2.7132833e-02 +4.4563000e+00 +9.0649778e-01 +4.9257111e-01 -1.3374889e-01 -6.9842000e-01 +1.1078778e-02 +7.9849120e+03
7.5686400e-01 +1.0000000e-01 +1.5267467e+01 +7.3974667e-03 +7.6107000e-03 +4.3019778e+00 +8.6703111e-01 +4.7764556e-01 -1.3343556e-01 -6.6734778e-01 +1.1963111e-02 +7.5927777e+03
7.6825300e-01 +1.0000000e-01 +1.5337633e+01 +2.0732400e-02 -1.3439300e-02 +4.1326333e+00 +8.2765222e-01 +4.6242333e-01 -1.2910667e-01 -6.3116444e-01 +1.3695333e-02 +7.1992328e+03
7.7931200e-01 +1.0000000e-01 +1.5405333e+01 +3.4475000e-02 -3.5099667e-02 +3.9527444e+00 +7.8873444e-01 +4.4727000e-01 -1.2128667e-01 -5.9093000e-01 +1.6622111e-02 +6.8075131e+03
7.9003600e-01 +1.0000000e-01 +1.5467767e+01 +4.8424667e-02 -5.6670333e-02 +3.7689778e+00 +7.5048222e-01 +4.3200000e-01 -1.1099444e-01 -5.4864111e-01 +2.0570000e-02 +6.4267204e+03
8.0042300e-01 +1.0000000e-01 +1.5522133e+01 +6.2353667e-02 -7.7693667e-02 +3.5880778e+00 +7.1300000e-01 +4.1669556e-01 -9.9075889e-02 -5.0596667e-01 +2.5442556e-02 +6.0705598e+03
8.1047200e-01 +1.0000000e-01 +1.5566000e+01 +7.6040000e-02 -9.7756667e-02 +3.4167444e+00 +6.7640444e-01 +4.0174444e-01 -8.6169667e-02 -4.6374444e-01 +3.1270222e-02 +5.7454512e+03
8.2018500e-01 +1.0000000e-01 +1.5597600e+01 +8.9279000e-02 -1.1644267e-01 +3.2605222e+00 +6.4072667e-01 +3.8752111e-01 -7.2609778e-02 -4.2226556e-01 +3.8051889e-02 +5.4480638e+03
8.2956100e-01 +1.0000000e-01 +1.5615767e+01 +1.0186700e-01 -1.3329067e-01 +3.1208667e+00 +6.0584444e-01 +3.7456222e-01 -5.8513000e-02 -3.8189556e-01 +4.5628667e-02 +5.1786089e+03
8.3860300e-01 +1.0000000e-01 +1.5619600e+01 +1.1359600e-01 -1.4784867e-01 +2.9964000e+00 +5.7156000e-01 +3.6322667e-01 -4.3971889e-02 -3.4299667e-01 +5.3695778e-02 +4.9429156e+03
8.4731500e-01 +1.0000000e-01 +1.5607833e+01 +1.2428033e-01 -1.5980267e-01 +2.8864889e+00 +5.3773444e-01 +3.5330444e-01 -2.8963667e-02 -3.0575444e-01 +6.1883556e-02 +4.7466163e+03
8.5570000e-01 +1.0000000e-01 +1.5579033e+01 +1.3374867e-01 -1.6897100e-01 +2.7917222e+00 +5.0434889e-01 +3.4448333e-01 -1.3231333e-02 -2.7024667e-01 +6.9856222e-02 +4.5927923e+03
8.6376300e-01 +1.0000000e-01 +1.5531600e+01 +1.4184400e-01 -1.7521267e-01 +2.7132667e+00 +4.7147889e-01 +3.3668667e-01 +3.5234444e-03 -2.3659333e-01 +7.7385556e-02 +4.4824801e+03
8.7151000e-01 +1.0000000e-01 +1.5463867e+01 +1.4844067e-01 -1.7838200e-01 +2.6526667e+00 +4.3921333e-01 +3.2998333e-01 +2.1428111e-02 -2.0512889e-01 +8.4341333e-02 +4.4164191e+03
8.7894700e-01 +1.0000000e-01 +1.5374067e+01 +1.5344767e-01 -1.7837000e-01 +2.6113889e+00 +4.0760222e-01 +3.2450222e-01 +4.0476556e-02 -1.7629778e-01 +9.0639667e-02 +4.3943911e+03
8.8608000e-01 +1.0000000e-01 +1.5260467e+01 +1.5681867e-01 -1.7516400e-01 +2.5903889e+00 +3.7666778e-01 +3.2027778e-01 +6.0617444e-02 -1.5040778e-01 +9.6184778e-02 +4.4157480e+03
8.9291700e-01 +1.0000000e-01 +1.5121167e+01 +1.5855300e-01 -1.6886200e-01 +2.5901222e+00 +3.4642889e-01 +3.1711111e-01 +8.1728222e-02 -1.2742778e-01 +1.0084933e-01 +4.4813810e+03
8.9946400e-01 +1.0000000e-01 +1.4954133e+01 +1.5869167e-01 -1.5965033e-01 +2.6106889e+00 +3.1692778e-01 +3.1465333e-01 +1.0354089e-01 -1.0700489e-01 +1.0449033e-01 +4.5912767e+03
9.0573000e-01 +1.0000000e-01 +1.4757433e+01 +1.5731133e-01 -1.4776767e-01 +2.6517889e+00 +2.8825778e-01 +3.1256778e-01 +1.2563889e-01 -8.8611000e-02 +1.0699511e-01 +4.7421973e+03
9.1172200e-01 +1.0000000e-01 +1.4529000e+01 +1.5451900e-01 -1.3348267e-01 +2.7123444e+00 +2.6056111e-01 +3.1054000e-01 +1.4750000e-01 -7.1663222e-02 +1.0830378e-01 +4.9283465e+03
9.1744900e-01 +1.0000000e-01 +1.4266900e+01 +1.5044667e-01 -1.1708600e-01 +2.7902556e+00 +2.3400111e-01 +3.0825222e-01 +1.6852111e-01 -5.5630222e-02 +1.0839333e-01 +5.1423562e+03
9.2291900e-01 +1.0000000e-01 +1.3969467e+01 +1.4524433e-01 -9.8888667e-02 +2.8824333e+00 +2.0872889e-01 +3.0539889e-01 +1.8802000e-01 -4.0101667e-02 +1.0726733e-01 +5.3747623e+03
9.2814000e-01 +1.0000000e-01 +1.3635333e+01 +1.3907300e-01 -7.9220000e-02 +2.9846111e+00 +1.8486556e-01 +3.0170667e-01 +2.0526444e-01 -2.4792000e-02 +1.0495956e-01 +5.6133880e+03
9.3312100e-01 +1.0000000e-01 +1.3263600e+01 +1.3209733e-01 -5.8429333e-02 +3.0912444e+00 +1.6250000e-01 +2.9694333e-01 +2.1953333e-01 -9.5422111e-03 +1.0153567e-01 +5.8436385e+03
9.3787000e-01 +1.0000000e-01 +1.2853867e+01 +1.2447800e-01 -3.6894667e-02 +3.1954667e+00 +1.4168556e-01 +2.9090667e-01 +2.3016222e-01 +5.6684889e-03 +9.7091778e-02 +6.0492807e+03
9.4239600e-01 +1.0000000e-01 +1.2406500e+01 +1.1636733e-01 -1.5035967e-02 +3.2891556e+00 +1.2245111e-01 +2.8346667e-01 +2.3659111e-01 +2.0722111e-02 +9.1750889e-02 +6.2140707e+03
9.4670700e-01 +1.0000000e-01 +1.1922567e+01 +1.0790433e-01 +6.6837000e-03 +3.3631556e+00 +1.0480044e-01 +2.7462889e-01 +2.3840000e-01 +3.5395444e-02 +8.5657556e-02 +6.3246153e+03
9.5081100e-01 +1.0000000e-01 +1.1403833e+01 +9.9217667e-02 +2.7766867e-02 +3.4078778e+00 +8.8731889e-02 +2.6455778e-01 +2.3535556e-01 +4.9411444e-02 +7.8972556e-02 +6.3722114e+03
9.5471600e-01 +1.0000000e-01 +1.0852767e+01 +9.0424000e-02 +4.7701000e-02 +3.4142333e+00 +7.4235889e-02 +2.5353222e-01 +2.2746000e-01 +6.2455333e-02 +7.1863444e-02 +6.3529652e+03
9.5843100e-01 +1.0000000e-01 +1.0272567e+01 +8.1633333e-02 +6.5983667e-02 +3.3745444e+00 +6.1293667e-02 +2.4183889e-01 +2.1498111e-01 +7.4140556e-02 +6.4495556e-02 +6.2685327e+03
9.6196300e-01 +1.0000000e-01 +9.6670333e+00 +7.2949000e-02 +8.2153667e-02 +3.2834778e+00 +4.9872667e-02 +2.2969444e-01 +1.9845889e-01 +8.3980889e-02 +5.7025667e-02 +6.1279511e+03
9.6532000e-01 +1.0000000e-01 +9.0406333e+00 +6.4469667e-02 +9.5820667e-02 +3.1387333e+00 +3.9924000e-02 +2.1718333e-01 +1.7868111e-01 +9.1420222e-02 +4.9600667e-02 +5.9486011e+03
9.6851000e-01 +1.0000000e-01 +8.3982333e+00 +5.6287333e-02 +1.0669167e-01 +2.9416111e+00 +3.1381556e-02 +2.0426000e-01 +1.5663333e-01 +9.5926222e-02 +4.2361111e-02 +5.7553491e+03
9.7153900e-01 +1.0000000e-01 +7.7450000e+00 +4.8488000e-02 +1.1459067e-01 +2.6972667e+00 +2.4163444e-02 +1.9078333e-01 +1.3342222e-01 +9.7112111e-02 +3.5443000e-02 +5.5771075e+03
9.7441500e-01 +1.0000000e-01 +7.0864000e+00 +4.1147667e-02 +1.1946200e-01 +2.4146444e+00 +1.8173778e-02 +1.7657222e-01 +1.1017989e-01 +9.4844556e-02 +2.8977222e-02 +5.4410074e+03
9.7714500e-01 +1.0000000e-01 +6.4277667e+00 +3.4331333e-02 +1.2136167e-01 +2.1057667e+00 +1.3304778e-02 +1.6147222e-01 +8.7963111e-02 +8.9304889e-02 +2.3081778e-02 +5.3666173e+03
9.7973500e-01 +1.0000000e-01 +5.7742667e+00 +2.8091667e-02 +1.2043967e-01 +1.7846778e+00 +9.4388667e-03 +1.4540444e-01 +6.7663000e-02 +8.0988000e-02 +1.7852000e-02 +5.3614400e+03
9.8219200e-01 +1.0000000e-01 +5.1305333e+00 +2.2467667e-02 +1.1691033e-01 +1.4659556e+00 +6.4522111e-03 +1.2840556e-01 +4.9933889e-02 +7.0638000e-02 +1.3350889e-02 +5.4194986e+03
9.8452200e-01 +1.0000000e-01 +4.5007667e+00 +1.7484733e-02 +1.1102600e-01 +1.1631667e+00 +4.2178444e-03 +1.1064989e-01 +3.5156778e-02 +5.9135778e-02 +9.6035333e-03 +5.5237527e+03
9.8673100e-01 +1.0000000e-01 +3.8883333e+00 +1.3155200e-02 +1.0305167e-01 +8.8751000e-01 +2.6096111e-03 +9.2455556e-02 +2.3436889e-02 +4.7367556e-02 +6.5958333e-03 +5.6512720e+03
9.8882500e-01 +1.0000000e-01 +3.2959100e+00 +9.4791667e-03 +9.3246333e-02 +6.4699444e-01 +1.5059333e-03 +7.4271889e-02 +1.4634667e-02 +3.6110111e-02 +4.2797667e-03 +5.7800481e+03
9.9080900e-01 +1.0000000e-01 +2.7253600e+00 +6.4462000e-03 +8.1855000e-02 +4.4606111e-01 +7.9328000e-04 +5.6659000e-02 +8.4216889e-03 +2.5958333e-02 +2.5811000e-03 +5.8954215e+03
9.9268900e-01 +1.0000000e-01 +2.1778533e+00 +4.0367000e-03 +6.9103000e-02 +2.8587000e-01 +3.6892222e-04 +4.0257667e-02 +4.3507111e-03 +1.7305889e-02 +1.4089333e-03 +5.9942243e+03
9.9447000e-01 +1.0000000e-01 +1.6539300e+00 +2.2237700e-03 +5.5199000e-02 +1.6496889e-01 +1.4334556e-04 +2.5756333e-02 +1.9267444e-03 +1.0366489e-02 +6.6428111e-04 +6.0856416e+03
9.9615600e-01 +1.0000000e-01 +1.1536133e+00 +9.7472000e-04 +4.0336667e-02 +8.0196111e-02 +4.2146111e-05 +1.3859111e-02 +6.6751778e-04 +5.2188889e-03 +2.4666222e-04 +6.1889371e+03
9.9775300e-01 +1.0000000e-01 +6.7654333e-01 +2.5209900e-04 +2.4699900e-02 +2.7564111e-02 +7.6857111e-06 +5.2606778e-03 +1.4551667e-04 +1.8527444e-03 +5.8001222e-05 +6.3290877e+03
9.9926500e-01 +1.0000000e-01 +2.2209800e-01 +0.0000000e+00 +8.4705333e-03 +2.9736556e-03 +5.1578111e-07 +6.3043667e-04 +9.4574444e-06 +2.0628667e-04 +4.1312222e-06 +6.5156368e+03
1.0000000e+00 +1.0000000e-01 +0.0000000e+00 +0.0000000e+00 +0.0000000e+00 +0.0000000e+00 +0.0000000e+00 +0.0000000e+00 +0.0000000e+00 +0.0000000e+00 +0.0000000e+00 +6.5146667e+03
