#    y              z              <u>            <v>            <w>            <u'u'>         <v'v'>         <w'w'>         <u'v'>         <u'w'>         <v'w'>         <eps>         
#----------------------------------------------------------------------------------------------------------------------------------------------------------------------------------
0.0000000e+00 +3.0000000e-01 +0.0000000e+00 +0.0000000e+00 +0.0000000e+00 +0.0000000e+00 +0.0000000e+00 +0.0000000e+00 +0.0000000e+00 +0.0000000e+00 +0.0000000e+00 +1.3972556e+04
7.3500000e-04 +3.0000000e-01 +2.3388433e-01 +1.1838000e-04 +8.0521333e-03 +6.2287556e-03 +1.6460667e-06 +1.5684556e-03 -1.5366556e-05 +3.3665667e-05 -1.0576822e-06 +1.3973632e+04
2.2470000e-03 +3.0000000e-01 +7.1251000e-01 +4.6035333e-04 +2.3885267e-02 +5.7784222e-02 +2.4071222e-05 +1.2917222e-02 -2.4382778e-04 +3.2441556e-04 -1.4386000e-05 +1.3544277e+04
3.8440000e-03 +3.0000000e-01 +1.2149100e+00 +1.0561267e-03 +3.9686333e-02 +1.6822333e-01 +1.2967556e-04 +3.3714333e-02 -1.1492000e-03 +9.6951111e-04 -5.8096889e-05 +1.3246363e+04
5.5300000e-03 +3.0000000e-01 +1.7415267e+00 +1.9282633e-03 +5.5355333e-02 +3.4616778e-01 +4.3269889e-04 +6.2236667e-02 -3.3979889e-03 +2.0319000e-03 -1.4655778e-04 +1.3057047e+04
7.3110000e-03 +3.0000000e-01 +2.2923867e+00 +3.0981867e-03 +7.0791667e-02 +5.9981000e-01 +1.0907667e-03 +9.6891667e-02 -7.8336333e-03 +3.5612778e-03 -2.8775333e-04 +1.2917732e+04
9.1910000e-03 +3.0000000e-01 +2.8669300e+00 +4.5859000e-03 +8.5889333e-02 +9.3525222e-01 +2.2937889e-03 +1.3624222e-01 -1.5427889e-02 +5.5868778e-03 -4.8323333e-04 +1.2784733e+04
1.1175000e-02 +3.0000000e-01 +3.4638333e+00 +6.4094667e-03 +1.0053700e-01 +1.3545556e+00 +4.2530111e-03 +1.7905111e-01 -2.7189111e-02 +8.1142000e-03 -7.2911667e-04 +1.2636713e+04
1.3269000e-02 +3.0000000e-01 +4.0809333e+00 +8.5842667e-03 +1.1461867e-01 +1.8539667e+00 +7.1911444e-03 +2.2432556e-01 -4.4039444e-02 +1.1126556e-02 -1.0178689e-03 +1.2478324e+04
1.5478000e-02 +3.0000000e-01 +4.7150667e+00 +1.1122667e-02 +1.2801367e-01 +2.4228000e+00 +1.1334444e-02 +2.7133778e-01 -6.6681889e-02 +1.4592667e-02 -1.3402333e-03 +1.2334876e+04
1.7808000e-02 +3.0000000e-01 +5.3623000e+00 +1.4033200e-02 +1.4059500e-01 +3.0434889e+00 +1.6907000e-02 +3.1961667e-01 -9.5486111e-02 +1.8482333e-02 -1.6866000e-03 +1.2240585e+04
2.0265000e-02 +3.0000000e-01 +6.0178667e+00 +1.7319867e-02 +1.5223000e-01 +3.6929000e+00 +2.4126111e-02 +3.6888889e-01 -1.3041667e-01 +2.2787556e-02 -2.0473889e-03 +1.2224487e+04
2.2855000e-02 +3.0000000e-01 +6.6765000e+00 +2.0980800e-02 +1.6278033e-01 +4.3445444e+00 +3.3199222e-02 +4.1899778e-01 -1.7102000e-01 +2.7546111e-02 -2.4123667e-03 +1.2298725e+04
2.5585000e-02 +3.0000000e-01 +7.3326667e+00 +2.5006333e-02 +1.7210300e-01 +4.9713667e+00 +4.4319556e-02 +4.6980222e-01 -2.1646556e-01 +3.2855444e-02 -2.7696556e-03 +1.2454633e+04
2.8461000e-02 +3.0000000e-01 +7.9808667e+00 +2.9376333e-02 +1.8005200e-01 +5.5484222e+00 +5.7661778e-02 +5.2108333e-01 -2.6564222e-01 +3.8869889e-02 -3.1052222e-03 +1.2665538e+04
3.1490000e-02 +3.0000000e-01 +8.6159333e+00 +3.4057000e-02 +1.8648200e-01 +6.0549000e+00 +7.3374889e-02 +5.7248556e-01 -3.1726556e-01 +4.5768556e-02 -3.4038556e-03 +1.2894291e+04
3.4680000e-02 +3.0000000e-01 +9.2331000e+00 +3.8997667e-02 +1.9125000e-01 +6.4755222e+00 +9.1576111e-02 +6.2349333e-01 -3.7000111e-01 +5.3698111e-02 -3.6514667e-03 +1.3102219e+04
3.8037000e-02 +3.0000000e-01 +9.8283000e+00 +4.4127667e-02 +1.9421633e-01 +6.8008778e+00 +1.1234333e-01 +6.7345556e-01 -4.2255556e-01 +6.2693889e-02 -3.8380667e-03 +1.3255619e+04
4.1569000e-02 +3.0000000e-01 +1.0398233e+01 +4.9356667e-02 +1.9524300e-01 +7.0273222e+00 +1.3570889e-01 +7.2165222e-01 -4.7375222e-01 +7.2603444e-02 -3.9611889e-03 +1.3329413e+04
4.5284000e-02 +3.0000000e-01 +1.0940367e+01 +5.4575000e-02 +1.9419533e-01 +7.1562556e+00 +1.6165333e-01 +7.6737444e-01 -5.2257222e-01 +8.3039778e-02 -4.0301889e-03 +1.3308508e+04
4.9189000e-02 +3.0000000e-01 +1.1452867e+01 +5.9655667e-02 +1.9094733e-01 +7.1932333e+00 +1.9009556e-01 +8.1002333e-01 -5.6817556e-01 +9.3405444e-02 -4.0690000e-03 +1.3186748e+04
5.3293000e-02 +3.0000000e-01 +1.1934733e+01 +6.4459333e-02 +1.8539533e-01 +7.1469222e+00 +2.2089222e-01 +8.4918000e-01 -6.0989667e-01 +1.0301567e-01 -4.1133667e-03 +1.2965487e+04
5.7604000e-02 +3.0000000e-01 +1.2385533e+01 +6.8837000e-02 +1.7747900e-01 +7.0281222e+00 +2.5383111e-01 +8.8463889e-01 -6.4722444e-01 +1.1126778e-01 -4.2031778e-03 +1.2650880e+04
6.2130000e-02 +3.0000000e-01 +1.2805467e+01 +7.2635667e-02 +1.6720233e-01 +6.8487889e+00 +2.8863333e-01 +9.1638444e-01 -6.7978556e-01 +1.1772889e-01 -4.3783222e-03 +1.2252088e+04
6.6879000e-02 +3.0000000e-01 +1.3195300e+01 +7.5702667e-02 +1.5464833e-01 +6.6211889e+00 +3.2495111e-01 +9.4451333e-01 -7.0733889e-01 +1.2211889e-01 -4.6781889e-03 +1.1780122e+04
7.1860000e-02 +3.0000000e-01 +1.3556233e+01 +7.7893333e-02 +1.3998300e-01 +6.3572000e+00 +3.6236111e-01 +9.6915444e-01 -7.2978444e-01 +1.2430222e-01 -5.1343333e-03 +1.1247971e+04
7.7081000e-02 +3.0000000e-01 +1.3889900e+01 +7.9079333e-02 +1.2344533e-01 +6.0678556e+00 +4.0036333e-01 +9.9041000e-01 -7.4716444e-01 +1.2429667e-01 -5.7588000e-03 +1.0670495e+04
8.2551000e-02 +3.0000000e-01 +1.4198133e+01 +7.9156667e-02 +1.0533267e-01 +5.7630667e+00 +4.3838556e-01 +1.0083411e+00 -7.5963556e-01 +1.2220444e-01 -6.5402889e-03 +1.0063920e+04
8.8278000e-02 +3.0000000e-01 +1.4483033e+01 +7.8054000e-02 +8.6002333e-02 +5.4514556e+00 +4.7580444e-01 +1.0229744e+00 -7.6743222e-01 +1.1809778e-01 -7.4555889e-03 +9.4437653e+03
9.4270000e-02 +3.0000000e-01 +1.4746767e+01 +7.5734667e-02 +6.5879667e-02 +5.1403556e+00 +5.1198000e-01 +1.0343311e+00 -7.7083222e-01 +1.1201667e-01 -8.5008222e-03 +8.8226045e+03
1.0053600e-01 +3.0000000e-01 +1.4991500e+01 +7.2198667e-02 +4.5449000e-02 +4.8353000e+00 +5.4629889e-01 +1.0424211e+00 -7.7008222e-01 +1.0409822e-01 -9.7186778e-03 +8.2116806e+03
1.0708300e-01 +3.0000000e-01 +1.5219467e+01 +6.7480333e-02 +2.5211200e-02 +4.5397000e+00 +5.7820333e-01 +1.0472033e+00 -7.6533778e-01 +9.4702556e-02 -1.1175444e-02 +7.6225004e+03
1.1392000e-01 +3.0000000e-01 +1.5432900e+01 +6.1649333e-02 +5.6222667e-03 +4.2555111e+00 +6.0721000e-01 +1.0485967e+00 -7.5673000e-01 +8.4210556e-02 -1.2892556e-02 +7.0630951e+03
1.2105300e-01 +3.0000000e-01 +1.5633967e+01 +5.4815333e-02 -1.2944600e-02 +3.9841778e+00 +6.3292444e-01 +1.0466356e+00 -7.4447556e-01 +7.2789333e-02 -1.4789111e-02 +6.5360527e+03
1.2849000e-01 +3.0000000e-01 +1.5824667e+01 +4.7132333e-02 -3.0190633e-02 +3.7267778e+00 +6.5506778e-01 +1.0415011e+00 -7.2893000e-01 +6.0584222e-02 -1.6718889e-02 +6.0424223e+03
1.3623700e-01 +3.0000000e-01 +1.6006567e+01 +3.8795000e-02 -4.5862667e-02 +3.4844333e+00 +6.7349444e-01 +1.0333111e+00 -7.1056111e-01 +4.7853778e-02 -1.8603778e-02 +5.5821229e+03
1.4430000e-01 +3.0000000e-01 +1.6180833e+01 +3.0015633e-02 -5.9713333e-02 +3.2581222e+00 +6.8822333e-01 +1.0221311e+00 -6.8977444e-01 +3.4688556e-02 -2.0502000e-02 +5.1533117e+03
1.5268500e-01 +3.0000000e-01 +1.6348233e+01 +2.0990700e-02 -7.1495000e-02 +3.0477778e+00 +6.9942667e-01 +1.0081389e+00 -6.6678556e-01 +2.0863778e-02 -2.2576778e-02 +4.7554544e+03
1.6139700e-01 +3.0000000e-01 +1.6509400e+01 +1.1881567e-02 -8.1049000e-02 +2.8523556e+00 +7.0736000e-01 +9.9154333e-01 -6.4180222e-01 +6.1631000e-03 -2.4995778e-02 +4.3901915e+03
1.7043900e-01 +3.0000000e-01 +1.6664767e+01 +2.8269133e-03 -8.8390333e-02 +2.6709667e+00 +7.1231000e-01 +9.7242000e-01 -6.1508333e-01 -9.4112000e-03 -2.7859333e-02 +4.0586121e+03
1.7981500e-01 +3.0000000e-01 +1.6814567e+01 -6.0476000e-03 -9.3639667e-02 +2.5035444e+00 +7.1461111e-01 +9.5103778e-01 -5.8679778e-01 -2.5985889e-02 -3.1138778e-02 +3.7582723e+03
1.8952800e-01 +3.0000000e-01 +1.6958967e+01 -1.4613200e-02 -9.6874000e-02 +2.3499667e+00 +7.1470000e-01 +9.2799667e-01 -5.5703333e-01 -4.4004333e-02 -3.4610222e-02 +3.4860367e+03
1.9957700e-01 +3.0000000e-01 +1.7098133e+01 -2.2711500e-02 -9.8135333e-02 +2.2098111e+00 +7.1310111e-01 +9.0376444e-01 -5.2601444e-01 -6.3806000e-02 -3.8003111e-02 +3.2397445e+03
2.0996400e-01 +3.0000000e-01 +1.7232067e+01 -3.0170867e-02 -9.7599333e-02 +2.0830000e+00 +7.1032222e-01 +8.7839444e-01 -4.9420111e-01 -8.5288222e-02 -4.1234333e-02 +3.0175358e+03
2.2068800e-01 +3.0000000e-01 +1.7360500e+01 -3.6845667e-02 -9.5604333e-02 +1.9696222e+00 +7.0680778e-01 +8.5197556e-01 -4.6199889e-01 -1.0782578e-01 -4.4341333e-02 +2.8193825e+03
2.3174700e-01 +3.0000000e-01 +1.7483033e+01 -4.2622000e-02 -9.2433667e-02 +1.8692556e+00 +7.0301889e-01 +8.2515556e-01 -4.2970667e-01 -1.3062889e-01 -4.7214667e-02 +2.6456401e+03
2.4313600e-01 +3.0000000e-01 +1.7599200e+01 -4.7406667e-02 -8.8161000e-02 +1.7813111e+00 +6.9947333e-01 +7.9883778e-01 -3.9766333e-01 -1.5329667e-01 -4.9607222e-02 +2.4945270e+03
2.5485200e-01 +3.0000000e-01 +1.7708533e+01 -5.1147000e-02 -8.2797000e-02 +1.7047778e+00 +6.9662333e-01 +7.7358556e-01 -3.6608556e-01 -1.7590667e-01 -5.1349667e-02 +2.3638762e+03
2.6688900e-01 +3.0000000e-01 +1.7810433e+01 -5.3848667e-02 -7.6421333e-02 +1.6390889e+00 +6.9473222e-01 +7.4961778e-01 -3.3508667e-01 -1.9850111e-01 -5.2455222e-02 +2.2529756e+03
2.7923700e-01 +3.0000000e-01 +1.7904433e+01 -5.5537000e-02 -6.9231000e-02 +1.5847333e+00 +6.9397889e-01 +7.2736889e-01 -3.0483333e-01 -2.2120111e-01 -5.3011667e-02 +2.1593970e+03
2.9189000e-01 +3.0000000e-01 +1.7990367e+01 -5.6196000e-02 -6.1404667e-02 +1.5416333e+00 +6.9456444e-01 +7.0718222e-01 -2.7565667e-01 -2.4401556e-01 -5.3050222e-02 +2.0810649e+03
3.0483500e-01 +3.0000000e-01 +1.8068333e+01 -5.5795333e-02 -5.3007333e-02 +1.5093667e+00 +6.9657556e-01 +6.8905333e-01 -2.4794111e-01 -2.6680333e-01 -5.2546778e-02 +2.0172716e+03
3.1806100e-01 +3.0000000e-01 +1.8138667e+01 -5.4378667e-02 -4.4209000e-02 +1.4871556e+00 +6.9983333e-01 +6.7304889e-01 -2.2183778e-01 -2.8905333e-01 -5.1468556e-02 +1.9674842e+03
3.3155400e-01 +3.0000000e-01 +1.8201767e+01 -5.2072333e-02 -3.5239667e-02 +1.4731444e+00 +7.0397556e-01 +6.5925000e-01 -1.9722333e-01 -3.0999778e-01 -4.9868333e-02 +1.9315245e+03
3.4530000e-01 +3.0000000e-01 +1.8257933e+01 -4.8989333e-02 -2.6209567e-02 +1.4653111e+00 +7.0871444e-01 +6.4731222e-01 -1.7405778e-01 -3.2910889e-01 -4.7640111e-02 +1.9067501e+03
3.5928100e-01 +3.0000000e-01 +1.8307500e+01 -4.5191000e-02 -1.7241967e-02 +1.4619444e+00 +7.1389667e-01 +6.3673000e-01 -1.5254778e-01 -3.4589222e-01 -4.4585333e-02 +1.8889506e+03
3.7348100e-01 +3.0000000e-01 +1.8350400e+01 -4.0756333e-02 -8.4185333e-03 +1.4616889e+00 +7.1929000e-01 +6.2728222e-01 -1.3274000e-01 -3.6021889e-01 -4.0818222e-02 +1.8758983e+03
3.8788000e-01 +3.0000000e-01 +1.8386600e+01 -3.5865333e-02 +7.6359000e-05 +1.4640889e+00 +7.2458667e-01 +6.1905556e-01 -1.1437333e-01 -3.7239778e-01 -3.6609000e-02 +1.8681253e+03
4.0245700e-01 +3.0000000e-01 +1.8416433e+01 -3.0736567e-02 +7.8964333e-03 +1.4685333e+00 +7.2963444e-01 +6.1237000e-01 -9.7138222e-02 -3.8267778e-01 -3.2081556e-02 +1.8666701e+03
4.1719100e-01 +3.0000000e-01 +1.8440567e+01 -2.5531967e-02 +1.4732433e-02 +1.4744444e+00 +7.3446333e-01 +6.0731000e-01 -8.0932000e-02 -3.9144444e-01 -2.7353222e-02 +1.8692066e+03
4.3206000e-01 +3.0000000e-01 +1.8459600e+01 -2.0319467e-02 +2.0507133e-02 +1.4818778e+00 +7.3903000e-01 +6.0390111e-01 -6.5628556e-02 -3.9928222e-01 -2.2575444e-02 +1.8728971e+03
4.4704100e-01 +3.0000000e-01 +1.8474033e+01 -1.5169000e-02 +2.5210400e-02 +1.4903222e+00 +7.4308222e-01 +6.0212556e-01 -5.0921778e-02 -4.0639444e-01 -1.7753556e-02 +1.8755799e+03
4.6210900e-01 +3.0000000e-01 +1.8484433e+01 -1.0100400e-02 +2.8692133e-02 +1.4979778e+00 +7.4630222e-01 +6.0153222e-01 -3.6470222e-02 -4.1225444e-01 -1.2856111e-02 +1.8787098e+03
4.7724000e-01 +3.0000000e-01 +1.8491233e+01 -5.0613667e-03 +3.0865533e-02 +1.5035667e+00 +7.4850222e-01 +6.0167778e-01 -2.1943222e-02 -4.1613556e-01 -7.8463778e-03 +1.8820302e+03
4.9240900e-01 +3.0000000e-01 +1.8494633e+01 +0.0000000e+00 +3.1843567e-02 +1.5067444e+00 +7.4961889e-01 +6.0196000e-01 -7.3139000e-03 -4.1799667e-01 -2.6509667e-03 +1.8836888e+03
5.0759100e-01 +3.0000000e-01 +1.8494633e+01 +5.0613667e-03 +3.1843567e-02 +1.5067444e+00 +7.4961889e-01 +6.0196000e-01 +7.3139000e-03 -4.1799667e-01 +2.6509667e-03 +1.8836888e+03
5.2276000e-01 +3.0000000e-01 +1.8491233e+01 +1.0100400e-02 +3.0865533e-02 +1.5035667e+00 +7.4850222e-01 +6.0167778e-01 +2.1943222e-02 -4.1613556e-01 +7.8463778e-03 +1.8820302e+03
5.3789100e-01 +3.0000000e-01 +1.8484433e+01 +1.5169000e-02 +2.8692133e-02 +1.4979778e+00 +7.4630222e-01 +6.0153222e-01 +3.6470222e-02 -4.1225444e-01 +1.2856111e-02 +1.8787098e+03
5.5295900e-01 +3.0000000e-01 +1.8474033e+01 +2.0319467e-02 +2.5210400e-02 +1.4903222e+00 +7.4308222e-01 +6.0212556e-01 +5.0921778e-02 -4.0639444e-01 +1.7753556e-02 +1.8755799e+03
5.6794000e-01 +3.0000000e-01 +1.8459600e+01 +2.5531967e-02 +2.0507133e-02 +1.4818778e+00 +7.3903000e-01 +6.0390111e-01 +6.5628556e-02 -3.9928222e-01 +2.2575444e-02 +1.8728971e+03
5.8280900e-01 +3.0000000e-01 +1.8440567e+01 +3.0736567e-02 +1.4732433e-02 +1.4744444e+00 +7.3446333e-01 +6.0731000e-01 +8.0932000e-02 -3.9144444e-01 +2.7353222e-02 +1.8692066e+03
5.9754300e-01 +3.0000000e-01 +1.8416433e+01 +3.5865333e-02 +7.8964333e-03 +1.4685333e+00 +7.2963444e-01 +6.1237000e-01 +9.7138222e-02 -3.8267778e-01 +3.2081556e-02 +1.8666701e+03
6.1212000e-01 +3.0000000e-01 +1.8386600e+01 +4.0756333e-02 +7.6359000e-05 +1.4640889e+00 +7.2458667e-01 +6.1905556e-01 +1.1437333e-01 -3.7239778e-01 +3.6609000e-02 +1.8681253e+03
6.2651900e-01 +3.0000000e-01 +1.8350400e+01 +4.5191000e-02 -8.4185333e-03 +1.4616889e+00 +7.1929000e-01 +6.2728222e-01 +1.3274000e-01 -3.6021889e-01 +4.0818222e-02 +1.8758983e+03
6.4071900e-01 +3.0000000e-01 +1.8307500e+01 +4.8989333e-02 -1.7241967e-02 +1.4619444e+00 +7.1389667e-01 +6.3673000e-01 +1.5254778e-01 -3.4589222e-01 +4.4585333e-02 +1.8889506e+03
6.5470000e-01 +3.0000000e-01 +1.8257933e+01 +5.2072333e-02 -2.6209567e-02 +1.4653111e+00 +7.0871444e-01 +6.4731222e-01 +1.7405778e-01 -3.2910889e-01 +4.7640111e-02 +1.9067501e+03
6.6844600e-01 +3.0000000e-01 +1.8201767e+01 +5.4378667e-02 -3.5239667e-02 +1.4731444e+00 +7.0397556e-01 +6.5925000e-01 +1.9722333e-01 -3.0999778e-01 +4.9868333e-02 +1.9315245e+03
6.8193900e-01 +3.0000000e-01 +1.8138667e+01 +5.5795333e-02 -4.4209000e-02 +1.4871556e+00 +6.9983333e-01 +6.7304889e-01 +2.2183778e-01 -2.8905333e-01 +5.1468556e-02 +1.9674842e+03
6.9516500e-01 +3.0000000e-01 +1.8068333e+01 +5.6196000e-02 -5.3007333e-02 +1.5093667e+00 +6.9657556e-01 +6.8905333e-01 +2.4794111e-01 -2.6680333e-01 +5.2546778e-02 +2.0172716e+03
7.0811000e-01 +3.0000000e-01 +1.7990367e+01 +5.5537000e-02 -6.1404667e-02 +1.5416333e+00 +6.9456444e-01 +7.0718222e-01 +2.7565667e-01 -2.4401556e-01 +5.3050222e-02 +2.0810649e+03
7.2076300e-01 +3.0000000e-01 +1.7904433e+01 +5.3848667e-02 -6.9231000e-02 +1.5847333e+00 +6.9397889e-01 +7.2736889e-01 +3.0483333e-01 -2.2120111e-01 +5.3011667e-02 +2.1593970e+03
7.3311100e-01 +3.0000000e-01 +1.7810433e+01 +5.1147000e-02 -7.6421333e-02 +1.6390889e+00 +6.9473222e-01 +7.4961778e-01 +3.3508667e-01 -1.9850111e-01 +5.2455222e-02 +2.2529756e+03
7.4514800e-01 +3.0000000e-01 +1.7708533e+01 +4.7406667e-02 -8.2797000e-02 +1.7047778e+00 +6.9662333e-01 +7.7358556e-01 +3.6608556e-01 -1.7590667e-01 +5.1349667e-02 +2.3638762e+03
7.5686400e-01 +3.0000000e-01 +1.7599200e+01 +4.2622000e-02 -8.8161000e-02 +1.7813111e+00 +6.9947333e-01 +7.9883778e-01 +3.9766333e-01 -1.5329667e-01 +4.9607222e-02 +2.4945270e+03
7.6825300e-01 +3.0000000e-01 +1.7483033e+01 +3.6845667e-02 -9.2433667e-02 +1.8692556e+00 +7.0301889e-01 +8.2515556e-01 +4.2970667e-01 -1.3062889e-01 +4.7214667e-02 +2.6456401e+03
7.7931200e-01 +3.0000000e-01 +1.7360500e+01 +3.0170867e-02 -9.5604333e-02 +1.9696222e+00 +7.0680778e-01 +8.5197556e-01 +4.6199889e-01 -1.0782578e-01 +4.4341333e-02 +2.8193825e+03
7.9003600e-01 +3.0000000e-01 +1.7232067e+01 +2.2711500e-02 -9.7599333e-02 +2.0830000e+00 +7.1032222e-01 +8.7839444e-01 +4.9420111e-01 -8.5288222e-02 +4.1234333e-02 +3.0175358e+03
8.0042300e-01 +3.0000000e-01 +1.7098133e+01 +1.4613200e-02 -9.8135333e-02 +2.2098111e+00 +7.1310111e-01 +9.0376444e-01 +5.2601444e-01 -6.3806000e-02 +3.8003111e-02 +3.2397445e+03
8.1047200e-01 +3.0000000e-01 +1.6958967e+01 +6.0476000e-03 -9.6874000e-02 +2.3499667e+00 +7.1470000e-01 +9.2799667e-01 +5.5703333e-01 -4.4004333e-02 +3.4610222e-02 +3.4860367e+03
8.2018500e-01 +3.0000000e-01 +1.6814567e+01 -2.8269133e-03 -9.3639667e-02 +2.5035444e+00 +7.1461111e-01 +9.5103778e-01 +5.8679778e-01 -2.5985889e-02 +3.1138778e-02 +3.7582723e+03
8.2956100e-01 +3.0000000e-01 +1.6664767e+01 -1.1881567e-02 -8.8390333e-02 +2.6709667e+00 +7.1231000e-01 +9.7242000e-01 +6.1508333e-01 -9.4112000e-03 +2.7859333e-02 +4.0586121e+03
8.3860300e-01 +3.0000000e-01 +1.6509400e+01 -2.0990700e-02 -8.1049000e-02 +2.8523556e+00 +7.0736000e-01 +9.9154333e-01 +6.4180222e-01 +6.1631000e-03 +2.4995778e-02 +4.3901915e+03
8.4731500e-01 +3.0000000e-01 +1.6348233e+01 -3.0015633e-02 -7.1495000e-02 +3.0477778e+00 +6.9942667e-01 +1.0081389e+00 +6.6678556e-01 +2.0863778e-02 +2.2576778e-02 +4.7554544e+03
8.5570000e-01 +3.0000000e-01 +1.6180833e+01 -3.8795000e-02 -5.9713333e-02 +3.2581222e+00 +6.8822333e-01 +1.0221311e+00 +6.8977444e-01 +3.4688556e-02 +2.0502000e-02 +5.1533117e+03
8.6376300e-01 +3.0000000e-01 +1.6006567e+01 -4.7132333e-02 -4.5862667e-02 +3.4844333e+00 +6.7349444e-01 +1.0333111e+00 +7.1056111e-01 +4.7853778e-02 +1.8603778e-02 +5.5821229e+03
8.7151000e-01 +3.0000000e-01 +1.5824667e+01 -5.4815333e-02 -3.0190633e-02 +3.7267778e+00 +6.5506778e-01 +1.0415011e+00 +7.2893000e-01 +6.0584222e-02 +1.6718889e-02 +6.0424223e+03
8.7894700e-01 +3.0000000e-01 +1.5633967e+01 -6.1649333e-02 -1.2944600e-02 +3.9841778e+00 +6.3292444e-01 +1.0466356e+00 +7.4447556e-01 +7.2789333e-02 +1.4789111e-02 +6.5360527e+03
8.8608000e-01 +3.0000000e-01 +1.5432900e+01 -6.7480333e-02 +5.6222667e-03 +4.2555111e+00 +6.0721000e-01 +1.0485967e+00 +7.5673000e-01 +8.4210556e-02 +1.2892556e-02 +7.0630951e+03
8.9291700e-01 +3.0000000e-01 +1.5219467e+01 -7.2198667e-02 +2.5211200e-02 +4.5397000e+00 +5.7820333e-01 +1.0472033e+00 +7.6533778e-01 +9.4702556e-02 +1.1175444e-02 +7.6225004e+03
8.9946400e-01 +3.0000000e-01 +1.4991500e+01 -7.5734667e-02 +4.5449000e-02 +4.8353000e+00 +5.4629889e-01 +1.0424211e+00 +7.7008222e-01 +1.0409822e-01 +9.7186778e-03 +8.2116806e+03
9.0573000e-01 +3.0000000e-01 +1.4746767e+01 -7.8054000e-02 +6.5879667e-02 +5.1403556e+00 +5.1198000e-01 +1.0343311e+00 +7.7083222e-01 +1.1201667e-01 +8.5008222e-03 +8.8226045e+03
9.1172200e-01 +3.0000000e-01 +1.4483033e+01 -7.9156667e-02 +8.6002333e-02 +5.4514556e+00 +4.7580444e-01 +1.0229744e+00 +7.6743222e-01 +1.1809778e-01 +7.4555889e-03 +9.4437653e+03
9.1744900e-01 +3.0000000e-01 +1.4198133e+01 -7.9079333e-02 +1.0533267e-01 +5.7630667e+00 +4.3838556e-01 +1.0083411e+00 +7.5963556e-01 +1.2220444e-01 +6.5402889e-03 +1.0063920e+04
9.2291900e-01 +3.0000000e-01 +1.3889900e+01 -7.7893333e-02 +1.2344533e-01 +6.0678556e+00 +4.0036333e-01 +9.9041000e-01 +7.4716444e-01 +1.2429667e-01 +5.7588000e-03 +1.0670495e+04
9.2814000e-01 +3.0000000e-01 +1.3556233e+01 -7.5702667e-02 +1.3998300e-01 +6.3572000e+00 +3.6236111e-01 +9.6915444e-01 +7.2978444e-01 +1.2430222e-01 +5.1343333e-03 +1.1247971e+04
9.3312100e-01 +3.0000000e-01 +1.3195300e+01 -7.2635667e-02 +1.5464833e-01 +6.6211889e+00 +3.2495111e-01 +9.4451333e-01 +7.0733889e-01 +1.2211889e-01 +4.6781889e-03 +1.1780122e+04
9.3787000e-01 +3.0000000e-01 +1.2805467e+01 -6.8837000e-02 +1.6720233e-01 +6.8487889e+00 +2.8863333e-01 +9.1638444e-01 +6.7978556e-01 +1.1772889e-01 +4.3783222e-03 +1.2252088e+04
9.4239600e-01 +3.0000000e-01 +1.2385533e+01 -6.4459333e-02 +1.7747900e-01 +7.0281222e+00 +2.5383111e-01 +8.8463889e-01 +6.4722444e-01 +1.1126778e-01 +4.2031778e-03 +1.2650880e+04
9.4670700e-01 +3.0000000e-01 +1.1934733e+01 -5.9655667e-02 +1.8539533e-01 +7.1469222e+00 +2.2089222e-01 +8.4918000e-01 +6.0989667e-01 +1.0301567e-01 +4.1133667e-03 +1.2965487e+04
9.5081100e-01 +3.0000000e-01 +1.1452867e+01 -5.4575000e-02 +1.9094733e-01 +7.1932333e+00 +1.9009556e-01 +8.1002333e-01 +5.6817556e-01 +9.3405444e-02 +4.0690000e-03 +1.3186748e+04
9.5471600e-01 +3.0000000e-01 +1.0940367e+01 -4.9356667e-02 +1.9419533e-01 +7.1562556e+00 +1.6165333e-01 +7.6737444e-01 +5.2257222e-01 +8.3039778e-02 +4.0301889e-03 +1.3308508e+04
9.5843100e-01 +3.0000000e-01 +1.0398233e+01 -4.4127667e-02 +1.9524300e-01 +7.0273222e+00 +1.3570889e-01 +7.2165222e-01 +4.7375222e-01 +7.2603444e-02 +3.9611889e-03 +1.3329413e+04
9.6196300e-01 +3.0000000e-01 +9.8283000e+00 -3.8997667e-02 +1.9421633e-01 +6.8008778e+00 +1.1234333e-01 +6.7345556e-01 +4.2255556e-01 +6.2693889e-02 +3.8380667e-03 +1.3255619e+04
9.6532000e-01 +3.0000000e-01 +9.2331000e+00 -3.4057000e-02 +1.9125000e-01 +6.4755222e+00 +9.1576111e-02 +6.2349333e-01 +3.7000111e-01 +5.3698111e-02 +3.6514667e-03 +1.3102219e+04
9.6851000e-01 +3.0000000e-01 +8.6159333e+00 -2.9376333e-02 +1.8648200e-01 +6.0549000e+00 +7.3374889e-02 +5.7248556e-01 +3.1726556e-01 +4.5768556e-02 +3.4038556e-03 +1.2894291e+04
9.7153900e-01 +3.0000000e-01 +7.9808667e+00 -2.5006333e-02 +1.8005200e-01 +5.5484222e+00 +5.7661778e-02 +5.2108333e-01 +2.6564222e-01 +3.8869889e-02 +3.1052222e-03 +1.2665538e+04
9.7441500e-01 +3.0000000e-01 +7.3326667e+00 -2.0980800e-02 +1.7210300e-01 +4.9713667e+00 +4.4319556e-02 +4.6980222e-01 +2.1646556e-01 +3.2855444e-02 +2.7696556e-03 +1.2454633e+04
9.7714500e-01 +3.0000000e-01 +6.6765000e+00 -1.7319867e-02 +1.6278033e-01 +4.3445444e+00 +3.3199222e-02 +4.1899778e-01 +1.7102000e-01 +2.7546111e-02 +2.4123667e-03 +1.2298725e+04
9.7973500e-01 +3.0000000e-01 +6.0178667e+00 -1.4033200e-02 +1.5223000e-01 +3.6929000e+00 +2.4126111e-02 +3.6888889e-01 +1.3041667e-01 +2.2787556e-02 +2.0473889e-03 +1.2224487e+04
9.8219200e-01 +3.0000000e-01 +5.3623000e+00 -1.1122667e-02 +1.4059500e-01 +3.0434889e+00 +1.6907000e-02 +3.1961667e-01 +9.5486111e-02 +1.8482333e-02 +1.6866000e-03 +1.2240585e+04
9.8452200e-01 +3.0000000e-01 +4.7150667e+00 -8.5842667e-03 +1.2801367e-01 +2.4228000e+00 +1.1334444e-02 +2.7133778e-01 +6.6681889e-02 +1.4592667e-02 +1.3402333e-03 +1.2334876e+04
9.8673100e-01 +3.0000000e-01 +4.0809333e+00 -6.4094667e-03 +1.1461867e-01 +1.8539667e+00 +7.1911444e-03 +2.2432556e-01 +4.4039444e-02 +1.1126556e-02 +1.0178689e-03 +1.2478324e+04
9.8882500e-01 +3.0000000e-01 +3.4638333e+00 -4.5859000e-03 +1.0053700e-01 +1.3545556e+00 +4.2530111e-03 +1.7905111e-01 +2.7189111e-02 +8.1142000e-03 +7.2911667e-04 +1.2636713e+04
9.9080900e-01 +3.0000000e-01 +2.8669300e+00 -3.0981867e-03 +8.5889333e-02 +9.3525222e-01 +2.2937889e-03 +1.3624222e-01 +1.5427889e-02 +5.5868778e-03 +4.8323333e-04 +1.2784733e+04
9.9268900e-01 +3.0000000e-01 +2.2923867e+00 -1.9282633e-03 +7.0791667e-02 +5.9981000e-01 +1.0907667e-03 +9.6891667e-02 +7.8336333e-03 +3.5612778e-03 +2.8775333e-04 +1.2917732e+04
9.9447000e-01 +3.0000000e-01 +1.7415267e+00 -1.0561267e-03 +5.5355333e-02 +3.4616778e-01 +4.3269889e-04 +6.2236667e-02 +3.3979889e-03 +2.0319000e-03 +1.4655778e-04 +1.3057047e+04
9.9615600e-01 +3.0000000e-01 +1.2149100e+00 -4.6035333e-04 +3.9686333e-02 +1.6822333e-01 +1.2967556e-04 +3.3714333e-02 +1.1492000e-03 +9.6951111e-04 +5.8096889e-05 +1.3246363e+04
9.9775300e-01 +3.0000000e-01 +7.1251000e-01 -1.1838000e-04 +2.3885267e-02 +5.7784222e-02 +2.4071222e-05 +1.2917222e-02 +2.4382778e-04 +3.2441556e-04 +1.4386000e-05 +1.3544277e+04
9.9926500e-01 +3.0000000e-01 +2.3388433e-01 +0.0000000e+00 +8.0521333e-03 +6.2287556e-03 +1.6460667e-06 +1.5684556e-03 +1.5366556e-05 +3.3665667e-05 +1.0576822e-06 +1.3973632e+04
1.0000000e+00 +3.0000000e-01 +0.0000000e+00 +0.0000000e+00 +0.0000000e+00 +0.0000000e+00 +0.0000000e+00 +0.0000000e+00 +0.0000000e+00 +0.0000000e+00 +0.0000000e+00 +1.3972556e+04
