#    y              z              <u>            <v>            <w>            <u'u'>         <v'v'>         <w'w'>         <u'v'>         <u'w'>         <v'w'>         <eps>         
#----------------------------------------------------------------------------------------------------------------------------------------------------------------------------------
0.0000000e+00 +2.0000000e-01 +0.0000000e+00 +0.0000000e+00 +0.0000000e+00 +0.0000000e+00 +0.0000000e+00 +0.0000000e+00 +0.0000000e+00 +0.0000000e+00 +0.0000000e+00 +1.0692744e+04
7.3500000e-04 +2.0000000e-01 +2.4517633e-01 +5.6383333e-05 +1.4471133e-02 +4.7416333e-03 +1.0126811e-06 +1.1928667e-03 -1.0456300e-05 +2.5992556e-04 -7.9072667e-07 +1.0693929e+04
2.2470000e-03 +2.0000000e-01 +7.4703667e-01 +2.1284267e-04 +4.2649000e-02 +4.4028667e-02 +1.4891556e-05 +9.9295778e-03 -1.6637333e-04 +2.3710111e-03 -9.8439222e-06 +1.0382200e+04
3.8440000e-03 +2.0000000e-01 +1.2740467e+00 +4.7365667e-04 +7.0405000e-02 +1.2829556e-01 +8.0628111e-05 +2.6163333e-02 -7.8769111e-04 +6.7624222e-03 -3.7030444e-05 +1.0167141e+04
5.5300000e-03 +2.0000000e-01 +1.8268167e+00 +8.3631333e-04 +9.7501333e-02 +2.6436889e-01 +2.7044333e-04 +4.8737778e-02 -2.3430111e-03 +1.3569667e-02 -8.6824222e-05 +1.0039819e+04
7.3110000e-03 +2.0000000e-01 +2.4056367e+00 +1.2940200e-03 +1.2369567e-01 +4.5909000e-01 +6.8545222e-04 +7.6525333e-02 -5.4426889e-03 +2.2829000e-02 -1.5734333e-04 +9.9637280e+03
9.1910000e-03 +2.0000000e-01 +3.0102800e+00 +1.8347867e-03 +1.4872900e-01 +7.1826222e-01 +1.4495222e-03 +1.0843556e-01 -1.0819222e-02 +3.4442111e-02 -2.4111444e-04 +9.9074878e+03
1.1175000e-02 +2.0000000e-01 +3.6398667e+00 +2.4401567e-03 +1.7233000e-01 +1.0452500e+00 +2.7029111e-03 +1.4344333e-01 -1.9277222e-02 +4.8157556e-02 -3.2671444e-04 +9.8492489e+03
1.3269000e-02 +2.0000000e-01 +4.2926667e+00 +3.0838367e-03 +1.9421733e-01 +1.4394333e+00 +4.5962889e-03 +1.8063000e-01 -3.1614667e-02 +6.3580000e-02 -4.0150556e-04 +9.7806386e+03
1.5478000e-02 +2.0000000e-01 +4.9660000e+00 +3.7302333e-03 +2.1410300e-01 +1.8949111e+00 +7.2856889e-03 +2.1921444e-01 -4.8523667e-02 +8.0205111e-02 -4.5554000e-04 +9.7082450e+03
1.7808000e-02 +2.0000000e-01 +5.6561333e+00 +4.3330333e-03 +2.3169667e-01 +2.3997444e+00 +1.0928700e-02 +2.5857333e-01 -7.0486111e-02 +9.7470444e-02 -4.8634889e-04 +9.6505252e+03
2.0265000e-02 +2.0000000e-01 +6.3584000e+00 +4.8342000e-03 +2.4671033e-01 +2.9362000e+00 +1.5682000e-02 +2.9823444e-01 -9.7682667e-02 +1.1480444e-01 -5.0365667e-04 +9.6303362e+03
2.2855000e-02 +2.0000000e-01 +7.0671667e+00 +5.1636333e-03 +2.5886333e-01 +3.4819667e+00 +2.1700111e-02 +3.3784333e-01 -1.2993111e-01 +1.3166222e-01 -5.3250000e-04 +9.6656093e+03
2.5585000e-02 +2.0000000e-01 +7.7761667e+00 +5.2400667e-03 +2.6788767e-01 +4.0121889e+00 +2.9134333e-02 +3.7710889e-01 -1.6666444e-01 +1.4753667e-01 -6.1322667e-04 +9.7616861e+03
2.8461000e-02 +2.0000000e-01 +8.4786333e+00 +4.9731333e-03 +2.7353600e-01 +4.5020556e+00 +3.8132111e-02 +4.1574111e-01 -2.0696000e-01 +1.6196333e-01 -7.9764667e-04 +9.9079320e+03
3.1490000e-02 +2.0000000e-01 +9.1678333e+00 +4.2676000e-03 +2.7559233e-01 +4.9294333e+00 +4.8833889e-02 +4.5340111e-01 -2.4960667e-01 +1.7451444e-01 -1.1418778e-03 +1.0079480e+04
3.4680000e-02 +2.0000000e-01 +9.8371333e+00 +3.0285467e-03 +2.7388400e-01 +5.2770000e+00 +6.1369556e-02 +4.8966111e-01 -2.9320667e-01 +1.8480222e-01 -1.6973111e-03 +1.0242828e+04
3.8037000e-02 +2.0000000e-01 +1.0480567e+01 +1.1683667e-03 +2.6829567e-01 +5.5336778e+00 +7.5851222e-02 +5.2401889e-01 -3.3629111e-01 +1.9249111e-01 -2.5013778e-03 +1.0362771e+04
4.1569000e-02 +2.0000000e-01 +1.1092933e+01 -1.3863933e-03 +2.5878500e-01 +5.6951222e+00 +9.2365222e-02 +5.5594000e-01 -3.7744000e-01 +1.9734111e-01 -3.5703778e-03 +1.0409203e+04
4.5284000e-02 +2.0000000e-01 +1.1670000e+01 -4.6885333e-03 +2.4539300e-01 +5.7634444e+00 +1.1096356e-01 +5.8493333e-01 -4.1538333e-01 +1.9924556e-01 -4.8970222e-03 +1.0361410e+04
4.9189000e-02 +2.0000000e-01 +1.2208767e+01 -8.7656000e-03 +2.2825300e-01 +5.7461778e+00 +1.3165556e-01 +6.1063889e-01 -4.4907556e-01 +1.9825889e-01 -6.4537667e-03 +1.0209695e+04
5.3293000e-02 +2.0000000e-01 +1.2707267e+01 -1.3617700e-02 +2.0759500e-01 +5.6548444e+00 +1.5440222e-01 +6.3286444e-01 -4.7774889e-01 +1.9459333e-01 -8.1986333e-03 +9.9548390e+03
5.7604000e-02 +2.0000000e-01 +1.3164800e+01 -1.9217767e-02 +1.8374500e-01 +5.5033333e+00 +1.7911222e-01 +6.5159556e-01 -5.0092889e-01 +1.8859000e-01 -1.0078456e-02 +9.6061437e+03
6.2130000e-02 +2.0000000e-01 +1.3581633e+01 -2.5514300e-02 +1.5711900e-01 +5.3062333e+00 +2.0564000e-01 +6.6697111e-01 -5.1843111e-01 +1.8067778e-01 -1.2031111e-02 +9.1797113e+03
6.6879000e-02 +2.0000000e-01 +1.3959033e+01 -3.2436067e-02 +1.2821833e-01 +5.0773667e+00 +2.3378778e-01 +6.7927444e-01 -5.3032889e-01 +1.7129000e-01 -1.3995556e-02 +8.6965270e+03
7.1860000e-02 +2.0000000e-01 +1.4299000e+01 -3.9898000e-02 +9.7620333e-02 +4.8288111e+00 +2.6330667e-01 +6.8893000e-01 -5.3690889e-01 +1.6079222e-01 -1.5932778e-02 +8.1797831e+03
7.7081000e-02 +2.0000000e-01 +1.4604100e+01 -4.7807000e-02 +6.5965000e-02 +4.5705444e+00 +2.9390333e-01 +6.9647111e-01 -5.3860444e-01 +1.4947111e-01 -1.7843667e-02 +7.6508762e+03
8.2551000e-02 +2.0000000e-01 +1.4877267e+01 -5.6065000e-02 +3.3939333e-02 +4.3106778e+00 +3.2524667e-01 +7.0244111e-01 -5.3592556e-01 +1.3754667e-01 -1.9750667e-02 +7.1258269e+03
8.8278000e-02 +2.0000000e-01 +1.5121667e+01 -6.4570333e-02 +2.2557900e-03 +4.0555889e+00 +3.5696778e-01 +7.0727889e-01 -5.2940333e-01 +1.2511556e-01 -2.1654111e-02 +6.6165400e+03
9.4270000e-02 +2.0000000e-01 +1.5340433e+01 -7.3220000e-02 -2.8374400e-02 +3.8096444e+00 +3.8868000e-01 +7.1131111e-01 -5.1950111e-01 +1.1210444e-01 -2.3533333e-02 +6.1340887e+03
1.0053600e-01 +2.0000000e-01 +1.5536700e+01 -8.1910333e-02 -5.7286333e-02 +3.5754111e+00 +4.1999889e-01 +7.1482667e-01 -5.0660000e-01 +9.8387556e-02 -2.5404222e-02 +5.6866152e+03
1.0708300e-01 +2.0000000e-01 +1.5713433e+01 -9.0533667e-02 -8.3902333e-02 +3.3545000e+00 +4.5056667e-01 +7.1800111e-01 -4.9105333e-01 +8.3783778e-02 -2.7335778e-02 +5.2769414e+03
1.1392000e-01 +2.0000000e-01 +1.5873267e+01 -9.8977000e-02 -1.0772800e-01 +3.1481667e+00 +4.8006556e-01 +7.2074333e-01 -4.7320444e-01 +6.7863444e-02 -2.9381556e-02 +4.9052307e+03
1.2105300e-01 +2.0000000e-01 +1.6018533e+01 -1.0712467e-01 -1.2832467e-01 +2.9571000e+00 +5.0822889e-01 +7.2275000e-01 -4.5331889e-01 +4.9969333e-02 -3.1523222e-02 +4.5718357e+03
1.2849000e-01 +2.0000000e-01 +1.6151167e+01 -1.1486433e-01 -1.4531533e-01 +2.7813444e+00 +5.3486000e-01 +7.2378667e-01 -4.3158667e-01 +2.9596889e-02 -3.3695778e-02 +4.2764730e+03
1.3623700e-01 +2.0000000e-01 +1.6272633e+01 -1.2208633e-01 -1.5843367e-01 +2.6209778e+00 +5.5985111e-01 +7.2372000e-01 -4.0823222e-01 +6.6664333e-03 -3.5812889e-02 +4.0170838e+03
1.4430000e-01 +2.0000000e-01 +1.6384000e+01 -1.2868267e-01 -1.6756867e-01 +2.4765111e+00 +5.8318556e-01 +7.2242667e-01 -3.8351556e-01 -1.8644556e-02 -3.7755333e-02 +3.7909418e+03
1.5268500e-01 +2.0000000e-01 +1.6485933e+01 -1.3454300e-01 -1.7276967e-01 +2.3486222e+00 +6.0495000e-01 +7.1999333e-01 -3.5763667e-01 -4.6272000e-02 -3.9420222e-02 +3.5959342e+03
1.6139700e-01 +2.0000000e-01 +1.6578967e+01 -1.3954233e-01 -1.7422400e-01 +2.2378778e+00 +6.2535556e-01 +7.1672000e-01 -3.3082667e-01 -7.6441444e-02 -4.0780889e-02 +3.4310969e+03
1.7043900e-01 +2.0000000e-01 +1.6663500e+01 -1.4353233e-01 -1.7218600e-01 +2.1447556e+00 +6.4473889e-01 +7.1294778e-01 -3.0348333e-01 -1.0934756e-01 -4.1855222e-02 +3.2956032e+03
1.7981500e-01 +2.0000000e-01 +1.6739700e+01 -1.4634833e-01 -1.6694767e-01 +2.0700778e+00 +6.6352333e-01 +7.0899111e-01 -2.7615667e-01 -1.4471333e-01 -4.2632667e-02 +3.1873256e+03
1.8952800e-01 +2.0000000e-01 +1.6807700e+01 -1.4783867e-01 -1.5887667e-01 +2.0147778e+00 +6.8220000e-01 +7.0522556e-01 -2.4937667e-01 -1.8204889e-01 -4.3095889e-02 +3.1042188e+03
1.9957700e-01 +2.0000000e-01 +1.6867567e+01 -1.4789533e-01 -1.4837767e-01 +1.9784222e+00 +7.0129333e-01 +7.0217889e-01 -2.2349778e-01 -2.2088333e-01 -4.3263000e-02 +3.0453800e+03
2.0996400e-01 +2.0000000e-01 +1.6919633e+01 -1.4646367e-01 -1.3588667e-01 +1.9593778e+00 +7.2123222e-01 +7.0036667e-01 -1.9877778e-01 -2.6040444e-01 -4.3203778e-02 +3.0104256e+03
2.2068800e-01 +2.0000000e-01 +1.6964233e+01 -1.4354267e-01 -1.2187333e-01 +1.9564000e+00 +7.4224556e-01 +6.9973111e-01 -1.7550000e-01 -2.9973889e-01 -4.2968333e-02 +2.9962132e+03
2.3174700e-01 +2.0000000e-01 +1.7001567e+01 -1.3917433e-01 -1.0678500e-01 +1.9679556e+00 +7.6437889e-01 +6.9980556e-01 -1.5389444e-01 -3.3838111e-01 -4.2510111e-02 +3.0001970e+03
2.4313600e-01 +2.0000000e-01 +1.7031933e+01 -1.3344067e-01 -9.1052000e-02 +1.9918778e+00 +7.8758333e-01 +7.0057778e-01 -1.3407333e-01 -3.7591333e-01 -4.1812778e-02 +3.0206226e+03
2.5485200e-01 +2.0000000e-01 +1.7056100e+01 -1.2646967e-01 -7.5055333e-02 +2.0264444e+00 +8.1172667e-01 +7.0233667e-01 -1.1598333e-01 -4.1187222e-01 -4.1010667e-02 +3.0546370e+03
2.6688900e-01 +2.0000000e-01 +1.7074900e+01 -1.1839600e-01 -5.9073333e-02 +2.0695444e+00 +8.3655556e-01 +7.0492444e-01 -9.9466333e-02 -4.4597667e-01 -4.0239778e-02 +3.1030187e+03
2.7923700e-01 +2.0000000e-01 +1.7089000e+01 -1.0934967e-01 -4.3345000e-02 +2.1185778e+00 +8.6176333e-01 +7.0793222e-01 -8.4586889e-02 -4.7799667e-01 -3.9505778e-02 +3.1660400e+03
2.9189000e-01 +2.0000000e-01 +1.7099067e+01 -9.9480333e-02 -2.8102667e-02 +2.1710111e+00 +8.8705000e-01 +7.1105556e-01 -7.1559444e-02 -5.0766000e-01 -3.8709556e-02 +3.2395850e+03
3.0483500e-01 +2.0000000e-01 +1.7106267e+01 -8.9014667e-02 -1.3569600e-02 +2.2246889e+00 +9.1208000e-01 +7.1414000e-01 -6.0579889e-02 -5.3489000e-01 -3.7791889e-02 +3.3163845e+03
3.1806100e-01 +2.0000000e-01 +1.7111367e+01 -7.8240000e-02 +1.2377300e-04 +2.2769889e+00 +9.3648778e-01 +7.1699556e-01 -5.1554667e-02 -5.5971333e-01 -3.6549889e-02 +3.3933532e+03
3.3155400e-01 +2.0000000e-01 +1.7114800e+01 -6.7454667e-02 +1.2929533e-02 +2.3261556e+00 +9.5990667e-01 +7.2017111e-01 -4.4406111e-02 -5.8232222e-01 -3.4806222e-02 +3.4703097e+03
3.4530000e-01 +2.0000000e-01 +1.7116933e+01 -5.6936333e-02 +2.4571500e-02 +2.3714111e+00 +9.8197222e-01 +7.2430444e-01 -3.9202444e-02 -6.0260778e-01 -3.2939889e-02 +3.5463913e+03
3.5928100e-01 +2.0000000e-01 +1.7118100e+01 -4.6969333e-02 +3.4610000e-02 +2.4113222e+00 +1.0023189e+00 +7.2927556e-01 -3.5678000e-02 -6.2049556e-01 -3.1119667e-02 +3.6201697e+03
3.7348100e-01 +2.0000000e-01 +1.7119400e+01 -3.7829000e-02 +4.2762333e-02 +2.4451778e+00 +1.0206844e+00 +7.3503000e-01 -3.3163556e-02 -6.3545000e-01 -2.9038889e-02 +3.6856311e+03
3.8788000e-01 +2.0000000e-01 +1.7121767e+01 -2.9674867e-02 +4.8979667e-02 +2.4715778e+00 +1.0370611e+00 +7.4073667e-01 -3.1421556e-02 -6.4682889e-01 -2.6243778e-02 +3.7385480e+03
4.0245700e-01 +2.0000000e-01 +1.7125033e+01 -2.2594033e-02 +5.3295333e-02 +2.4903222e+00 +1.0515289e+00 +7.4473000e-01 -3.0171444e-02 -6.5398889e-01 -2.2669333e-02 +3.7787526e+03
4.1719100e-01 +2.0000000e-01 +1.7127867e+01 -1.6573767e-02 +5.6045667e-02 +2.5036111e+00 +1.0640700e+00 +7.4639556e-01 -2.8408444e-02 -6.5723778e-01 -1.8554444e-02 +3.8104786e+03
4.3206000e-01 +2.0000000e-01 +1.7130167e+01 -1.1553267e-02 +5.7836000e-02 +2.5127222e+00 +1.0746022e+00 +7.4665556e-01 -2.5262111e-02 -6.5805444e-01 -1.4293111e-02 +3.8330509e+03
4.4704100e-01 +2.0000000e-01 +1.7132833e+01 -7.5566333e-03 +5.8997333e-02 +2.5168556e+00 +1.0830056e+00 +7.4713111e-01 -2.0874778e-02 -6.5822889e-01 -1.0453078e-02 +3.8464503e+03
4.6210900e-01 +2.0000000e-01 +1.7135233e+01 -4.5298333e-03 +5.9549667e-02 +2.5173556e+00 +1.0892433e+00 +7.4866000e-01 -1.5736000e-02 -6.5908778e-01 -7.0230778e-03 +3.8559680e+03
4.7724000e-01 +2.0000000e-01 +1.7136533e+01 -2.1465100e-03 +5.9738333e-02 +2.5162333e+00 +1.0934533e+00 +7.5055111e-01 -9.8818444e-03 -6.5995222e-01 -3.9940556e-03 +3.8631929e+03
4.9240900e-01 +2.0000000e-01 +1.7136967e+01 +0.0000000e+00 +5.9748667e-02 +2.5143000e+00 +1.0956378e+00 +7.5164667e-01 -3.3345556e-03 -6.6016556e-01 -1.3122667e-03 +3.8694332e+03
5.0759100e-01 +2.0000000e-01 +1.7136967e+01 +2.1465100e-03 +5.9748667e-02 +2.5143000e+00 +1.0956378e+00 +7.5164667e-01 +3.3345556e-03 -6.6016556e-01 +1.3122667e-03 +3.8694332e+03
5.2276000e-01 +2.0000000e-01 +1.7136533e+01 +4.5298333e-03 +5.9738333e-02 +2.5162333e+00 +1.0934533e+00 +7.5055111e-01 +9.8818444e-03 -6.5995222e-01 +3.9940556e-03 +3.8631929e+03
5.3789100e-01 +2.0000000e-01 +1.7135233e+01 +7.5566333e-03 +5.9549667e-02 +2.5173556e+00 +1.0892433e+00 +7.4866000e-01 +1.5736000e-02 -6.5908778e-01 +7.0230778e-03 +3.8559680e+03
5.5295900e-01 +2.0000000e-01 +1.7132833e+01 +1.1553267e-02 +5.8997333e-02 +2.5168556e+00 +1.0830056e+00 +7.4713111e-01 +2.0874778e-02 -6.5822889e-01 +1.0453078e-02 +3.8464503e+03
5.6794000e-01 +2.0000000e-01 +1.7130167e+01 +1.6573767e-02 +5.7836000e-02 +2.5127222e+00 +1.0746022e+00 +7.4665556e-01 +2.5262111e-02 -6.5805444e-01 +1.4293111e-02 +3.8330509e+03
5.8280900e-01 +2.0000000e-01 +1.7127867e+01 +2.2594033e-02 +5.6045667e-02 +2.5036111e+00 +1.0640700e+00 +7.4639556e-01 +2.8408444e-02 -6.5723778e-01 +1.8554444e-02 +3.8104786e+03
5.9754300e-01 +2.0000000e-01 +1.7125033e+01 +2.9674867e-02 +5.3295333e-02 +2.4903222e+00 +1.0515289e+00 +7.4473000e-01 +3.0171444e-02 -6.5398889e-01 +2.2669333e-02 +3.7787526e+03
6.1212000e-01 +2.0000000e-01 +1.7121767e+01 +3.7829000e-02 +4.8979667e-02 +2.4715778e+00 +1.0370611e+00 +7.4073667e-01 +3.1421556e-02 -6.4682889e-01 +2.6243778e-02 +3.7385480e+03
6.2651900e-01 +2.0000000e-01 +1.7119400e+01 +4.6969333e-02 +4.2762333e-02 +2.4451778e+00 +1.0206844e+00 +7.3503000e-01 +3.3163556e-02 -6.3545000e-01 +2.9038889e-02 +3.6856311e+03
6.4071900e-01 +2.0000000e-01 +1.7118100e+01 +5.6936333e-02 +3.4610000e-02 +2.4113222e+00 +1.0023189e+00 +7.2927556e-01 +3.5678000e-02 -6.2049556e-01 +3.1119667e-02 +3.6201697e+03
6.5470000e-01 +2.0000000e-01 +1.7116933e+01 +6.7454667e-02 +2.4571500e-02 +2.3714111e+00 +9.8197222e-01 +7.2430444e-01 +3.9202444e-02 -6.0260778e-01 +3.2939889e-02 +3.5463913e+03
6.6844600e-01 +2.0000000e-01 +1.7114800e+01 +7.8240000e-02 +1.2929533e-02 +2.3261556e+00 +9.5990667e-01 +7.2017111e-01 +4.4406111e-02 -5.8232222e-01 +3.4806222e-02 +3.4703097e+03
6.8193900e-01 +2.0000000e-01 +1.7111367e+01 +8.9014667e-02 +1.2377300e-04 +2.2769889e+00 +9.3648778e-01 +7.1699556e-01 +5.1554667e-02 -5.5971333e-01 +3.6549889e-02 +3.3933532e+03
6.9516500e-01 +2.0000000e-01 +1.7106267e+01 +9.9480333e-02 -1.3569600e-02 +2.2246889e+00 +9.1208000e-01 +7.1414000e-01 +6.0579889e-02 -5.3489000e-01 +3.7791889e-02 +3.3163845e+03
7.0811000e-01 +2.0000000e-01 +1.7099067e+01 +1.0934967e-01 -2.8102667e-02 +2.1710111e+00 +8.8705000e-01 +7.1105556e-01 +7.1559444e-02 -5.0766000e-01 +3.8709556e-02 +3.2395850e+03
7.2076300e-01 +2.0000000e-01 +1.7089000e+01 +1.1839600e-01 -4.3345000e-02 +2.1185778e+00 +8.6176333e-01 +7.0793222e-01 +8.4586889e-02 -4.7799667e-01 +3.9505778e-02 +3.1660400e+03
7.3311100e-01 +2.0000000e-01 +1.7074900e+01 +1.2646967e-01 -5.9073333e-02 +2.0695444e+00 +8.3655556e-01 +7.0492444e-01 +9.9466333e-02 -4.4597667e-01 +4.0239778e-02 +3.1030187e+03
7.4514800e-01 +2.0000000e-01 +1.7056100e+01 +1.3344067e-01 -7.5055333e-02 +2.0264444e+00 +8.1172667e-01 +7.0233667e-01 +1.1598333e-01 -4.1187222e-01 +4.1010667e-02 +3.0546370e+03
7.5686400e-01 +2.0000000e-01 +1.7031933e+01 +1.3917433e-01 -9.1052000e-02 +1.9918778e+00 +7.8758333e-01 +7.0057778e-01 +1.3407333e-01 -3.7591333e-01 +4.1812778e-02 +3.0206226e+03
7.6825300e-01 +2.0000000e-01 +1.7001567e+01 +1.4354267e-01 -1.0678500e-01 +1.9679556e+00 +7.6437889e-01 +6.9980556e-01 +1.5389444e-01 -3.3838111e-01 +4.2510111e-02 +3.0001970e+03
7.7931200e-01 +2.0000000e-01 +1.6964233e+01 +1.4646367e-01 -1.2187333e-01 +1.9564000e+00 +7.4224556e-01 +6.9973111e-01 +1.7550000e-01 -2.9973889e-01 +4.2968333e-02 +2.9962132e+03
7.9003600e-01 +2.0000000e-01 +1.6919633e+01 +1.4789533e-01 -1.3588667e-01 +1.9593778e+00 +7.2123222e-01 +7.0036667e-01 +1.9877778e-01 -2.6040444e-01 +4.3203778e-02 +3.0104256e+03
8.0042300e-01 +2.0000000e-01 +1.6867567e+01 +1.4783867e-01 -1.4837767e-01 +1.9784222e+00 +7.0129333e-01 +7.0217889e-01 +2.2349778e-01 -2.2088333e-01 +4.3263000e-02 +3.0453800e+03
8.1047200e-01 +2.0000000e-01 +1.6807700e+01 +1.4634833e-01 -1.5887667e-01 +2.0147778e+00 +6.8220000e-01 +7.0522556e-01 +2.4937667e-01 -1.8204889e-01 +4.3095889e-02 +3.1042188e+03
8.2018500e-01 +2.0000000e-01 +1.6739700e+01 +1.4353233e-01 -1.6694767e-01 +2.0700778e+00 +6.6352333e-01 +7.0899111e-01 +2.7615667e-01 -1.4471333e-01 +4.2632667e-02 +3.1873256e+03
8.2956100e-01 +2.0000000e-01 +1.6663500e+01 +1.3954233e-01 -1.7218600e-01 +2.1447556e+00 +6.4473889e-01 +7.1294778e-01 +3.0348333e-01 -1.0934756e-01 +4.1855222e-02 +3.2956032e+03
8.3860300e-01 +2.0000000e-01 +1.6578967e+01 +1.3454300e-01 -1.7422400e-01 +2.2378778e+00 +6.2535556e-01 +7.1672000e-01 +3.3082667e-01 -7.6441444e-02 +4.0780889e-02 +3.4310969e+03
8.4731500e-01 +2.0000000e-01 +1.6485933e+01 +1.2868267e-01 -1.7276967e-01 +2.3486222e+00 +6.0495000e-01 +7.1999333e-01 +3.5763667e-01 -4.6272000e-02 +3.9420222e-02 +3.5959342e+03
8.5570000e-01 +2.0000000e-01 +1.6384000e+01 +1.2208633e-01 -1.6756867e-01 +2.4765111e+00 +5.8318556e-01 +7.2242667e-01 +3.8351556e-01 -1.8644556e-02 +3.7755333e-02 +3.7909418e+03
8.6376300e-01 +2.0000000e-01 +1.6272633e+01 +1.1486433e-01 -1.5843367e-01 +2.6209778e+00 +5.5985111e-01 +7.2372000e-01 +4.0823222e-01 +6.6664333e-03 +3.5812889e-02 +4.0170838e+03
8.7151000e-01 +2.0000000e-01 +1.6151167e+01 +1.0712467e-01 -1.4531533e-01 +2.7813444e+00 +5.3486000e-01 +7.2378667e-01 +4.3158667e-01 +2.9596889e-02 +3.3695778e-02 +4.2764730e+03
8.7894700e-01 +2.0000000e-01 +1.6018533e+01 +9.8977000e-02 -1.2832467e-01 +2.9571000e+00 +5.0822889e-01 +7.2275000e-01 +4.5331889e-01 +4.9969333e-02 +3.1523222e-02 +4.5718357e+03
8.8608000e-01 +2.0000000e-01 +1.5873267e+01 +9.0533667e-02 -1.0772800e-01 +3.1481667e+00 +4.8006556e-01 +7.2074333e-01 +4.7320444e-01 +6.7863444e-02 +2.9381556e-02 +4.9052307e+03
8.9291700e-01 +2.0000000e-01 +1.5713433e+01 +8.1910333e-02 -8.3902333e-02 +3.3545000e+00 +4.5056667e-01 +7.1800111e-01 +4.9105333e-01 +8.3783778e-02 +2.7335778e-02 +5.2769414e+03
8.9946400e-01 +2.0000000e-01 +1.5536700e+01 +7.3220000e-02 -5.7286333e-02 +3.5754111e+00 +4.1999889e-01 +7.1482667e-01 +5.0660000e-01 +9.8387556e-02 +2.5404222e-02 +5.6866152e+03
9.0573000e-01 +2.0000000e-01 +1.5340433e+01 +6.4570333e-02 -2.8374400e-02 +3.8096444e+00 +3.8868000e-01 +7.1131111e-01 +5.1950111e-01 +1.1210444e-01 +2.3533333e-02 +6.1340887e+03
9.1172200e-01 +2.0000000e-01 +1.5121667e+01 +5.6065000e-02 +2.2557900e-03 +4.0555889e+00 +3.5696778e-01 +7.0727889e-01 +5.2940333e-01 +1.2511556e-01 +2.1654111e-02 +6.6165400e+03
9.1744900e-01 +2.0000000e-01 +1.4877267e+01 +4.7807000e-02 +3.3939333e-02 +4.3106778e+00 +3.2524667e-01 +7.0244111e-01 +5.3592556e-01 +1.3754667e-01 +1.9750667e-02 +7.1258269e+03
9.2291900e-01 +2.0000000e-01 +1.4604100e+01 +3.9898000e-02 +6.5965000e-02 +4.5705444e+00 +2.9390333e-01 +6.9647111e-01 +5.3860444e-01 +1.4947111e-01 +1.7843667e-02 +7.6508762e+03
9.2814000e-01 +2.0000000e-01 +1.4299000e+01 +3.2436067e-02 +9.7620333e-02 +4.8288111e+00 +2.6330667e-01 +6.8893000e-01 +5.3690889e-01 +1.6079222e-01 +1.5932778e-02 +8.1797831e+03
9.3312100e-01 +2.0000000e-01 +1.3959033e+01 +2.5514300e-02 +1.2821833e-01 +5.0773667e+00 +2.3378778e-01 +6.7927444e-01 +5.3032889e-01 +1.7129000e-01 +1.3995556e-02 +8.6965269e+03
9.3787000e-01 +2.0000000e-01 +1.3581633e+01 +1.9217767e-02 +1.5711900e-01 +5.3062333e+00 +2.0564000e-01 +6.6697111e-01 +5.1843111e-01 +1.8067778e-01 +1.2031111e-02 +9.1797113e+03
9.4239600e-01 +2.0000000e-01 +1.3164800e+01 +1.3617700e-02 +1.8374500e-01 +5.5033333e+00 +1.7911222e-01 +6.5159556e-01 +5.0092889e-01 +1.8859000e-01 +1.0078456e-02 +9.6061437e+03
9.4670700e-01 +2.0000000e-01 +1.2707267e+01 +8.7656000e-03 +2.0759500e-01 +5.6548444e+00 +1.5440222e-01 +6.3286444e-01 +4.7774889e-01 +1.9459333e-01 +8.1986333e-03 +9.9548390e+03
9.5081100e-01 +2.0000000e-01 +1.2208767e+01 +4.6885333e-03 +2.2825300e-01 +5.7461778e+00 +1.3165556e-01 +6.1063889e-01 +4.4907556e-01 +1.9825889e-01 +6.4537667e-03 +1.0209695e+04
9.5471600e-01 +2.0000000e-01 +1.1670000e+01 +1.3863933e-03 +2.4539300e-01 +5.7634444e+00 +1.1096356e-01 +5.8493333e-01 +4.1538333e-01 +1.9924556e-01 +4.8970222e-03 +1.0361410e+04
9.5843100e-01 +2.0000000e-01 +1.1092933e+01 -1.1683667e-03 +2.5878500e-01 +5.6951222e+00 +9.2365222e-02 +5.5594000e-01 +3.7744000e-01 +1.9734111e-01 +3.5703778e-03 +1.0409203e+04
9.6196300e-01 +2.0000000e-01 +1.0480567e+01 -3.0285467e-03 +2.6829567e-01 +5.5336778e+00 +7.5851222e-02 +5.2401889e-01 +3.3629111e-01 +1.9249111e-01 +2.5013778e-03 +1.0362771e+04
9.6532000e-01 +2.0000000e-01 +9.8371333e+00 -4.2676000e-03 +2.7388400e-01 +5.2770000e+00 +6.1369556e-02 +4.8966111e-01 +2.9320667e-01 +1.8480222e-01 +1.6973111e-03 +1.0242828e+04
9.6851000e-01 +2.0000000e-01 +9.1678333e+00 -4.9731333e-03 +2.7559233e-01 +4.9294333e+00 +4.8833889e-02 +4.5340111e-01 +2.4960667e-01 +1.7451444e-01 +1.1418778e-03 +1.0079480e+04
9.7153900e-01 +2.0000000e-01 +8.4786333e+00 -5.2400667e-03 +2.7353600e-01 +4.5020556e+00 +3.8132111e-02 +4.1574111e-01 +2.0696000e-01 +1.6196333e-01 +7.9764667e-04 +9.9079320e+03
9.7441500e-01 +2.0000000e-01 +7.7761667e+00 -5.1636333e-03 +2.6788767e-01 +4.0121889e+00 +2.9134333e-02 +3.7710889e-01 +1.6666444e-01 +1.4753667e-01 +6.1322667e-04 +9.7616861e+03
9.7714500e-01 +2.0000000e-01 +7.0671667e+00 -4.8342000e-03 +2.5886333e-01 +3.4819667e+00 +2.1700111e-02 +3.3784333e-01 +1.2993111e-01 +1.3166222e-01 +5.3250000e-04 +9.6656093e+03
9.7973500e-01 +2.0000000e-01 +6.3584000e+00 -4.3330333e-03 +2.4671033e-01 +2.9362000e+00 +1.5682000e-02 +2.9823444e-01 +9.7682667e-02 +1.1480444e-01 +5.0365667e-04 +9.6303362e+03
9.8219200e-01 +2.0000000e-01 +5.6561333e+00 -3.7302333e-03 +2.3169667e-01 +2.3997444e+00 +1.0928700e-02 +2.5857333e-01 +7.0486111e-02 +9.7470444e-02 +4.8634889e-04 +9.6505252e+03
9.8452200e-01 +2.0000000e-01 +4.9660000e+00 -3.0838367e-03 +2.1410300e-01 +1.8949111e+00 +7.2856889e-03 +2.1921444e-01 +4.8523667e-02 +8.0205111e-02 +4.5554000e-04 +9.7082450e+03
9.8673100e-01 +2.0000000e-01 +4.2926667e+00 -2.4401567e-03 +1.9421733e-01 +1.4394333e+00 +4.5962889e-03 +1.8063000e-01 +3.1614667e-02 +6.3580000e-02 +4.0150556e-04 +9.7806386e+03
9.8882500e-01 +2.0000000e-01 +3.6398667e+00 -1.8347867e-03 +1.7233000e-01 +1.0452500e+00 +2.7029111e-03 +1.4344333e-01 +1.9277222e-02 +4.8157556e-02 +3.2671444e-04 +9.8492489e+03
9.9080900e-01 +2.0000000e-01 +3.0102800e+00 -1.2940200e-03 +1.4872900e-01 +7.1826222e-01 +1.4495222e-03 +1.0843556e-01 +1.0819222e-02 +3.4442111e-02 +2.4111444e-04 +9.9074878e+03
9.9268900e-01 +2.0000000e-01 +2.4056367e+00 -8.3631333e-04 +1.2369567e-01 +4.5909000e-01 +6.8545222e-04 +7.6525333e-02 +5.4426889e-03 +2.2829000e-02 +1.5734333e-04 +9.9637280e+03
9.9447000e-01 +2.0000000e-01 +1.8268167e+00 -4.7365667e-04 +9.7501333e-02 +2.6436889e-01 +2.7044333e-04 +4.8737778e-02 +2.3430111e-03 +1.3569667e-02 +8.6824222e-05 +1.0039819e+04
9.9615600e-01 +2.0000000e-01 +1.2740467e+00 -2.1284267e-04 +7.0405000e-02 +1.2829556e-01 +8.0628111e-05 +2.6163333e-02 +7.8769111e-04 +6.7624222e-03 +3.7030444e-05 +1.0167141e+04
9.9775300e-01 +2.0000000e-01 +7.4703667e-01 -5.6383333e-05 +4.2649000e-02 +4.4028667e-02 +1.4891556e-05 +9.9295778e-03 +1.6637333e-04 +2.3710111e-03 +9.8439222e-06 +1.0382200e+04
9.9926500e-01 +2.0000000e-01 +2.4517633e-01 +0.0000000e+00 +1.4471133e-02 +4.7416333e-03 +1.0126811e-06 +1.1928667e-03 +1.0456300e-05 +2.5992556e-04 +7.9072667e-07 +1.0693929e+04
1.0000000e+00 +2.0000000e-01 +0.0000000e+00 +0.0000000e+00 +0.0000000e+00 +0.0000000e+00 +0.0000000e+00 +0.0000000e+00 +0.0000000e+00 +0.0000000e+00 +0.0000000e+00 +1.0692744e+04
