#    y              z              <u>            <v>            <w>            <u'u'>         <v'v'>         <w'w'>         <u'v'>         <u'w'>         <v'w'>         <eps>         
#----------------------------------------------------------------------------------------------------------------------------------------------------------------------------------
0.0000000e+00 +2.5000000e-01 +0.0000000e+00 +0.0000000e+00 +0.0000000e+00 +0.0000000e+00 +0.0000000e+00 +0.0000000e+00 +0.0000000e+00 +0.0000000e+00 +0.0000000e+00 +7.9050278e+04
3.6000000e-04 +2.5000000e-01 +2.3099500e-01 -7.1197500e-06 +6.0454833e-03 +7.8771667e-03 +2.7287056e-06 +2.7170389e-03 -2.3734417e-05 -4.9334722e-05 -7.8980000e-07 +7.9051330e+04
1.0890000e-03 +2.5000000e-01 +6.9823833e-01 -2.5772667e-05 +1.8002333e-02 +7.1555556e-02 +3.7938056e-05 +2.1959639e-02 -3.6456111e-04 -3.6438611e-04 -1.0982278e-05 +7.5727068e+04
1.8380000e-03 +2.5000000e-01 +1.1767500e+00 -5.5116167e-05 +2.9922333e-02 +2.0252000e-01 +1.9497556e-04 +5.5953889e-02 -1.6460750e-03 -8.2302778e-04 -4.5112778e-05 +7.3110367e+04
2.6080000e-03 +2.5000000e-01 +1.6661317e+00 -9.3707667e-05 +4.1779333e-02 +4.0456111e-01 +6.2078333e-04 +1.0087972e-01 -4.6446944e-03 -1.2466528e-03 -1.1639944e-04 +7.1024634e+04
3.4000000e-03 +2.5000000e-01 +2.1655667e+00 -1.4001467e-04 +5.3547333e-02 +6.7998611e-01 +1.4944583e-03 +1.5355000e-01 -1.0201250e-02 -1.4632944e-03 -2.3550306e-04 +6.9092435e+04
4.2130000e-03 +2.5000000e-01 +2.6737500e+00 -1.9249667e-04 +6.5197333e-02 +1.0282889e+00 +3.0057778e-03 +2.1134861e-01 -1.9135889e-02 -1.3249861e-03 -4.1070000e-04 +6.7074916e+04
5.0480000e-03 +2.5000000e-01 +3.1888667e+00 -2.4967500e-04 +7.6697667e-02 +1.4450972e+00 +5.3400556e-03 +2.7219306e-01 -3.2151667e-02 -7.2699722e-04 -6.4815000e-04 +6.4890758e+04
5.9060000e-03 +2.5000000e-01 +3.7086833e+00 -3.1018333e-04 +8.8013667e-02 +1.9217361e+00 +8.6683611e-03 +3.3449722e-01 -4.9747778e-02 +3.7651111e-04 -9.5218889e-04 +6.2596077e+04
6.7880000e-03 +2.5000000e-01 +4.2305667e+00 -3.7278333e-04 +9.9109333e-02 +2.4455306e+00 +1.3142139e-02 +3.9711111e-01 -7.2158611e-02 +1.9644889e-03 -1.3255194e-03 +6.0336134e+04
7.6940000e-03 +2.5000000e-01 +4.7516167e+00 -4.3633333e-04 +1.0994667e-01 +3.0007778e+00 +1.8890722e-02 +4.5926389e-01 -9.9331389e-02 +3.9503333e-03 -1.7692917e-03 +5.8284310e+04
8.6240000e-03 +2.5000000e-01 +5.2688500e+00 -4.9969833e-04 +1.2048833e-01 +3.5701944e+00 +2.6021417e-02 +5.2047500e-01 -1.3093833e-01 +6.1921667e-03 -2.2830778e-03 +5.6584082e+04
9.5800000e-03 +2.5000000e-01 +5.7793167e+00 -5.6161833e-04 +1.3069717e-01 +4.1363889e+00 +3.4620278e-02 +5.8048056e-01 -1.6642139e-01 +8.5104167e-03 -2.8646944e-03 +5.5314268e+04
1.0561000e-02 +2.5000000e-01 +6.2802500e+00 -6.2054167e-04 +1.4053867e-01 +4.6833333e+00 +4.4753611e-02 +6.3915833e-01 -2.0505583e-01 +1.0710583e-02 -3.5100556e-03 +5.4479594e+04
1.1569000e-02 +2.5000000e-01 +6.7691333e+00 -6.7447000e-04 +1.4998150e-01 +5.1973056e+00 +5.6469444e-02 +6.9645833e-01 -2.4602083e-01 +1.2607722e-02 -4.2128889e-03 +5.4022061e+04
1.2605000e-02 +2.5000000e-01 +7.2438167e+00 -7.2083000e-04 +1.5899883e-01 +5.6675833e+00 +6.9798056e-02 +7.5237222e-01 -2.8846667e-01 +1.4049528e-02 -4.9649167e-03 +5.3844798e+04
1.3668000e-02 +2.5000000e-01 +7.7025833e+00 -7.5639833e-04 +1.6756833e-01 +6.0865278e+00 +8.4753056e-02 +8.0687500e-01 -3.3157778e-01 +1.4933194e-02 -5.7561944e-03 +5.3836683e+04
1.4760000e-02 +2.5000000e-01 +8.1440833e+00 -7.7731333e-04 +1.7567167e-01 +6.4495556e+00 +1.0133139e-01 +8.5991667e-01 -3.7460556e-01 +1.5213833e-02 -6.5758889e-03 +5.3891942e+04
1.5882000e-02 +2.5000000e-01 +8.5674333e+00 -7.7914000e-04 +1.8329167e-01 +6.7547222e+00 +1.1951278e-01 +9.1141667e-01 -4.1690000e-01 +1.4903389e-02 -7.4132778e-03 +5.3924055e+04
1.7033000e-02 +2.5000000e-01 +8.9720500e+00 -7.5700333e-04 +1.9041500e-01 +7.0023056e+00 +1.3926083e-01 +9.6125833e-01 -4.5792222e-01 +1.4061667e-02 -8.2583333e-03 +5.3868626e+04
1.8215000e-02 +2.5000000e-01 +9.3577333e+00 -7.0579167e-04 +1.9702667e-01 +7.1942778e+00 +1.6052194e-01 +1.0093056e+00 -4.9725556e-01 +1.2782806e-02 -9.1019722e-03 +5.3685039e+04
1.9429000e-02 +2.5000000e-01 +9.7245667e+00 -6.2042500e-04 +2.0311000e-01 +7.3338889e+00 +1.8322583e-01 +1.0554139e+00 -5.3458333e-01 +1.1179861e-02 -9.9356111e-03 +5.3352655e+04
2.0675000e-02 +2.5000000e-01 +1.0072850e+01 -4.9618833e-04 +2.0864333e-01 +7.4251389e+00 +2.0728639e-01 +1.0994500e+00 -5.6969167e-01 +9.3694444e-03 -1.0750500e-02 +5.2866293e+04
2.1953000e-02 +2.5000000e-01 +1.0403067e+01 -3.2908667e-04 +2.1360667e-01 +7.4726389e+00 +2.3260167e-01 +1.1412889e+00 -6.0244722e-01 +7.4567222e-03 -1.1537056e-02 +5.2230434e+04
2.3266000e-02 +2.5000000e-01 +1.0715850e+01 -1.1619917e-04 +2.1797667e-01 +7.4811944e+00 +2.5905528e-01 +1.1808444e+00 -6.3278889e-01 +5.5213611e-03 -1.2284278e-02 +5.1456805e+04
2.4613000e-02 +2.5000000e-01 +1.1011950e+01 +1.4396683e-04 +2.2173667e-01 +7.4556667e+00 +2.8651944e-01 +1.2180417e+00 -6.6071667e-01 +3.6051111e-03 -1.2979667e-02 +5.0559539e+04
2.5996000e-02 +2.5000000e-01 +1.1292150e+01 +4.5116667e-04 +2.2486667e-01 +7.4008611e+00 +3.1485278e-01 +1.2528389e+00 -6.8627500e-01 +1.7044972e-03 -1.3609472e-02 +4.9553888e+04
2.7415000e-02 +2.5000000e-01 +1.1557317e+01 +8.0321333e-04 +2.2736000e-01 +7.3213333e+00 +3.4390556e-01 +1.2852222e+00 -7.0954167e-01 -2.2709556e-04 -1.4159250e-02 +4.8454577e+04
2.8871000e-02 +2.5000000e-01 +1.1808300e+01 +1.1959583e-03 +2.2921167e-01 +7.2213889e+00 +3.7352222e-01 +1.3151806e+00 -7.3063611e-01 -2.2646361e-03 -1.4614667e-02 +4.7276248e+04
3.0365000e-02 +2.5000000e-01 +1.2045983e+01 +1.6235467e-03 +2.3042500e-01 +7.1048889e+00 +4.0354444e-01 +1.3427278e+00 -7.4968611e-01 -4.4875833e-03 -1.4962194e-02 +4.6032854e+04
3.1898000e-02 +2.5000000e-01 +1.2271183e+01 +2.0788667e-03 +2.3101333e-01 +6.9753333e+00 +4.3381111e-01 +1.3678861e+00 -7.6683333e-01 -6.9550278e-03 -1.5190278e-02 +4.4737985e+04
3.3471000e-02 +2.5000000e-01 +1.2484750e+01 +2.5540667e-03 +2.3098667e-01 +6.8358333e+00 +4.6415278e-01 +1.3907028e+00 -7.8222500e-01 -9.6880556e-03 -1.5292167e-02 +4.3404834e+04
3.5084000e-02 +2.5000000e-01 +1.2687483e+01 +3.0409333e-03 +2.3036167e-01 +6.6889722e+00 +4.9441111e-01 +1.4112417e+00 -7.9599444e-01 -1.2662722e-02 -1.5269778e-02 +4.2044037e+04
3.6738000e-02 +2.5000000e-01 +1.2880100e+01 +3.5308167e-03 +2.2914833e-01 +6.5371389e+00 +5.2441667e-01 +1.4296000e+00 -8.0826389e-01 -1.5809417e-02 -1.5136444e-02 +4.0664527e+04
3.8435000e-02 +2.5000000e-01 +1.3063333e+01 +4.0143667e-03 +2.2734667e-01 +6.3822222e+00 +5.5401667e-01 +1.4458778e+00 -8.1912500e-01 -1.9015556e-02 -1.4917111e-02 +3.9275208e+04
4.0176000e-02 +2.5000000e-01 +1.3237850e+01 +4.4808333e-03 +2.2495000e-01 +6.2258056e+00 +5.8305833e-01 +1.4601778e+00 -8.2866111e-01 -2.2134028e-02 -1.4644861e-02 +3.7885824e+04
4.1960000e-02 +2.5000000e-01 +1.3404267e+01 +4.9174667e-03 +2.2193833e-01 +6.0690556e+00 +6.1141389e-01 +1.4726139e+00 -8.3691389e-01 -2.5005250e-02 -1.4354972e-02 +3.6506890e+04
4.3790000e-02 +2.5000000e-01 +1.3563200e+01 +5.3091500e-03 +2.1828667e-01 +5.9128611e+00 +6.3896944e-01 +1.4832917e+00 -8.4391111e-01 -2.7486694e-02 -1.4078778e-02 +3.5147901e+04
4.5665000e-02 +2.5000000e-01 +1.3715217e+01 +5.6387667e-03 +2.1397500e-01 +5.7577500e+00 +6.6562778e-01 +1.4923194e+00 -8.4966111e-01 -2.9471389e-02 -1.3839389e-02 +3.3817140e+04
4.7588000e-02 +2.5000000e-01 +1.3860900e+01 +5.8883500e-03 +2.0899500e-01 +5.6041944e+00 +6.9131389e-01 +1.4997611e+00 -8.5417222e-01 -3.0889167e-02 -1.3652417e-02 +3.2521266e+04
4.9559000e-02 +2.5000000e-01 +1.4000733e+01 +6.0405333e-03 +2.0335167e-01 +5.4525833e+00 +7.1595278e-01 +1.5056583e+00 -8.5746667e-01 -3.1701389e-02 -1.3531889e-02 +3.1264393e+04
5.1579000e-02 +2.5000000e-01 +1.4135217e+01 +6.0794667e-03 +1.9706000e-01 +5.3034722e+00 +7.3948611e-01 +1.5100556e+00 -8.5959722e-01 -3.1899167e-02 -1.3497944e-02 +3.0047581e+04
5.3650000e-02 +2.5000000e-01 +1.4264833e+01 +5.9907000e-03 +1.9015000e-01 +5.1573889e+00 +7.6185833e-01 +1.5130444e+00 -8.6063056e-01 -3.1506667e-02 -1.3580972e-02 +2.8870493e+04
5.5771000e-02 +2.5000000e-01 +1.4390017e+01 +5.7603333e-03 +1.8265667e-01 +5.0149167e+00 +7.8301944e-01 +1.5147333e+00 -8.6064722e-01 -3.0590278e-02 -1.3814889e-02 +2.7731582e+04
5.7944000e-02 +2.5000000e-01 +1.4511183e+01 +5.3740167e-03 +1.7462667e-01 +4.8765278e+00 +8.0293056e-01 +1.5152194e+00 -8.5973889e-01 -2.9264722e-02 -1.4220028e-02 +2.6630036e+04
6.0170000e-02 +2.5000000e-01 +1.4628767e+01 +4.8166500e-03 +1.6611500e-01 +4.7426944e+00 +8.2156111e-01 +1.5145611e+00 -8.5799167e-01 -2.7679833e-02 -1.4785556e-02 +2.5564273e+04
6.2451000e-02 +2.5000000e-01 +1.4743100e+01 +4.0734000e-03 +1.5718433e-01 +4.6137778e+00 +8.3888333e-01 +1.5128139e+00 -8.5547778e-01 -2.5972806e-02 -1.5466694e-02 +2.4532296e+04
6.4786000e-02 +2.5000000e-01 +1.4854533e+01 +3.1315167e-03 +1.4789233e-01 +4.4900000e+00 +8.5488889e-01 +1.5100528e+00 -8.5225556e-01 -2.4233611e-02 -1.6202972e-02 +2.3532491e+04
6.7178000e-02 +2.5000000e-01 +1.4963367e+01 +1.9826000e-03 +1.3828667e-01 +4.3714444e+00 +8.6956389e-01 +1.5063639e+00 -8.4837500e-01 -2.2509778e-02 -1.6946083e-02 +2.2563858e+04
6.9627000e-02 +2.5000000e-01 +1.5069883e+01 +6.2357833e-04 +1.2840750e-01 +4.2581667e+00 +8.8290833e-01 +1.5018000e+00 -8.4390556e-01 -2.0818556e-02 -1.7674889e-02 +2.1626009e+04
7.2134000e-02 +2.5000000e-01 +1.5174317e+01 -9.4455833e-04 +1.1830067e-01 +4.1499722e+00 +8.9492500e-01 +1.4963778e+00 -8.3891389e-01 -1.9172833e-02 -1.8389000e-02 +2.0719084e+04
7.4701000e-02 +2.5000000e-01 +1.5276833e+01 -2.7194833e-03 +1.0802617e-01 +4.0466111e+00 +9.0562778e-01 +1.4900917e+00 -8.3343333e-01 -1.7633333e-02 -1.9100583e-02 +1.9844324e+04
7.7327000e-02 +2.5000000e-01 +1.5377583e+01 -4.6993500e-03 +9.7652833e-02 +3.9477500e+00 +9.1503056e-01 +1.4829500e+00 -8.2747778e-01 -1.6304167e-02 -1.9834583e-02 +1.9003799e+04
8.0015000e-02 +2.5000000e-01 +1.5476700e+01 -6.8825833e-03 +8.7244833e-02 +3.8531389e+00 +9.2316944e-01 +1.4749500e+00 -8.2103611e-01 -1.5266722e-02 -2.0619194e-02 +1.8197167e+04
8.2766000e-02 +2.5000000e-01 +1.5574333e+01 -9.2667167e-03 +7.6853167e-02 +3.7626389e+00 +9.3008333e-01 +1.4660639e+00 -8.1409722e-01 -1.4565917e-02 -2.1466306e-02 +1.7420136e+04
8.5579000e-02 +2.5000000e-01 +1.5670617e+01 -1.1847400e-02 +6.6515333e-02 +3.6761667e+00 +9.3584167e-01 +1.4562389e+00 -8.0665278e-01 -1.4256056e-02 -2.2366222e-02 +1.6669030e+04
8.8457000e-02 +2.5000000e-01 +1.5765667e+01 -1.4618533e-02 +5.6258500e-02 +3.5933333e+00 +9.4052500e-01 +1.4454139e+00 -7.9868889e-01 -1.4452750e-02 -2.3302361e-02 +1.5945910e+04
9.1401000e-02 +2.5000000e-01 +1.5859667e+01 -1.7572333e-02 +4.6102667e-02 +3.5137222e+00 +9.4420833e-01 +1.4335389e+00 -7.9019722e-01 -1.5287806e-02 -2.4268250e-02 +1.5255405e+04
9.4411000e-02 +2.5000000e-01 +1.5952750e+01 -2.0698333e-02 +3.6063000e-02 +3.4371111e+00 +9.4695000e-01 +1.4205722e+00 -7.8118056e-01 -1.6777833e-02 -2.5273111e-02 +1.4598216e+04
9.7488000e-02 +2.5000000e-01 +1.6045050e+01 -2.3983167e-02 +2.6155000e-02 +3.3635556e+00 +9.4878056e-01 +1.4064833e+00 -7.7166667e-01 -1.8826389e-02 -2.6321000e-02 +1.3972212e+04
1.0063400e-01 +2.5000000e-01 +1.6136617e+01 -2.7409167e-02 +1.6408383e-02 +3.2931389e+00 +9.4971944e-01 +1.3912972e+00 -7.6170278e-01 -2.1395667e-02 -2.7388972e-02 +1.3376257e+04
1.0384900e-01 +2.5000000e-01 +1.6227517e+01 -3.0957000e-02 +6.8761000e-03 +3.2256667e+00 +9.4981111e-01 +1.3751528e+00 -7.5132222e-01 -2.4569250e-02 -2.8455000e-02 +1.2811028e+04
1.0713400e-01 +2.5000000e-01 +1.6317783e+01 -3.4609167e-02 -2.3833333e-03 +3.1608333e+00 +9.4911944e-01 +1.3582250e+00 -7.4053333e-01 -2.8427778e-02 -2.9538333e-02 +1.2278002e+04
1.1049000e-01 +2.5000000e-01 +1.6407450e+01 -3.8352500e-02 -1.1343883e-02 +3.0985000e+00 +9.4773056e-01 +1.3406472e+00 -7.2934722e-01 -3.2902778e-02 -3.0689167e-02 +1.1774853e+04
1.1391900e-01 +2.5000000e-01 +1.6496500e+01 -4.2175667e-02 -2.0031833e-02 +3.0388333e+00 +9.4574167e-01 +1.3225222e+00 -7.1778333e-01 -3.7703611e-02 -3.1957778e-02 +1.1293481e+04
1.1742100e-01 +2.5000000e-01 +1.6584867e+01 -4.6061500e-02 -2.8511000e-02 +2.9817222e+00 +9.4327222e-01 +1.3039639e+00 -7.0585000e-01 -4.2503889e-02 -3.3373333e-02 +1.0830941e+04
1.2099600e-01 +2.5000000e-01 +1.6672500e+01 -4.9986167e-02 -3.6836333e-02 +2.9268611e+00 +9.4042222e-01 +1.2850472e+00 -6.9356944e-01 -4.7242222e-02 -3.4933889e-02 +1.0389458e+04
1.2464700e-01 +2.5000000e-01 +1.6759333e+01 -5.3935667e-02 -4.5020167e-02 +2.8740000e+00 +9.3726389e-01 +1.2657750e+00 -6.8096389e-01 -5.2037222e-02 -3.6636667e-02 +9.9683326e+03
1.2837200e-01 +2.5000000e-01 +1.6845500e+01 -5.7912000e-02 -5.3040000e-02 +2.8228056e+00 +9.3383056e-01 +1.2461167e+00 -6.6804167e-01 -5.6895556e-02 -3.8502222e-02 +9.5691115e+03
1.3217500e-01 +2.5000000e-01 +1.6930833e+01 -6.1919000e-02 -6.0854833e-02 +2.7729889e+00 +9.3016389e-01 +1.2261167e+00 -6.5477500e-01 -6.1695278e-02 -4.0535000e-02 +9.1953452e+03
1.3605400e-01 +2.5000000e-01 +1.7015500e+01 -6.5949667e-02 -6.8402333e-02 +2.7245028e+00 +9.2631111e-01 +1.2059806e+00 -6.4115556e-01 -6.6357778e-02 -4.2701667e-02 +8.8451735e+03
1.4001100e-01 +2.5000000e-01 +1.7099500e+01 -6.9978167e-02 -7.5606667e-02 +2.6774417e+00 +9.2232500e-01 +1.1860194e+00 -6.2720000e-01 -7.0886667e-02 -4.4943333e-02 +8.5141429e+03
1.4404700e-01 +2.5000000e-01 +1.7182667e+01 -7.3964167e-02 -8.2417667e-02 +2.6319222e+00 +9.1826389e-01 +1.1665528e+00 -6.1292778e-01 -7.5347500e-02 -4.7212222e-02 +8.1989433e+03
1.4816200e-01 +2.5000000e-01 +1.7265167e+01 -7.7869167e-02 -8.8820500e-02 +2.5881556e+00 +9.1417778e-01 +1.1477111e+00 -5.9837500e-01 -7.9924722e-02 -4.9511389e-02 +7.8970629e+03
1.5235700e-01 +2.5000000e-01 +1.7346500e+01 -8.1666667e-02 -9.4814167e-02 +2.5464083e+00 +9.1009444e-01 +1.1294056e+00 -5.8357778e-01 -8.4910000e-02 -5.1885556e-02 +7.6079109e+03
1.5663200e-01 +2.5000000e-01 +1.7426500e+01 -8.5342167e-02 -1.0040600e-01 +2.5067000e+00 +9.0602500e-01 +1.1115694e+00 -5.6852778e-01 -9.0552500e-02 -5.4347222e-02 +7.3329409e+03
1.6098800e-01 +2.5000000e-01 +1.7505333e+01 -8.8899500e-02 -1.0560250e-01 +2.4685833e+00 +9.0196667e-01 +1.0943167e+00 -5.5318611e-01 -9.6949167e-02 -5.6844722e-02 +7.0745100e+03
1.6542500e-01 +2.5000000e-01 +1.7583000e+01 -9.2358167e-02 -1.1038517e-01 +2.4313667e+00 +8.9791389e-01 +1.0777472e+00 -5.3757778e-01 -1.0408472e-01 -5.9314444e-02 +6.8354510e+03
1.6994400e-01 +2.5000000e-01 +1.7659333e+01 -9.5739833e-02 -1.1471767e-01 +2.3947111e+00 +8.9389444e-01 +1.0618917e+00 -5.2180000e-01 -1.1190333e-01 -6.1695000e-02 +6.6142281e+03
1.7454600e-01 +2.5000000e-01 +1.7734333e+01 -9.9047167e-02 -1.1859400e-01 +2.3587583e+00 +8.8995556e-01 +1.0467278e+00 -5.0596389e-01 -1.2041944e-01 -6.3896111e-02 +6.4070441e+03
1.7922900e-01 +2.5000000e-01 +1.7808167e+01 -1.0224350e-01 -1.2204417e-01 +2.3236583e+00 +8.8616389e-01 +1.0321556e+00 -4.9015833e-01 -1.2970222e-01 -6.5852222e-02 +6.2134433e+03
1.8399600e-01 +2.5000000e-01 +1.7880333e+01 -1.0526533e-01 -1.2509533e-01 +2.2896000e+00 +8.8254722e-01 +1.0181000e+00 -4.7445278e-01 -1.3971278e-01 -6.7575833e-02 +6.0338940e+03
1.8884500e-01 +2.5000000e-01 +1.7951000e+01 -1.0805850e-01 -1.2776117e-01 +2.2569611e+00 +8.7910833e-01 +1.0044583e+00 -4.5887222e-01 -1.5022083e-01 -6.9145000e-02 +5.8679100e+03
1.9377800e-01 +2.5000000e-01 +1.8020000e+01 -1.1060200e-01 -1.3004033e-01 +2.2262639e+00 +8.7581667e-01 +9.9099722e-01 -4.4334722e-01 -1.6095222e-01 -7.0663889e-02 +5.7139357e+03
1.9879400e-01 +2.5000000e-01 +1.8087000e+01 -1.1289883e-01 -1.3191500e-01 +2.1978944e+00 +8.7265000e-01 +9.7743056e-01 -4.2776667e-01 -1.7182556e-01 -7.2213333e-02 +5.5701730e+03
2.0389300e-01 +2.5000000e-01 +1.8152167e+01 -1.1495583e-01 -1.3336433e-01 +2.1719056e+00 +8.6961111e-01 +9.6356111e-01 -4.1204167e-01 -1.8295556e-01 -7.3790833e-02 +5.4383648e+03
2.0907500e-01 +2.5000000e-01 +1.8215333e+01 -1.1677867e-01 -1.3431767e-01 +2.1482333e+00 +8.6675556e-01 +9.4946389e-01 -3.9612778e-01 -1.9439667e-01 -7.5323333e-02 +5.3196822e+03
2.1433900e-01 +2.5000000e-01 +1.8276500e+01 -1.1837733e-01 -1.3466350e-01 +2.1268306e+00 +8.6416944e-01 +9.3549722e-01 -3.8005000e-01 -2.0599083e-01 -7.6754444e-02 +5.2111304e+03
2.1968700e-01 +2.5000000e-01 +1.8335500e+01 -1.1975700e-01 -1.3437933e-01 +2.1076750e+00 +8.6193056e-01 +9.2199722e-01 -3.6391389e-01 -2.1757806e-01 -7.8048056e-02 +5.1104819e+03
2.2511700e-01 +2.5000000e-01 +1.8392167e+01 -1.2091283e-01 -1.3352233e-01 +2.0907333e+00 +8.6008333e-01 +9.0913889e-01 -3.4781111e-01 -2.2907861e-01 -7.9195833e-02 +5.0168254e+03
2.3062900e-01 +2.5000000e-01 +1.8446333e+01 -1.2184133e-01 -1.3212717e-01 +2.0759417e+00 +8.5865278e-01 +8.9683333e-01 -3.3178056e-01 -2.4042778e-01 -8.0203056e-02 +4.9326429e+03
2.3622300e-01 +2.5000000e-01 +1.8498000e+01 -1.2253400e-01 -1.3018733e-01 +2.0632750e+00 +8.5766389e-01 +8.8477500e-01 -3.1581944e-01 -2.5157528e-01 -8.1044722e-02 +4.8602550e+03
2.4189800e-01 +2.5000000e-01 +1.8547167e+01 -1.2296733e-01 -1.2767933e-01 +2.0528389e+00 +8.5716389e-01 +8.7292500e-01 -2.9993889e-01 -2.6254861e-01 -8.1660556e-02 +4.7966985e+03
2.4765400e-01 +2.5000000e-01 +1.8593500e+01 -1.2310317e-01 -1.2458000e-01 +2.0447389e+00 +8.5722500e-01 +8.6165556e-01 -2.8416667e-01 -2.7346417e-01 -8.1995278e-02 +4.7393447e+03
2.5348900e-01 +2.5000000e-01 +1.8636833e+01 -1.2289433e-01 -1.2087500e-01 +2.0390667e+00 +8.5791944e-01 +8.5133333e-01 -2.6855000e-01 -2.8446667e-01 -8.2025000e-02 +4.6899698e+03
2.5940400e-01 +2.5000000e-01 +1.8677500e+01 -1.2231183e-01 -1.1659867e-01 +2.0359250e+00 +8.5930000e-01 +8.4213889e-01 -2.5312361e-01 -2.9573889e-01 -8.1757222e-02 +4.6498459e+03
2.6539600e-01 +2.5000000e-01 +1.8715500e+01 -1.2136900e-01 -1.1184100e-01 +2.0352611e+00 +8.6138333e-01 +8.3411111e-01 -2.3798139e-01 -3.0741389e-01 -8.1226389e-02 +4.6185178e+03
2.7146600e-01 +2.5000000e-01 +1.8750833e+01 -1.2010300e-01 -1.0669000e-01 +2.0371250e+00 +8.6417500e-01 +8.2722500e-01 -2.2321444e-01 -3.1947222e-01 -8.0515000e-02 +4.5952415e+03
2.7761200e-01 +2.5000000e-01 +1.8783333e+01 -1.1851450e-01 -1.0115900e-01 +2.0419194e+00 +8.6764444e-01 +8.2134722e-01 -2.0877417e-01 -3.3186667e-01 -7.9688056e-02 +4.5793052e+03
2.8383300e-01 +2.5000000e-01 +1.8813000e+01 -1.1657167e-01 -9.5201167e-02 +2.0499028e+00 +8.7170556e-01 +8.1622222e-01 -1.9456167e-01 -3.4455833e-01 -7.8750833e-02 +4.5709401e+03
2.9012800e-01 +2.5000000e-01 +1.8840000e+01 -1.1425100e-01 -8.8829167e-02 +2.0608278e+00 +8.7621944e-01 +8.1148611e-01 -1.8054556e-01 -3.5740556e-01 -7.7707778e-02 +4.5728516e+03
2.9649600e-01 +2.5000000e-01 +1.8864333e+01 -1.1155467e-01 -8.2085833e-02 +2.0742056e+00 +8.8106389e-01 +8.0707778e-01 -1.6672694e-01 -3.7022500e-01 -7.6607222e-02 +4.5834416e+03
3.0293400e-01 +2.5000000e-01 +1.8886333e+01 -1.0850717e-01 -7.4971333e-02 +2.0896028e+00 +8.8618056e-01 +8.0311667e-01 -1.5311972e-01 -3.8284722e-01 -7.5515556e-02 +4.5986051e+03
3.0944200e-01 +2.5000000e-01 +1.8905667e+01 -1.0514867e-01 -6.7569833e-02 +2.1064528e+00 +8.9158611e-01 +7.9954167e-01 -1.3974917e-01 -3.9513611e-01 -7.4430278e-02 +4.6178248e+03
3.1601900e-01 +2.5000000e-01 +1.8923000e+01 -1.0153367e-01 -5.9983667e-02 +2.1241194e+00 +8.9732222e-01 +7.9632500e-01 -1.2671611e-01 -4.0715000e-01 -7.3220833e-02 +4.6405304e+03
3.2266100e-01 +2.5000000e-01 +1.8938000e+01 -9.7722667e-02 -5.2209667e-02 +2.1421028e+00 +9.0341389e-01 +7.9352778e-01 -1.1420944e-01 -4.1880556e-01 -7.1747500e-02 +4.6637975e+03
3.2936900e-01 +2.5000000e-01 +1.8951167e+01 -9.3780167e-02 -4.4277333e-02 +2.1598750e+00 +9.0980000e-01 +7.9097500e-01 -1.0241806e-01 -4.2978056e-01 -6.9985278e-02 +4.6880972e+03
3.3613900e-01 +2.5000000e-01 +1.8962667e+01 -8.9763500e-02 -3.6373667e-02 +2.1770639e+00 +9.1634722e-01 +7.8828611e-01 -9.1441111e-02 -4.3977778e-01 -6.7968889e-02 +4.7162094e+03
3.4297000e-01 +2.5000000e-01 +1.8972500e+01 -8.5690667e-02 -2.8720167e-02 +2.1938417e+00 +9.2301389e-01 +7.8549167e-01 -8.1240556e-02 -4.4873611e-01 -6.5759444e-02 +4.7474501e+03
3.4985900e-01 +2.5000000e-01 +1.8980667e+01 -8.1546667e-02 -2.1368667e-02 +2.2108000e+00 +9.2985278e-01 +7.8312222e-01 -7.1672500e-02 -4.5699722e-01 -6.3435000e-02 +4.7784012e+03
3.5680600e-01 +2.5000000e-01 +1.8987167e+01 -7.7326667e-02 -1.4149017e-02 +2.2283111e+00 +9.3686389e-01 +7.8170000e-01 -6.2646111e-02 -4.6513333e-01 -6.1112500e-02 +4.8087619e+03
3.6380700e-01 +2.5000000e-01 +1.8992000e+01 -7.3038333e-02 -6.8152833e-03 +2.2464417e+00 +9.4393889e-01 +7.8101944e-01 -5.4136667e-02 -4.7347500e-01 -5.8847500e-02 +4.8399947e+03
3.7086000e-01 +2.5000000e-01 +1.8995333e+01 -6.8716000e-02 +7.3810833e-04 +2.2653917e+00 +9.5091944e-01 +7.8081667e-01 -4.6056667e-02 -4.8205278e-01 -5.6519722e-02 +4.8707970e+03
3.7796300e-01 +2.5000000e-01 +1.8997000e+01 -6.4399833e-02 +8.5341833e-03 +2.2848861e+00 +9.5764444e-01 +7.8129444e-01 -3.8336111e-02 -4.9097500e-01 -5.3962778e-02 +4.9025709e+03
3.8511300e-01 +2.5000000e-01 +1.8997500e+01 -6.0118000e-02 +1.6543033e-02 +2.3041361e+00 +9.6397500e-01 +7.8245000e-01 -3.0941667e-02 -5.0025833e-01 -5.1153056e-02 +4.9356150e+03
3.9230900e-01 +2.5000000e-01 +1.8997000e+01 -5.5876500e-02 +2.4652833e-02 +2.3226611e+00 +9.6976111e-01 +7.8394722e-01 -2.3946639e-02 -5.0962222e-01 -4.8149444e-02 +4.9691444e+03
3.9954700e-01 +2.5000000e-01 +1.8995333e+01 -5.1661333e-02 +3.2713500e-02 +2.3404528e+00 +9.7488889e-01 +7.8563611e-01 -1.7641972e-02 -5.1871111e-01 -4.4958056e-02 +5.0037503e+03
4.0682400e-01 +2.5000000e-01 +1.8992833e+01 -4.7458000e-02 +4.0569333e-02 +2.3582500e+00 +9.7928611e-01 +7.8727500e-01 -1.2220778e-02 -5.2707500e-01 -4.1601389e-02 +5.0403445e+03
4.1413900e-01 +2.5000000e-01 +1.8989667e+01 -4.3296833e-02 +4.8043333e-02 +2.3768694e+00 +9.8300556e-01 +7.8858056e-01 -7.7469167e-03 -5.3472778e-01 -3.8128889e-02 +5.0759315e+03
4.2148900e-01 +2.5000000e-01 +1.8985667e+01 -3.9218833e-02 +5.4926500e-02 +2.3957972e+00 +9.8628056e-01 +7.8988333e-01 -4.3055278e-03 -5.4200278e-01 -3.4538889e-02 +5.1055433e+03
4.2886900e-01 +2.5000000e-01 +1.8981333e+01 -3.5233500e-02 +6.1142333e-02 +2.4141500e+00 +9.8932778e-01 +7.9178056e-01 -1.9200833e-03 -5.4888333e-01 -3.0828611e-02 +5.1275708e+03
4.3627900e-01 +2.5000000e-01 +1.8976833e+01 -3.1330333e-02 +6.6768500e-02 +2.4311222e+00 +9.9218056e-01 +7.9445833e-01 -3.3511111e-04 -5.5514444e-01 -2.7077139e-02 +5.1448789e+03
4.4371400e-01 +2.5000000e-01 +1.8972333e+01 -2.7537500e-02 +7.1991000e-02 +2.4459028e+00 +9.9474722e-01 +7.9755000e-01 +9.3091667e-04 -5.6099167e-01 -2.3533778e-02 +5.1608314e+03
4.5117200e-01 +2.5000000e-01 +1.8967833e+01 -2.3833000e-02 +7.7049000e-02 +2.4580417e+00 +9.9699722e-01 +8.0044167e-01 +2.0770417e-03 -5.6636111e-01 -2.0340056e-02 +5.1793707e+03
4.5865000e-01 +2.5000000e-01 +1.8963667e+01 -2.0114833e-02 +8.2036500e-02 +2.4679306e+00 +9.9895000e-01 +8.0332778e-01 +2.8482778e-03 -5.7127500e-01 -1.7343083e-02 +5.2019334e+03
4.6614500e-01 +2.5000000e-01 +1.8959833e+01 -1.6291950e-02 +8.6750000e-02 +2.4762611e+00 +1.0006194e+00 +8.0648056e-01 +3.0034444e-03 -5.7595278e-01 -1.4268806e-02 +5.2242263e+03
4.7365400e-01 +2.5000000e-01 +1.8956667e+01 -1.2339483e-02 +9.0836167e-02 +2.4830778e+00 +1.0020472e+00 +8.0941667e-01 +2.6515889e-03 -5.8046111e-01 -1.1043167e-02 +5.2403642e+03
4.8117400e-01 +2.5000000e-01 +1.8954167e+01 -8.2774167e-03 +9.3943833e-02 +2.4882917e+00 +1.0032667e+00 +8.1163611e-01 +2.0256639e-03 -5.8422778e-01 -7.8263611e-03 +5.2479512e+03
4.8870100e-01 +2.5000000e-01 +1.8952500e+01 -4.1493833e-03 +9.5909833e-02 +2.4918972e+00 +1.0041694e+00 +8.1315000e-01 +1.2637167e-03 -5.8666389e-01 -4.7310000e-03 +5.2500806e+03
4.9623300e-01 +2.5000000e-01 +1.8951500e+01 +0.0000000e+00 +9.6837167e-02 +2.4937611e+00 +1.0046333e+00 +8.1392778e-01 +4.2520278e-04 -5.8783611e-01 -1.6026861e-03 +5.2504722e+03
5.0376700e-01 +2.5000000e-01 +1.8951500e+01 +4.1493833e-03 +9.6837167e-02 +2.4937611e+00 +1.0046333e+00 +8.1392778e-01 -4.2520278e-04 -5.8783611e-01 +1.6026861e-03 +5.2504722e+03
5.1129900e-01 +2.5000000e-01 +1.8952500e+01 +8.2774167e-03 +9.5909833e-02 +2.4918972e+00 +1.0041694e+00 +8.1315000e-01 -1.2637167e-03 -5.8666389e-01 +4.7310000e-03 +5.2500806e+03
5.1882600e-01 +2.5000000e-01 +1.8954167e+01 +1.2339483e-02 +9.3943833e-02 +2.4882917e+00 +1.0032667e+00 +8.1163611e-01 -2.0256639e-03 -5.8422778e-01 +7.8263611e-03 +5.2479512e+03
5.2634600e-01 +2.5000000e-01 +1.8956667e+01 +1.6291950e-02 +9.0836167e-02 +2.4830778e+00 +1.0020472e+00 +8.0941667e-01 -2.6515889e-03 -5.8046111e-01 +1.1043167e-02 +5.2403642e+03
5.3385500e-01 +2.5000000e-01 +1.8959833e+01 +2.0114833e-02 +8.6750000e-02 +2.4762611e+00 +1.0006194e+00 +8.0648056e-01 -3.0034444e-03 -5.7595278e-01 +1.4268806e-02 +5.2242263e+03
5.4135000e-01 +2.5000000e-01 +1.8963667e+01 +2.3833000e-02 +8.2036500e-02 +2.4679306e+00 +9.9895000e-01 +8.0332778e-01 -2.8482778e-03 -5.7127500e-01 +1.7343083e-02 +5.2019334e+03
5.4882800e-01 +2.5000000e-01 +1.8967833e+01 +2.7537500e-02 +7.7049000e-02 +2.4580417e+00 +9.9699722e-01 +8.0044167e-01 -2.0770417e-03 -5.6636111e-01 +2.0340056e-02 +5.1793707e+03
5.5628600e-01 +2.5000000e-01 +1.8972333e+01 +3.1330333e-02 +7.1991000e-02 +2.4459028e+00 +9.9474722e-01 +7.9755000e-01 -9.3091667e-04 -5.6099167e-01 +2.3533778e-02 +5.1608314e+03
5.6372100e-01 +2.5000000e-01 +1.8976833e+01 +3.5233500e-02 +6.6768500e-02 +2.4311222e+00 +9.9218056e-01 +7.9445833e-01 +3.3511111e-04 -5.5514444e-01 +2.7077139e-02 +5.1448789e+03
5.7113100e-01 +2.5000000e-01 +1.8981333e+01 +3.9218833e-02 +6.1142333e-02 +2.4141500e+00 +9.8932778e-01 +7.9178056e-01 +1.9200833e-03 -5.4888333e-01 +3.0828611e-02 +5.1275708e+03
5.7851100e-01 +2.5000000e-01 +1.8985667e+01 +4.3296833e-02 +5.4926500e-02 +2.3957972e+00 +9.8628056e-01 +7.8988333e-01 +4.3055278e-03 -5.4200278e-01 +3.4538889e-02 +5.1055433e+03
5.8586100e-01 +2.5000000e-01 +1.8989667e+01 +4.7458000e-02 +4.8043333e-02 +2.3768694e+00 +9.8300556e-01 +7.8858056e-01 +7.7469167e-03 -5.3472778e-01 +3.8128889e-02 +5.0759315e+03
5.9317600e-01 +2.5000000e-01 +1.8992833e+01 +5.1661333e-02 +4.0569333e-02 +2.3582500e+00 +9.7928611e-01 +7.8727500e-01 +1.2220778e-02 -5.2707500e-01 +4.1601389e-02 +5.0403445e+03
6.0045300e-01 +2.5000000e-01 +1.8995333e+01 +5.5876500e-02 +3.2713500e-02 +2.3404528e+00 +9.7488889e-01 +7.8563611e-01 +1.7641972e-02 -5.1871111e-01 +4.4958056e-02 +5.0037503e+03
6.0769100e-01 +2.5000000e-01 +1.8997000e+01 +6.0118000e-02 +2.4652833e-02 +2.3226611e+00 +9.6976111e-01 +7.8394722e-01 +2.3946639e-02 -5.0962222e-01 +4.8149444e-02 +4.9691444e+03
6.1488700e-01 +2.5000000e-01 +1.8997500e+01 +6.4399833e-02 +1.6543033e-02 +2.3041361e+00 +9.6397500e-01 +7.8245000e-01 +3.0941667e-02 -5.0025833e-01 +5.1153056e-02 +4.9356150e+03
6.2203700e-01 +2.5000000e-01 +1.8997000e+01 +6.8716000e-02 +8.5341833e-03 +2.2848861e+00 +9.5764444e-01 +7.8129444e-01 +3.8336111e-02 -4.9097500e-01 +5.3962778e-02 +4.9025709e+03
6.2914000e-01 +2.5000000e-01 +1.8995333e+01 +7.3038333e-02 +7.3810833e-04 +2.2653917e+00 +9.5091944e-01 +7.8081667e-01 +4.6056667e-02 -4.8205278e-01 +5.6519722e-02 +4.8707970e+03
6.3619300e-01 +2.5000000e-01 +1.8992000e+01 +7.7326667e-02 -6.8152833e-03 +2.2464417e+00 +9.4393889e-01 +7.8101944e-01 +5.4136667e-02 -4.7347500e-01 +5.8847500e-02 +4.8399947e+03
6.4319400e-01 +2.5000000e-01 +1.8987167e+01 +8.1546667e-02 -1.4149017e-02 +2.2283111e+00 +9.3686389e-01 +7.8170000e-01 +6.2646111e-02 -4.6513333e-01 +6.1112500e-02 +4.8087619e+03
6.5014100e-01 +2.5000000e-01 +1.8980667e+01 +8.5690667e-02 -2.1368667e-02 +2.2108000e+00 +9.2985278e-01 +7.8312222e-01 +7.1672500e-02 -4.5699722e-01 +6.3435000e-02 +4.7784012e+03
6.5703000e-01 +2.5000000e-01 +1.8972500e+01 +8.9763500e-02 -2.8720167e-02 +2.1938417e+00 +9.2301389e-01 +7.8549167e-01 +8.1240556e-02 -4.4873611e-01 +6.5759444e-02 +4.7474501e+03
6.6386100e-01 +2.5000000e-01 +1.8962667e+01 +9.3780167e-02 -3.6373667e-02 +2.1770639e+00 +9.1634722e-01 +7.8828611e-01 +9.1441111e-02 -4.3977778e-01 +6.7968889e-02 +4.7162094e+03
6.7063100e-01 +2.5000000e-01 +1.8951167e+01 +9.7722667e-02 -4.4277333e-02 +2.1598750e+00 +9.0980000e-01 +7.9097500e-01 +1.0241806e-01 -4.2978056e-01 +6.9985278e-02 +4.6880972e+03
6.7733900e-01 +2.5000000e-01 +1.8938000e+01 +1.0153367e-01 -5.2209667e-02 +2.1421028e+00 +9.0341389e-01 +7.9352778e-01 +1.1420944e-01 -4.1880556e-01 +7.1747500e-02 +4.6637975e+03
6.8398100e-01 +2.5000000e-01 +1.8923000e+01 +1.0514867e-01 -5.9983667e-02 +2.1241194e+00 +8.9732222e-01 +7.9632500e-01 +1.2671611e-01 -4.0715000e-01 +7.3220833e-02 +4.6405304e+03
6.9055800e-01 +2.5000000e-01 +1.8905667e+01 +1.0850717e-01 -6.7569833e-02 +2.1064528e+00 +8.9158611e-01 +7.9954167e-01 +1.3974917e-01 -3.9513611e-01 +7.4430278e-02 +4.6178248e+03
6.9706600e-01 +2.5000000e-01 +1.8886333e+01 +1.1155467e-01 -7.4971333e-02 +2.0896028e+00 +8.8618056e-01 +8.0311667e-01 +1.5311972e-01 -3.8284722e-01 +7.5515556e-02 +4.5986051e+03
7.0350400e-01 +2.5000000e-01 +1.8864333e+01 +1.1425100e-01 -8.2085833e-02 +2.0742056e+00 +8.8106389e-01 +8.0707778e-01 +1.6672694e-01 -3.7022500e-01 +7.6607222e-02 +4.5834416e+03
7.0987200e-01 +2.5000000e-01 +1.8840000e+01 +1.1657167e-01 -8.8829167e-02 +2.0608278e+00 +8.7621944e-01 +8.1148611e-01 +1.8054556e-01 -3.5740556e-01 +7.7707778e-02 +4.5728516e+03
7.1616700e-01 +2.5000000e-01 +1.8813000e+01 +1.1851450e-01 -9.5201167e-02 +2.0499028e+00 +8.7170556e-01 +8.1622222e-01 +1.9456167e-01 -3.4455833e-01 +7.8750833e-02 +4.5709401e+03
7.2238800e-01 +2.5000000e-01 +1.8783333e+01 +1.2010300e-01 -1.0115900e-01 +2.0419194e+00 +8.6764444e-01 +8.2134722e-01 +2.0877417e-01 -3.3186667e-01 +7.9688056e-02 +4.5793052e+03
7.2853400e-01 +2.5000000e-01 +1.8750833e+01 +1.2136900e-01 -1.0669000e-01 +2.0371250e+00 +8.6417500e-01 +8.2722500e-01 +2.2321444e-01 -3.1947222e-01 +8.0515000e-02 +4.5952415e+03
7.3460400e-01 +2.5000000e-01 +1.8715500e+01 +1.2231183e-01 -1.1184100e-01 +2.0352611e+00 +8.6138333e-01 +8.3411111e-01 +2.3798139e-01 -3.0741389e-01 +8.1226389e-02 +4.6185178e+03
7.4059600e-01 +2.5000000e-01 +1.8677500e+01 +1.2289433e-01 -1.1659867e-01 +2.0359250e+00 +8.5930000e-01 +8.4213889e-01 +2.5312361e-01 -2.9573889e-01 +8.1757222e-02 +4.6498459e+03
7.4651100e-01 +2.5000000e-01 +1.8636833e+01 +1.2310317e-01 -1.2087500e-01 +2.0390667e+00 +8.5791944e-01 +8.5133333e-01 +2.6855000e-01 -2.8446667e-01 +8.2025000e-02 +4.6899698e+03
7.5234600e-01 +2.5000000e-01 +1.8593500e+01 +1.2296733e-01 -1.2458000e-01 +2.0447389e+00 +8.5722500e-01 +8.6165556e-01 +2.8416667e-01 -2.7346417e-01 +8.1995278e-02 +4.7393447e+03
7.5810200e-01 +2.5000000e-01 +1.8547167e+01 +1.2253400e-01 -1.2767933e-01 +2.0528389e+00 +8.5716389e-01 +8.7292500e-01 +2.9993889e-01 -2.6254861e-01 +8.1660556e-02 +4.7966985e+03
7.6377700e-01 +2.5000000e-01 +1.8498000e+01 +1.2184133e-01 -1.3018733e-01 +2.0632750e+00 +8.5766389e-01 +8.8477500e-01 +3.1581944e-01 -2.5157528e-01 +8.1044722e-02 +4.8602550e+03
7.6937100e-01 +2.5000000e-01 +1.8446333e+01 +1.2091283e-01 -1.3212717e-01 +2.0759417e+00 +8.5865278e-01 +8.9683333e-01 +3.3178056e-01 -2.4042778e-01 +8.0203056e-02 +4.9326429e+03
7.7488300e-01 +2.5000000e-01 +1.8392167e+01 +1.1975700e-01 -1.3352233e-01 +2.0907333e+00 +8.6008333e-01 +9.0913889e-01 +3.4781111e-01 -2.2907861e-01 +7.9195833e-02 +5.0168254e+03
7.8031300e-01 +2.5000000e-01 +1.8335500e+01 +1.1837733e-01 -1.3437933e-01 +2.1076750e+00 +8.6193056e-01 +9.2199722e-01 +3.6391389e-01 -2.1757806e-01 +7.8048056e-02 +5.1104819e+03
7.8566100e-01 +2.5000000e-01 +1.8276500e+01 +1.1677867e-01 -1.3466350e-01 +2.1268306e+00 +8.6416944e-01 +9.3549722e-01 +3.8005000e-01 -2.0599083e-01 +7.6754444e-02 +5.2111304e+03
7.9092500e-01 +2.5000000e-01 +1.8215333e+01 +1.1495583e-01 -1.3431767e-01 +2.1482333e+00 +8.6675556e-01 +9.4946389e-01 +3.9612778e-01 -1.9439667e-01 +7.5323333e-02 +5.3196822e+03
7.9610700e-01 +2.5000000e-01 +1.8152167e+01 +1.1289883e-01 -1.3336433e-01 +2.1719056e+00 +8.6961111e-01 +9.6356111e-01 +4.1204167e-01 -1.8295556e-01 +7.3790833e-02 +5.4383648e+03
8.0120600e-01 +2.5000000e-01 +1.8087000e+01 +1.1060200e-01 -1.3191500e-01 +2.1978944e+00 +8.7265000e-01 +9.7743056e-01 +4.2776667e-01 -1.7182556e-01 +7.2213333e-02 +5.5701730e+03
8.0622200e-01 +2.5000000e-01 +1.8020000e+01 +1.0805850e-01 -1.3004033e-01 +2.2262639e+00 +8.7581667e-01 +9.9099722e-01 +4.4334722e-01 -1.6095222e-01 +7.0663889e-02 +5.7139357e+03
8.1115500e-01 +2.5000000e-01 +1.7951000e+01 +1.0526533e-01 -1.2776117e-01 +2.2569611e+00 +8.7910833e-01 +1.0044583e+00 +4.5887222e-01 -1.5022083e-01 +6.9145000e-02 +5.8679100e+03
8.1600400e-01 +2.5000000e-01 +1.7880333e+01 +1.0224350e-01 -1.2509533e-01 +2.2896000e+00 +8.8254722e-01 +1.0181000e+00 +4.7445278e-01 -1.3971278e-01 +6.7575833e-02 +6.0338940e+03
8.2077100e-01 +2.5000000e-01 +1.7808167e+01 +9.9047167e-02 -1.2204417e-01 +2.3236583e+00 +8.8616389e-01 +1.0321556e+00 +4.9015833e-01 -1.2970222e-01 +6.5852222e-02 +6.2134433e+03
8.2545400e-01 +2.5000000e-01 +1.7734333e+01 +9.5739833e-02 -1.1859400e-01 +2.3587583e+00 +8.8995556e-01 +1.0467278e+00 +5.0596389e-01 -1.2041944e-01 +6.3896111e-02 +6.4070441e+03
8.3005600e-01 +2.5000000e-01 +1.7659333e+01 +9.2358167e-02 -1.1471767e-01 +2.3947111e+00 +8.9389444e-01 +1.0618917e+00 +5.2180000e-01 -1.1190333e-01 +6.1695000e-02 +6.6142281e+03
8.3457500e-01 +2.5000000e-01 +1.7583000e+01 +8.8899500e-02 -1.1038517e-01 +2.4313667e+00 +8.9791389e-01 +1.0777472e+00 +5.3757778e-01 -1.0408472e-01 +5.9314444e-02 +6.8354510e+03
8.3901200e-01 +2.5000000e-01 +1.7505333e+01 +8.5342167e-02 -1.0560250e-01 +2.4685833e+00 +9.0196667e-01 +1.0943167e+00 +5.5318611e-01 -9.6949167e-02 +5.6844722e-02 +7.0745100e+03
8.4336800e-01 +2.5000000e-01 +1.7426500e+01 +8.1666667e-02 -1.0040600e-01 +2.5067000e+00 +9.0602500e-01 +1.1115694e+00 +5.6852778e-01 -9.0552500e-02 +5.4347222e-02 +7.3329409e+03
8.4764300e-01 +2.5000000e-01 +1.7346500e+01 +7.7869167e-02 -9.4814167e-02 +2.5464083e+00 +9.1009444e-01 +1.1294056e+00 +5.8357778e-01 -8.4910000e-02 +5.1885556e-02 +7.6079109e+03
8.5183800e-01 +2.5000000e-01 +1.7265167e+01 +7.3964167e-02 -8.8820500e-02 +2.5881556e+00 +9.1417778e-01 +1.1477111e+00 +5.9837500e-01 -7.9924722e-02 +4.9511389e-02 +7.8970629e+03
8.5595300e-01 +2.5000000e-01 +1.7182667e+01 +6.9978167e-02 -8.2417667e-02 +2.6319222e+00 +9.1826389e-01 +1.1665528e+00 +6.1292778e-01 -7.5347500e-02 +4.7212222e-02 +8.1989433e+03
8.5998900e-01 +2.5000000e-01 +1.7099500e+01 +6.5949667e-02 -7.5606667e-02 +2.6774417e+00 +9.2232500e-01 +1.1860194e+00 +6.2720000e-01 -7.0886667e-02 +4.4943333e-02 +8.5141429e+03
8.6394600e-01 +2.5000000e-01 +1.7015500e+01 +6.1919000e-02 -6.8402333e-02 +2.7245028e+00 +9.2631111e-01 +1.2059806e+00 +6.4115556e-01 -6.6357778e-02 +4.2701667e-02 +8.8451735e+03
8.6782500e-01 +2.5000000e-01 +1.6930833e+01 +5.7912000e-02 -6.0854833e-02 +2.7729889e+00 +9.3016389e-01 +1.2261167e+00 +6.5477500e-01 -6.1695278e-02 +4.0535000e-02 +9.1953452e+03
8.7162800e-01 +2.5000000e-01 +1.6845500e+01 +5.3935667e-02 -5.3040000e-02 +2.8228056e+00 +9.3383056e-01 +1.2461167e+00 +6.6804167e-01 -5.6895556e-02 +3.8502222e-02 +9.5691115e+03
8.7535300e-01 +2.5000000e-01 +1.6759333e+01 +4.9986167e-02 -4.5020167e-02 +2.8740000e+00 +9.3726389e-01 +1.2657750e+00 +6.8096389e-01 -5.2037222e-02 +3.6636667e-02 +9.9683326e+03
8.7900400e-01 +2.5000000e-01 +1.6672500e+01 +4.6061500e-02 -3.6836333e-02 +2.9268611e+00 +9.4042222e-01 +1.2850472e+00 +6.9356944e-01 -4.7242222e-02 +3.4933889e-02 +1.0389458e+04
8.8257900e-01 +2.5000000e-01 +1.6584867e+01 +4.2175667e-02 -2.8511000e-02 +2.9817222e+00 +9.4327222e-01 +1.3039639e+00 +7.0585000e-01 -4.2503889e-02 +3.3373333e-02 +1.0830941e+04
8.8608100e-01 +2.5000000e-01 +1.6496500e+01 +3.8352500e-02 -2.0031833e-02 +3.0388333e+00 +9.4574167e-01 +1.3225222e+00 +7.1778333e-01 -3.7703611e-02 +3.1957778e-02 +1.1293481e+04
8.8951000e-01 +2.5000000e-01 +1.6407450e+01 +3.4609167e-02 -1.1343883e-02 +3.0985000e+00 +9.4773056e-01 +1.3406472e+00 +7.2934722e-01 -3.2902778e-02 +3.0689167e-02 +1.1774853e+04
8.9286600e-01 +2.5000000e-01 +1.6317783e+01 +3.0957000e-02 -2.3833333e-03 +3.1608333e+00 +9.4911944e-01 +1.3582250e+00 +7.4053333e-01 -2.8427778e-02 +2.9538333e-02 +1.2278002e+04
8.9615100e-01 +2.5000000e-01 +1.6227517e+01 +2.7409167e-02 +6.8761000e-03 +3.2256667e+00 +9.4981111e-01 +1.3751528e+00 +7.5132222e-01 -2.4569250e-02 +2.8455000e-02 +1.2811028e+04
8.9936600e-01 +2.5000000e-01 +1.6136617e+01 +2.3983167e-02 +1.6408383e-02 +3.2931389e+00 +9.4971944e-01 +1.3912972e+00 +7.6170278e-01 -2.1395667e-02 +2.7388972e-02 +1.3376257e+04
9.0251200e-01 +2.5000000e-01 +1.6045050e+01 +2.0698333e-02 +2.6155000e-02 +3.3635556e+00 +9.4878056e-01 +1.4064833e+00 +7.7166667e-01 -1.8826389e-02 +2.6321000e-02 +1.3972212e+04
9.0558900e-01 +2.5000000e-01 +1.5952750e+01 +1.7572333e-02 +3.6063000e-02 +3.4371111e+00 +9.4695000e-01 +1.4205722e+00 +7.8118056e-01 -1.6777833e-02 +2.5273111e-02 +1.4598216e+04
9.0859900e-01 +2.5000000e-01 +1.5859667e+01 +1.4618533e-02 +4.6102667e-02 +3.5137222e+00 +9.4420833e-01 +1.4335389e+00 +7.9019722e-01 -1.5287806e-02 +2.4268250e-02 +1.5255405e+04
9.1154300e-01 +2.5000000e-01 +1.5765667e+01 +1.1847400e-02 +5.6258500e-02 +3.5933333e+00 +9.4052500e-01 +1.4454139e+00 +7.9868889e-01 -1.4452750e-02 +2.3302361e-02 +1.5945910e+04
9.1442100e-01 +2.5000000e-01 +1.5670617e+01 +9.2667167e-03 +6.6515333e-02 +3.6761667e+00 +9.3584167e-01 +1.4562389e+00 +8.0665278e-01 -1.4256056e-02 +2.2366222e-02 +1.6669030e+04
9.1723400e-01 +2.5000000e-01 +1.5574333e+01 +6.8825833e-03 +7.6853167e-02 +3.7626389e+00 +9.3008333e-01 +1.4660639e+00 +8.1409722e-01 -1.4565917e-02 +2.1466306e-02 +1.7420136e+04
9.1998500e-01 +2.5000000e-01 +1.5476700e+01 +4.6993500e-03 +8.7244833e-02 +3.8531389e+00 +9.2316944e-01 +1.4749500e+00 +8.2103611e-01 -1.5266722e-02 +2.0619194e-02 +1.8197167e+04
9.2267300e-01 +2.5000000e-01 +1.5377583e+01 +2.7194833e-03 +9.7652833e-02 +3.9477500e+00 +9.1503056e-01 +1.4829500e+00 +8.2747778e-01 -1.6304167e-02 +1.9834583e-02 +1.9003799e+04
9.2529900e-01 +2.5000000e-01 +1.5276833e+01 +9.4455833e-04 +1.0802617e-01 +4.0466111e+00 +9.0562778e-01 +1.4900917e+00 +8.3343333e-01 -1.7633333e-02 +1.9100583e-02 +1.9844324e+04
9.2786600e-01 +2.5000000e-01 +1.5174317e+01 -6.2357833e-04 +1.1830067e-01 +4.1499722e+00 +8.9492500e-01 +1.4963778e+00 +8.3891389e-01 -1.9172833e-02 +1.8389000e-02 +2.0719084e+04
9.3037300e-01 +2.5000000e-01 +1.5069883e+01 -1.9826000e-03 +1.2840750e-01 +4.2581667e+00 +8.8290833e-01 +1.5018000e+00 +8.4390556e-01 -2.0818556e-02 +1.7674889e-02 +2.1626009e+04
9.3282200e-01 +2.5000000e-01 +1.4963367e+01 -3.1315167e-03 +1.3828667e-01 +4.3714444e+00 +8.6956389e-01 +1.5063639e+00 +8.4837500e-01 -2.2509778e-02 +1.6946083e-02 +2.2563858e+04
9.3521400e-01 +2.5000000e-01 +1.4854533e+01 -4.0734000e-03 +1.4789233e-01 +4.4900000e+00 +8.5488889e-01 +1.5100528e+00 +8.5225556e-01 -2.4233611e-02 +1.6202972e-02 +2.3532491e+04
9.3754900e-01 +2.5000000e-01 +1.4743100e+01 -4.8166500e-03 +1.5718433e-01 +4.6137778e+00 +8.3888333e-01 +1.5128139e+00 +8.5547778e-01 -2.5972806e-02 +1.5466694e-02 +2.4532296e+04
9.3983000e-01 +2.5000000e-01 +1.4628767e+01 -5.3740167e-03 +1.6611500e-01 +4.7426944e+00 +8.2156111e-01 +1.5145611e+00 +8.5799167e-01 -2.7679833e-02 +1.4785556e-02 +2.5564273e+04
9.4205600e-01 +2.5000000e-01 +1.4511183e+01 -5.7603333e-03 +1.7462667e-01 +4.8765278e+00 +8.0293056e-01 +1.5152194e+00 +8.5973889e-01 -2.9264722e-02 +1.4220028e-02 +2.6630036e+04
9.4422900e-01 +2.5000000e-01 +1.4390017e+01 -5.9907000e-03 +1.8265667e-01 +5.0149167e+00 +7.8301944e-01 +1.5147333e+00 +8.6064722e-01 -3.0590278e-02 +1.3814889e-02 +2.7731582e+04
9.4635000e-01 +2.5000000e-01 +1.4264833e+01 -6.0794667e-03 +1.9015000e-01 +5.1573889e+00 +7.6185833e-01 +1.5130444e+00 +8.6063056e-01 -3.1506667e-02 +1.3580972e-02 +2.8870493e+04
9.4842100e-01 +2.5000000e-01 +1.4135217e+01 -6.0405333e-03 +1.9706000e-01 +5.3034722e+00 +7.3948611e-01 +1.5100556e+00 +8.5959722e-01 -3.1899167e-02 +1.3497944e-02 +3.0047581e+04
9.5044100e-01 +2.5000000e-01 +1.4000733e+01 -5.8883500e-03 +2.0335167e-01 +5.4525833e+00 +7.1595278e-01 +1.5056583e+00 +8.5746667e-01 -3.1701389e-02 +1.3531889e-02 +3.1264393e+04
9.5241200e-01 +2.5000000e-01 +1.3860900e+01 -5.6387667e-03 +2.0899500e-01 +5.6041944e+00 +6.9131389e-01 +1.4997611e+00 +8.5417222e-01 -3.0889167e-02 +1.3652417e-02 +3.2521266e+04
9.5433500e-01 +2.5000000e-01 +1.3715217e+01 -5.3091500e-03 +2.1397500e-01 +5.7577500e+00 +6.6562778e-01 +1.4923194e+00 +8.4966111e-01 -2.9471389e-02 +1.3839389e-02 +3.3817140e+04
9.5621000e-01 +2.5000000e-01 +1.3563200e+01 -4.9174667e-03 +2.1828667e-01 +5.9128611e+00 +6.3896944e-01 +1.4832917e+00 +8.4391111e-01 -2.7486694e-02 +1.4078778e-02 +3.5147901e+04
9.5804000e-01 +2.5000000e-01 +1.3404267e+01 -4.4808333e-03 +2.2193833e-01 +6.0690556e+00 +6.1141389e-01 +1.4726139e+00 +8.3691389e-01 -2.5005250e-02 +1.4354972e-02 +3.6506890e+04
9.5982400e-01 +2.5000000e-01 +1.3237850e+01 -4.0143667e-03 +2.2495000e-01 +6.2258056e+00 +5.8305833e-01 +1.4601778e+00 +8.2866111e-01 -2.2134028e-02 +1.4644861e-02 +3.7885824e+04
9.6156500e-01 +2.5000000e-01 +1.3063333e+01 -3.5308167e-03 +2.2734667e-01 +6.3822222e+00 +5.5401667e-01 +1.4458778e+00 +8.1912500e-01 -1.9015556e-02 +1.4917111e-02 +3.9275208e+04
9.6326200e-01 +2.5000000e-01 +1.2880100e+01 -3.0409333e-03 +2.2914833e-01 +6.5371389e+00 +5.2441667e-01 +1.4296000e+00 +8.0826389e-01 -1.5809417e-02 +1.5136444e-02 +4.0664527e+04
9.6491600e-01 +2.5000000e-01 +1.2687483e+01 -2.5540667e-03 +2.3036167e-01 +6.6889722e+00 +4.9441111e-01 +1.4112417e+00 +7.9599444e-01 -1.2662722e-02 +1.5269778e-02 +4.2044037e+04
9.6652900e-01 +2.5000000e-01 +1.2484750e+01 -2.0788667e-03 +2.3098667e-01 +6.8358333e+00 +4.6415278e-01 +1.3907028e+00 +7.8222500e-01 -9.6880556e-03 +1.5292167e-02 +4.3404834e+04
9.6810200e-01 +2.5000000e-01 +1.2271183e+01 -1.6235467e-03 +2.3101333e-01 +6.9753333e+00 +4.3381111e-01 +1.3678861e+00 +7.6683333e-01 -6.9550278e-03 +1.5190278e-02 +4.4737985e+04
9.6963500e-01 +2.5000000e-01 +1.2045983e+01 -1.1959583e-03 +2.3042500e-01 +7.1048889e+00 +4.0354444e-01 +1.3427278e+00 +7.4968611e-01 -4.4875833e-03 +1.4962194e-02 +4.6032854e+04
9.7112900e-01 +2.5000000e-01 +1.1808300e+01 -8.0321333e-04 +2.2921167e-01 +7.2213889e+00 +3.7352222e-01 +1.3151806e+00 +7.3063611e-01 -2.2646361e-03 +1.4614667e-02 +4.7276248e+04
9.7258500e-01 +2.5000000e-01 +1.1557317e+01 -4.5116667e-04 +2.2736000e-01 +7.3213333e+00 +3.4390556e-01 +1.2852222e+00 +7.0954167e-01 -2.2709556e-04 +1.4159250e-02 +4.8454577e+04
9.7400400e-01 +2.5000000e-01 +1.1292150e+01 -1.4396683e-04 +2.2486667e-01 +7.4008611e+00 +3.1485278e-01 +1.2528389e+00 +6.8627500e-01 +1.7044972e-03 +1.3609472e-02 +4.9553888e+04
9.7538700e-01 +2.5000000e-01 +1.1011950e+01 +1.1619917e-04 +2.2173667e-01 +7.4556667e+00 +2.8651944e-01 +1.2180417e+00 +6.6071667e-01 +3.6051111e-03 +1.2979667e-02 +5.0559539e+04
9.7673400e-01 +2.5000000e-01 +1.0715850e+01 +3.2908667e-04 +2.1797667e-01 +7.4811944e+00 +2.5905528e-01 +1.1808444e+00 +6.3278889e-01 +5.5213611e-03 +1.2284278e-02 +5.1456805e+04
9.7804700e-01 +2.5000000e-01 +1.0403067e+01 +4.9618833e-04 +2.1360667e-01 +7.4726389e+00 +2.3260167e-01 +1.1412889e+00 +6.0244722e-01 +7.4567222e-03 +1.1537056e-02 +5.2230434e+04
9.7932500e-01 +2.5000000e-01 +1.0072850e+01 +6.2042500e-04 +2.0864333e-01 +7.4251389e+00 +2.0728639e-01 +1.0994500e+00 +5.6969167e-01 +9.3694444e-03 +1.0750500e-02 +5.2866293e+04
9.8057100e-01 +2.5000000e-01 +9.7245667e+00 +7.0579167e-04 +2.0311000e-01 +7.3338889e+00 +1.8322583e-01 +1.0554139e+00 +5.3458333e-01 +1.1179861e-02 +9.9356111e-03 +5.3352655e+04
9.8178500e-01 +2.5000000e-01 +9.3577333e+00 +7.5700333e-04 +1.9702667e-01 +7.1942778e+00 +1.6052194e-01 +1.0093056e+00 +4.9725556e-01 +1.2782806e-02 +9.1019722e-03 +5.3685039e+04
9.8296700e-01 +2.5000000e-01 +8.9720500e+00 +7.7914000e-04 +1.9041500e-01 +7.0023056e+00 +1.3926083e-01 +9.6125833e-01 +4.5792222e-01 +1.4061667e-02 +8.2583333e-03 +5.3868626e+04
9.8411800e-01 +2.5000000e-01 +8.5674333e+00 +7.7731333e-04 +1.8329167e-01 +6.7547222e+00 +1.1951278e-01 +9.1141667e-01 +4.1690000e-01 +1.4903389e-02 +7.4132778e-03 +5.3924055e+04
9.8524000e-01 +2.5000000e-01 +8.1440833e+00 +7.5639833e-04 +1.7567167e-01 +6.4495556e+00 +1.0133139e-01 +8.5991667e-01 +3.7460556e-01 +1.5213833e-02 +6.5758889e-03 +5.3891942e+04
9.8633200e-01 +2.5000000e-01 +7.7025833e+00 +7.2083000e-04 +1.6756833e-01 +6.0865278e+00 +8.4753056e-02 +8.0687500e-01 +3.3157778e-01 +1.4933194e-02 +5.7561944e-03 +5.3836683e+04
9.8739500e-01 +2.5000000e-01 +7.2438167e+00 +6.7447000e-04 +1.5899883e-01 +5.6675833e+00 +6.9798056e-02 +7.5237222e-01 +2.8846667e-01 +1.4049528e-02 +4.9649167e-03 +5.3844798e+04
9.8843100e-01 +2.5000000e-01 +6.7691333e+00 +6.2054167e-04 +1.4998150e-01 +5.1973056e+00 +5.6469444e-02 +6.9645833e-01 +2.4602083e-01 +1.2607722e-02 +4.2128889e-03 +5.4022061e+04
9.8943900e-01 +2.5000000e-01 +6.2802500e+00 +5.6161833e-04 +1.4053867e-01 +4.6833333e+00 +4.4753611e-02 +6.3915833e-01 +2.0505583e-01 +1.0710583e-02 +3.5100556e-03 +5.4479594e+04
9.9042000e-01 +2.5000000e-01 +5.7793167e+00 +4.9969833e-04 +1.3069717e-01 +4.1363889e+00 +3.4620278e-02 +5.8048056e-01 +1.6642139e-01 +8.5104167e-03 +2.8646944e-03 +5.5314268e+04
9.9137600e-01 +2.5000000e-01 +5.2688500e+00 +4.3633333e-04 +1.2048833e-01 +3.5701944e+00 +2.6021417e-02 +5.2047500e-01 +1.3093833e-01 +6.1921667e-03 +2.2830778e-03 +5.6584082e+04
9.9230600e-01 +2.5000000e-01 +4.7516167e+00 +3.7278333e-04 +1.0994667e-01 +3.0007778e+00 +1.8890722e-02 +4.5926389e-01 +9.9331389e-02 +3.9503333e-03 +1.7692917e-03 +5.8284310e+04
9.9321200e-01 +2.5000000e-01 +4.2305667e+00 +3.1018333e-04 +9.9109333e-02 +2.4455306e+00 +1.3142139e-02 +3.9711111e-01 +7.2158611e-02 +1.9644889e-03 +1.3255194e-03 +6.0336134e+04
9.9409400e-01 +2.5000000e-01 +3.7086833e+00 +2.4967500e-04 +8.8013667e-02 +1.9217361e+00 +8.6683611e-03 +3.3449722e-01 +4.9747778e-02 +3.7651111e-04 +9.5218889e-04 +6.2596077e+04
9.9495200e-01 +2.5000000e-01 +3.1888667e+00 +1.9249667e-04 +7.6697667e-02 +1.4450972e+00 +5.3400556e-03 +2.7219306e-01 +3.2151667e-02 -7.2699722e-04 +6.4815000e-04 +6.4890758e+04
9.9578700e-01 +2.5000000e-01 +2.6737500e+00 +1.4001467e-04 +6.5197333e-02 +1.0282889e+00 +3.0057778e-03 +2.1134861e-01 +1.9135889e-02 -1.3249861e-03 +4.1070000e-04 +6.7074916e+04
9.9660000e-01 +2.5000000e-01 +2.1655667e+00 +9.3707667e-05 +5.3547333e-02 +6.7998611e-01 +1.4944583e-03 +1.5355000e-01 +1.0201250e-02 -1.4632944e-03 +2.3550306e-04 +6.9092435e+04
9.9739200e-01 +2.5000000e-01 +1.6661317e+00 +5.5116167e-05 +4.1779333e-02 +4.0456111e-01 +6.2078333e-04 +1.0087972e-01 +4.6446944e-03 -1.2466528e-03 +1.1639944e-04 +7.1024634e+04
9.9816200e-01 +2.5000000e-01 +1.1767500e+00 +2.5772667e-05 +2.9922333e-02 +2.0252000e-01 +1.9497556e-04 +5.5953889e-02 +1.6460750e-03 -8.2302778e-04 +4.5112778e-05 +7.3110367e+04
9.9891100e-01 +2.5000000e-01 +6.9823833e-01 +7.1197500e-06 +1.8002333e-02 +7.1555556e-02 +3.7938056e-05 +2.1959639e-02 +3.6456111e-04 -3.6438611e-04 +1.0982278e-05 +7.5727068e+04
9.9964000e-01 +2.5000000e-01 +2.3099500e-01 +0.0000000e+00 +6.0454833e-03 +7.8771667e-03 +2.7287056e-06 +2.7170389e-03 +2.3734417e-05 -4.9334722e-05 +7.8980000e-07 +7.9051330e+04
1.0000000e+00 +2.5000000e-01 +0.0000000e+00 +0.0000000e+00 +0.0000000e+00 +0.0000000e+00 +0.0000000e+00 +0.0000000e+00 +0.0000000e+00 +0.0000000e+00 +0.0000000e+00 +7.9050278e+04
