#    y              z              <u>            <v>            <w>            <u'u'>         <v'v'>         <w'w'>         <u'v'>         <u'w'>         <v'w'>         <eps>         
#----------------------------------------------------------------------------------------------------------------------------------------------------------------------------------
0.0000000e+00 +5.0000000e-02 +0.0000000e+00 +0.0000000e+00 +0.0000000e+00 +0.0000000e+00 +0.0000000e+00 +0.0000000e+00 +0.0000000e+00 +0.0000000e+00 +0.0000000e+00 +3.3503611e+04
3.6000000e-04 +5.0000000e-02 +1.9283167e-01 -2.7475000e-04 +9.8277833e-03 +3.4762222e-03 +8.3668889e-07 +9.5810833e-04 -1.3257444e-05 +2.3285361e-04 -5.9526389e-06 +3.3504345e+04
1.0890000e-03 +5.0000000e-02 +5.8275333e-01 -1.0357417e-03 +2.8417667e-02 +3.1530000e-02 +1.1875444e-05 +7.8186944e-03 -1.9740083e-04 +2.0551333e-03 -8.0852500e-05 +3.2193619e+04
1.8380000e-03 +5.0000000e-02 +9.8207667e-01 -2.3033000e-03 +4.5918000e-02 +8.9134444e-02 +6.2180000e-05 +2.0053222e-02 -8.6778056e-04 +5.6495833e-03 -3.3080278e-04 +3.1106646e+04
2.6080000e-03 +5.0000000e-02 +1.3907317e+00 -4.0768833e-03 +6.2234333e-02 +1.7793056e-01 +2.0182306e-04 +3.6321389e-02 -2.3921528e-03 +1.0948306e-02 -8.5594444e-04 +3.0183747e+04
3.4000000e-03 +5.0000000e-02 +1.8084500e+00 -6.3518667e-03 +7.7287000e-02 +2.9907500e-01 +4.9568889e-04 +5.5436111e-02 -5.1518056e-03 +1.7845444e-02 -1.7441167e-03 +2.9288210e+04
4.2130000e-03 +5.0000000e-02 +2.2347167e+00 -9.1200000e-03 +9.0998333e-02 +4.5274444e-01 +1.0177639e-03 +7.6358333e-02 -9.5121667e-03 +2.6175083e-02 -3.0711667e-03 +2.8335012e+04
5.0480000e-03 +5.0000000e-02 +2.6688000e+00 -1.2369250e-02 +1.0328850e-01 +6.3776389e-01 +1.8466917e-03 +9.8196667e-02 -1.5789222e-02 +3.5688889e-02 -4.8996944e-03 +2.7298662e+04
5.9060000e-03 +5.0000000e-02 +3.1096333e+00 -1.6083800e-02 +1.1407417e-01 +8.5137222e-01 +3.0623333e-03 +1.2020806e-01 -2.4218167e-02 +4.6041944e-02 -7.2766667e-03 +2.6202973e+04
6.7880000e-03 +5.0000000e-02 +3.5560000e+00 -2.0244000e-02 +1.2326767e-01 +1.0892528e+00 +4.7431944e-03 +1.4179667e-01 -3.4928611e-02 +5.6795278e-02 -1.0231083e-02 +2.5106448e+04
7.6940000e-03 +5.0000000e-02 +4.0064167e+00 -2.4826667e-02 +1.3077783e-01 +1.3457389e+00 +6.9643889e-03 +1.6251194e-01 -4.7929444e-02 +6.7438056e-02 -1.3772056e-02 +2.4082165e+04
8.6240000e-03 +5.0000000e-02 +4.4592500e+00 -2.9805167e-02 +1.3651417e-01 +1.6142028e+00 +9.7961389e-03 +1.8204250e-01 -6.3105278e-02 +7.7425556e-02 -1.7888111e-02 +2.3199506e+04
9.5800000e-03 +5.0000000e-02 +4.9127667e+00 -3.5149333e-02 +1.4039250e-01 +1.8875222e+00 +1.3302500e-02 +2.0020694e-01 -8.0222778e-02 +8.6229722e-02 -2.2548139e-02 +2.2510655e+04
1.0561000e-02 +5.0000000e-02 +5.3651167e+00 -4.0826667e-02 +1.4234167e-01 +2.1585833e+00 +1.7540444e-02 +2.1693833e-01 -9.8946111e-02 +9.3386389e-02 -2.7703500e-02 +2.2043382e+04
1.1569000e-02 +5.0000000e-02 +5.8144833e+00 -4.6802333e-02 +1.4231117e-01 +2.4207167e+00 +2.2559083e-02 +2.3226639e-01 -1.1885861e-01 +9.8535833e-02 -3.3291667e-02 +2.1800439e+04
1.2605000e-02 +5.0000000e-02 +6.2590667e+00 -5.3039667e-02 +1.4027750e-01 +2.6680556e+00 +2.8399167e-02 +2.4629333e-01 -1.3948889e-01 +1.0144889e-01 -3.9240278e-02 +2.1762694e+04
1.3668000e-02 +5.0000000e-02 +6.6971333e+00 -5.9500667e-02 +1.3625083e-01 +2.8958056e+00 +3.5093056e-02 +2.5917056e-01 -1.6033750e-01 +1.0203250e-01 -4.5471111e-02 +2.1894608e+04
1.4760000e-02 +5.0000000e-02 +7.1270833e+00 -6.6146500e-02 +1.3027717e-01 +3.1003333e+00 +4.2664722e-02 +2.7107250e-01 -1.8090167e-01 +1.0032306e-01 -5.1904722e-02 +2.2151052e+04
1.5882000e-02 +5.0000000e-02 +7.5474333e+00 -7.2937833e-02 +1.2243983e-01 +3.2792778e+00 +5.1129444e-02 +2.8217778e-01 -2.0070056e-01 +9.6464444e-02 -5.8463056e-02 +2.2483096e+04
1.7033000e-02 +5.0000000e-02 +7.9568667e+00 -7.9834667e-02 +1.1285767e-01 +3.4314444e+00 +6.0495000e-02 +2.9264722e-01 -2.1929278e-01 +9.0681944e-02 -6.5071944e-02 +2.2843197e+04
1.8215000e-02 +5.0000000e-02 +8.3542333e+00 -8.6797333e-02 +1.0168133e-01 +3.5566944e+00 +7.0762222e-02 +3.0261944e-01 -2.3629361e-01 +8.3251389e-02 -7.1662778e-02 +2.3189585e+04
1.9429000e-02 +5.0000000e-02 +8.7385167e+00 -9.3785333e-02 +8.9087500e-02 +3.6557222e+00 +8.1924722e-02 +3.1219167e-01 -2.5138306e-01 +7.4469722e-02 -7.8174444e-02 +2.3488753e+04
2.0675000e-02 +5.0000000e-02 +9.1089167e+00 -1.0075850e-01 +7.5271333e-02 +3.7300000e+00 +9.3970833e-02 +3.2143333e-01 -2.6431333e-01 +6.4630556e-02 -8.4552222e-02 +2.3716409e+04
2.1953000e-02 +5.0000000e-02 +9.4647667e+00 -1.0767633e-01 +6.0440667e-02 +3.7814722e+00 +1.0688361e-01 +3.3038611e-01 -2.7490861e-01 +5.4000556e-02 -9.0747778e-02 +2.3857418e+04
2.3266000e-02 +5.0000000e-02 +9.8055667e+00 -1.1449817e-01 +4.4807500e-02 +3.8123889e+00 +1.2064056e-01 +3.3907222e-01 -2.8306389e-01 +4.2805000e-02 -9.6719722e-02 +2.3905114e+04
2.4613000e-02 +5.0000000e-02 +1.0130967e+01 -1.2118317e-01 +2.8583333e-02 +3.8252778e+00 +1.3521611e-01 +3.4749444e-01 -2.8874167e-01 +3.1219444e-02 -1.0243111e-01 +2.3859119e+04
2.5996000e-02 +5.0000000e-02 +1.0440717e+01 -1.2769033e-01 +1.1973300e-02 +3.8227778e+00 +1.5058056e-01 +3.5564167e-01 -2.9196389e-01 +1.9368361e-02 -1.0784889e-01 +2.3724405e+04
2.7415000e-02 +5.0000000e-02 +1.0734750e+01 -1.3397900e-01 -4.8277333e-03 +3.8074167e+00 +1.6670167e-01 +3.6350000e-01 -2.9281389e-01 +7.3346944e-03 -1.1294417e-01 +2.3509159e+04
2.8871000e-02 +5.0000000e-02 +1.1013067e+01 -1.4000850e-01 -2.1638000e-02 +3.7818056e+00 +1.8354472e-01 +3.7104722e-01 -2.9141667e-01 -4.8278056e-03 -1.1769056e-01 +2.3223158e+04
3.0365000e-02 +5.0000000e-02 +1.1275800e+01 -1.4573850e-01 -3.8291167e-02 +3.7483611e+00 +2.0107194e-01 +3.7825278e-01 -2.8793611e-01 -1.7081194e-02 -1.2206444e-01 +2.2876958e+04
3.1898000e-02 +5.0000000e-02 +1.1523133e+01 -1.5112917e-01 -5.4636667e-02 +3.7093333e+00 +2.1924472e-01 +3.8508333e-01 -2.8256389e-01 -2.9397222e-02 -1.2604278e-01 +2.2481496e+04
3.3471000e-02 +5.0000000e-02 +1.1755400e+01 -1.5614150e-01 -7.0540167e-02 +3.6667500e+00 +2.3802111e-01 +3.9150833e-01 -2.7550028e-01 -4.1760556e-02 -1.2960194e-01 +2.2048751e+04
3.5084000e-02 +5.0000000e-02 +1.1972933e+01 -1.6073767e-01 -8.5881333e-02 +3.6223611e+00 +2.5735889e-01 +3.9748889e-01 -2.6695944e-01 -5.4177500e-02 -1.3271750e-01 +2.1591970e+04
3.6738000e-02 +5.0000000e-02 +1.2176183e+01 -1.6488117e-01 -1.0055100e-01 +3.5776944e+00 +2.7721389e-01 +4.0299444e-01 -2.5715028e-01 -6.6684167e-02 -1.3536333e-01 +2.1125498e+04
3.8435000e-02 +5.0000000e-02 +1.2365617e+01 -1.6853667e-01 -1.1444933e-01 +3.5339444e+00 +2.9754167e-01 +4.0801667e-01 -2.4627806e-01 -7.9346667e-02 -1.3751278e-01 +2.0663792e+04
4.0176000e-02 +5.0000000e-02 +1.2541733e+01 -1.7167333e-01 -1.2748383e-01 +3.4921944e+00 +3.1829444e-01 +4.1257222e-01 -2.3454222e-01 -9.2250000e-02 -1.3914500e-01 +2.0219645e+04
4.1960000e-02 +5.0000000e-02 +1.2705100e+01 -1.7425833e-01 -1.3957067e-01 +3.4532778e+00 +3.3942778e-01 +4.1671944e-01 -2.2213444e-01 -1.0548222e-01 -1.4024750e-01 +1.9802426e+04
4.3790000e-02 +5.0000000e-02 +1.2856267e+01 -1.7626500e-01 -1.5063650e-01 +3.4180000e+00 +3.6090278e-01 +4.2055278e-01 -2.0923694e-01 -1.1911944e-01 -1.4081944e-01 +1.9417728e+04
4.5665000e-02 +5.0000000e-02 +1.2995783e+01 -1.7767000e-01 -1.6061917e-01 +3.3870278e+00 +3.8267222e-01 +4.2417222e-01 -1.9601833e-01 -1.3321750e-01 -1.4086861e-01 +1.9068434e+04
4.7588000e-02 +5.0000000e-02 +1.3124233e+01 -1.7845000e-01 -1.6946833e-01 +3.3608056e+00 +4.0469722e-01 +4.2766944e-01 -1.8263111e-01 -1.4781028e-01 -1.4040944e-01 +1.8756605e+04
4.9559000e-02 +5.0000000e-02 +1.3242167e+01 -1.7859000e-01 -1.7714167e-01 +3.3396944e+00 +4.2694444e-01 +4.3110278e-01 -1.6921028e-01 -1.6290389e-01 -1.3945917e-01 +1.8484872e+04
5.1579000e-02 +5.0000000e-02 +1.3350167e+01 -1.7807500e-01 -1.8360333e-01 +3.3238333e+00 +4.4938056e-01 +4.3448333e-01 -1.5587472e-01 -1.7847778e-01 -1.3803528e-01 +1.8256791e+04
5.3650000e-02 +5.0000000e-02 +1.3448767e+01 -1.7690000e-01 -1.8882000e-01 +3.3132778e+00 +4.7196944e-01 +4.3780000e-01 -1.4272861e-01 -1.9449556e-01 -1.3615444e-01 +1.8075005e+04
5.5771000e-02 +5.0000000e-02 +1.3538467e+01 -1.7505833e-01 -1.9276333e-01 +3.3080278e+00 +4.9467778e-01 +4.4102778e-01 -1.2986056e-01 -2.1092306e-01 -1.3383500e-01 +1.7939509e+04
5.7944000e-02 +5.0000000e-02 +1.3619750e+01 -1.7255000e-01 -1.9540667e-01 +3.3081389e+00 +5.1747500e-01 +4.4416389e-01 -1.1734250e-01 -2.2774306e-01 -1.3109889e-01 +1.7848539e+04
6.0170000e-02 +5.0000000e-02 +1.3693067e+01 -1.6937833e-01 -1.9673833e-01 +3.3136389e+00 +5.4033611e-01 +4.4722778e-01 -1.0522889e-01 -2.4496722e-01 -1.2797028e-01 +1.7801331e+04
6.2451000e-02 +5.0000000e-02 +1.3758833e+01 -1.6554050e-01 -1.9675667e-01 +3.3245000e+00 +5.6324167e-01 +4.5026111e-01 -9.3559444e-02 -2.6263056e-01 -1.2447278e-01 +1.7800133e+04
6.4786000e-02 +5.0000000e-02 +1.3817450e+01 -1.6103817e-01 -1.9547833e-01 +3.3406667e+00 +5.8617778e-01 +4.5331389e-01 -8.2365000e-02 -2.8076667e-01 -1.2063111e-01 +1.7847936e+04
6.7178000e-02 +5.0000000e-02 +1.3869333e+01 -1.5587017e-01 -1.9293333e-01 +3.3621389e+00 +6.0913333e-01 +4.5643611e-01 -7.1674167e-02 -2.9939167e-01 -1.1647222e-01 +1.7944574e+04
6.9627000e-02 +5.0000000e-02 +1.3914833e+01 -1.5003533e-01 -1.8916833e-01 +3.3889444e+00 +6.3209444e-01 +4.5966389e-01 -6.1515278e-02 -3.1849167e-01 -1.1202972e-01 +1.8086826e+04
7.2134000e-02 +5.0000000e-02 +1.3954367e+01 -1.4353550e-01 -1.8424333e-01 +3.4211389e+00 +6.5505000e-01 +4.6305000e-01 -5.1920278e-02 -3.3804167e-01 -1.0734556e-01 +1.8271353e+04
7.4701000e-02 +5.0000000e-02 +1.3988250e+01 -1.3637800e-01 -1.7823500e-01 +3.4588333e+00 +6.7797778e-01 +4.6664444e-01 -4.2924167e-02 -3.5802778e-01 -1.0247222e-01 +1.8495231e+04
7.7327000e-02 +5.0000000e-02 +1.4016833e+01 -1.2858000e-01 -1.7123667e-01 +3.5021389e+00 +7.0085556e-01 +4.7050278e-01 -3.4561111e-02 -3.7846389e-01 -9.7465278e-02 +1.8755804e+04
8.0015000e-02 +5.0000000e-02 +1.4040467e+01 -1.2017050e-01 -1.6335667e-01 +3.5510556e+00 +7.2366389e-01 +4.7468056e-01 -2.6865278e-02 -3.9937222e-01 -9.2383889e-02 +1.9050887e+04
8.2766000e-02 +5.0000000e-02 +1.4059450e+01 -1.1119050e-01 -1.5471650e-01 +3.6054167e+00 +7.4640278e-01 +4.7922222e-01 -1.9886806e-02 -4.2072778e-01 -8.7288056e-02 +1.9379097e+04
8.5579000e-02 +5.0000000e-02 +1.4074133e+01 -1.0169083e-01 -1.4545100e-01 +3.6646389e+00 +7.6907500e-01 +4.8411667e-01 -1.3700222e-02 -4.4243611e-01 -8.2226667e-02 +1.9742239e+04
8.8457000e-02 +5.0000000e-02 +1.4084850e+01 -9.1729333e-02 -1.3570650e-01 +3.7280556e+00 +7.9169167e-01 +4.8931389e-01 -8.3885556e-03 -4.6439167e-01 -7.7224444e-02 +2.0144180e+04
9.1401000e-02 +5.0000000e-02 +1.4091883e+01 -8.1369000e-02 -1.2562783e-01 +3.7948889e+00 +8.1428056e-01 +4.9477222e-01 -4.0033333e-03 -4.8645278e-01 -7.2289167e-02 +2.0584698e+04
9.4411000e-02 +5.0000000e-02 +1.4095550e+01 -7.0676667e-02 -1.1534333e-01 +3.8642500e+00 +8.3690278e-01 +5.0048611e-01 -5.2244444e-04 -5.0840000e-01 -6.7439722e-02 +2.1058185e+04
9.7488000e-02 +5.0000000e-02 +1.4096200e+01 -5.9720500e-02 -1.0496633e-01 +3.9349444e+00 +8.5963889e-01 +5.0644444e-01 +2.1692167e-03 -5.2993889e-01 -6.2729444e-02 +2.1556851e+04
1.0063400e-01 +5.0000000e-02 +1.4094300e+01 -4.8569667e-02 -9.4611667e-02 +4.0059167e+00 +8.8256667e-01 +5.1258611e-01 +4.2460556e-03 -5.5071667e-01 -5.8241667e-02 +2.2072156e+04
1.0384900e-01 +5.0000000e-02 +1.4090317e+01 -3.7292667e-02 -8.4404500e-02 +4.0766667e+00 +9.0572222e-01 +5.1875833e-01 +5.8652222e-03 -5.7041389e-01 -5.4050833e-02 +2.2595110e+04
1.0713400e-01 +5.0000000e-02 +1.4084667e+01 -2.5949500e-02 -7.4459833e-02 +4.1470833e+00 +9.2909722e-01 +5.2482500e-01 +7.1170000e-03 -5.8889167e-01 -5.0181944e-02 +2.3120170e+04
1.1049000e-01 +5.0000000e-02 +1.4077783e+01 -1.4583150e-02 -6.4860500e-02 +4.2171389e+00 +9.5264167e-01 +5.3075000e-01 +8.0266667e-03 -6.0618611e-01 -4.6628056e-02 +2.3645337e+04
1.1391900e-01 +5.0000000e-02 +1.4070067e+01 -3.2267333e-03 -5.5666833e-02 +4.2865278e+00 +9.7626944e-01 +5.3656111e-01 +8.5783333e-03 -6.2235833e-01 -4.3406111e-02 +2.4167843e+04
1.1742100e-01 +5.0000000e-02 +1.4061833e+01 +8.0843333e-03 -4.6929333e-02 +4.3544722e+00 +9.9992222e-01 +5.4231667e-01 +8.7680278e-03 -6.3736944e-01 -4.0538611e-02 +2.4691348e+04
1.2099600e-01 +5.0000000e-02 +1.4053417e+01 +1.9315500e-02 -3.8688167e-02 +4.4198889e+00 +1.0235667e+00 +5.4806111e-01 +8.6079444e-03 -6.5111944e-01 -3.8004167e-02 +2.5227018e+04
1.2464700e-01 +5.0000000e-02 +1.4045033e+01 +3.0447000e-02 -3.0977000e-02 +4.4821111e+00 +1.0471944e+00 +5.5385833e-01 +8.0430833e-03 -6.6365556e-01 -3.5680278e-02 +2.5775916e+04
1.2837200e-01 +5.0000000e-02 +1.4036867e+01 +4.1474000e-02 -2.3831667e-02 +4.5411667e+00 +1.0707389e+00 +5.5973056e-01 +6.9328889e-03 -6.7521111e-01 -3.3293889e-02 +2.6324953e+04
1.3217500e-01 +5.0000000e-02 +1.4028967e+01 +5.2389167e-02 -1.7315000e-02 +4.5973611e+00 +1.0941056e+00 +5.6563056e-01 +5.0923333e-03 -6.8601111e-01 -3.0554722e-02 +2.6863864e+04
1.3605400e-01 +5.0000000e-02 +1.4021267e+01 +6.3154667e-02 -1.1532500e-02 +4.6507778e+00 +1.1172389e+00 +5.7158611e-01 +2.3874000e-03 -6.9613889e-01 -2.7393444e-02 +2.7391049e+04
1.4001100e-01 +5.0000000e-02 +1.4013717e+01 +7.3699333e-02 -6.5612333e-03 +4.7017778e+00 +1.1401167e+00 +5.7766944e-01 -1.1417667e-03 -7.0568333e-01 -2.3986917e-02 +2.7909454e+04
1.4404700e-01 +5.0000000e-02 +1.4006400e+01 +8.3950333e-02 -2.3590000e-03 +4.7511111e+00 +1.1626556e+00 +5.8397500e-01 -5.3051111e-03 -7.1482778e-01 -2.0564694e-02 +2.8430407e+04
1.4816200e-01 +5.0000000e-02 +1.3999400e+01 +9.3856000e-02 +1.2019350e-03 +4.8003333e+00 +1.1847167e+00 +5.9075000e-01 -9.9438333e-03 -7.2388056e-01 -1.7347722e-02 +2.8947603e+04
1.5235700e-01 +5.0000000e-02 +1.3992700e+01 +1.0339033e-01 +4.1958333e-03 +4.8515000e+00 +1.2061861e+00 +5.9807778e-01 -1.4899528e-02 -7.3335278e-01 -1.4565250e-02 +2.9430565e+04
1.5663200e-01 +5.0000000e-02 +1.3986333e+01 +1.1254733e-01 +6.6200167e-03 +4.9046667e+00 +1.2270167e+00 +6.0583889e-01 -1.9869750e-02 -7.4343611e-01 -1.2360722e-02 +2.9863310e+04
1.6098800e-01 +5.0000000e-02 +1.3980550e+01 +1.2131017e-01 +8.4553167e-03 +4.9571944e+00 +1.2471972e+00 +6.1378056e-01 -2.4416889e-02 -7.5368333e-01 -1.0752639e-02 +3.0262796e+04
1.6542500e-01 +5.0000000e-02 +1.3975683e+01 +1.2964683e-01 +9.6734000e-03 +5.0063333e+00 +1.2667389e+00 +6.2150000e-01 -2.8225000e-02 -7.6376111e-01 -9.6827500e-03 +3.0658658e+04
1.6994400e-01 +5.0000000e-02 +1.3972000e+01 +1.3754200e-01 +1.0275900e-02 +5.0513611e+00 +1.2856917e+00 +6.2866944e-01 -3.1260000e-02 -7.7341944e-01 -9.0854444e-03 +3.1064033e+04
1.7454600e-01 +5.0000000e-02 +1.3969567e+01 +1.4500833e-01 +1.0436950e-02 +5.0914167e+00 +1.3041750e+00 +6.3539167e-01 -3.3611944e-02 -7.8194444e-01 -8.8671667e-03 +3.1468380e+04
1.7922900e-01 +5.0000000e-02 +1.3968383e+01 +1.5207600e-01 +1.0468267e-02 +5.1257222e+00 +1.3222639e+00 +6.4188889e-01 -3.5408333e-02 -7.8890556e-01 -8.8565556e-03 +3.1861743e+04
1.8399600e-01 +5.0000000e-02 +1.3968300e+01 +1.5878583e-01 +1.0584200e-02 +5.1562778e+00 +1.3399111e+00 +6.4806944e-01 -3.6734167e-02 -7.9500278e-01 -8.9022222e-03 +3.2238489e+04
1.8884500e-01 +5.0000000e-02 +1.3968950e+01 +1.6517983e-01 +1.0790067e-02 +5.1867778e+00 +1.3569528e+00 +6.5394722e-01 -3.7714444e-02 -8.0157222e-01 -9.1392500e-03 +3.2583698e+04
1.9377800e-01 +5.0000000e-02 +1.3970050e+01 +1.7131500e-01 +1.0989400e-02 +5.2190278e+00 +1.3731778e+00 +6.5966667e-01 -3.8440833e-02 -8.0922500e-01 -9.7943333e-03 +3.2905396e+04
1.9879400e-01 +5.0000000e-02 +1.3971567e+01 +1.7720500e-01 +1.1030883e-02 +5.2522222e+00 +1.3883750e+00 +6.6537222e-01 -3.9018889e-02 -8.1762500e-01 -1.0699417e-02 +3.3221865e+04
2.0389300e-01 +5.0000000e-02 +1.3973767e+01 +1.8274500e-01 +1.0855917e-02 +5.2840000e+00 +1.4024417e+00 +6.7128889e-01 -3.9795833e-02 -8.2689167e-01 -1.1664556e-02 +3.3543038e+04
2.0907500e-01 +5.0000000e-02 +1.3976900e+01 +1.8774333e-01 +1.0465700e-02 +5.3145833e+00 +1.4155806e+00 +6.7755833e-01 -4.0947778e-02 -8.3670278e-01 -1.2741278e-02 +3.3824223e+04
2.1433900e-01 +5.0000000e-02 +1.3980933e+01 +1.9203500e-01 +9.7959167e-03 +5.3461389e+00 +1.4282639e+00 +6.8391944e-01 -4.2139722e-02 -8.4542778e-01 -1.4032472e-02 +3.4017204e+04
2.1968700e-01 +5.0000000e-02 +1.3985867e+01 +1.9554167e-01 +8.8626667e-03 +5.3743056e+00 +1.4408917e+00 +6.9005278e-01 -4.2936667e-02 -8.5199444e-01 -1.5240861e-02 +3.4172990e+04
2.2511700e-01 +5.0000000e-02 +1.3992100e+01 +1.9819667e-01 +7.8260333e-03 +5.3931111e+00 +1.4536222e+00 +6.9616111e-01 -4.3226667e-02 -8.5616667e-01 -1.5980639e-02 +3.4337755e+04
2.3062900e-01 +5.0000000e-02 +1.3999917e+01 +2.0009500e-01 +6.9860667e-03 +5.4023889e+00 +1.4663861e+00 +7.0251944e-01 -4.3004167e-02 -8.5815833e-01 -1.6234139e-02 +3.4493829e+04
2.3622300e-01 +5.0000000e-02 +1.4008900e+01 +2.0138833e-01 +6.3550000e-03 +5.4067222e+00 +1.4788917e+00 +7.0889722e-01 -4.1889167e-02 -8.5889167e-01 -1.5983028e-02 +3.4611363e+04
2.4189800e-01 +5.0000000e-02 +1.4018100e+01 +2.0204833e-01 +5.8950333e-03 +5.4117500e+00 +1.4907500e+00 +7.1477222e-01 -3.9165833e-02 -8.5890556e-01 -1.5103722e-02 +3.4695506e+04
2.4765400e-01 +5.0000000e-02 +1.4026800e+01 +2.0197167e-01 +5.8022333e-03 +5.4180278e+00 +1.5020250e+00 +7.1972500e-01 -3.4401389e-02 -8.5865556e-01 -1.3920306e-02 +3.4793025e+04
2.5348900e-01 +5.0000000e-02 +1.4034917e+01 +2.0116000e-01 +6.2892333e-03 +5.4230833e+00 +1.5134472e+00 +7.2311111e-01 -2.7793611e-02 -8.5685278e-01 -1.2935861e-02 +3.4901120e+04
2.5940400e-01 +5.0000000e-02 +1.4042317e+01 +1.9988500e-01 +7.5548167e-03 +5.4270833e+00 +1.5256056e+00 +7.2534167e-01 -1.9861250e-02 -8.5378611e-01 -1.2481500e-02 +3.5029009e+04
2.6539600e-01 +5.0000000e-02 +1.4048283e+01 +1.9851167e-01 +9.6002167e-03 +5.4301667e+00 +1.5383250e+00 +7.2770833e-01 -1.0940333e-02 -8.5206944e-01 -1.2763028e-02 +3.5197243e+04
2.7146600e-01 +5.0000000e-02 +1.4052483e+01 +1.9715167e-01 +1.2130450e-02 +5.4356667e+00 +1.5507389e+00 +7.3057778e-01 -1.6901750e-03 -8.5243056e-01 -1.3614972e-02 +3.5385144e+04
2.7761200e-01 +5.0000000e-02 +1.4055300e+01 +1.9573000e-01 +1.4877367e-02 +5.4460833e+00 +1.5619306e+00 +7.3311944e-01 +6.8669444e-03 -8.5365556e-01 -1.4623750e-02 +3.5573019e+04
2.8383300e-01 +5.0000000e-02 +1.4057467e+01 +1.9435500e-01 +1.7741167e-02 +5.4579444e+00 +1.5717722e+00 +7.3439167e-01 +1.4095833e-02 -8.5468611e-01 -1.5090028e-02 +3.5786860e+04
2.9012800e-01 +5.0000000e-02 +1.4059433e+01 +1.9296333e-01 +2.0290000e-02 +5.4710278e+00 +1.5808472e+00 +7.3549167e-01 +1.9323528e-02 -8.5525000e-01 -1.4750806e-02 +3.5968694e+04
2.9649600e-01 +5.0000000e-02 +1.4060650e+01 +1.9121833e-01 +2.2184500e-02 +5.4886667e+00 +1.5896222e+00 +7.3754444e-01 +2.2809750e-02 -8.5793889e-01 -1.3805278e-02 +3.6094881e+04
3.0293400e-01 +5.0000000e-02 +1.4061100e+01 +1.8896833e-01 +2.3496500e-02 +5.5115833e+00 +1.5982361e+00 +7.4016667e-01 +2.5272778e-02 -8.6411944e-01 -1.2168139e-02 +3.6186507e+04
3.0944200e-01 +5.0000000e-02 +1.4061300e+01 +1.8617833e-01 +2.4360667e-02 +5.5334167e+00 +1.6068361e+00 +7.4300833e-01 +2.6954833e-02 -8.7143056e-01 -9.9869722e-03 +3.6243909e+04
3.1601900e-01 +5.0000000e-02 +1.4061250e+01 +1.8294167e-01 +2.5228000e-02 +5.5483056e+00 +1.6155194e+00 +7.4588333e-01 +2.8081389e-02 -8.7701111e-01 -7.9150278e-03 +3.6301302e+04
3.2266100e-01 +5.0000000e-02 +1.4060167e+01 +1.7938333e-01 +2.6818167e-02 +5.5572500e+00 +1.6240111e+00 +7.4942500e-01 +2.9171389e-02 -8.8058889e-01 -5.7529722e-03 +3.6397095e+04
3.2936900e-01 +5.0000000e-02 +1.4057983e+01 +1.7564833e-01 +2.9483167e-02 +5.5645556e+00 +1.6318500e+00 +7.5400000e-01 +3.0372222e-02 -8.8351111e-01 -3.3255278e-03 +3.6535554e+04
3.3613900e-01 +5.0000000e-02 +1.4055200e+01 +1.7168667e-01 +3.2928833e-02 +5.5725833e+00 +1.6389222e+00 +7.5870000e-01 +3.1447222e-02 -8.8619722e-01 -1.2488333e-03 +3.6654916e+04
3.4297000e-01 +5.0000000e-02 +1.4051350e+01 +1.6752333e-01 +3.6447167e-02 +5.5811111e+00 +1.6455028e+00 +7.6140556e-01 +3.2137222e-02 -8.8695556e-01 +3.2858056e-04 +3.6776796e+04
3.4985900e-01 +5.0000000e-02 +1.4045883e+01 +1.6320583e-01 +3.9469333e-02 +5.5891667e+00 +1.6517000e+00 +7.6144167e-01 +3.2384444e-02 -8.8473611e-01 +1.7280278e-03 +3.6925506e+04
3.5680600e-01 +5.0000000e-02 +1.4039167e+01 +1.5863600e-01 +4.1938333e-02 +5.5977500e+00 +1.6572167e+00 +7.6044167e-01 +3.2107222e-02 -8.8319444e-01 +2.5600278e-03 +3.7054664e+04
3.6380700e-01 +5.0000000e-02 +1.4032950e+01 +1.5359233e-01 +4.4024333e-02 +5.6046667e+00 +1.6613944e+00 +7.5947778e-01 +3.1659722e-02 -8.8388056e-01 +2.5579917e-03 +3.7134398e+04
3.7086000e-01 +5.0000000e-02 +1.4028967e+01 +1.4790450e-01 +4.5550167e-02 +5.6059167e+00 +1.6637111e+00 +7.5978056e-01 +3.0875833e-02 -8.8461111e-01 +2.3607806e-03 +3.7161847e+04
3.7796300e-01 +5.0000000e-02 +1.4026700e+01 +1.4155983e-01 +4.5889000e-02 +5.6007778e+00 +1.6648306e+00 +7.6147778e-01 +3.0154167e-02 -8.8514722e-01 +2.6671028e-03 +3.7156829e+04
3.8511300e-01 +5.0000000e-02 +1.4024450e+01 +1.3461783e-01 +4.4642000e-02 +5.5973056e+00 +1.6659333e+00 +7.6318333e-01 +3.0414722e-02 -8.8583889e-01 +2.9535833e-03 +3.7140364e+04
3.9230900e-01 +5.0000000e-02 +1.4022733e+01 +1.2690117e-01 +4.2384500e-02 +5.5904167e+00 +1.6676167e+00 +7.6451111e-01 +3.3226111e-02 -8.8527500e-01 +3.3055833e-03 +3.7122681e+04
3.9954700e-01 +5.0000000e-02 +1.4022867e+01 +1.1855733e-01 +4.0338167e-02 +5.5685278e+00 +1.6702833e+00 +7.6557778e-01 +3.7160556e-02 -8.8255278e-01 +3.5915556e-03 +3.7127823e+04
4.0682400e-01 +5.0000000e-02 +1.4023333e+01 +1.0991400e-01 +3.9073833e-02 +5.5406111e+00 +1.6743167e+00 +7.6703611e-01 +4.0360000e-02 -8.7911667e-01 +2.9734444e-03 +3.7144790e+04
4.1413900e-01 +5.0000000e-02 +1.4022133e+01 +1.0118600e-01 +3.8444500e-02 +5.5190833e+00 +1.6796944e+00 +7.6873333e-01 +4.3055833e-02 -8.7605556e-01 +2.3459167e-03 +3.7165478e+04
4.2148900e-01 +5.0000000e-02 +1.4018683e+01 +9.2331667e-02 +3.8285667e-02 +5.5007500e+00 +1.6859056e+00 +7.7148611e-01 +4.5362222e-02 -8.7361111e-01 +2.5694000e-03 +3.7194081e+04
4.2886900e-01 +5.0000000e-02 +1.4013300e+01 +8.3363833e-02 +3.8629667e-02 +5.4815556e+00 +1.6922250e+00 +7.7380278e-01 +4.6334167e-02 -8.6971389e-01 +3.2382222e-03 +3.7289797e+04
4.3627900e-01 +5.0000000e-02 +1.4005850e+01 +7.4505000e-02 +4.0043333e-02 +5.4661389e+00 +1.6981194e+00 +7.7387500e-01 +4.5005833e-02 -8.6586111e-01 +3.8599722e-03 +3.7445711e+04
4.4371400e-01 +5.0000000e-02 +1.3996117e+01 +6.5750333e-02 +4.3113167e-02 +5.4571944e+00 +1.7035306e+00 +7.7500278e-01 +4.1992778e-02 -8.6502222e-01 +4.2348611e-03 +3.7617922e+04
4.5117200e-01 +5.0000000e-02 +1.3984100e+01 +5.6909833e-02 +4.6986000e-02 +5.4566944e+00 +1.7086806e+00 +7.7825556e-01 +3.8727222e-02 -8.6836389e-01 +4.6382500e-03 +3.7815280e+04
4.5865000e-01 +5.0000000e-02 +1.3970600e+01 +4.7938833e-02 +5.0437667e-02 +5.4662500e+00 +1.7140611e+00 +7.8059167e-01 +3.5705278e-02 -8.7543056e-01 +4.5501667e-03 +3.8033281e+04
4.6614500e-01 +5.0000000e-02 +1.3956233e+01 +3.8747333e-02 +5.3209500e-02 +5.4897500e+00 +1.7198250e+00 +7.8320556e-01 +3.2065000e-02 -8.8356944e-01 +3.1198056e-03 +3.8184623e+04
4.7365400e-01 +5.0000000e-02 +1.3941550e+01 +2.9523500e-02 +5.5817833e-02 +5.5182778e+00 +1.7250500e+00 +7.8630833e-01 +2.6941444e-02 -8.9132222e-01 +1.8768917e-03 +3.8283369e+04
4.8117400e-01 +5.0000000e-02 +1.3929067e+01 +2.0261333e-02 +5.8641167e-02 +5.5353056e+00 +1.7282083e+00 +7.8865278e-01 +2.0193111e-02 -8.9641667e-01 +1.5592417e-03 +3.8422437e+04
4.8870100e-01 +5.0000000e-02 +1.3921033e+01 +1.0445067e-02 +6.1126833e-02 +5.5437500e+00 +1.7292278e+00 +7.8978056e-01 +1.2477917e-02 -8.9854722e-01 +1.4172694e-03 +3.8554158e+04
4.9623300e-01 +5.0000000e-02 +1.3917133e+01 +0.0000000e+00 +6.2577500e-02 +5.5424167e+00 +1.7294111e+00 +7.9003611e-01 +4.2403056e-03 -8.9917500e-01 +7.3087778e-04 +3.8634444e+04
5.0376700e-01 +5.0000000e-02 +1.3917133e+01 -1.0445067e-02 +6.2577500e-02 +5.5424167e+00 +1.7294111e+00 +7.9003611e-01 -4.2403056e-03 -8.9917500e-01 -7.3087778e-04 +3.8634444e+04
5.1129900e-01 +5.0000000e-02 +1.3921033e+01 -2.0261333e-02 +6.1126833e-02 +5.5437500e+00 +1.7292278e+00 +7.8978056e-01 -1.2477917e-02 -8.9854722e-01 -1.4172694e-03 +3.8554158e+04
5.1882600e-01 +5.0000000e-02 +1.3929067e+01 -2.9523500e-02 +5.8641167e-02 +5.5353056e+00 +1.7282083e+00 +7.8865278e-01 -2.0193111e-02 -8.9641667e-01 -1.5592417e-03 +3.8422437e+04
5.2634600e-01 +5.0000000e-02 +1.3941550e+01 -3.8747333e-02 +5.5817833e-02 +5.5182778e+00 +1.7250500e+00 +7.8630833e-01 -2.6941444e-02 -8.9132222e-01 -1.8768917e-03 +3.8283369e+04
5.3385500e-01 +5.0000000e-02 +1.3956233e+01 -4.7938833e-02 +5.3209500e-02 +5.4897500e+00 +1.7198250e+00 +7.8320556e-01 -3.2065000e-02 -8.8356944e-01 -3.1198056e-03 +3.8184623e+04
5.4135000e-01 +5.0000000e-02 +1.3970600e+01 -5.6909833e-02 +5.0437667e-02 +5.4662500e+00 +1.7140611e+00 +7.8059167e-01 -3.5705278e-02 -8.7543056e-01 -4.5501667e-03 +3.8033281e+04
5.4882800e-01 +5.0000000e-02 +1.3984100e+01 -6.5750333e-02 +4.6986000e-02 +5.4566944e+00 +1.7086806e+00 +7.7825556e-01 -3.8727222e-02 -8.6836389e-01 -4.6382500e-03 +3.7815280e+04
5.5628600e-01 +5.0000000e-02 +1.3996117e+01 -7.4505000e-02 +4.3113167e-02 +5.4571944e+00 +1.7035306e+00 +7.7500278e-01 -4.1992778e-02 -8.6502222e-01 -4.2348611e-03 +3.7617922e+04
5.6372100e-01 +5.0000000e-02 +1.4005850e+01 -8.3363833e-02 +4.0043333e-02 +5.4661389e+00 +1.6981194e+00 +7.7387500e-01 -4.5005833e-02 -8.6586111e-01 -3.8599722e-03 +3.7445711e+04
5.7113100e-01 +5.0000000e-02 +1.4013300e+01 -9.2331667e-02 +3.8629667e-02 +5.4815556e+00 +1.6922250e+00 +7.7380278e-01 -4.6334167e-02 -8.6971389e-01 -3.2382222e-03 +3.7289797e+04
5.7851100e-01 +5.0000000e-02 +1.4018683e+01 -1.0118600e-01 +3.8285667e-02 +5.5007500e+00 +1.6859056e+00 +7.7148611e-01 -4.5362222e-02 -8.7361111e-01 -2.5694000e-03 +3.7194081e+04
5.8586100e-01 +5.0000000e-02 +1.4022133e+01 -1.0991400e-01 +3.8444500e-02 +5.5190833e+00 +1.6796944e+00 +7.6873333e-01 -4.3055833e-02 -8.7605556e-01 -2.3459167e-03 +3.7165478e+04
5.9317600e-01 +5.0000000e-02 +1.4023333e+01 -1.1855733e-01 +3.9073833e-02 +5.5406111e+00 +1.6743167e+00 +7.6703611e-01 -4.0360000e-02 -8.7911667e-01 -2.9734444e-03 +3.7144790e+04
6.0045300e-01 +5.0000000e-02 +1.4022867e+01 -1.2690117e-01 +4.0338167e-02 +5.5685278e+00 +1.6702833e+00 +7.6557778e-01 -3.7160556e-02 -8.8255278e-01 -3.5915556e-03 +3.7127823e+04
6.0769100e-01 +5.0000000e-02 +1.4022733e+01 -1.3461783e-01 +4.2384500e-02 +5.5904167e+00 +1.6676167e+00 +7.6451111e-01 -3.3226111e-02 -8.8527500e-01 -3.3055833e-03 +3.7122681e+04
6.1488700e-01 +5.0000000e-02 +1.4024450e+01 -1.4155983e-01 +4.4642000e-02 +5.5973056e+00 +1.6659333e+00 +7.6318333e-01 -3.0414722e-02 -8.8583889e-01 -2.9535833e-03 +3.7140364e+04
6.2203700e-01 +5.0000000e-02 +1.4026700e+01 -1.4790450e-01 +4.5889000e-02 +5.6007778e+00 +1.6648306e+00 +7.6147778e-01 -3.0154167e-02 -8.8514722e-01 -2.6671028e-03 +3.7156829e+04
6.2914000e-01 +5.0000000e-02 +1.4028967e+01 -1.5359233e-01 +4.5550167e-02 +5.6059167e+00 +1.6637111e+00 +7.5978056e-01 -3.0875833e-02 -8.8461111e-01 -2.3607806e-03 +3.7161847e+04
6.3619300e-01 +5.0000000e-02 +1.4032950e+01 -1.5863600e-01 +4.4024333e-02 +5.6046667e+00 +1.6613944e+00 +7.5947778e-01 -3.1659722e-02 -8.8388056e-01 -2.5579917e-03 +3.7134398e+04
6.4319400e-01 +5.0000000e-02 +1.4039167e+01 -1.6320583e-01 +4.1938333e-02 +5.5977500e+00 +1.6572167e+00 +7.6044167e-01 -3.2107222e-02 -8.8319444e-01 -2.5600278e-03 +3.7054664e+04
6.5014100e-01 +5.0000000e-02 +1.4045883e+01 -1.6752333e-01 +3.9469333e-02 +5.5891667e+00 +1.6517000e+00 +7.6144167e-01 -3.2384444e-02 -8.8473611e-01 -1.7280278e-03 +3.6925506e+04
6.5703000e-01 +5.0000000e-02 +1.4051350e+01 -1.7168667e-01 +3.6447167e-02 +5.5811111e+00 +1.6455028e+00 +7.6140556e-01 -3.2137222e-02 -8.8695556e-01 -3.2858056e-04 +3.6776796e+04
6.6386100e-01 +5.0000000e-02 +1.4055200e+01 -1.7564833e-01 +3.2928833e-02 +5.5725833e+00 +1.6389222e+00 +7.5870000e-01 -3.1447222e-02 -8.8619722e-01 +1.2488333e-03 +3.6654916e+04
6.7063100e-01 +5.0000000e-02 +1.4057983e+01 -1.7938333e-01 +2.9483167e-02 +5.5645556e+00 +1.6318500e+00 +7.5400000e-01 -3.0372222e-02 -8.8351111e-01 +3.3255278e-03 +3.6535554e+04
6.7733900e-01 +5.0000000e-02 +1.4060167e+01 -1.8294167e-01 +2.6818167e-02 +5.5572500e+00 +1.6240111e+00 +7.4942500e-01 -2.9171389e-02 -8.8058889e-01 +5.7529722e-03 +3.6397095e+04
6.8398100e-01 +5.0000000e-02 +1.4061250e+01 -1.8617833e-01 +2.5228000e-02 +5.5483056e+00 +1.6155194e+00 +7.4588333e-01 -2.8081389e-02 -8.7701111e-01 +7.9150278e-03 +3.6301302e+04
6.9055800e-01 +5.0000000e-02 +1.4061300e+01 -1.8896833e-01 +2.4360667e-02 +5.5334167e+00 +1.6068361e+00 +7.4300833e-01 -2.6954833e-02 -8.7143056e-01 +9.9869722e-03 +3.6243909e+04
6.9706600e-01 +5.0000000e-02 +1.4061100e+01 -1.9121833e-01 +2.3496500e-02 +5.5115833e+00 +1.5982361e+00 +7.4016667e-01 -2.5272778e-02 -8.6411944e-01 +1.2168139e-02 +3.6186507e+04
7.0350400e-01 +5.0000000e-02 +1.4060650e+01 -1.9296333e-01 +2.2184500e-02 +5.4886667e+00 +1.5896222e+00 +7.3754444e-01 -2.2809750e-02 -8.5793889e-01 +1.3805278e-02 +3.6094881e+04
7.0987200e-01 +5.0000000e-02 +1.4059433e+01 -1.9435500e-01 +2.0290000e-02 +5.4710278e+00 +1.5808472e+00 +7.3549167e-01 -1.9323528e-02 -8.5525000e-01 +1.4750806e-02 +3.5968694e+04
7.1616700e-01 +5.0000000e-02 +1.4057467e+01 -1.9573000e-01 +1.7741167e-02 +5.4579444e+00 +1.5717722e+00 +7.3439167e-01 -1.4095833e-02 -8.5468611e-01 +1.5090028e-02 +3.5786860e+04
7.2238800e-01 +5.0000000e-02 +1.4055300e+01 -1.9715167e-01 +1.4877367e-02 +5.4460833e+00 +1.5619306e+00 +7.3311944e-01 -6.8669444e-03 -8.5365556e-01 +1.4623750e-02 +3.5573019e+04
7.2853400e-01 +5.0000000e-02 +1.4052483e+01 -1.9851167e-01 +1.2130450e-02 +5.4356667e+00 +1.5507389e+00 +7.3057778e-01 +1.6901750e-03 -8.5243056e-01 +1.3614972e-02 +3.5385144e+04
7.3460400e-01 +5.0000000e-02 +1.4048283e+01 -1.9988500e-01 +9.6002167e-03 +5.4301667e+00 +1.5383250e+00 +7.2770833e-01 +1.0940333e-02 -8.5206944e-01 +1.2763028e-02 +3.5197243e+04
7.4059600e-01 +5.0000000e-02 +1.4042317e+01 -2.0116000e-01 +7.5548167e-03 +5.4270833e+00 +1.5256056e+00 +7.2534167e-01 +1.9861250e-02 -8.5378611e-01 +1.2481500e-02 +3.5029009e+04
7.4651100e-01 +5.0000000e-02 +1.4034917e+01 -2.0197167e-01 +6.2892333e-03 +5.4230833e+00 +1.5134472e+00 +7.2311111e-01 +2.7793611e-02 -8.5685278e-01 +1.2935861e-02 +3.4901120e+04
7.5234600e-01 +5.0000000e-02 +1.4026800e+01 -2.0204833e-01 +5.8022333e-03 +5.4180278e+00 +1.5020250e+00 +7.1972500e-01 +3.4401389e-02 -8.5865556e-01 +1.3920306e-02 +3.4793025e+04
7.5810200e-01 +5.0000000e-02 +1.4018100e+01 -2.0138833e-01 +5.8950333e-03 +5.4117500e+00 +1.4907500e+00 +7.1477222e-01 +3.9165833e-02 -8.5890556e-01 +1.5103722e-02 +3.4695506e+04
7.6377700e-01 +5.0000000e-02 +1.4008900e+01 -2.0009500e-01 +6.3550000e-03 +5.4067222e+00 +1.4788917e+00 +7.0889722e-01 +4.1889167e-02 -8.5889167e-01 +1.5983028e-02 +3.4611363e+04
7.6937100e-01 +5.0000000e-02 +1.3999917e+01 -1.9819667e-01 +6.9860667e-03 +5.4023889e+00 +1.4663861e+00 +7.0251944e-01 +4.3004167e-02 -8.5815833e-01 +1.6234139e-02 +3.4493829e+04
7.7488300e-01 +5.0000000e-02 +1.3992100e+01 -1.9554167e-01 +7.8260333e-03 +5.3931111e+00 +1.4536222e+00 +6.9616111e-01 +4.3226667e-02 -8.5616667e-01 +1.5980639e-02 +3.4337755e+04
7.8031300e-01 +5.0000000e-02 +1.3985867e+01 -1.9203500e-01 +8.8626667e-03 +5.3743056e+00 +1.4408917e+00 +6.9005278e-01 +4.2936667e-02 -8.5199444e-01 +1.5240861e-02 +3.4172990e+04
7.8566100e-01 +5.0000000e-02 +1.3980933e+01 -1.8774333e-01 +9.7959167e-03 +5.3461389e+00 +1.4282639e+00 +6.8391944e-01 +4.2139722e-02 -8.4542778e-01 +1.4032472e-02 +3.4017204e+04
7.9092500e-01 +5.0000000e-02 +1.3976900e+01 -1.8274500e-01 +1.0465700e-02 +5.3145833e+00 +1.4155806e+00 +6.7755833e-01 +4.0947778e-02 -8.3670278e-01 +1.2741278e-02 +3.3824223e+04
7.9610700e-01 +5.0000000e-02 +1.3973767e+01 -1.7720500e-01 +1.0855917e-02 +5.2840000e+00 +1.4024417e+00 +6.7128889e-01 +3.9795833e-02 -8.2689167e-01 +1.1664556e-02 +3.3543038e+04
8.0120600e-01 +5.0000000e-02 +1.3971567e+01 -1.7131500e-01 +1.1030883e-02 +5.2522222e+00 +1.3883750e+00 +6.6537222e-01 +3.9018889e-02 -8.1762500e-01 +1.0699417e-02 +3.3221865e+04
8.0622200e-01 +5.0000000e-02 +1.3970050e+01 -1.6517983e-01 +1.0989400e-02 +5.2190278e+00 +1.3731778e+00 +6.5966667e-01 +3.8440833e-02 -8.0922500e-01 +9.7943333e-03 +3.2905396e+04
8.1115500e-01 +5.0000000e-02 +1.3968950e+01 -1.5878583e-01 +1.0790067e-02 +5.1867778e+00 +1.3569528e+00 +6.5394722e-01 +3.7714444e-02 -8.0157222e-01 +9.1392500e-03 +3.2583698e+04
8.1600400e-01 +5.0000000e-02 +1.3968300e+01 -1.5207600e-01 +1.0584200e-02 +5.1562778e+00 +1.3399111e+00 +6.4806944e-01 +3.6734167e-02 -7.9500278e-01 +8.9022222e-03 +3.2238489e+04
8.2077100e-01 +5.0000000e-02 +1.3968383e+01 -1.4500833e-01 +1.0468267e-02 +5.1257222e+00 +1.3222639e+00 +6.4188889e-01 +3.5408333e-02 -7.8890556e-01 +8.8565556e-03 +3.1861743e+04
8.2545400e-01 +5.0000000e-02 +1.3969567e+01 -1.3754200e-01 +1.0436950e-02 +5.0914167e+00 +1.3041750e+00 +6.3539167e-01 +3.3611944e-02 -7.8194444e-01 +8.8671667e-03 +3.1468380e+04
8.3005600e-01 +5.0000000e-02 +1.3972000e+01 -1.2964683e-01 +1.0275900e-02 +5.0513611e+00 +1.2856917e+00 +6.2866944e-01 +3.1260000e-02 -7.7341944e-01 +9.0854444e-03 +3.1064033e+04
8.3457500e-01 +5.0000000e-02 +1.3975683e+01 -1.2131017e-01 +9.6734000e-03 +5.0063333e+00 +1.2667389e+00 +6.2150000e-01 +2.8225000e-02 -7.6376111e-01 +9.6827500e-03 +3.0658658e+04
8.3901200e-01 +5.0000000e-02 +1.3980550e+01 -1.1254733e-01 +8.4553167e-03 +4.9571944e+00 +1.2471972e+00 +6.1378056e-01 +2.4416889e-02 -7.5368333e-01 +1.0752639e-02 +3.0262796e+04
8.4336800e-01 +5.0000000e-02 +1.3986333e+01 -1.0339033e-01 +6.6200167e-03 +4.9046667e+00 +1.2270167e+00 +6.0583889e-01 +1.9869750e-02 -7.4343611e-01 +1.2360722e-02 +2.9863310e+04
8.4764300e-01 +5.0000000e-02 +1.3992700e+01 -9.3856000e-02 +4.1958333e-03 +4.8515000e+00 +1.2061861e+00 +5.9807778e-01 +1.4899528e-02 -7.3335278e-01 +1.4565250e-02 +2.9430565e+04
8.5183800e-01 +5.0000000e-02 +1.3999400e+01 -8.3950333e-02 +1.2019350e-03 +4.8003333e+00 +1.1847167e+00 +5.9075000e-01 +9.9438333e-03 -7.2388056e-01 +1.7347722e-02 +2.8947603e+04
8.5595300e-01 +5.0000000e-02 +1.4006400e+01 -7.3699333e-02 -2.3590000e-03 +4.7511111e+00 +1.1626556e+00 +5.8397500e-01 +5.3051111e-03 -7.1482778e-01 +2.0564694e-02 +2.8430407e+04
8.5998900e-01 +5.0000000e-02 +1.4013717e+01 -6.3154667e-02 -6.5612333e-03 +4.7017778e+00 +1.1401167e+00 +5.7766944e-01 +1.1417667e-03 -7.0568333e-01 +2.3986917e-02 +2.7909454e+04
8.6394600e-01 +5.0000000e-02 +1.4021267e+01 -5.2389167e-02 -1.1532500e-02 +4.6507778e+00 +1.1172389e+00 +5.7158611e-01 -2.3874000e-03 -6.9613889e-01 +2.7393444e-02 +2.7391049e+04
8.6782500e-01 +5.0000000e-02 +1.4028967e+01 -4.1474000e-02 -1.7315000e-02 +4.5973611e+00 +1.0941056e+00 +5.6563056e-01 -5.0923333e-03 -6.8601111e-01 +3.0554722e-02 +2.6863864e+04
8.7162800e-01 +5.0000000e-02 +1.4036867e+01 -3.0447000e-02 -2.3831667e-02 +4.5411667e+00 +1.0707389e+00 +5.5973056e-01 -6.9328889e-03 -6.7521111e-01 +3.3293889e-02 +2.6324953e+04
8.7535300e-01 +5.0000000e-02 +1.4045033e+01 -1.9315500e-02 -3.0977000e-02 +4.4821111e+00 +1.0471944e+00 +5.5385833e-01 -8.0430833e-03 -6.6365556e-01 +3.5680278e-02 +2.5775916e+04
8.7900400e-01 +5.0000000e-02 +1.4053417e+01 -8.0843333e-03 -3.8688167e-02 +4.4198889e+00 +1.0235667e+00 +5.4806111e-01 -8.6079444e-03 -6.5111944e-01 +3.8004167e-02 +2.5227018e+04
8.8257900e-01 +5.0000000e-02 +1.4061833e+01 +3.2267333e-03 -4.6929333e-02 +4.3544722e+00 +9.9992222e-01 +5.4231667e-01 -8.7680278e-03 -6.3736944e-01 +4.0538611e-02 +2.4691348e+04
8.8608100e-01 +5.0000000e-02 +1.4070067e+01 +1.4583150e-02 -5.5666833e-02 +4.2865278e+00 +9.7626944e-01 +5.3656111e-01 -8.5783333e-03 -6.2235833e-01 +4.3406111e-02 +2.4167843e+04
8.8951000e-01 +5.0000000e-02 +1.4077783e+01 +2.5949500e-02 -6.4860500e-02 +4.2171389e+00 +9.5264167e-01 +5.3075000e-01 -8.0266667e-03 -6.0618611e-01 +4.6628056e-02 +2.3645337e+04
8.9286600e-01 +5.0000000e-02 +1.4084667e+01 +3.7292667e-02 -7.4459833e-02 +4.1470833e+00 +9.2909722e-01 +5.2482500e-01 -7.1170000e-03 -5.8889167e-01 +5.0181944e-02 +2.3120170e+04
8.9615100e-01 +5.0000000e-02 +1.4090317e+01 +4.8569667e-02 -8.4404500e-02 +4.0766667e+00 +9.0572222e-01 +5.1875833e-01 -5.8652222e-03 -5.7041389e-01 +5.4050833e-02 +2.2595110e+04
8.9936600e-01 +5.0000000e-02 +1.4094300e+01 +5.9720500e-02 -9.4611667e-02 +4.0059167e+00 +8.8256667e-01 +5.1258611e-01 -4.2460556e-03 -5.5071667e-01 +5.8241667e-02 +2.2072156e+04
9.0251200e-01 +5.0000000e-02 +1.4096200e+01 +7.0676667e-02 -1.0496633e-01 +3.9349444e+00 +8.5963889e-01 +5.0644444e-01 -2.1692167e-03 -5.2993889e-01 +6.2729444e-02 +2.1556851e+04
9.0558900e-01 +5.0000000e-02 +1.4095550e+01 +8.1369000e-02 -1.1534333e-01 +3.8642500e+00 +8.3690278e-01 +5.0048611e-01 +5.2244444e-04 -5.0840000e-01 +6.7439722e-02 +2.1058185e+04
9.0859900e-01 +5.0000000e-02 +1.4091883e+01 +9.1729333e-02 -1.2562783e-01 +3.7948889e+00 +8.1428056e-01 +4.9477222e-01 +4.0033333e-03 -4.8645278e-01 +7.2289167e-02 +2.0584698e+04
9.1154300e-01 +5.0000000e-02 +1.4084850e+01 +1.0169083e-01 -1.3570650e-01 +3.7280556e+00 +7.9169167e-01 +4.8931389e-01 +8.3885556e-03 -4.6439167e-01 +7.7224444e-02 +2.0144180e+04
9.1442100e-01 +5.0000000e-02 +1.4074133e+01 +1.1119050e-01 -1.4545100e-01 +3.6646389e+00 +7.6907500e-01 +4.8411667e-01 +1.3700222e-02 -4.4243611e-01 +8.2226667e-02 +1.9742239e+04
9.1723400e-01 +5.0000000e-02 +1.4059450e+01 +1.2017050e-01 -1.5471650e-01 +3.6054167e+00 +7.4640278e-01 +4.7922222e-01 +1.9886806e-02 -4.2072778e-01 +8.7288056e-02 +1.9379097e+04
9.1998500e-01 +5.0000000e-02 +1.4040467e+01 +1.2858000e-01 -1.6335667e-01 +3.5510556e+00 +7.2366389e-01 +4.7468056e-01 +2.6865278e-02 -3.9937222e-01 +9.2383889e-02 +1.9050887e+04
9.2267300e-01 +5.0000000e-02 +1.4016833e+01 +1.3637800e-01 -1.7123667e-01 +3.5021389e+00 +7.0085556e-01 +4.7050278e-01 +3.4561111e-02 -3.7846389e-01 +9.7465278e-02 +1.8755804e+04
9.2529900e-01 +5.0000000e-02 +1.3988250e+01 +1.4353550e-01 -1.7823500e-01 +3.4588333e+00 +6.7797778e-01 +4.6664444e-01 +4.2924167e-02 -3.5802778e-01 +1.0247222e-01 +1.8495231e+04
9.2786600e-01 +5.0000000e-02 +1.3954367e+01 +1.5003533e-01 -1.8424333e-01 +3.4211389e+00 +6.5505000e-01 +4.6305000e-01 +5.1920278e-02 -3.3804167e-01 +1.0734556e-01 +1.8271353e+04
9.3037300e-01 +5.0000000e-02 +1.3914833e+01 +1.5587017e-01 -1.8916833e-01 +3.3889444e+00 +6.3209444e-01 +4.5966389e-01 +6.1515278e-02 -3.1849167e-01 +1.1202972e-01 +1.8086826e+04
9.3282200e-01 +5.0000000e-02 +1.3869333e+01 +1.6103817e-01 -1.9293333e-01 +3.3621389e+00 +6.0913333e-01 +4.5643611e-01 +7.1674167e-02 -2.9939167e-01 +1.1647222e-01 +1.7944574e+04
9.3521400e-01 +5.0000000e-02 +1.3817450e+01 +1.6554050e-01 -1.9547833e-01 +3.3406667e+00 +5.8617778e-01 +4.5331389e-01 +8.2365000e-02 -2.8076667e-01 +1.2063111e-01 +1.7847936e+04
9.3754900e-01 +5.0000000e-02 +1.3758833e+01 +1.6937833e-01 -1.9675667e-01 +3.3245000e+00 +5.6324167e-01 +4.5026111e-01 +9.3559444e-02 -2.6263056e-01 +1.2447278e-01 +1.7800133e+04
9.3983000e-01 +5.0000000e-02 +1.3693067e+01 +1.7255000e-01 -1.9673833e-01 +3.3136389e+00 +5.4033611e-01 +4.4722778e-01 +1.0522889e-01 -2.4496722e-01 +1.2797028e-01 +1.7801331e+04
9.4205600e-01 +5.0000000e-02 +1.3619750e+01 +1.7505833e-01 -1.9540667e-01 +3.3081389e+00 +5.1747500e-01 +4.4416389e-01 +1.1734250e-01 -2.2774306e-01 +1.3109889e-01 +1.7848539e+04
9.4422900e-01 +5.0000000e-02 +1.3538467e+01 +1.7690000e-01 -1.9276333e-01 +3.3080278e+00 +4.9467778e-01 +4.4102778e-01 +1.2986056e-01 -2.1092306e-01 +1.3383500e-01 +1.7939509e+04
9.4635000e-01 +5.0000000e-02 +1.3448767e+01 +1.7807500e-01 -1.8882000e-01 +3.3132778e+00 +4.7196944e-01 +4.3780000e-01 +1.4272861e-01 -1.9449556e-01 +1.3615444e-01 +1.8075005e+04
9.4842100e-01 +5.0000000e-02 +1.3350167e+01 +1.7859000e-01 -1.8360333e-01 +3.3238333e+00 +4.4938056e-01 +4.3448333e-01 +1.5587472e-01 -1.7847778e-01 +1.3803528e-01 +1.8256791e+04
9.5044100e-01 +5.0000000e-02 +1.3242167e+01 +1.7845000e-01 -1.7714167e-01 +3.3396944e+00 +4.2694444e-01 +4.3110278e-01 +1.6921028e-01 -1.6290389e-01 +1.3945917e-01 +1.8484872e+04
9.5241200e-01 +5.0000000e-02 +1.3124233e+01 +1.7767000e-01 -1.6946833e-01 +3.3608056e+00 +4.0469722e-01 +4.2766944e-01 +1.8263111e-01 -1.4781028e-01 +1.4040944e-01 +1.8756605e+04
9.5433500e-01 +5.0000000e-02 +1.2995783e+01 +1.7626500e-01 -1.6061917e-01 +3.3870278e+00 +3.8267222e-01 +4.2417222e-01 +1.9601833e-01 -1.3321750e-01 +1.4086861e-01 +1.9068434e+04
9.5621000e-01 +5.0000000e-02 +1.2856267e+01 +1.7425833e-01 -1.5063650e-01 +3.4180000e+00 +3.6090278e-01 +4.2055278e-01 +2.0923694e-01 -1.1911944e-01 +1.4081944e-01 +1.9417728e+04
9.5804000e-01 +5.0000000e-02 +1.2705100e+01 +1.7167333e-01 -1.3957067e-01 +3.4532778e+00 +3.3942778e-01 +4.1671944e-01 +2.2213444e-01 -1.0548222e-01 +1.4024750e-01 +1.9802426e+04
9.5982400e-01 +5.0000000e-02 +1.2541733e+01 +1.6853667e-01 -1.2748383e-01 +3.4921944e+00 +3.1829444e-01 +4.1257222e-01 +2.3454222e-01 -9.2250000e-02 +1.3914500e-01 +2.0219645e+04
9.6156500e-01 +5.0000000e-02 +1.2365617e+01 +1.6488117e-01 -1.1444933e-01 +3.5339444e+00 +2.9754167e-01 +4.0801667e-01 +2.4627806e-01 -7.9346667e-02 +1.3751278e-01 +2.0663792e+04
9.6326200e-01 +5.0000000e-02 +1.2176183e+01 +1.6073767e-01 -1.0055100e-01 +3.5776944e+00 +2.7721389e-01 +4.0299444e-01 +2.5715028e-01 -6.6684167e-02 +1.3536333e-01 +2.1125498e+04
9.6491600e-01 +5.0000000e-02 +1.1972933e+01 +1.5614150e-01 -8.5881333e-02 +3.6223611e+00 +2.5735889e-01 +3.9748889e-01 +2.6695944e-01 -5.4177500e-02 +1.3271750e-01 +2.1591970e+04
9.6652900e-01 +5.0000000e-02 +1.1755400e+01 +1.5112917e-01 -7.0540167e-02 +3.6667500e+00 +2.3802111e-01 +3.9150833e-01 +2.7550028e-01 -4.1760556e-02 +1.2960194e-01 +2.2048751e+04
9.6810200e-01 +5.0000000e-02 +1.1523133e+01 +1.4573850e-01 -5.4636667e-02 +3.7093333e+00 +2.1924472e-01 +3.8508333e-01 +2.8256389e-01 -2.9397222e-02 +1.2604278e-01 +2.2481496e+04
9.6963500e-01 +5.0000000e-02 +1.1275800e+01 +1.4000850e-01 -3.8291167e-02 +3.7483611e+00 +2.0107194e-01 +3.7825278e-01 +2.8793611e-01 -1.7081194e-02 +1.2206444e-01 +2.2876958e+04
9.7112900e-01 +5.0000000e-02 +1.1013067e+01 +1.3397900e-01 -2.1638000e-02 +3.7818056e+00 +1.8354472e-01 +3.7104722e-01 +2.9141667e-01 -4.8278056e-03 +1.1769056e-01 +2.3223158e+04
9.7258500e-01 +5.0000000e-02 +1.0734750e+01 +1.2769033e-01 -4.8277333e-03 +3.8074167e+00 +1.6670167e-01 +3.6350000e-01 +2.9281389e-01 +7.3346944e-03 +1.1294417e-01 +2.3509159e+04
9.7400400e-01 +5.0000000e-02 +1.0440717e+01 +1.2118317e-01 +1.1973300e-02 +3.8227778e+00 +1.5058056e-01 +3.5564167e-01 +2.9196389e-01 +1.9368361e-02 +1.0784889e-01 +2.3724405e+04
9.7538700e-01 +5.0000000e-02 +1.0130967e+01 +1.1449817e-01 +2.8583333e-02 +3.8252778e+00 +1.3521611e-01 +3.4749444e-01 +2.8874167e-01 +3.1219444e-02 +1.0243111e-01 +2.3859119e+04
9.7673400e-01 +5.0000000e-02 +9.8055667e+00 +1.0767633e-01 +4.4807500e-02 +3.8123889e+00 +1.2064056e-01 +3.3907222e-01 +2.8306389e-01 +4.2805000e-02 +9.6719722e-02 +2.3905114e+04
9.7804700e-01 +5.0000000e-02 +9.4647667e+00 +1.0075850e-01 +6.0440667e-02 +3.7814722e+00 +1.0688361e-01 +3.3038611e-01 +2.7490861e-01 +5.4000556e-02 +9.0747778e-02 +2.3857418e+04
9.7932500e-01 +5.0000000e-02 +9.1089167e+00 +9.3785333e-02 +7.5271333e-02 +3.7300000e+00 +9.3970833e-02 +3.2143333e-01 +2.6431333e-01 +6.4630556e-02 +8.4552222e-02 +2.3716409e+04
9.8057100e-01 +5.0000000e-02 +8.7385167e+00 +8.6797333e-02 +8.9087500e-02 +3.6557222e+00 +8.1924722e-02 +3.1219167e-01 +2.5138306e-01 +7.4469722e-02 +7.8174444e-02 +2.3488753e+04
9.8178500e-01 +5.0000000e-02 +8.3542333e+00 +7.9834667e-02 +1.0168133e-01 +3.5566944e+00 +7.0762222e-02 +3.0261944e-01 +2.3629361e-01 +8.3251389e-02 +7.1662778e-02 +2.3189585e+04
9.8296700e-01 +5.0000000e-02 +7.9568667e+00 +7.2937833e-02 +1.1285767e-01 +3.4314444e+00 +6.0495000e-02 +2.9264722e-01 +2.1929278e-01 +9.0681944e-02 +6.5071944e-02 +2.2843196e+04
9.8411800e-01 +5.0000000e-02 +7.5474333e+00 +6.6146500e-02 +1.2243983e-01 +3.2792778e+00 +5.1129444e-02 +2.8217778e-01 +2.0070056e-01 +9.6464444e-02 +5.8463056e-02 +2.2483096e+04
9.8524000e-01 +5.0000000e-02 +7.1270833e+00 +5.9500667e-02 +1.3027717e-01 +3.1003333e+00 +4.2664722e-02 +2.7107250e-01 +1.8090167e-01 +1.0032306e-01 +5.1904722e-02 +2.2151052e+04
9.8633200e-01 +5.0000000e-02 +6.6971333e+00 +5.3039667e-02 +1.3625083e-01 +2.8958056e+00 +3.5093056e-02 +2.5917056e-01 +1.6033750e-01 +1.0203250e-01 +4.5471111e-02 +2.1894608e+04
9.8739500e-01 +5.0000000e-02 +6.2590667e+00 +4.6802333e-02 +1.4027750e-01 +2.6680556e+00 +2.8399167e-02 +2.4629333e-01 +1.3948889e-01 +1.0144889e-01 +3.9240278e-02 +2.1762694e+04
9.8843100e-01 +5.0000000e-02 +5.8144833e+00 +4.0826667e-02 +1.4231117e-01 +2.4207167e+00 +2.2559083e-02 +2.3226639e-01 +1.1885861e-01 +9.8535833e-02 +3.3291667e-02 +2.1800439e+04
9.8943900e-01 +5.0000000e-02 +5.3651167e+00 +3.5149333e-02 +1.4234167e-01 +2.1585833e+00 +1.7540444e-02 +2.1693833e-01 +9.8946111e-02 +9.3386389e-02 +2.7703500e-02 +2.2043382e+04
9.9042000e-01 +5.0000000e-02 +4.9127667e+00 +2.9805167e-02 +1.4039250e-01 +1.8875222e+00 +1.3302500e-02 +2.0020694e-01 +8.0222778e-02 +8.6229722e-02 +2.2548139e-02 +2.2510655e+04
9.9137600e-01 +5.0000000e-02 +4.4592500e+00 +2.4826667e-02 +1.3651417e-01 +1.6142028e+00 +9.7961389e-03 +1.8204250e-01 +6.3105278e-02 +7.7425556e-02 +1.7888111e-02 +2.3199506e+04
9.9230600e-01 +5.0000000e-02 +4.0064167e+00 +2.0244000e-02 +1.3077783e-01 +1.3457389e+00 +6.9643889e-03 +1.6251194e-01 +4.7929444e-02 +6.7438056e-02 +1.3772056e-02 +2.4082165e+04
9.9321200e-01 +5.0000000e-02 +3.5560000e+00 +1.6083800e-02 +1.2326767e-01 +1.0892528e+00 +4.7431944e-03 +1.4179667e-01 +3.4928611e-02 +5.6795278e-02 +1.0231083e-02 +2.5106448e+04
9.9409400e-01 +5.0000000e-02 +3.1096333e+00 +1.2369250e-02 +1.1407417e-01 +8.5137222e-01 +3.0623333e-03 +1.2020806e-01 +2.4218167e-02 +4.6041944e-02 +7.2766667e-03 +2.6202973e+04
9.9495200e-01 +5.0000000e-02 +2.6688000e+00 +9.1200000e-03 +1.0328850e-01 +6.3776389e-01 +1.8466917e-03 +9.8196667e-02 +1.5789222e-02 +3.5688889e-02 +4.8996944e-03 +2.7298662e+04
9.9578700e-01 +5.0000000e-02 +2.2347167e+00 +6.3518667e-03 +9.0998333e-02 +4.5274444e-01 +1.0177639e-03 +7.6358333e-02 +9.5121667e-03 +2.6175083e-02 +3.0711667e-03 +2.8335012e+04
9.9660000e-01 +5.0000000e-02 +1.8084500e+00 +4.0768833e-03 +7.7287000e-02 +2.9907500e-01 +4.9568889e-04 +5.5436111e-02 +5.1518056e-03 +1.7845444e-02 +1.7441167e-03 +2.9288210e+04
9.9739200e-01 +5.0000000e-02 +1.3907317e+00 +2.3033000e-03 +6.2234333e-02 +1.7793056e-01 +2.0182306e-04 +3.6321389e-02 +2.3921528e-03 +1.0948306e-02 +8.5594444e-04 +3.0183747e+04
9.9816200e-01 +5.0000000e-02 +9.8207667e-01 +1.0357417e-03 +4.5918000e-02 +8.9134444e-02 +6.2180000e-05 +2.0053222e-02 +8.6778056e-04 +5.6495833e-03 +3.3080278e-04 +3.1106646e+04
9.9891100e-01 +5.0000000e-02 +5.8275333e-01 +2.7475000e-04 +2.8417667e-02 +3.1530000e-02 +1.1875444e-05 +7.8186944e-03 +1.9740083e-04 +2.0551333e-03 +8.0852500e-05 +3.2193619e+04
9.9964000e-01 +5.0000000e-02 +1.9283167e-01 +0.0000000e+00 +9.8277833e-03 +3.4762222e-03 +8.3668889e-07 +9.5810833e-04 +1.3257444e-05 +2.3285361e-04 +5.9526389e-06 +3.3504345e+04
1.0000000e+00 +5.0000000e-02 +0.0000000e+00 +0.0000000e+00 +0.0000000e+00 +0.0000000e+00 +0.0000000e+00 +0.0000000e+00 +0.0000000e+00 +0.0000000e+00 +0.0000000e+00 +3.3503611e+04
