#    y              z              <u>            <v>            <w>            <u'u'>         <v'v'>         <w'w'>         <u'v'>         <u'w'>         <v'w'>         <eps>         
#----------------------------------------------------------------------------------------------------------------------------------------------------------------------------------
0.0000000e+00 +1.0000000e-04 +0.0000000e+00 +0.0000000e+00 +0.0000000e+00 +0.0000000e+00 +0.0000000e+00 +0.0000000e+00 +0.0000000e+00 +0.0000000e+00 +0.0000000e+00 +1.3304000e+02
3.6000000e-04 +1.0000000e-04 +7.0021833e-04 +3.9193500e-11 +1.9596667e-11 +3.7289167e-06 +4.5410278e-10 +4.5410278e-10 +1.5262528e-10 +1.5262528e-10 -2.7726667e-11 +1.3304023e+02
1.0890000e-03 +1.0000000e-04 +1.9765000e-03 +1.0093717e-09 +5.3664333e-10 +1.7579083e-05 +4.2800833e-09 +2.2128500e-09 -5.8291111e-09 -6.6042500e-11 -7.3978889e-11 +3.7416504e+02
1.8380000e-03 +1.0000000e-04 +3.2064500e-03 +4.7709000e-08 -2.1596500e-08 +3.1928333e-05 +1.7563361e-08 +4.4651389e-09 -2.7262444e-08 +1.0984444e-10 -3.1810278e-10 +6.8329577e+02
2.6080000e-03 +1.0000000e-04 +4.4202500e-03 +2.4250500e-07 -9.3066000e-08 +4.4570278e-05 +4.8978056e-08 +7.3117500e-09 -6.9479722e-08 +1.3288472e-09 -1.6903667e-09 +9.7988321e+02
3.4000000e-03 +1.0000000e-04 +5.6307833e-03 +7.3911500e-07 -2.3441333e-07 +5.5232778e-05 +1.1133972e-07 +1.0887528e-08 -1.3277278e-07 +3.1099167e-09 -5.6899167e-09 +1.2440114e+03
4.2130000e-03 +1.0000000e-04 +6.8449833e-03 +1.7301167e-06 -4.5802500e-07 +6.4122500e-05 +2.2357583e-07 +1.5178611e-08 -2.1331361e-07 +4.7683611e-09 -1.3943389e-08 +1.4751568e+03
5.0480000e-03 +1.0000000e-04 +8.0672000e-03 +3.4336667e-06 -7.6875667e-07 +7.1610556e-05 +4.1157500e-07 +2.0088556e-08 -3.0511389e-07 +5.8465556e-09 -2.7926667e-08 +1.6799323e+03
5.9060000e-03 +1.0000000e-04 +9.3005167e-03 +6.0812667e-06 -1.1652767e-06 +7.8112222e-05 +7.0823333e-07 +2.5494389e-08 -4.0231944e-07 +6.2018611e-09 -4.8858611e-08 +1.8677517e+03
6.7880000e-03 +1.0000000e-04 +1.0547233e-02 +9.9074333e-06 -1.6416667e-06 +8.4033889e-05 +1.1531000e-06 +3.1273333e-08 -5.0126667e-07 +5.9611944e-09 -7.7680278e-08 +2.0489496e+03
7.6940000e-03 +1.0000000e-04 +1.1809133e-02 +1.5142333e-05 -2.1892000e-06 +8.9750000e-05 +1.7918028e-06 +3.7313611e-08 -6.0207222e-07 +5.4227222e-09 -1.1506083e-07 +2.2339212e+03
8.6240000e-03 +1.0000000e-04 +1.3087683e-02 +2.2008000e-05 -2.7982333e-06 +9.5596944e-05 +2.6752917e-06 +4.3517500e-08 -7.0968056e-07 +4.9323333e-09 -1.6140528e-07 +2.4327880e+03
9.5800000e-03 +1.0000000e-04 +1.4384033e-02 +3.0719167e-05 -3.4601333e-06 +1.0187417e-04 +3.8588889e-06 +4.9803056e-08 -8.3437778e-07 +4.7461389e-09 -2.1685111e-07 +2.6553054e+03
1.0561000e-02 +1.0000000e-04 +1.5699133e-02 +4.1489000e-05 -4.1691667e-06 +1.0885028e-04 +5.4010278e-06 +5.6103056e-08 -9.9169167e-07 +4.8837500e-09 -2.8125556e-07 +2.9109186e+03
1.1569000e-02 +1.0000000e-04 +1.7033667e-02 +5.4539667e-05 -4.9239833e-06 +1.1677167e-04 +7.3617500e-06 +6.2365278e-08 -1.2016833e-06 +4.9747500e-09 -3.5416667e-07 +3.2088734e+03
1.2605000e-02 +1.0000000e-04 +1.8388167e-02 +7.0118667e-05 -5.7288667e-06 +1.2587028e-04 +9.8008611e-06 +6.8553611e-08 -1.4874833e-06 +4.1083056e-09 -4.3481667e-07 +3.5584029e+03
1.3668000e-02 +1.0000000e-04 +1.9763167e-02 +8.8516333e-05 -6.5941333e-06 +1.3637056e-04 +1.2775611e-05 +7.4649167e-08 -1.8730583e-06 +7.0058056e-10 -5.2209167e-07 +3.9687502e+03
1.4760000e-02 +1.0000000e-04 +2.1158333e-02 +1.1008800e-04 -7.5359333e-06 +1.4849361e-04 +1.6338278e-05 +8.0656667e-08 -2.3801000e-06 -7.5942500e-09 -6.1455000e-07 +4.4493075e+03
1.5882000e-02 +1.0000000e-04 +2.2573833e-02 +1.3527250e-04 -8.5751667e-06 +1.6246000e-04 +2.0533778e-05 +8.6609722e-08 -3.0241667e-06 -2.3902306e-08 -7.1048333e-07 +5.0095667e+03
1.7033000e-02 +1.0000000e-04 +2.4009000e-02 +1.6460933e-04 -9.7355833e-06 +1.7848778e-04 +2.5397333e-05 +9.2577500e-08 -3.8101667e-06 -5.2052778e-08 -8.0801667e-07 +5.6589749e+03
1.8215000e-02 +1.0000000e-04 +2.5463000e-02 +1.9874833e-04 -1.1041233e-05 +1.9678750e-04 +3.0952778e-05 +9.8663333e-08 -4.7278056e-06 -9.6381389e-08 -9.0524722e-07 +6.4070339e+03
1.9429000e-02 +1.0000000e-04 +2.6934833e-02 +2.3845167e-04 -1.2513483e-05 +2.1755444e-04 +3.7212500e-05 +1.0499500e-07 -5.7471667e-06 -1.6140889e-07 -1.0004167e-06 +7.2627286e+03
2.0675000e-02 +1.0000000e-04 +2.8422667e-02 +2.8458167e-04 -1.4167767e-05 +2.4095778e-04 +4.4176944e-05 +1.1170278e-07 -6.8156667e-06 -2.5141583e-07 -1.0920667e-06 +8.2344726e+03
2.1953000e-02 +1.0000000e-04 +2.9924500e-02 +3.3808000e-04 -1.6010667e-05 +2.6712778e-04 +5.1836944e-05 +1.1889000e-07 -7.8565556e-06 -3.6996111e-07 -1.1791111e-06 +9.3297151e+03
2.3266000e-02 +1.0000000e-04 +3.1437667e-02 +3.9993167e-04 -1.8037500e-05 +2.9614444e-04 +6.0175833e-05 +1.2660833e-07 -8.7697778e-06 -5.1940556e-07 -1.2608472e-06 +1.0554885e+04
2.4613000e-02 +1.0000000e-04 +3.2959000e-02 +4.7112667e-04 -2.0230333e-05 +3.2801944e-04 +6.9171111e-05 +1.3484667e-07 -9.4355000e-06 -7.0050278e-07 -1.3368667e-06 +1.1914684e+04
2.5996000e-02 +1.0000000e-04 +3.4484833e-02 +5.5259833e-04 -2.2558333e-05 +3.6269722e-04 +7.8796944e-05 +1.4353361e-07 -9.7201111e-06 -9.1215278e-07 -1.4069694e-06 +1.3412186e+04
2.7415000e-02 +1.0000000e-04 +3.6011000e-02 +6.4516833e-04 -2.4977500e-05 +4.0003333e-04 +8.9025833e-05 +1.5255444e-07 -9.4843056e-06 -1.1513028e-06 -1.4710667e-06 +1.5048486e+04
2.8871000e-02 +1.0000000e-04 +3.7532500e-02 +7.4949667e-04 -2.7432833e-05 +4.3980833e-04 +9.9828333e-05 +1.6176417e-07 -8.5927222e-06 -1.4130472e-06 -1.5291167e-06 +1.6822723e+04
3.0365000e-02 +1.0000000e-04 +3.9044500e-02 +8.6601833e-04 -2.9861000e-05 +4.8171944e-04 +1.1117639e-04 +1.7100194e-07 -6.9238611e-06 -1.6909194e-06 -1.5810944e-06 +1.8732042e+04
3.1898000e-02 +1.0000000e-04 +4.0541167e-02 +9.9490500e-04 -3.2193667e-05 +5.2539167e-04 +1.2304083e-04 +1.8010444e-07 -4.3798056e-06 -1.9772528e-06 -1.6269806e-06 +2.0771933e+04
3.3471000e-02 +1.0000000e-04 +4.2016667e-02 +1.1360300e-03 -3.4361167e-05 +5.7039167e-04 +1.3539389e-04 +1.8891306e-07 -8.9478056e-07 -2.2636611e-06 -1.6667778e-06 +2.2936288e+04
3.5084000e-02 +1.0000000e-04 +4.3465167e-02 +1.2889433e-03 -3.6296333e-05 +6.1624444e-04 +1.4820917e-04 +1.9727361e-07 +3.5580556e-06 -2.5415083e-06 -1.7005111e-06 +2.5217630e+04
3.6738000e-02 +1.0000000e-04 +4.4880667e-02 +1.4528767e-03 -3.7938333e-05 +6.6245833e-04 +1.6146111e-04 +2.0502472e-07 +8.9619722e-06 -2.8023889e-06 -1.7281444e-06 +2.7607897e+04
3.8435000e-02 +1.0000000e-04 +4.6257167e-02 +1.6267450e-03 -3.9235500e-05 +7.0853056e-04 +1.7512444e-04 +2.1199694e-07 +1.5254361e-05 -3.0386389e-06 -1.7494056e-06 +3.0099071e+04
4.0176000e-02 +1.0000000e-04 +4.7589000e-02 +1.8091833e-03 -4.0148000e-05 +7.5398889e-04 +1.8917028e-04 +2.1803194e-07 +2.2327250e-05 -3.2436111e-06 -1.7635972e-06 +3.2682934e+04
4.1960000e-02 +1.0000000e-04 +4.8870500e-02 +1.9985667e-03 -4.0649333e-05 +7.9839444e-04 +2.0356111e-04 +2.2301361e-07 +3.0030000e-05 -3.4122222e-06 -1.7694972e-06 +3.5350920e+04
4.3790000e-02 +1.0000000e-04 +5.0097167e-02 +2.1931000e-03 -4.0727500e-05 +8.4136389e-04 +2.1824417e-04 +2.2688778e-07 +3.8175556e-05 -3.5411111e-06 -1.7653583e-06 +3.8096559e+04
4.5665000e-02 +1.0000000e-04 +5.1264000e-02 +2.3908167e-03 -4.0385167e-05 +8.8258611e-04 +2.3314556e-04 +2.2967083e-07 +4.6548333e-05 -3.6290556e-06 -1.7489722e-06 +4.0912224e+04
4.7588000e-02 +1.0000000e-04 +5.2367333e-02 +2.5897333e-03 -3.9638000e-05 +9.2182778e-04 +2.4816194e-04 +2.3146528e-07 +5.4919444e-05 -3.6773333e-06 -1.7178528e-06 +4.3792879e+04
4.9559000e-02 +1.0000000e-04 +5.3403500e-02 +2.7877833e-03 -3.8514500e-05 +9.5891944e-04 +2.6315889e-04 +2.3249472e-07 +6.3061111e-05 -3.6898056e-06 -1.6696333e-06 +4.6732691e+04
5.1579000e-02 +1.0000000e-04 +5.4370000e-02 +2.9830167e-03 -3.7052000e-05 +9.9377500e-04 +2.7797222e-04 +2.3311806e-07 +7.0767500e-05 -3.6727222e-06 -1.6028000e-06 +4.9726390e+04
5.3650000e-02 +1.0000000e-04 +5.5264500e-02 +3.1735333e-03 -3.5294500e-05 +1.0263611e-03 +2.9241389e-04 +2.3378722e-07 +7.7873056e-05 -3.6340556e-06 -1.5174806e-06 +5.2769558e+04
5.5771000e-02 +1.0000000e-04 +5.6085333e-02 +3.3576167e-03 -3.3288500e-05 +1.0566861e-03 +3.0630000e-04 +2.3494333e-07 +8.4264722e-05 -3.5821111e-06 -1.4159306e-06 +5.5856337e+04
5.7944000e-02 +1.0000000e-04 +5.6831667e-02 +3.5336500e-03 -3.1080000e-05 +1.0847861e-03 +3.1946667e-04 +2.3691167e-07 +8.9884167e-05 -3.5241944e-06 -1.3023472e-06 +5.8982480e+04
6.0170000e-02 +1.0000000e-04 +5.7503000e-02 +3.7002000e-03 -2.8712000e-05 +1.1107056e-03 +3.3179444e-04 +2.3985944e-07 +9.4719444e-05 -3.4655000e-06 -1.1821417e-06 +6.2144330e+04
6.2451000e-02 +1.0000000e-04 +5.8099667e-02 +3.8559333e-03 -2.6223000e-05 +1.1344833e-03 +3.4321389e-04 +2.4379694e-07 +9.8788889e-05 -3.4088333e-06 -1.0610278e-06 +6.5338589e+04
6.4786000e-02 +1.0000000e-04 +5.8622333e-02 +3.9997333e-03 -2.3646833e-05 +1.1561556e-03 +3.5371944e-04 +2.4858222e-07 +1.0212194e-04 -3.3546389e-06 -9.4408611e-07 +6.8561083e+04
6.7178000e-02 +1.0000000e-04 +5.9072167e-02 +4.1305167e-03 -2.1012833e-05 +1.1757806e-03 +3.6335833e-04 +2.5399694e-07 +1.0474306e-04 -3.3020556e-06 -8.3502778e-07 +7.1811040e+04
6.9627000e-02 +1.0000000e-04 +5.9451333e-02 +4.2474000e-03 -1.8347833e-05 +1.1934361e-03 +3.7220556e-04 +2.5986389e-07 +1.0666361e-04 -3.2499167e-06 -7.3604722e-07 +7.5087415e+04
7.2134000e-02 +1.0000000e-04 +5.9761833e-02 +4.3495833e-03 -1.5677450e-05 +1.2092722e-03 +3.8036667e-04 +2.6608583e-07 +1.0788361e-04 -3.1979444e-06 -6.4828056e-07 +7.8391544e+04
7.4701000e-02 +1.0000000e-04 +6.0006667e-02 +4.4364500e-03 -1.3027833e-05 +1.2234917e-03 +3.8794722e-04 +2.7258306e-07 +1.0840417e-04 -3.1477778e-06 -5.7211944e-07 +8.1727166e+04
7.7327000e-02 +1.0000000e-04 +6.0189000e-02 +4.5075167e-03 -1.0423333e-05 +1.2363639e-03 +3.9506389e-04 +2.7931389e-07 +1.0824611e-04 -3.1032500e-06 -5.0738611e-07 +8.5097773e+04
8.0015000e-02 +1.0000000e-04 +6.0313000e-02 +4.5624500e-03 -7.8837833e-06 +1.2482056e-03 +4.0183056e-04 +2.8637222e-07 +1.0746028e-04 -3.0684444e-06 -4.5403333e-07 +8.8512459e+04
8.2766000e-02 +1.0000000e-04 +6.0383000e-02 +4.6010333e-03 -5.4244167e-06 +1.2593806e-03 +4.0838056e-04 +2.9380000e-07 +1.0611028e-04 -3.0450278e-06 -4.1265000e-07 +9.1980772e+04
8.5579000e-02 +1.0000000e-04 +6.0404500e-02 +4.6231833e-03 -3.0609333e-06 +1.2702556e-03 +4.1485000e-04 +3.0142222e-07 +1.0423722e-04 -3.0314722e-06 -3.8280833e-07 +9.5513178e+04
8.8457000e-02 +1.0000000e-04 +6.0383500e-02 +4.6290167e-03 -8.1248333e-07 +1.2811861e-03 +4.2137500e-04 +3.0928889e-07 +1.0183778e-04 -3.0252500e-06 -3.6256389e-07 +9.9124575e+04
9.1401000e-02 +1.0000000e-04 +6.0326500e-02 +4.6187667e-03 +1.3019033e-06 +1.2925028e-03 +4.2807500e-04 +3.1751389e-07 +9.8865833e-05 -3.0234167e-06 -3.5022778e-07 +1.0282980e+05
9.4411000e-02 +1.0000000e-04 +6.0240333e-02 +4.5929333e-03 +3.2618667e-06 +1.3045167e-03 +4.3503611e-04 +3.2575278e-07 +9.5250278e-05 -3.0239722e-06 -3.4247778e-07 +1.0664263e+05
9.7488000e-02 +1.0000000e-04 +6.0131833e-02 +4.5523500e-03 +5.0336167e-06 +1.3175250e-03 +4.4227222e-04 +3.3395833e-07 +9.0956944e-05 -3.0322778e-06 -3.3248056e-07 +1.1057708e+05
1.0063400e-01 +1.0000000e-04 +6.0007833e-02 +4.4983167e-03 +6.5691667e-06 +1.3317611e-03 +4.4969722e-04 +3.4322222e-07 +8.6092222e-05 -3.0626944e-06 -3.1681111e-07 +1.1464809e+05
1.0384900e-01 +1.0000000e-04 +5.9875333e-02 +4.4325333e-03 +7.8323667e-06 +1.3472917e-03 +4.5724444e-04 +3.5439444e-07 +8.0945556e-05 -3.1266667e-06 -3.0205000e-07 +1.1886526e+05
1.0713400e-01 +1.0000000e-04 +5.9740167e-02 +4.3568333e-03 +8.8259000e-06 +1.3639139e-03 +4.6496944e-04 +3.6659167e-07 +7.5873333e-05 -3.2191944e-06 -2.9736667e-07 +1.2323645e+05
1.1049000e-01 +1.0000000e-04 +5.9608167e-02 +4.2727667e-03 +9.5987167e-06 +1.3811611e-03 +4.7299167e-04 +3.7848611e-07 +7.1067222e-05 -3.3167500e-06 -3.0264444e-07 +1.2776595e+05
1.1391900e-01 +1.0000000e-04 +5.9483833e-02 +4.1813000e-03 +1.0224617e-05 +1.3985000e-03 +4.8140000e-04 +3.8967222e-07 +6.6387778e-05 -3.3909167e-06 -3.1128056e-07 +1.3245549e+05
1.1742100e-01 +1.0000000e-04 +5.9371000e-02 +4.0830833e-03 +1.0752433e-05 +1.4157611e-03 +4.9015278e-04 +4.0009722e-07 +6.1446389e-05 -3.4340000e-06 -3.1570000e-07 +1.3731346e+05
1.2099600e-01 +1.0000000e-04 +5.9272500e-02 +3.9788167e-03 +1.1182933e-05 +1.4333694e-03 +4.9908056e-04 +4.0996111e-07 +5.5952778e-05 -3.4687778e-06 -3.0836667e-07 +1.4235850e+05
1.2464700e-01 +1.0000000e-04 +5.9190667e-02 +3.8694000e-03 +1.1496150e-05 +1.4520361e-03 +5.0791944e-04 +4.2026389e-07 +5.0030556e-05 -3.5283056e-06 -2.8899722e-07 +1.4762097e+05
1.2837200e-01 +1.0000000e-04 +5.9128333e-02 +3.7559167e-03 +1.1686700e-05 +1.4722583e-03 +5.1647778e-04 +4.3124722e-07 +4.4149444e-05 -3.6241389e-06 -2.6687500e-07 +1.5312170e+05
1.3217500e-01 +1.0000000e-04 +5.9088333e-02 +3.6393333e-03 +1.1765967e-05 +1.4940722e-03 +5.2472500e-04 +4.4309722e-07 +3.8711944e-05 -3.7391389e-06 -2.5025278e-07 +1.5888370e+05
1.3605400e-01 +1.0000000e-04 +5.9073833e-02 +3.5208000e-03 +1.1730833e-05 +1.5172389e-03 +5.3282500e-04 +4.5640556e-07 +3.3845000e-05 -3.8598056e-06 -2.4831000e-07 +1.6492184e+05
1.4001100e-01 +1.0000000e-04 +5.9087667e-02 +3.4015833e-03 +1.1571400e-05 +1.5414861e-03 +5.4110278e-04 +4.7010278e-07 +2.9552778e-05 -3.9832222e-06 -2.6524972e-07 +1.7125982e+05
1.4404700e-01 +1.0000000e-04 +5.9132167e-02 +3.2827167e-03 +1.1314683e-05 +1.5663389e-03 +5.4980278e-04 +4.8301111e-07 +2.5710556e-05 -4.0961944e-06 -2.8737500e-07 +1.7791293e+05
1.4816200e-01 +1.0000000e-04 +5.9208167e-02 +3.1649000e-03 +1.1003450e-05 +1.5911111e-03 +5.5891667e-04 +4.9644167e-07 +2.1938500e-05 -4.1842500e-06 -3.0194167e-07 +1.8487963e+05
1.5235700e-01 +1.0000000e-04 +5.9314833e-02 +3.0489833e-03 +1.0625483e-05 +1.6155639e-03 +5.6843889e-04 +5.1152500e-07 +1.7766972e-05 -4.2520833e-06 -3.1977500e-07 +1.9216465e+05
1.5663200e-01 +1.0000000e-04 +5.9448167e-02 +2.9361667e-03 +1.0148900e-05 +1.6401750e-03 +5.7858333e-04 +5.2686111e-07 +1.2928556e-05 -4.3200556e-06 -3.4966111e-07 +1.9978118e+05
1.6098800e-01 +1.0000000e-04 +5.9601833e-02 +2.8272500e-03 +9.6144000e-06 +1.6655333e-03 +5.8961944e-04 +5.4186111e-07 +7.5242500e-06 -4.4045556e-06 -3.8542500e-07 +2.0773423e+05
1.6542500e-01 +1.0000000e-04 +5.9769167e-02 +2.7215667e-03 +9.1545833e-06 +1.6920722e-03 +6.0161111e-04 +5.5643889e-07 +1.7995306e-06 -4.4936111e-06 -4.1640278e-07 +2.1600848e+05
1.6994400e-01 +1.0000000e-04 +5.9944167e-02 +2.6170500e-03 +8.8894167e-06 +1.7205444e-03 +6.1424444e-04 +5.6982500e-07 -4.2692222e-06 -4.5723333e-06 -4.2459722e-07 +2.2459143e+05
1.7454600e-01 +1.0000000e-04 +6.0124167e-02 +2.5121167e-03 +8.7713167e-06 +1.7519972e-03 +6.2673611e-04 +5.8250278e-07 -1.0681750e-05 -4.6639722e-06 -3.9480278e-07 +2.3347387e+05
1.7922900e-01 +1.0000000e-04 +6.0310000e-02 +2.4078167e-03 +8.5682333e-06 +1.7870972e-03 +6.3823889e-04 +5.9766667e-07 -1.6607583e-05 -4.8319722e-06 -3.3991944e-07 +2.4264565e+05
1.8399600e-01 +1.0000000e-04 +6.0506333e-02 +2.3074167e-03 +8.1035500e-06 +1.8253306e-03 +6.4860833e-04 +6.1419167e-07 -2.0529778e-05 -5.0695278e-06 -3.0393889e-07 +2.5211623e+05
1.8884500e-01 +1.0000000e-04 +6.0717167e-02 +2.2126667e-03 +7.5103500e-06 +1.8649583e-03 +6.5830278e-04 +6.2825278e-07 -2.1926306e-05 -5.2807222e-06 -2.8910000e-07 +2.6186830e+05
1.9377800e-01 +1.0000000e-04 +6.0945167e-02 +2.1225667e-03 +7.0224167e-06 +1.9039028e-03 +6.6761944e-04 +6.4144444e-07 -2.1522250e-05 -5.4298889e-06 -2.8045833e-07 +2.7187444e+05
1.9879400e-01 +1.0000000e-04 +6.1192667e-02 +2.0365667e-03 +6.5972833e-06 +1.9403611e-03 +6.7675556e-04 +6.5657778e-07 -1.9960472e-05 -5.5618333e-06 -2.8679167e-07 +2.8209991e+05
2.0389300e-01 +1.0000000e-04 +6.1461833e-02 +1.9560167e-03 +6.0800667e-06 +1.9731944e-03 +6.8639167e-04 +6.7046667e-07 -1.7499806e-05 -5.6801111e-06 -3.3771389e-07 +2.9255017e+05
2.0907500e-01 +1.0000000e-04 +6.1752000e-02 +1.8825500e-03 +5.4547167e-06 +2.0024389e-03 +6.9688056e-04 +6.7848889e-07 -1.5061694e-05 -5.7411389e-06 -3.7303056e-07 +3.0323251e+05
2.1433900e-01 +1.0000000e-04 +6.2061833e-02 +1.8168833e-03 +4.7971833e-06 +2.0292111e-03 +7.0730278e-04 +6.8801667e-07 -1.3550694e-05 -5.7981944e-06 -3.5215000e-07 +3.1414168e+05
2.1968700e-01 +1.0000000e-04 +6.2391667e-02 +1.7594000e-03 +4.1355167e-06 +2.0539611e-03 +7.1671667e-04 +6.9977222e-07 -1.2617278e-05 -5.8866389e-06 -3.1405000e-07 +3.2527620e+05
2.2511700e-01 +1.0000000e-04 +6.2741500e-02 +1.7114333e-03 +3.4082333e-06 +2.0767167e-03 +7.2500278e-04 +7.1325833e-07 -1.2245750e-05 -5.9626389e-06 -2.8644444e-07 +3.3662777e+05
2.3062900e-01 +1.0000000e-04 +6.3105667e-02 +1.6778500e-03 +2.3556000e-06 +2.1003861e-03 +7.3281111e-04 +7.2586111e-07 -1.2561722e-05 -6.0600278e-06 -3.0373611e-07 +3.4823846e+05
2.3622300e-01 +1.0000000e-04 +6.3469667e-02 +1.6641300e-03 +9.4019667e-07 +2.1269833e-03 +7.4051667e-04 +7.3335278e-07 -1.3419667e-05 -6.1724722e-06 -3.0761389e-07 +3.6003129e+05
2.4189800e-01 +1.0000000e-04 +6.3813333e-02 +1.6685333e-03 -3.1827667e-07 +2.1547778e-03 +7.4749722e-04 +7.4311667e-07 -1.4501389e-05 -6.3143056e-06 -2.6992722e-07 +3.7173047e+05
2.4765400e-01 +1.0000000e-04 +6.4119333e-02 +1.6821667e-03 -9.2399500e-07 +2.1809806e-03 +7.5342222e-04 +7.5468611e-07 -1.4706528e-05 -6.4975000e-06 -2.3478750e-07 +3.8304447e+05
2.5348900e-01 +1.0000000e-04 +6.4382500e-02 +1.6985167e-03 -1.0876083e-06 +2.2037889e-03 +7.5843889e-04 +7.6462500e-07 -1.2245167e-05 -6.7500833e-06 -1.9699944e-07 +3.9382367e+05
2.5940400e-01 +1.0000000e-04 +6.4600167e-02 +1.7121667e-03 -9.0572000e-07 +2.2207306e-03 +7.6308611e-04 +7.7180833e-07 -6.7729722e-06 -6.9190000e-06 -1.9311278e-07 +4.0392573e+05
2.6539600e-01 +1.0000000e-04 +6.4765167e-02 +1.7147167e-03 -1.7480667e-07 +2.2310417e-03 +7.6788333e-04 +7.7370278e-07 -9.8954722e-07 -6.9350000e-06 -1.9046250e-07 +4.1321530e+05
2.7146600e-01 +1.0000000e-04 +6.4876667e-02 +1.7012000e-03 +8.6325500e-07 +2.2372083e-03 +7.7293056e-04 +7.7647778e-07 +3.7441111e-06 -6.9302222e-06 -1.9855139e-07 +4.2168703e+05
2.7761200e-01 +1.0000000e-04 +6.4947000e-02 +1.6739500e-03 +1.7206500e-06 +2.2415972e-03 +7.7795556e-04 +7.7452222e-07 +7.0138611e-06 -6.8882778e-06 -1.8179500e-07 +4.2947355e+05
2.8383300e-01 +1.0000000e-04 +6.4992667e-02 +1.6384367e-03 +2.2040333e-06 +2.2451500e-03 +7.8135278e-04 +7.7481389e-07 +8.4524167e-06 -6.8697500e-06 -8.8085278e-08 +4.3669577e+05
2.9012800e-01 +1.0000000e-04 +6.5027000e-02 +1.5958383e-03 +2.6156333e-06 +2.2472139e-03 +7.8258889e-04 +7.8104444e-07 +9.6632222e-06 -6.8909444e-06 -4.3828333e-08 +4.4342410e+05
2.9649600e-01 +1.0000000e-04 +6.5064167e-02 +1.5477383e-03 +2.9418000e-06 +2.2477528e-03 +7.8332222e-04 +7.8328611e-07 +1.0760972e-05 -6.8192500e-06 -6.2832500e-08 +4.4983770e+05
3.0293400e-01 +1.0000000e-04 +6.5117333e-02 +1.5051550e-03 +2.5647000e-06 +2.2500500e-03 +7.8458333e-04 +7.8322500e-07 +1.1301167e-05 -6.7756944e-06 -8.5465833e-08 +4.5618355e+05
3.0944200e-01 +1.0000000e-04 +6.5176333e-02 +1.4725683e-03 +1.9287000e-06 +2.2533917e-03 +7.8581944e-04 +7.8539444e-07 +1.2138222e-05 -6.7598611e-06 -6.9762778e-08 +4.6230548e+05
3.1601900e-01 +1.0000000e-04 +6.5221667e-02 +1.4468783e-03 +1.4987067e-06 +2.2581583e-03 +7.8683611e-04 +7.9590278e-07 +1.3861806e-05 -6.7820000e-06 -7.9916667e-08 +4.6795844e+05
3.2266100e-01 +1.0000000e-04 +6.5232833e-02 +1.4221683e-03 +1.4222550e-06 +2.2626111e-03 +7.8807778e-04 +8.0361111e-07 +1.5519556e-05 -6.7618611e-06 -8.8323333e-08 +4.7285281e+05
3.2936900e-01 +1.0000000e-04 +6.5197833e-02 +1.3906317e-03 +1.8083333e-06 +2.2647528e-03 +7.8874722e-04 +8.0661111e-07 +1.5892000e-05 -6.7155556e-06 -4.6673056e-08 +4.7675743e+05
3.3613900e-01 +1.0000000e-04 +6.5125500e-02 +1.3481000e-03 +2.4293000e-06 +2.2612889e-03 +7.8737222e-04 +8.0822778e-07 +1.5089917e-05 -6.7197778e-06 +3.7110278e-08 +4.7962164e+05
3.4297000e-01 +1.0000000e-04 +6.5038833e-02 +1.2943800e-03 +3.0414333e-06 +2.2538278e-03 +7.8405556e-04 +8.0783611e-07 +1.4161583e-05 -6.7107778e-06 +7.8189444e-08 +4.8178224e+05
3.4985900e-01 +1.0000000e-04 +6.4960333e-02 +1.2280333e-03 +3.7211333e-06 +2.2463722e-03 +7.8038611e-04 +8.0644167e-07 +1.3839722e-05 -6.6983056e-06 +7.1021667e-08 +4.8366573e+05
3.5680600e-01 +1.0000000e-04 +6.4914500e-02 +1.1452483e-03 +4.6334167e-06 +2.2423778e-03 +7.7856667e-04 +8.0619722e-07 +1.4150194e-05 -6.6545000e-06 -2.3782111e-08 +4.8575670e+05
3.6380700e-01 +1.0000000e-04 +6.4929000e-02 +1.0553617e-03 +5.0029833e-06 +2.2478778e-03 +7.7994444e-04 +8.0638889e-07 +1.4206278e-05 -6.6861667e-06 -1.2263028e-07 +4.8863068e+05
3.7086000e-01 +1.0000000e-04 +6.5000500e-02 +9.7387000e-04 +4.4910667e-06 +2.2563194e-03 +7.8324444e-04 +8.0331389e-07 +1.2148639e-05 -6.6840556e-06 -1.4915278e-07 +4.9207415e+05
3.7796300e-01 +1.0000000e-04 +6.5104167e-02 +9.0825167e-04 +3.5724000e-06 +2.2622833e-03 +7.8636111e-04 +8.0169444e-07 +8.0969167e-06 -6.7011111e-06 -1.2481861e-07 +4.9559428e+05
3.8511300e-01 +1.0000000e-04 +6.5209667e-02 +8.5372333e-04 +2.9474167e-06 +2.2680972e-03 +7.8878611e-04 +8.0833611e-07 +4.1399722e-06 -6.8015000e-06 -1.2044528e-07 +4.9886520e+05
3.9230900e-01 +1.0000000e-04 +6.5300000e-02 +8.0394167e-04 +2.6917833e-06 +2.2753500e-03 +7.9215556e-04 +8.1391944e-07 +1.3779056e-06 -6.8756111e-06 -1.8836556e-07 +5.0176545e+05
3.9954700e-01 +1.0000000e-04 +6.5378667e-02 +7.6145000e-04 +2.2751667e-06 +2.2841472e-03 +7.9637222e-04 +8.1606667e-07 -9.2310278e-07 -6.9853611e-06 -1.6956528e-07 +5.0434159e+05
4.0682400e-01 +1.0000000e-04 +6.5441333e-02 +7.2396667e-04 +2.0027167e-06 +2.2909722e-03 +7.9953611e-04 +8.2114167e-07 -2.5159111e-06 -7.0433889e-06 -1.2010861e-07 +5.0641308e+05
4.1413900e-01 +1.0000000e-04 +6.5474833e-02 +6.9339000e-04 +1.6224367e-06 +2.2990306e-03 +8.0073333e-04 +8.2725556e-07 -2.6899917e-06 -7.1720556e-06 -5.1034444e-08 +5.0789000e+05
4.2148900e-01 +1.0000000e-04 +6.5463500e-02 +6.6976000e-04 +1.2401350e-06 +2.3048583e-03 +7.9975833e-04 +8.3150556e-07 -3.3212500e-07 -7.2400278e-06 +1.3289306e-08 +5.0848789e+05
4.2886900e-01 +1.0000000e-04 +6.5405167e-02 +6.4714667e-04 +1.1734183e-06 +2.3028278e-03 +7.9727778e-04 +8.3150278e-07 +2.8475833e-06 -7.2118056e-06 +5.7198333e-08 +5.0808289e+05
4.3627900e-01 +1.0000000e-04 +6.5301833e-02 +6.1307500e-04 +1.7879167e-06 +2.2911139e-03 +7.9371944e-04 +8.3149444e-07 +4.3158056e-06 -7.1223056e-06 +1.0970833e-07 +5.0670494e+05
4.4371400e-01 +1.0000000e-04 +6.5167833e-02 +5.6315500e-04 +2.6132167e-06 +2.2819889e-03 +7.9165833e-04 +8.3316944e-07 +6.6479444e-06 -7.1626389e-06 +1.3964639e-08 +5.0495857e+05
4.5117200e-01 +1.0000000e-04 +6.5024167e-02 +4.9502167e-04 +3.5423333e-06 +2.2765139e-03 +7.9283611e-04 +8.3343333e-07 +9.6661389e-06 -7.1368333e-06 -3.6817500e-08 +5.0321191e+05
4.5865000e-01 +1.0000000e-04 +6.4883500e-02 +4.0439333e-04 +4.7187167e-06 +2.2696722e-03 +7.9523889e-04 +8.3742500e-07 +1.0321278e-05 -6.9729722e-06 -4.8110833e-08 +5.0145124e+05
4.6614500e-01 +1.0000000e-04 +6.4762000e-02 +3.0203167e-04 +5.3136000e-06 +2.2648139e-03 +7.9564167e-04 +8.3053611e-07 +6.6909167e-06 -6.8645278e-06 +4.2803611e-08 +4.9991354e+05
4.7365400e-01 +1.0000000e-04 +6.4668333e-02 +2.0028000e-04 +5.2800667e-06 +2.2595139e-03 +7.9160556e-04 +8.2842222e-07 +2.6967278e-06 -6.8884167e-06 +1.5374306e-07 +4.9859162e+05
4.8117400e-01 +1.0000000e-04 +6.4616833e-02 +1.1207917e-04 +4.5829333e-06 +2.2536000e-03 +7.8601389e-04 +8.2951389e-07 +7.1162500e-07 -6.9397778e-06 +1.1038500e-07 +4.9773936e+05
4.8870100e-01 +1.0000000e-04 +6.4611167e-02 +4.8766500e-05 +3.2612333e-06 +2.2506806e-03 +7.8388889e-04 +8.2606667e-07 +1.0188583e-06 -7.0068889e-06 -2.1306222e-08 +4.9760767e+05
4.9623300e-01 +1.0000000e-04 +6.4621500e-02 +0.0000000e+00 +2.5032167e-06 +2.2475861e-03 +7.8436944e-04 +8.2016389e-07 +5.2343333e-07 -6.9524722e-06 -1.1407389e-08 +4.9770555e+05
5.0376700e-01 +1.0000000e-04 +6.4621500e-02 -4.8766500e-05 +2.5032167e-06 +2.2475861e-03 +7.8436944e-04 +8.2016389e-07 -5.2343333e-07 -6.9524722e-06 +1.1407389e-08 +4.9770555e+05
5.1129900e-01 +1.0000000e-04 +6.4611167e-02 -1.1207917e-04 +3.2612333e-06 +2.2506806e-03 +7.8388889e-04 +8.2606667e-07 -1.0188583e-06 -7.0068889e-06 +2.1306222e-08 +4.9760767e+05
5.1882600e-01 +1.0000000e-04 +6.4616833e-02 -2.0028000e-04 +4.5829333e-06 +2.2536000e-03 +7.8601389e-04 +8.2951389e-07 -7.1162500e-07 -6.9397778e-06 -1.1038500e-07 +4.9773936e+05
5.2634600e-01 +1.0000000e-04 +6.4668333e-02 -3.0203167e-04 +5.2800667e-06 +2.2595139e-03 +7.9160556e-04 +8.2842222e-07 -2.6967278e-06 -6.8884167e-06 -1.5374306e-07 +4.9859162e+05
5.3385500e-01 +1.0000000e-04 +6.4762000e-02 -4.0439333e-04 +5.3136000e-06 +2.2648139e-03 +7.9564167e-04 +8.3053611e-07 -6.6909167e-06 -6.8645278e-06 -4.2803611e-08 +4.9991354e+05
5.4135000e-01 +1.0000000e-04 +6.4883500e-02 -4.9502167e-04 +4.7187167e-06 +2.2696722e-03 +7.9523889e-04 +8.3742500e-07 -1.0321278e-05 -6.9729722e-06 +4.8110833e-08 +5.0145124e+05
5.4882800e-01 +1.0000000e-04 +6.5024167e-02 -5.6315500e-04 +3.5423333e-06 +2.2765139e-03 +7.9283611e-04 +8.3343333e-07 -9.6661389e-06 -7.1368333e-06 +3.6817500e-08 +5.0321191e+05
5.5628600e-01 +1.0000000e-04 +6.5167833e-02 -6.1307500e-04 +2.6132167e-06 +2.2819889e-03 +7.9165833e-04 +8.3316944e-07 -6.6479444e-06 -7.1626389e-06 -1.3964639e-08 +5.0495857e+05
5.6372100e-01 +1.0000000e-04 +6.5301833e-02 -6.4714667e-04 +1.7879167e-06 +2.2911139e-03 +7.9371944e-04 +8.3149444e-07 -4.3158056e-06 -7.1223056e-06 -1.0970833e-07 +5.0670494e+05
5.7113100e-01 +1.0000000e-04 +6.5405167e-02 -6.6976000e-04 +1.1734183e-06 +2.3028278e-03 +7.9727778e-04 +8.3150278e-07 -2.8475833e-06 -7.2118056e-06 -5.7198333e-08 +5.0808289e+05
5.7851100e-01 +1.0000000e-04 +6.5463500e-02 -6.9339000e-04 +1.2401350e-06 +2.3048583e-03 +7.9975833e-04 +8.3150556e-07 +3.3212500e-07 -7.2400278e-06 -1.3289306e-08 +5.0848789e+05
5.8586100e-01 +1.0000000e-04 +6.5474833e-02 -7.2396667e-04 +1.6224367e-06 +2.2990306e-03 +8.0073333e-04 +8.2725556e-07 +2.6899917e-06 -7.1720556e-06 +5.1034444e-08 +5.0789000e+05
5.9317600e-01 +1.0000000e-04 +6.5441333e-02 -7.6145000e-04 +2.0027167e-06 +2.2909722e-03 +7.9953611e-04 +8.2114167e-07 +2.5159111e-06 -7.0433889e-06 +1.2010861e-07 +5.0641308e+05
6.0045300e-01 +1.0000000e-04 +6.5378667e-02 -8.0394167e-04 +2.2751667e-06 +2.2841472e-03 +7.9637222e-04 +8.1606667e-07 +9.2310278e-07 -6.9853611e-06 +1.6956528e-07 +5.0434159e+05
6.0769100e-01 +1.0000000e-04 +6.5300000e-02 -8.5372333e-04 +2.6917833e-06 +2.2753500e-03 +7.9215556e-04 +8.1391944e-07 -1.3779056e-06 -6.8756111e-06 +1.8836556e-07 +5.0176545e+05
6.1488700e-01 +1.0000000e-04 +6.5209667e-02 -9.0825167e-04 +2.9474167e-06 +2.2680972e-03 +7.8878611e-04 +8.0833611e-07 -4.1399722e-06 -6.8015000e-06 +1.2044528e-07 +4.9886520e+05
6.2203700e-01 +1.0000000e-04 +6.5104167e-02 -9.7387000e-04 +3.5724000e-06 +2.2622833e-03 +7.8636111e-04 +8.0169444e-07 -8.0969167e-06 -6.7011111e-06 +1.2481861e-07 +4.9559428e+05
6.2914000e-01 +1.0000000e-04 +6.5000500e-02 -1.0553617e-03 +4.4910667e-06 +2.2563194e-03 +7.8324444e-04 +8.0331389e-07 -1.2148639e-05 -6.6840556e-06 +1.4915278e-07 +4.9207415e+05
6.3619300e-01 +1.0000000e-04 +6.4929000e-02 -1.1452483e-03 +5.0029833e-06 +2.2478778e-03 +7.7994444e-04 +8.0638889e-07 -1.4206278e-05 -6.6861667e-06 +1.2263028e-07 +4.8863068e+05
6.4319400e-01 +1.0000000e-04 +6.4914500e-02 -1.2280333e-03 +4.6334167e-06 +2.2423778e-03 +7.7856667e-04 +8.0619722e-07 -1.4150194e-05 -6.6545000e-06 +2.3782111e-08 +4.8575670e+05
6.5014100e-01 +1.0000000e-04 +6.4960333e-02 -1.2943800e-03 +3.7211333e-06 +2.2463722e-03 +7.8038611e-04 +8.0644167e-07 -1.3839722e-05 -6.6983056e-06 -7.1021667e-08 +4.8366573e+05
6.5703000e-01 +1.0000000e-04 +6.5038833e-02 -1.3481000e-03 +3.0414333e-06 +2.2538278e-03 +7.8405556e-04 +8.0783611e-07 -1.4161583e-05 -6.7107778e-06 -7.8189444e-08 +4.8178224e+05
6.6386100e-01 +1.0000000e-04 +6.5125500e-02 -1.3906317e-03 +2.4293000e-06 +2.2612889e-03 +7.8737222e-04 +8.0822778e-07 -1.5089917e-05 -6.7197778e-06 -3.7110278e-08 +4.7962164e+05
6.7063100e-01 +1.0000000e-04 +6.5197833e-02 -1.4221683e-03 +1.8083333e-06 +2.2647528e-03 +7.8874722e-04 +8.0661111e-07 -1.5892000e-05 -6.7155556e-06 +4.6673056e-08 +4.7675743e+05
6.7733900e-01 +1.0000000e-04 +6.5232833e-02 -1.4468783e-03 +1.4222550e-06 +2.2626111e-03 +7.8807778e-04 +8.0361111e-07 -1.5519556e-05 -6.7618611e-06 +8.8323333e-08 +4.7285281e+05
6.8398100e-01 +1.0000000e-04 +6.5221667e-02 -1.4725683e-03 +1.4987067e-06 +2.2581583e-03 +7.8683611e-04 +7.9590278e-07 -1.3861806e-05 -6.7820000e-06 +7.9916667e-08 +4.6795844e+05
6.9055800e-01 +1.0000000e-04 +6.5176333e-02 -1.5051550e-03 +1.9287000e-06 +2.2533917e-03 +7.8581944e-04 +7.8539444e-07 -1.2138222e-05 -6.7598611e-06 +6.9762778e-08 +4.6230548e+05
6.9706600e-01 +1.0000000e-04 +6.5117333e-02 -1.5477383e-03 +2.5647000e-06 +2.2500500e-03 +7.8458333e-04 +7.8322500e-07 -1.1301167e-05 -6.7756944e-06 +8.5465833e-08 +4.5618355e+05
7.0350400e-01 +1.0000000e-04 +6.5064167e-02 -1.5958383e-03 +2.9418000e-06 +2.2477528e-03 +7.8332222e-04 +7.8328611e-07 -1.0760972e-05 -6.8192500e-06 +6.2832500e-08 +4.4983770e+05
7.0987200e-01 +1.0000000e-04 +6.5027000e-02 -1.6384367e-03 +2.6156333e-06 +2.2472139e-03 +7.8258889e-04 +7.8104444e-07 -9.6632222e-06 -6.8909444e-06 +4.3828333e-08 +4.4342410e+05
7.1616700e-01 +1.0000000e-04 +6.4992667e-02 -1.6739500e-03 +2.2040333e-06 +2.2451500e-03 +7.8135278e-04 +7.7481389e-07 -8.4524167e-06 -6.8697500e-06 +8.8085278e-08 +4.3669576e+05
7.2238800e-01 +1.0000000e-04 +6.4947000e-02 -1.7012000e-03 +1.7206500e-06 +2.2415972e-03 +7.7795556e-04 +7.7452222e-07 -7.0138611e-06 -6.8882778e-06 +1.8179500e-07 +4.2947355e+05
7.2853400e-01 +1.0000000e-04 +6.4876667e-02 -1.7147167e-03 +8.6325500e-07 +2.2372083e-03 +7.7293056e-04 +7.7647778e-07 -3.7441111e-06 -6.9302222e-06 +1.9855139e-07 +4.2168703e+05
7.3460400e-01 +1.0000000e-04 +6.4765167e-02 -1.7121667e-03 -1.7480667e-07 +2.2310417e-03 +7.6788333e-04 +7.7370278e-07 +9.8954722e-07 -6.9350000e-06 +1.9046250e-07 +4.1321530e+05
7.4059600e-01 +1.0000000e-04 +6.4600167e-02 -1.6985167e-03 -9.0572000e-07 +2.2207306e-03 +7.6308611e-04 +7.7180833e-07 +6.7729722e-06 -6.9190000e-06 +1.9311278e-07 +4.0392573e+05
7.4651100e-01 +1.0000000e-04 +6.4382500e-02 -1.6821667e-03 -1.0876083e-06 +2.2037889e-03 +7.5843889e-04 +7.6462500e-07 +1.2245167e-05 -6.7500833e-06 +1.9699944e-07 +3.9382367e+05
7.5234600e-01 +1.0000000e-04 +6.4119333e-02 -1.6685333e-03 -9.2399500e-07 +2.1809806e-03 +7.5342222e-04 +7.5468611e-07 +1.4706528e-05 -6.4975000e-06 +2.3478750e-07 +3.8304447e+05
7.5810200e-01 +1.0000000e-04 +6.3813333e-02 -1.6641300e-03 -3.1827667e-07 +2.1547778e-03 +7.4749722e-04 +7.4311667e-07 +1.4501389e-05 -6.3143056e-06 +2.6992722e-07 +3.7173047e+05
7.6377700e-01 +1.0000000e-04 +6.3469667e-02 -1.6778500e-03 +9.4019667e-07 +2.1269833e-03 +7.4051667e-04 +7.3335278e-07 +1.3419667e-05 -6.1724722e-06 +3.0761389e-07 +3.6003128e+05
7.6937100e-01 +1.0000000e-04 +6.3105667e-02 -1.7114333e-03 +2.3556000e-06 +2.1003861e-03 +7.3281111e-04 +7.2586111e-07 +1.2561722e-05 -6.0600278e-06 +3.0373611e-07 +3.4823846e+05
7.7488300e-01 +1.0000000e-04 +6.2741500e-02 -1.7594000e-03 +3.4082333e-06 +2.0767167e-03 +7.2500278e-04 +7.1325833e-07 +1.2245750e-05 -5.9626389e-06 +2.8644444e-07 +3.3662777e+05
7.8031300e-01 +1.0000000e-04 +6.2391667e-02 -1.8168833e-03 +4.1355167e-06 +2.0539611e-03 +7.1671667e-04 +6.9977222e-07 +1.2617278e-05 -5.8866389e-06 +3.1405000e-07 +3.2527620e+05
7.8566100e-01 +1.0000000e-04 +6.2061833e-02 -1.8825500e-03 +4.7971833e-06 +2.0292111e-03 +7.0730278e-04 +6.8801667e-07 +1.3550694e-05 -5.7981944e-06 +3.5215000e-07 +3.1414168e+05
7.9092500e-01 +1.0000000e-04 +6.1752000e-02 -1.9560167e-03 +5.4547167e-06 +2.0024389e-03 +6.9688056e-04 +6.7848889e-07 +1.5061694e-05 -5.7411389e-06 +3.7303056e-07 +3.0323251e+05
7.9610700e-01 +1.0000000e-04 +6.1461833e-02 -2.0365667e-03 +6.0800667e-06 +1.9731944e-03 +6.8639167e-04 +6.7046667e-07 +1.7499806e-05 -5.6801111e-06 +3.3771389e-07 +2.9255017e+05
8.0120600e-01 +1.0000000e-04 +6.1192667e-02 -2.1225667e-03 +6.5972833e-06 +1.9403611e-03 +6.7675556e-04 +6.5657778e-07 +1.9960472e-05 -5.5618333e-06 +2.8679167e-07 +2.8209991e+05
8.0622200e-01 +1.0000000e-04 +6.0945167e-02 -2.2126667e-03 +7.0224167e-06 +1.9039028e-03 +6.6761944e-04 +6.4144444e-07 +2.1522250e-05 -5.4298889e-06 +2.8045833e-07 +2.7187444e+05
8.1115500e-01 +1.0000000e-04 +6.0717167e-02 -2.3074167e-03 +7.5103500e-06 +1.8649583e-03 +6.5830278e-04 +6.2825278e-07 +2.1926306e-05 -5.2807222e-06 +2.8910000e-07 +2.6186830e+05
8.1600400e-01 +1.0000000e-04 +6.0506333e-02 -2.4078167e-03 +8.1035500e-06 +1.8253306e-03 +6.4860833e-04 +6.1419167e-07 +2.0529778e-05 -5.0695278e-06 +3.0393889e-07 +2.5211623e+05
8.2077100e-01 +1.0000000e-04 +6.0310000e-02 -2.5121167e-03 +8.5682333e-06 +1.7870972e-03 +6.3823889e-04 +5.9766667e-07 +1.6607583e-05 -4.8319722e-06 +3.3991944e-07 +2.4264565e+05
8.2545400e-01 +1.0000000e-04 +6.0124167e-02 -2.6170500e-03 +8.7713167e-06 +1.7519972e-03 +6.2673611e-04 +5.8250278e-07 +1.0681750e-05 -4.6639722e-06 +3.9480278e-07 +2.3347387e+05
8.3005600e-01 +1.0000000e-04 +5.9944167e-02 -2.7215667e-03 +8.8894167e-06 +1.7205444e-03 +6.1424444e-04 +5.6982500e-07 +4.2692222e-06 -4.5723333e-06 +4.2459722e-07 +2.2459143e+05
8.3457500e-01 +1.0000000e-04 +5.9769167e-02 -2.8272500e-03 +9.1545833e-06 +1.6920722e-03 +6.0161111e-04 +5.5643889e-07 -1.7995306e-06 -4.4936111e-06 +4.1640278e-07 +2.1600848e+05
8.3901200e-01 +1.0000000e-04 +5.9601833e-02 -2.9361667e-03 +9.6144000e-06 +1.6655333e-03 +5.8961944e-04 +5.4186111e-07 -7.5242500e-06 -4.4045556e-06 +3.8542500e-07 +2.0773423e+05
8.4336800e-01 +1.0000000e-04 +5.9448167e-02 -3.0489833e-03 +1.0148900e-05 +1.6401750e-03 +5.7858333e-04 +5.2686111e-07 -1.2928556e-05 -4.3200556e-06 +3.4966111e-07 +1.9978118e+05
8.4764300e-01 +1.0000000e-04 +5.9314833e-02 -3.1649000e-03 +1.0625483e-05 +1.6155639e-03 +5.6843889e-04 +5.1152500e-07 -1.7766972e-05 -4.2520833e-06 +3.1977500e-07 +1.9216465e+05
8.5183800e-01 +1.0000000e-04 +5.9208167e-02 -3.2827167e-03 +1.1003450e-05 +1.5911111e-03 +5.5891667e-04 +4.9644167e-07 -2.1938500e-05 -4.1842500e-06 +3.0194167e-07 +1.8487963e+05
8.5595300e-01 +1.0000000e-04 +5.9132167e-02 -3.4015833e-03 +1.1314683e-05 +1.5663389e-03 +5.4980278e-04 +4.8301111e-07 -2.5710556e-05 -4.0961944e-06 +2.8737500e-07 +1.7791293e+05
8.5998900e-01 +1.0000000e-04 +5.9087667e-02 -3.5208000e-03 +1.1571400e-05 +1.5414861e-03 +5.4110278e-04 +4.7010278e-07 -2.9552778e-05 -3.9832222e-06 +2.6524972e-07 +1.7125982e+05
8.6394600e-01 +1.0000000e-04 +5.9073833e-02 -3.6393333e-03 +1.1730833e-05 +1.5172389e-03 +5.3282500e-04 +4.5640556e-07 -3.3845000e-05 -3.8598056e-06 +2.4831000e-07 +1.6492184e+05
8.6782500e-01 +1.0000000e-04 +5.9088333e-02 -3.7559167e-03 +1.1765967e-05 +1.4940722e-03 +5.2472500e-04 +4.4309722e-07 -3.8711944e-05 -3.7391389e-06 +2.5025278e-07 +1.5888370e+05
8.7162800e-01 +1.0000000e-04 +5.9128333e-02 -3.8694000e-03 +1.1686700e-05 +1.4722583e-03 +5.1647778e-04 +4.3124722e-07 -4.4149444e-05 -3.6241389e-06 +2.6687500e-07 +1.5312170e+05
8.7535300e-01 +1.0000000e-04 +5.9190667e-02 -3.9788167e-03 +1.1496150e-05 +1.4520361e-03 +5.0791944e-04 +4.2026389e-07 -5.0030556e-05 -3.5283056e-06 +2.8899722e-07 +1.4762097e+05
8.7900400e-01 +1.0000000e-04 +5.9272500e-02 -4.0830833e-03 +1.1182933e-05 +1.4333694e-03 +4.9908056e-04 +4.0996111e-07 -5.5952778e-05 -3.4687778e-06 +3.0836667e-07 +1.4235850e+05
8.8257900e-01 +1.0000000e-04 +5.9371000e-02 -4.1813000e-03 +1.0752433e-05 +1.4157611e-03 +4.9015278e-04 +4.0009722e-07 -6.1446389e-05 -3.4340000e-06 +3.1570000e-07 +1.3731346e+05
8.8608100e-01 +1.0000000e-04 +5.9483833e-02 -4.2727667e-03 +1.0224617e-05 +1.3985000e-03 +4.8140000e-04 +3.8967222e-07 -6.6387778e-05 -3.3909167e-06 +3.1128056e-07 +1.3245549e+05
8.8951000e-01 +1.0000000e-04 +5.9608167e-02 -4.3568333e-03 +9.5987167e-06 +1.3811611e-03 +4.7299167e-04 +3.7848611e-07 -7.1067222e-05 -3.3167500e-06 +3.0264444e-07 +1.2776595e+05
8.9286600e-01 +1.0000000e-04 +5.9740167e-02 -4.4325333e-03 +8.8259000e-06 +1.3639139e-03 +4.6496944e-04 +3.6659167e-07 -7.5873333e-05 -3.2191944e-06 +2.9736667e-07 +1.2323645e+05
8.9615100e-01 +1.0000000e-04 +5.9875333e-02 -4.4983167e-03 +7.8323667e-06 +1.3472917e-03 +4.5724444e-04 +3.5439444e-07 -8.0945556e-05 -3.1266667e-06 +3.0205000e-07 +1.1886526e+05
8.9936600e-01 +1.0000000e-04 +6.0007833e-02 -4.5523500e-03 +6.5691667e-06 +1.3317611e-03 +4.4969722e-04 +3.4322222e-07 -8.6092222e-05 -3.0626944e-06 +3.1681111e-07 +1.1464809e+05
9.0251200e-01 +1.0000000e-04 +6.0131833e-02 -4.5929333e-03 +5.0336167e-06 +1.3175250e-03 +4.4227222e-04 +3.3395833e-07 -9.0956944e-05 -3.0322778e-06 +3.3248056e-07 +1.1057708e+05
9.0558900e-01 +1.0000000e-04 +6.0240333e-02 -4.6187667e-03 +3.2618667e-06 +1.3045167e-03 +4.3503611e-04 +3.2575278e-07 -9.5250278e-05 -3.0239722e-06 +3.4247778e-07 +1.0664263e+05
9.0859900e-01 +1.0000000e-04 +6.0326500e-02 -4.6290167e-03 +1.3019033e-06 +1.2925028e-03 +4.2807500e-04 +3.1751389e-07 -9.8865833e-05 -3.0234167e-06 +3.5022778e-07 +1.0282980e+05
9.1154300e-01 +1.0000000e-04 +6.0383500e-02 -4.6231833e-03 -8.1248333e-07 +1.2811861e-03 +4.2137500e-04 +3.0928889e-07 -1.0183778e-04 -3.0252500e-06 +3.6256389e-07 +9.9124575e+04
9.1442100e-01 +1.0000000e-04 +6.0404500e-02 -4.6010333e-03 -3.0609333e-06 +1.2702556e-03 +4.1485000e-04 +3.0142222e-07 -1.0423722e-04 -3.0314722e-06 +3.8280833e-07 +9.5513178e+04
9.1723400e-01 +1.0000000e-04 +6.0383000e-02 -4.5624500e-03 -5.4244167e-06 +1.2593806e-03 +4.0838056e-04 +2.9380000e-07 -1.0611028e-04 -3.0450278e-06 +4.1265000e-07 +9.1980772e+04
9.1998500e-01 +1.0000000e-04 +6.0313000e-02 -4.5075167e-03 -7.8837833e-06 +1.2482056e-03 +4.0183056e-04 +2.8637222e-07 -1.0746028e-04 -3.0684444e-06 +4.5403333e-07 +8.8512459e+04
9.2267300e-01 +1.0000000e-04 +6.0189000e-02 -4.4364500e-03 -1.0423333e-05 +1.2363639e-03 +3.9506389e-04 +2.7931389e-07 -1.0824611e-04 -3.1032500e-06 +5.0738611e-07 +8.5097773e+04
9.2529900e-01 +1.0000000e-04 +6.0006667e-02 -4.3495833e-03 -1.3027833e-05 +1.2234917e-03 +3.8794722e-04 +2.7258306e-07 -1.0840417e-04 -3.1477778e-06 +5.7211944e-07 +8.1727166e+04
9.2786600e-01 +1.0000000e-04 +5.9761833e-02 -4.2474000e-03 -1.5677450e-05 +1.2092722e-03 +3.8036667e-04 +2.6608583e-07 -1.0788361e-04 -3.1979444e-06 +6.4828056e-07 +7.8391544e+04
9.3037300e-01 +1.0000000e-04 +5.9451333e-02 -4.1305167e-03 -1.8347833e-05 +1.1934361e-03 +3.7220556e-04 +2.5986389e-07 -1.0666361e-04 -3.2499167e-06 +7.3604722e-07 +7.5087415e+04
9.3282200e-01 +1.0000000e-04 +5.9072167e-02 -3.9997333e-03 -2.1012833e-05 +1.1757806e-03 +3.6335833e-04 +2.5399694e-07 -1.0474306e-04 -3.3020556e-06 +8.3502778e-07 +7.1811039e+04
9.3521400e-01 +1.0000000e-04 +5.8622333e-02 -3.8559333e-03 -2.3646833e-05 +1.1561556e-03 +3.5371944e-04 +2.4858222e-07 -1.0212194e-04 -3.3546389e-06 +9.4408611e-07 +6.8561083e+04
9.3754900e-01 +1.0000000e-04 +5.8099667e-02 -3.7002000e-03 -2.6223000e-05 +1.1344833e-03 +3.4321389e-04 +2.4379694e-07 -9.8788889e-05 -3.4088333e-06 +1.0610278e-06 +6.5338588e+04
9.3983000e-01 +1.0000000e-04 +5.7503000e-02 -3.5336500e-03 -2.8712000e-05 +1.1107056e-03 +3.3179444e-04 +2.3985944e-07 -9.4719444e-05 -3.4655000e-06 +1.1821417e-06 +6.2144330e+04
9.4205600e-01 +1.0000000e-04 +5.6831667e-02 -3.3576167e-03 -3.1080000e-05 +1.0847861e-03 +3.1946667e-04 +2.3691167e-07 -8.9884167e-05 -3.5241944e-06 +1.3023472e-06 +5.8982480e+04
9.4422900e-01 +1.0000000e-04 +5.6085333e-02 -3.1735333e-03 -3.3288500e-05 +1.0566861e-03 +3.0630000e-04 +2.3494333e-07 -8.4264722e-05 -3.5821111e-06 +1.4159306e-06 +5.5856337e+04
9.4635000e-01 +1.0000000e-04 +5.5264500e-02 -2.9830167e-03 -3.5294500e-05 +1.0263611e-03 +2.9241389e-04 +2.3378722e-07 -7.7873056e-05 -3.6340556e-06 +1.5174806e-06 +5.2769558e+04
9.4842100e-01 +1.0000000e-04 +5.4370000e-02 -2.7877833e-03 -3.7052000e-05 +9.9377500e-04 +2.7797222e-04 +2.3311806e-07 -7.0767500e-05 -3.6727222e-06 +1.6028000e-06 +4.9726390e+04
9.5044100e-01 +1.0000000e-04 +5.3403500e-02 -2.5897333e-03 -3.8514500e-05 +9.5891944e-04 +2.6315889e-04 +2.3249472e-07 -6.3061111e-05 -3.6898056e-06 +1.6696333e-06 +4.6732691e+04
9.5241200e-01 +1.0000000e-04 +5.2367333e-02 -2.3908167e-03 -3.9638000e-05 +9.2182778e-04 +2.4816194e-04 +2.3146528e-07 -5.4919444e-05 -3.6773333e-06 +1.7178528e-06 +4.3792879e+04
9.5433500e-01 +1.0000000e-04 +5.1264000e-02 -2.1931000e-03 -4.0385167e-05 +8.8258611e-04 +2.3314556e-04 +2.2967083e-07 -4.6548333e-05 -3.6290556e-06 +1.7489722e-06 +4.0912224e+04
9.5621000e-01 +1.0000000e-04 +5.0097167e-02 -1.9985667e-03 -4.0727500e-05 +8.4136389e-04 +2.1824417e-04 +2.2688778e-07 -3.8175556e-05 -3.5411111e-06 +1.7653583e-06 +3.8096559e+04
9.5804000e-01 +1.0000000e-04 +4.8870500e-02 -1.8091833e-03 -4.0649333e-05 +7.9839444e-04 +2.0356111e-04 +2.2301361e-07 -3.0030000e-05 -3.4122222e-06 +1.7694972e-06 +3.5350920e+04
9.5982400e-01 +1.0000000e-04 +4.7589000e-02 -1.6267450e-03 -4.0148000e-05 +7.5398889e-04 +1.8917028e-04 +2.1803194e-07 -2.2327250e-05 -3.2436111e-06 +1.7635972e-06 +3.2682934e+04
9.6156500e-01 +1.0000000e-04 +4.6257167e-02 -1.4528767e-03 -3.9235500e-05 +7.0853056e-04 +1.7512444e-04 +2.1199694e-07 -1.5254361e-05 -3.0386389e-06 +1.7494056e-06 +3.0099071e+04
9.6326200e-01 +1.0000000e-04 +4.4880667e-02 -1.2889433e-03 -3.7938333e-05 +6.6245833e-04 +1.6146111e-04 +2.0502472e-07 -8.9619722e-06 -2.8023889e-06 +1.7281444e-06 +2.7607897e+04
9.6491600e-01 +1.0000000e-04 +4.3465167e-02 -1.1360300e-03 -3.6296333e-05 +6.1624444e-04 +1.4820917e-04 +1.9727361e-07 -3.5580556e-06 -2.5415083e-06 +1.7005111e-06 +2.5217630e+04
9.6652900e-01 +1.0000000e-04 +4.2016667e-02 -9.9490500e-04 -3.4361167e-05 +5.7039167e-04 +1.3539389e-04 +1.8891306e-07 +8.9478056e-07 -2.2636611e-06 +1.6667778e-06 +2.2936288e+04
9.6810200e-01 +1.0000000e-04 +4.0541167e-02 -8.6601833e-04 -3.2193667e-05 +5.2539167e-04 +1.2304083e-04 +1.8010444e-07 +4.3798056e-06 -1.9772528e-06 +1.6269806e-06 +2.0771933e+04
9.6963500e-01 +1.0000000e-04 +3.9044500e-02 -7.4949667e-04 -2.9861000e-05 +4.8171944e-04 +1.1117639e-04 +1.7100194e-07 +6.9238611e-06 -1.6909194e-06 +1.5810944e-06 +1.8732042e+04
9.7112900e-01 +1.0000000e-04 +3.7532500e-02 -6.4516833e-04 -2.7432833e-05 +4.3980833e-04 +9.9828333e-05 +1.6176417e-07 +8.5927222e-06 -1.4130472e-06 +1.5291167e-06 +1.6822723e+04
9.7258500e-01 +1.0000000e-04 +3.6011000e-02 -5.5259833e-04 -2.4977500e-05 +4.0003333e-04 +8.9025833e-05 +1.5255444e-07 +9.4843056e-06 -1.1513028e-06 +1.4710667e-06 +1.5048486e+04
9.7400400e-01 +1.0000000e-04 +3.4484833e-02 -4.7112667e-04 -2.2558333e-05 +3.6269722e-04 +7.8796944e-05 +1.4353361e-07 +9.7201111e-06 -9.1215278e-07 +1.4069694e-06 +1.3412186e+04
9.7538700e-01 +1.0000000e-04 +3.2959000e-02 -3.9993167e-04 -2.0230333e-05 +3.2801944e-04 +6.9171111e-05 +1.3484667e-07 +9.4355000e-06 -7.0050278e-07 +1.3368667e-06 +1.1914684e+04
9.7673400e-01 +1.0000000e-04 +3.1437667e-02 -3.3808000e-04 -1.8037500e-05 +2.9614444e-04 +6.0175833e-05 +1.2660833e-07 +8.7697778e-06 -5.1940556e-07 +1.2608472e-06 +1.0554885e+04
9.7804700e-01 +1.0000000e-04 +2.9924500e-02 -2.8458167e-04 -1.6010667e-05 +2.6712778e-04 +5.1836944e-05 +1.1889000e-07 +7.8565556e-06 -3.6996111e-07 +1.1791111e-06 +9.3297151e+03
9.7932500e-01 +1.0000000e-04 +2.8422667e-02 -2.3845167e-04 -1.4167767e-05 +2.4095778e-04 +4.4176944e-05 +1.1170278e-07 +6.8156667e-06 -2.5141583e-07 +1.0920667e-06 +8.2344726e+03
9.8057100e-01 +1.0000000e-04 +2.6934833e-02 -1.9874833e-04 -1.2513483e-05 +2.1755444e-04 +3.7212500e-05 +1.0499500e-07 +5.7471667e-06 -1.6140889e-07 +1.0004167e-06 +7.2627286e+03
9.8178500e-01 +1.0000000e-04 +2.5463000e-02 -1.6460933e-04 -1.1041233e-05 +1.9678750e-04 +3.0952778e-05 +9.8663333e-08 +4.7278056e-06 -9.6381389e-08 +9.0524722e-07 +6.4070339e+03
9.8296700e-01 +1.0000000e-04 +2.4009000e-02 -1.3527250e-04 -9.7355833e-06 +1.7848778e-04 +2.5397333e-05 +9.2577500e-08 +3.8101667e-06 -5.2052778e-08 +8.0801667e-07 +5.6589749e+03
9.8411800e-01 +1.0000000e-04 +2.2573833e-02 -1.1008800e-04 -8.5751667e-06 +1.6246000e-04 +2.0533778e-05 +8.6609722e-08 +3.0241667e-06 -2.3902306e-08 +7.1048333e-07 +5.0095667e+03
9.8524000e-01 +1.0000000e-04 +2.1158333e-02 -8.8516333e-05 -7.5359333e-06 +1.4849361e-04 +1.6338278e-05 +8.0656667e-08 +2.3801000e-06 -7.5942500e-09 +6.1455000e-07 +4.4493075e+03
9.8633200e-01 +1.0000000e-04 +1.9763167e-02 -7.0118667e-05 -6.5941333e-06 +1.3637056e-04 +1.2775611e-05 +7.4649167e-08 +1.8730583e-06 +7.0058056e-10 +5.2209167e-07 +3.9687502e+03
9.8739500e-01 +1.0000000e-04 +1.8388167e-02 -5.4539667e-05 -5.7288667e-06 +1.2587028e-04 +9.8008611e-06 +6.8553611e-08 +1.4874833e-06 +4.1083056e-09 +4.3481667e-07 +3.5584029e+03
9.8843100e-01 +1.0000000e-04 +1.7033667e-02 -4.1489000e-05 -4.9239833e-06 +1.1677167e-04 +7.3617500e-06 +6.2365278e-08 +1.2016833e-06 +4.9747500e-09 +3.5416667e-07 +3.2088734e+03
9.8943900e-01 +1.0000000e-04 +1.5699133e-02 -3.0719167e-05 -4.1691667e-06 +1.0885028e-04 +5.4010278e-06 +5.6103056e-08 +9.9169167e-07 +4.8837500e-09 +2.8125556e-07 +2.9109186e+03
9.9042000e-01 +1.0000000e-04 +1.4384033e-02 -2.2008000e-05 -3.4601333e-06 +1.0187417e-04 +3.8588889e-06 +4.9803056e-08 +8.3437778e-07 +4.7461389e-09 +2.1685111e-07 +2.6553054e+03
9.9137600e-01 +1.0000000e-04 +1.3087683e-02 -1.5142333e-05 -2.7982333e-06 +9.5596944e-05 +2.6752917e-06 +4.3517500e-08 +7.0968056e-07 +4.9323333e-09 +1.6140528e-07 +2.4327880e+03
9.9230600e-01 +1.0000000e-04 +1.1809133e-02 -9.9074333e-06 -2.1892000e-06 +8.9750000e-05 +1.7918028e-06 +3.7313611e-08 +6.0207222e-07 +5.4227222e-09 +1.1506083e-07 +2.2339212e+03
9.9321200e-01 +1.0000000e-04 +1.0547233e-02 -6.0812667e-06 -1.6416667e-06 +8.4033889e-05 +1.1531000e-06 +3.1273333e-08 +5.0126667e-07 +5.9611944e-09 +7.7680278e-08 +2.0489496e+03
9.9409400e-01 +1.0000000e-04 +9.3005167e-03 -3.4336667e-06 -1.1652767e-06 +7.8112222e-05 +7.0823333e-07 +2.5494389e-08 +4.0231944e-07 +6.2018611e-09 +4.8858611e-08 +1.8677517e+03
9.9495200e-01 +1.0000000e-04 +8.0672000e-03 -1.7301167e-06 -7.6875667e-07 +7.1610556e-05 +4.1157500e-07 +2.0088556e-08 +3.0511389e-07 +5.8465556e-09 +2.7926667e-08 +1.6799323e+03
9.9578700e-01 +1.0000000e-04 +6.8449833e-03 -7.3911500e-07 -4.5802500e-07 +6.4122500e-05 +2.2357583e-07 +1.5178611e-08 +2.1331361e-07 +4.7683611e-09 +1.3943389e-08 +1.4751568e+03
9.9660000e-01 +1.0000000e-04 +5.6307833e-03 -2.4250500e-07 -2.3441333e-07 +5.5232778e-05 +1.1133972e-07 +1.0887528e-08 +1.3277278e-07 +3.1099167e-09 +5.6899167e-09 +1.2440114e+03
9.9739200e-01 +1.0000000e-04 +4.4202500e-03 -4.7709000e-08 -9.3066000e-08 +4.4570278e-05 +4.8978056e-08 +7.3117500e-09 +6.9479722e-08 +1.3288472e-09 +1.6903667e-09 +9.7988321e+02
9.9816200e-01 +1.0000000e-04 +3.2064500e-03 -1.0093717e-09 -2.1596500e-08 +3.1928333e-05 +1.7563361e-08 +4.4651389e-09 +2.7262444e-08 +1.0984444e-10 +3.1810278e-10 +6.8329577e+02
9.9891100e-01 +1.0000000e-04 +1.9765000e-03 -3.9193500e-11 +5.3664333e-10 +1.7579083e-05 +4.2800833e-09 +2.2128500e-09 +5.8291111e-09 -6.6042500e-11 +7.3978889e-11 +3.7416504e+02
9.9964000e-01 +1.0000000e-04 +7.0021833e-04 +0.0000000e+00 +1.9596667e-11 +3.7289167e-06 +4.5410278e-10 +4.5410278e-10 -1.5262528e-10 +1.5262528e-10 +2.7726667e-11 +1.3304023e+02
1.0000000e+00 +1.0000000e-04 +0.0000000e+00 +0.0000000e+00 +0.0000000e+00 +0.0000000e+00 +0.0000000e+00 +0.0000000e+00 +0.0000000e+00 +0.0000000e+00 +0.0000000e+00 +1.3304000e+02
