#    y              z              <u>            <v>            <w>            <u'u'>         <v'v'>         <w'w'>         <u'v'>         <u'w'>         <v'w'>         <eps>         
#----------------------------------------------------------------------------------------------------------------------------------------------------------------------------------
0.0000000e+00 +5.0000000e-01 +0.0000000e+00 +0.0000000e+00 +0.0000000e+00 +0.0000000e+00 +0.0000000e+00 +0.0000000e+00 +0.0000000e+00 +0.0000000e+00 +0.0000000e+00 +8.0893611e+04
3.6000000e-04 +5.0000000e-01 +2.3242000e-01 +1.8006333e-05 +0.0000000e+00 +8.0837500e-03 +2.9498333e-06 +2.8210833e-03 -2.5005500e-05 +0.0000000e+00 +0.0000000e+00 +8.0894677e+04
1.0890000e-03 +5.0000000e-01 +7.0255000e-01 +7.1748500e-05 +0.0000000e+00 +7.3410278e-02 +4.0975000e-05 +2.2756806e-02 -3.8353889e-04 +0.0000000e+00 +0.0000000e+00 +7.7568034e+04
1.8380000e-03 +5.0000000e-01 +1.1840050e+00 +1.6778667e-04 +0.0000000e+00 +2.0771861e-01 +2.1043917e-04 +5.7897778e-02 -1.7295972e-03 +0.0000000e+00 +0.0000000e+00 +7.4974628e+04
2.6080000e-03 +5.0000000e-01 +1.6763500e+00 +3.1194000e-04 +0.0000000e+00 +4.1481389e-01 +6.6959167e-04 +1.0425056e-01 -4.8739167e-03 +0.0000000e+00 +0.0000000e+00 +7.2928974e+04
3.4000000e-03 +5.0000000e-01 +2.1787167e+00 +5.1032500e-04 +0.0000000e+00 +6.9690000e-01 +1.6109778e-03 +1.5851306e-01 -1.0688861e-02 +0.0000000e+00 +0.0000000e+00 +7.1043888e+04
4.2130000e-03 +5.0000000e-01 +2.6897333e+00 +7.6935667e-04 +0.0000000e+00 +1.0531972e+00 +3.2383056e-03 +2.1800694e-01 -2.0017611e-02 +0.0000000e+00 +0.0000000e+00 +6.9082967e+04
5.0480000e-03 +5.0000000e-01 +3.2075167e+00 +1.0957100e-03 +0.0000000e+00 +1.4789056e+00 +5.7504167e-03 +2.8063611e-01 -3.3574167e-02 -3.9474722e-20 +0.0000000e+00 +6.6975096e+04
5.9060000e-03 +5.0000000e-01 +3.7296833e+00 +1.4962883e-03 +0.0000000e+00 +1.9648361e+00 +9.3312500e-03 +3.4483889e-01 -5.1855556e-02 +0.0000000e+00 +0.0000000e+00 +6.4786572e+04
6.7880000e-03 +5.0000000e-01 +4.2535500e+00 +1.9781667e-03 +0.0000000e+00 +2.4978000e+00 +1.4144472e-02 +4.0953889e-01 -7.5081667e-02 +0.0000000e+00 +0.0000000e+00 +6.2667838e+04
7.6940000e-03 +5.0000000e-01 +4.7761000e+00 +2.5485167e-03 +0.0000000e+00 +3.0616389e+00 +2.0331361e-02 +4.7405278e-01 -1.0317583e-01 +0.0000000e+00 +0.0000000e+00 +6.0786343e+04
8.6240000e-03 +5.0000000e-01 +5.2943167e+00 +3.2144667e-03 +0.0000000e+00 +3.6387778e+00 +2.8010556e-02 +5.3801667e-01 -1.3578194e-01 +0.0000000e+00 +0.0000000e+00 +5.9272170e+04
9.5800000e-03 +5.0000000e-01 +5.8051500e+00 +3.9827833e-03 +0.0000000e+00 +4.2116389e+00 +3.7279167e-02 +6.0126667e-01 -1.7231333e-01 +0.0000000e+00 +0.0000000e+00 +5.8187986e+04
1.0561000e-02 +5.0000000e-01 +6.3058000e+00 +4.8596500e-03 +0.0000000e+00 +4.7641667e+00 +4.8212778e-02 +6.6377222e-01 -2.1201889e-01 +0.0000000e+00 +0.0000000e+00 +5.7521575e+04
1.1569000e-02 +5.0000000e-01 +6.7937167e+00 +5.8501000e-03 +0.0000000e+00 +5.2826667e+00 +6.0867500e-02 +7.2555000e-01 -2.5405722e-01 +0.0000000e+00 +0.0000000e+00 +5.7204421e+04
1.2605000e-02 +5.0000000e-01 +7.2667667e+00 +6.9577833e-03 +0.0000000e+00 +5.7565000e+00 +7.5279722e-02 +7.8660833e-01 -2.9756389e-01 +0.0000000e+00 +0.0000000e+00 +5.7133309e+04
1.3668000e-02 +5.0000000e-01 +7.7232000e+00 +8.1844167e-03 +0.0000000e+00 +6.1781667e+00 +9.1466389e-02 +8.4690833e-01 -3.4171389e-01 +0.0000000e+00 -1.5789833e-19 +5.7196376e+04
1.4760000e-02 +5.0000000e-01 +8.1617000e+00 +9.5297500e-03 +0.0000000e+00 +6.5432222e+00 +1.0942417e-01 +9.0635833e-01 -3.8575833e-01 +0.0000000e+00 +0.0000000e+00 +5.7291274e+04
1.5882000e-02 +5.0000000e-01 +8.5813667e+00 +1.0991483e-02 +0.0000000e+00 +6.8498333e+00 +1.2913028e-01 +9.6479722e-01 -4.2904444e-01 +0.0000000e+00 +0.0000000e+00 +5.7334920e+04
1.7033000e-02 +5.0000000e-01 +8.9816833e+00 +1.2565567e-02 +0.0000000e+00 +7.0984167e+00 +1.5054167e-01 +1.0220250e+00 -4.7104167e-01 +0.0000000e+00 +0.0000000e+00 +5.7267474e+04
1.8215000e-02 +5.0000000e-01 +9.3625000e+00 +1.4246617e-02 +0.0000000e+00 +7.2911111e+00 +1.7359556e-01 +1.0777889e+00 -5.1134167e-01 +0.0000000e+00 -1.5789833e-19 +5.7052308e+04
1.9429000e-02 +5.0000000e-01 +9.7239500e+00 +1.6028400e-02 +0.0000000e+00 +7.4313333e+00 +1.9820972e-01 +1.1318361e+00 -5.4963611e-01 +0.0000000e+00 +0.0000000e+00 +5.6671378e+04
2.0675000e-02 +5.0000000e-01 +1.0066400e+01 +1.7904500e-02 +0.0000000e+00 +7.5233333e+00 +2.2428528e-01 +1.1839139e+00 -5.8572778e-01 +0.0000000e+00 +0.0000000e+00 +5.6121528e+04
2.1953000e-02 +5.0000000e-01 +1.0390417e+01 +1.9868333e-02 +0.0000000e+00 +7.5718333e+00 +2.5170750e-01 +1.2337944e+00 -6.1950278e-01 +0.0000000e+00 +0.0000000e+00 +5.5410345e+04
2.3266000e-02 +5.0000000e-01 +1.0696733e+01 +2.1914500e-02 +0.0000000e+00 +7.5816944e+00 +2.8035000e-01 +1.2813083e+00 -6.5092500e-01 +0.0000000e+00 +0.0000000e+00 +5.4552357e+04
2.4613000e-02 +5.0000000e-01 +1.0986167e+01 +2.4038167e-02 +0.0000000e+00 +7.5578056e+00 +3.1007500e-01 +1.3263306e+00 -6.8000556e-01 +0.0000000e+00 +0.0000000e+00 +5.3566982e+04
2.5996000e-02 +5.0000000e-01 +1.1259583e+01 +2.6236000e-02 +0.0000000e+00 +7.5048056e+00 +3.4073611e-01 +1.3687889e+00 -7.0680278e-01 +0.0000000e+00 +0.0000000e+00 +5.2476929e+04
2.7415000e-02 +5.0000000e-01 +1.1517950e+01 +2.8505667e-02 +0.0000000e+00 +7.4269722e+00 +3.7219167e-01 +1.4086556e+00 -7.3140833e-01 +3.1579722e-19 +0.0000000e+00 +5.1303002e+04
2.8871000e-02 +5.0000000e-01 +1.1762150e+01 +3.0846667e-02 +0.0000000e+00 +7.3284444e+00 +4.0428889e-01 +1.4459389e+00 -7.5391944e-01 +0.0000000e+00 +0.0000000e+00 +5.0064209e+04
3.0365000e-02 +5.0000000e-01 +1.1993133e+01 +3.3258833e-02 +0.0000000e+00 +7.2129722e+00 +4.3687222e-01 +1.4806722e+00 -7.7446111e-01 +0.0000000e+00 +0.0000000e+00 +4.8775000e+04
3.1898000e-02 +5.0000000e-01 +1.2211767e+01 +3.5742500e-02 +0.0000000e+00 +7.0840000e+00 +4.6978333e-01 +1.5129167e+00 -7.9315278e-01 +0.0000000e+00 +0.0000000e+00 +4.7446403e+04
3.3471000e-02 +5.0000000e-01 +1.2418917e+01 +3.8297500e-02 +0.0000000e+00 +6.9446944e+00 +5.0287222e-01 +1.5427639e+00 -8.1011389e-01 +0.0000000e+00 +0.0000000e+00 +4.6087686e+04
3.5084000e-02 +5.0000000e-01 +1.2615383e+01 +4.0922500e-02 +0.0000000e+00 +6.7979167e+00 +5.3597500e-01 +1.5703194e+00 -8.2545278e-01 +0.0000000e+00 +0.0000000e+00 +4.4708346e+04
3.6738000e-02 +5.0000000e-01 +1.2801950e+01 +4.3614333e-02 +0.0000000e+00 +6.6460000e+00 +5.6894444e-01 +1.5957278e+00 -8.3926111e-01 +0.0000000e+00 +0.0000000e+00 +4.3317865e+04
3.8435000e-02 +5.0000000e-01 +1.2979350e+01 +4.6367000e-02 +0.0000000e+00 +6.4910000e+00 +6.0162778e-01 +1.6191667e+00 -8.5160278e-01 +0.0000000e+00 +0.0000000e+00 +4.1926852e+04
4.0176000e-02 +5.0000000e-01 +1.3148267e+01 +4.9170167e-02 +0.0000000e+00 +6.3345278e+00 +6.3388611e-01 +1.6408278e+00 -8.6253611e-01 +0.0000000e+00 +0.0000000e+00 +4.0544768e+04
4.1960000e-02 +5.0000000e-01 +1.3309417e+01 +5.2009500e-02 +0.0000000e+00 +6.1780278e+00 +6.6557778e-01 +1.6608750e+00 -8.7210278e-01 +0.0000000e+00 +0.0000000e+00 +3.9179080e+04
4.3790000e-02 +5.0000000e-01 +1.3463433e+01 +5.4867167e-02 +0.0000000e+00 +6.0226667e+00 +6.9657222e-01 +1.6794222e+00 -8.8036111e-01 +0.0000000e+00 +0.0000000e+00 +3.7833407e+04
4.5665000e-02 +5.0000000e-01 +1.3610933e+01 +5.7723833e-02 +0.0000000e+00 +5.8694722e+00 +7.2673889e-01 +1.6965444e+00 -8.8740278e-01 +0.0000000e+00 +0.0000000e+00 +3.6510114e+04
4.7588000e-02 +5.0000000e-01 +1.3752467e+01 +6.0560167e-02 +0.0000000e+00 +5.7193889e+00 +7.5596389e-01 +1.7122694e+00 -8.9333611e-01 +0.0000000e+00 +0.0000000e+00 +3.5209097e+04
4.9559000e-02 +5.0000000e-01 +1.3888550e+01 +6.3358667e-02 +0.0000000e+00 +5.5732778e+00 +7.8413889e-01 +1.7265972e+00 -8.9828333e-01 +0.0000000e+00 +0.0000000e+00 +3.3929921e+04
5.1579000e-02 +5.0000000e-01 +1.4019600e+01 +6.6105000e-02 +0.0000000e+00 +5.4317778e+00 +8.1116944e-01 +1.7395028e+00 -9.0236111e-01 +0.0000000e+00 +0.0000000e+00 +3.2675246e+04
5.3650000e-02 +5.0000000e-01 +1.4146017e+01 +6.8787167e-02 +0.0000000e+00 +5.2953333e+00 +8.3697778e-01 +1.7509611e+00 -9.0566667e-01 +0.0000000e+00 +0.0000000e+00 +3.1449734e+04
5.5771000e-02 +5.0000000e-01 +1.4268167e+01 +7.1396333e-02 +0.0000000e+00 +5.1641667e+00 +8.6150000e-01 +1.7609306e+00 -9.0826944e-01 +0.0000000e+00 +0.0000000e+00 +3.0256389e+04
5.7944000e-02 +5.0000000e-01 +1.4386400e+01 +7.3928667e-02 +0.0000000e+00 +5.0382222e+00 +8.8468056e-01 +1.7693306e+00 -9.1020556e-01 +0.0000000e+00 +0.0000000e+00 +2.9097165e+04
6.0170000e-02 +5.0000000e-01 +1.4501067e+01 +7.6384500e-02 +0.0000000e+00 +4.9172778e+00 +9.0647500e-01 +1.7760028e+00 -9.1150833e-01 +0.0000000e+00 +0.0000000e+00 +2.7974451e+04
6.2451000e-02 +5.0000000e-01 +1.4612483e+01 +7.8767833e-02 +0.0000000e+00 +4.8010556e+00 +9.2683611e-01 +1.7807083e+00 -9.1219722e-01 +0.0000000e+00 +0.0000000e+00 +2.6892168e+04
6.4786000e-02 +5.0000000e-01 +1.4720983e+01 +8.1083333e-02 +0.0000000e+00 +4.6894722e+00 +9.4571111e-01 +1.7832361e+00 -9.1229444e-01 +0.0000000e+00 +0.0000000e+00 +2.5852952e+04
6.7178000e-02 +5.0000000e-01 +1.4826833e+01 +8.3334833e-02 +0.0000000e+00 +4.5826389e+00 +9.6305833e-01 +1.7835417e+00 -9.1181667e-01 +0.0000000e+00 +0.0000000e+00 +2.4855914e+04
6.9627000e-02 +5.0000000e-01 +1.4930250e+01 +8.5526500e-02 +0.0000000e+00 +4.4809167e+00 +9.7883889e-01 +1.7818194e+00 -9.1077778e-01 +0.0000000e+00 +0.0000000e+00 +2.3895127e+04
7.2134000e-02 +5.0000000e-01 +1.5031433e+01 +8.7661667e-02 +0.0000000e+00 +4.3846111e+00 +9.9304722e-01 +1.7784028e+00 -9.0918611e-01 +0.0000000e+00 +0.0000000e+00 +2.2965796e+04
7.4701000e-02 +5.0000000e-01 +1.5130567e+01 +8.9743500e-02 +0.0000000e+00 +4.2938056e+00 +1.0056972e+00 +1.7736333e+00 -9.0704722e-01 +0.0000000e+00 +0.0000000e+00 +2.2068267e+04
7.7327000e-02 +5.0000000e-01 +1.5227833e+01 +9.1774833e-02 +0.0000000e+00 +4.2083889e+00 +1.0168139e+00 +1.7677944e+00 -9.0435556e-01 +0.0000000e+00 +0.0000000e+00 +2.1206324e+04
8.0015000e-02 +5.0000000e-01 +1.5323433e+01 +9.3758500e-02 +0.0000000e+00 +4.1279722e+00 +1.0264444e+00 +1.7611250e+00 -9.0112500e-01 +0.0000000e+00 +0.0000000e+00 +2.0383630e+04
8.2766000e-02 +5.0000000e-01 +1.5417550e+01 +9.5698500e-02 +0.0000000e+00 +4.0521111e+00 +1.0346389e+00 +1.7537944e+00 -8.9736389e-01 +0.0000000e+00 +0.0000000e+00 +1.9600842e+04
8.5579000e-02 +5.0000000e-01 +1.5510433e+01 +9.7601000e-02 +0.0000000e+00 +3.9801667e+00 +1.0414583e+00 +1.7457806e+00 -8.9310278e-01 +0.0000000e+00 +0.0000000e+00 +1.8857551e+04
8.8457000e-02 +5.0000000e-01 +1.5602333e+01 +9.9474167e-02 +0.0000000e+00 +3.9115278e+00 +1.0469667e+00 +1.7368917e+00 -8.8840278e-01 +0.0000000e+00 +0.0000000e+00 +1.8155862e+04
9.1401000e-02 +5.0000000e-01 +1.5693467e+01 +1.0132550e-01 +0.0000000e+00 +3.8457778e+00 +1.0512417e+00 +1.7269167e+00 -8.8335278e-01 +0.0000000e+00 +0.0000000e+00 +1.7496264e+04
9.4411000e-02 +5.0000000e-01 +1.5783933e+01 +1.0315633e-01 +0.0000000e+00 +3.7828889e+00 +1.0543694e+00 +1.7158083e+00 -8.7804722e-01 +0.0000000e+00 +0.0000000e+00 +1.6870997e+04
9.7488000e-02 +5.0000000e-01 +1.5873833e+01 +1.0495683e-01 +0.0000000e+00 +3.7230833e+00 +1.0564389e+00 +1.7037194e+00 -8.7256667e-01 +0.0000000e+00 +0.0000000e+00 +1.6269455e+04
1.0063400e-01 +5.0000000e-01 +1.5963183e+01 +1.0670433e-01 +0.0000000e+00 +3.6666667e+00 +1.0575472e+00 +1.6908250e+00 -8.6692778e-01 +0.0000000e+00 +0.0000000e+00 +1.5685224e+04
1.0384900e-01 +5.0000000e-01 +1.6051967e+01 +1.0837150e-01 +0.0000000e+00 +3.6136944e+00 +1.0577806e+00 +1.6771833e+00 -8.6108889e-01 +0.0000000e+00 +0.0000000e+00 +1.5116984e+04
1.0713400e-01 +5.0000000e-01 +1.6140233e+01 +1.0993850e-01 +0.0000000e+00 +3.5640000e+00 +1.0572444e+00 +1.6627194e+00 -8.5500556e-01 +0.0000000e+00 -3.9474722e-20 +1.4565792e+04
1.1049000e-01 +5.0000000e-01 +1.6228117e+01 +1.1139950e-01 +0.0000000e+00 +3.5172500e+00 +1.0560194e+00 +1.6473806e+00 -8.4869444e-01 +0.0000000e+00 +0.0000000e+00 +1.4033025e+04
1.1391900e-01 +5.0000000e-01 +1.6315767e+01 +1.1275917e-01 +0.0000000e+00 +3.4731944e+00 +1.0541528e+00 +1.6311556e+00 -8.4227222e-01 +0.0000000e+00 -9.8686389e-21 +1.3520173e+04
1.1742100e-01 +5.0000000e-01 +1.6403300e+01 +1.1402683e-01 +0.0000000e+00 +3.4317778e+00 +1.0516806e+00 +1.6139722e+00 -8.3589722e-01 +0.0000000e+00 +3.9474722e-20 +1.3027611e+04
1.2099600e-01 +5.0000000e-01 +1.6490750e+01 +1.1520983e-01 +0.0000000e+00 +3.3930556e+00 +1.0486472e+00 +1.5958306e+00 -8.2964722e-01 +0.0000000e+00 +0.0000000e+00 +1.2553381e+04
1.2464700e-01 +5.0000000e-01 +1.6578117e+01 +1.1631483e-01 +0.0000000e+00 +3.3566944e+00 +1.0451194e+00 +1.5770444e+00 -8.2347778e-01 +0.0000000e+00 +0.0000000e+00 +1.2096619e+04
1.2837200e-01 +5.0000000e-01 +1.6665417e+01 +1.1735033e-01 +0.0000000e+00 +3.3221944e+00 +1.0411639e+00 +1.5581083e+00 -8.1732500e-01 +0.0000000e+00 +0.0000000e+00 +1.1655470e+04
1.3217500e-01 +5.0000000e-01 +1.6752667e+01 +1.1831950e-01 +0.0000000e+00 +3.2889167e+00 +1.0367694e+00 +1.5393222e+00 -8.1113333e-01 +0.0000000e+00 +0.0000000e+00 +1.1229460e+04
1.3605400e-01 +5.0000000e-01 +1.6840167e+01 +1.1921067e-01 +0.0000000e+00 +3.2563333e+00 +1.0318583e+00 +1.5205889e+00 -8.0488056e-01 +0.0000000e+00 +0.0000000e+00 +1.0821783e+04
1.4001100e-01 +5.0000000e-01 +1.6927667e+01 +1.1999600e-01 +0.0000000e+00 +3.2241389e+00 +1.0263333e+00 +1.5015861e+00 -7.9850278e-01 +0.0000000e+00 +0.0000000e+00 +1.0436410e+04
1.4404700e-01 +5.0000000e-01 +1.7015333e+01 +1.2064250e-01 +0.0000000e+00 +3.1919167e+00 +1.0201556e+00 +1.4821889e+00 -7.9190556e-01 +0.0000000e+00 +0.0000000e+00 +1.0073389e+04
1.4816200e-01 +5.0000000e-01 +1.7103333e+01 +1.2112450e-01 +0.0000000e+00 +3.1595278e+00 +1.0133917e+00 +1.4626194e+00 -7.8506389e-01 +0.0000000e+00 +0.0000000e+00 +9.7238152e+03
1.5235700e-01 +5.0000000e-01 +1.7191500e+01 +1.2143167e-01 +0.0000000e+00 +3.1272500e+00 +1.0061667e+00 +1.4430583e+00 -7.7804444e-01 +0.0000000e+00 +0.0000000e+00 +9.3824078e+03
1.5663200e-01 +5.0000000e-01 +1.7279667e+01 +1.2156883e-01 +0.0000000e+00 +3.0952500e+00 +9.9860278e-01 +1.4235111e+00 -7.7089167e-01 +0.0000000e+00 +0.0000000e+00 +9.0554548e+03
1.6098800e-01 +5.0000000e-01 +1.7368500e+01 +1.2154517e-01 +0.0000000e+00 +3.0640556e+00 +9.9076944e-01 +1.4042028e+00 -7.6360000e-01 +0.0000000e+00 +0.0000000e+00 +8.7442101e+03
1.6542500e-01 +5.0000000e-01 +1.7457667e+01 +1.2137350e-01 +0.0000000e+00 +3.0339722e+00 +9.8270000e-01 +1.3854944e+00 -7.5615556e-01 +0.0000000e+00 +0.0000000e+00 +8.4417641e+03
1.6994400e-01 +5.0000000e-01 +1.7547667e+01 +1.2108200e-01 +0.0000000e+00 +3.0044722e+00 +9.7439722e-01 +1.3672000e+00 -7.4855833e-01 +0.0000000e+00 +0.0000000e+00 +8.1493154e+03
1.7454600e-01 +5.0000000e-01 +1.7638000e+01 +1.2070750e-01 +0.0000000e+00 +2.9747778e+00 +9.6584722e-01 +1.3484917e+00 -7.4083056e-01 +0.0000000e+00 +0.0000000e+00 +7.8727755e+03
1.7922900e-01 +5.0000000e-01 +1.7728833e+01 +1.2025067e-01 +0.0000000e+00 +2.9446389e+00 +9.5702778e-01 +1.3287194e+00 -7.3290556e-01 +0.0000000e+00 +0.0000000e+00 +7.6111757e+03
1.8399600e-01 +5.0000000e-01 +1.7819833e+01 +1.1965967e-01 +0.0000000e+00 +2.9141667e+00 +9.4790833e-01 +1.3076667e+00 -7.2462778e-01 +0.0000000e+00 +4.9343333e-21 +7.3594623e+03
1.8884500e-01 +5.0000000e-01 +1.7910833e+01 +1.1887983e-01 +0.0000000e+00 +2.8836944e+00 +9.3847222e-01 +1.2853389e+00 -7.1591667e-01 +0.0000000e+00 +0.0000000e+00 +7.1157265e+03
1.9377800e-01 +5.0000000e-01 +1.8001667e+01 +1.1788350e-01 +0.0000000e+00 +2.8536111e+00 +9.2870556e-01 +1.2620000e+00 -7.0682222e-01 +0.0000000e+00 +0.0000000e+00 +6.8774692e+03
1.9879400e-01 +5.0000000e-01 +1.8092667e+01 +1.1666967e-01 +0.0000000e+00 +2.8239444e+00 +9.1861389e-01 +1.2380333e+00 -6.9741389e-01 +0.0000000e+00 +0.0000000e+00 +6.6406443e+03
2.0389300e-01 +5.0000000e-01 +1.8183833e+01 +1.1526300e-01 +0.0000000e+00 +2.7939722e+00 +9.0822500e-01 +1.2136278e+00 -6.8768611e-01 +0.0000000e+00 +0.0000000e+00 +6.4072796e+03
2.0907500e-01 +5.0000000e-01 +1.8274667e+01 +1.1368500e-01 +0.0000000e+00 +2.7632361e+00 +8.9757222e-01 +1.1887556e+00 -6.7760000e-01 +0.0000000e+00 +0.0000000e+00 +6.1855396e+03
2.1433900e-01 +5.0000000e-01 +1.8365667e+01 +1.1192467e-01 +0.0000000e+00 +2.7318139e+00 +8.8673611e-01 +1.1634806e+00 -6.6709444e-01 +0.0000000e+00 +0.0000000e+00 +5.9774793e+03
2.1968700e-01 +5.0000000e-01 +1.8456667e+01 +1.0995167e-01 +0.0000000e+00 +2.6993528e+00 +8.7584722e-01 +1.1380778e+00 -6.5608333e-01 +0.0000000e+00 +0.0000000e+00 +5.7789393e+03
2.2511700e-01 +5.0000000e-01 +1.8547667e+01 +1.0774100e-01 +0.0000000e+00 +2.6650389e+00 +8.6497222e-01 +1.1128028e+00 -6.4453056e-01 +0.0000000e+00 +0.0000000e+00 +5.5866903e+03
2.3062900e-01 +5.0000000e-01 +1.8639167e+01 +1.0528050e-01 +0.0000000e+00 +2.6286556e+00 +8.5403611e-01 +1.0878556e+00 -6.3249444e-01 +0.0000000e+00 +0.0000000e+00 +5.4003610e+03
2.3622300e-01 +5.0000000e-01 +1.8730833e+01 +1.0258050e-01 +0.0000000e+00 +2.5906111e+00 +8.4285278e-01 +1.0633111e+00 -6.2002222e-01 +0.0000000e+00 +0.0000000e+00 +5.2216180e+03
2.4189800e-01 +5.0000000e-01 +1.8822667e+01 +9.9663333e-02 +0.0000000e+00 +2.5512000e+00 +8.3121667e-01 +1.0389694e+00 -6.0707500e-01 +0.0000000e+00 +0.0000000e+00 +5.0507065e+03
2.4765400e-01 +5.0000000e-01 +1.8914667e+01 +9.6540000e-02 +0.0000000e+00 +2.5105750e+00 +8.1903056e-01 +1.0145278e+00 -5.9354444e-01 +0.0000000e+00 +0.0000000e+00 +4.8855755e+03
2.5348900e-01 +5.0000000e-01 +1.9006333e+01 +9.3197167e-02 +0.0000000e+00 +2.4687583e+00 +8.0634167e-01 +9.8991667e-01 -5.7935000e-01 +0.0000000e+00 +0.0000000e+00 +4.7236671e+03
2.5940400e-01 +5.0000000e-01 +1.9097500e+01 +8.9614833e-02 +0.0000000e+00 +2.4259861e+00 +7.9330278e-01 +9.6526944e-01 -5.6453611e-01 +0.0000000e+00 +0.0000000e+00 +4.5623817e+03
2.6539600e-01 +5.0000000e-01 +1.9188167e+01 +8.5799500e-02 +0.0000000e+00 +2.3823750e+00 +7.8011667e-01 +9.4070833e-01 -5.4920000e-01 +0.0000000e+00 +0.0000000e+00 +4.4036969e+03
2.7146600e-01 +5.0000000e-01 +1.9278167e+01 +8.1790833e-02 +0.0000000e+00 +2.3375389e+00 +7.6693056e-01 +9.1623889e-01 -5.3343333e-01 +0.0000000e+00 +0.0000000e+00 +4.2530827e+03
2.7761200e-01 +5.0000000e-01 +1.9367333e+01 +7.7657833e-02 +0.0000000e+00 +2.2916333e+00 +7.5376667e-01 +8.9201111e-01 -5.1733333e-01 +0.0000000e+00 +0.0000000e+00 +4.1102309e+03
2.8383300e-01 +5.0000000e-01 +1.9455667e+01 +7.3488667e-02 +0.0000000e+00 +2.2458306e+00 +7.4054722e-01 +8.6843611e-01 -5.0105556e-01 +0.0000000e+00 +0.0000000e+00 +3.9717374e+03
2.9012800e-01 +5.0000000e-01 +1.9542500e+01 +6.9346167e-02 +0.0000000e+00 +2.2011556e+00 +7.2725278e-01 +8.4583056e-01 -4.8468611e-01 +0.0000000e+00 +0.0000000e+00 +3.8373610e+03
2.9649600e-01 +5.0000000e-01 +1.9628000e+01 +6.5233167e-02 +0.0000000e+00 +2.1583250e+00 +7.1396667e-01 +8.2396111e-01 -4.6820278e-01 +0.0000000e+00 +0.0000000e+00 +3.7076780e+03
3.0293400e-01 +5.0000000e-01 +1.9711833e+01 +6.1132167e-02 +0.0000000e+00 +2.1172333e+00 +7.0082222e-01 +8.0231389e-01 -4.5148611e-01 +0.0000000e+00 +0.0000000e+00 +3.5835097e+03
3.0944200e-01 +5.0000000e-01 +1.9794167e+01 +5.7026167e-02 +0.0000000e+00 +2.0771667e+00 +6.8786389e-01 +7.8083333e-01 -4.3438889e-01 +0.0000000e+00 +0.0000000e+00 +3.4649366e+03
3.1601900e-01 +5.0000000e-01 +1.9875167e+01 +5.2907667e-02 +0.0000000e+00 +2.0380833e+00 +6.7500833e-01 +7.5970000e-01 -4.1689444e-01 +0.0000000e+00 +0.0000000e+00 +3.3509847e+03
3.2266100e-01 +5.0000000e-01 +1.9954500e+01 +4.8800833e-02 +0.0000000e+00 +1.9997806e+00 +6.6216944e-01 +7.3901389e-01 -3.9912778e-01 +0.0000000e+00 +0.0000000e+00 +3.2411657e+03
3.2936900e-01 +5.0000000e-01 +2.0031833e+01 +4.4757333e-02 +0.0000000e+00 +1.9613333e+00 +6.4937778e-01 +7.1864167e-01 -3.8123611e-01 +0.0000000e+00 +0.0000000e+00 +3.1356482e+03
3.3613900e-01 +5.0000000e-01 +2.0107167e+01 +4.0816500e-02 +0.0000000e+00 +1.9220500e+00 +6.3674167e-01 +6.9842222e-01 -3.6335556e-01 +0.0000000e+00 +0.0000000e+00 +3.0356584e+03
3.4297000e-01 +5.0000000e-01 +2.0180000e+01 +3.6975167e-02 +0.0000000e+00 +1.8817694e+00 +6.2434722e-01 +6.7865278e-01 -3.4553889e-01 +0.0000000e+00 +0.0000000e+00 +2.9405503e+03
3.4985900e-01 +5.0000000e-01 +2.0250833e+01 +3.3194500e-02 +0.0000000e+00 +1.8407028e+00 +6.1219444e-01 +6.5963333e-01 -3.2776944e-01 +0.0000000e+00 +0.0000000e+00 +2.8518524e+03
3.5680600e-01 +5.0000000e-01 +2.0319500e+01 +2.9418000e-02 +0.0000000e+00 +1.7995306e+00 +6.0021944e-01 +6.4105556e-01 -3.1000278e-01 +0.0000000e+00 +0.0000000e+00 +2.7710161e+03
3.6380700e-01 +5.0000000e-01 +2.0385667e+01 +2.5638167e-02 +0.0000000e+00 +1.7590861e+00 +5.8848333e-01 +6.2279167e-01 -2.9221389e-01 +0.0000000e+00 +6.3159444e-19 +2.6946660e+03
3.7086000e-01 +5.0000000e-01 +2.0449167e+01 +2.1947833e-02 +0.0000000e+00 +1.7195361e+00 +5.7720556e-01 +6.0549722e-01 -2.7441000e-01 +0.0000000e+00 +0.0000000e+00 +2.6166631e+03
3.7796300e-01 +5.0000000e-01 +2.0510333e+01 +1.8463833e-02 +0.0000000e+00 +1.6803833e+00 +5.6655556e-01 +5.8981667e-01 -2.5664889e-01 +0.0000000e+00 +0.0000000e+00 +2.5359636e+03
3.8511300e-01 +5.0000000e-01 +2.0568833e+01 +1.5272783e-02 +0.0000000e+00 +1.6415639e+00 +5.5654722e-01 +5.7590556e-01 -2.3907639e-01 +0.0000000e+00 +0.0000000e+00 +2.4548485e+03
3.9230900e-01 +5.0000000e-01 +2.0624500e+01 +1.2436583e-02 +0.0000000e+00 +1.6037361e+00 +5.4707778e-01 +5.6358056e-01 -2.2179833e-01 +0.0000000e+00 +0.0000000e+00 +2.3754880e+03
3.9954700e-01 +5.0000000e-01 +2.0677000e+01 +9.9647000e-03 +0.0000000e+00 +1.5676667e+00 +5.3798056e-01 +5.5243333e-01 -2.0480306e-01 +0.0000000e+00 +0.0000000e+00 +2.3010123e+03
4.0682400e-01 +5.0000000e-01 +2.0726333e+01 +7.8387500e-03 +0.0000000e+00 +1.5338806e+00 +5.2917222e-01 +5.4192778e-01 -1.8810528e-01 +0.0000000e+00 +0.0000000e+00 +2.2337469e+03
4.1413900e-01 +5.0000000e-01 +2.0772667e+01 +6.0288333e-03 +0.0000000e+00 +1.5025250e+00 +5.2072500e-01 +5.3176389e-01 -1.7175889e-01 +0.0000000e+00 +0.0000000e+00 +2.1734763e+03
4.2148900e-01 +5.0000000e-01 +2.0815667e+01 +4.5003167e-03 +0.0000000e+00 +1.4735194e+00 +5.1276667e-01 +5.2171389e-01 -1.5577167e-01 +0.0000000e+00 +0.0000000e+00 +2.1202066e+03
4.2886900e-01 +5.0000000e-01 +2.0855833e+01 +3.2144667e-03 +0.0000000e+00 +1.4469361e+00 +5.0537222e-01 +5.1170000e-01 -1.4005639e-01 +0.0000000e+00 +3.1579722e-19 +2.0730162e+03
4.3627900e-01 +5.0000000e-01 +2.0892833e+01 +2.1393833e-03 +0.0000000e+00 +1.4230194e+00 +4.9854444e-01 +5.0217222e-01 -1.2450056e-01 +0.0000000e+00 +0.0000000e+00 +2.0288015e+03
4.4371400e-01 +5.0000000e-01 +2.0926500e+01 +1.2663517e-03 +0.0000000e+00 +1.4020389e+00 +4.9228056e-01 +4.9372500e-01 -1.0906111e-01 +0.0000000e+00 +0.0000000e+00 +1.9868858e+03
4.5117200e-01 +5.0000000e-01 +2.0956667e+01 +5.9599833e-04 +0.0000000e+00 +1.3841028e+00 +4.8657500e-01 +4.8654444e-01 -9.3741944e-02 +0.0000000e+00 +0.0000000e+00 +1.9485711e+03
4.5865000e-01 +5.0000000e-01 +2.0983000e+01 +1.3342783e-04 +0.0000000e+00 +1.3690444e+00 +4.8143056e-01 +4.8043611e-01 -7.8614722e-02 +0.0000000e+00 +0.0000000e+00 +1.9137315e+03
4.6614500e-01 +5.0000000e-01 +2.1005333e+01 -9.5697667e-05 +0.0000000e+00 +1.3564611e+00 +4.7690833e-01 +4.7521111e-01 -6.3782222e-02 +0.0000000e+00 +0.0000000e+00 +1.8825976e+03
4.7365400e-01 +5.0000000e-01 +2.1023333e+01 -1.1946250e-04 +0.0000000e+00 +1.3460917e+00 +4.7307500e-01 +4.7113333e-01 -4.9277500e-02 +0.0000000e+00 +0.0000000e+00 +1.8560598e+03
4.8117400e-01 +5.0000000e-01 +2.1036667e+01 -5.0961333e-05 +0.0000000e+00 +1.3382111e+00 +4.7000278e-01 +4.6844167e-01 -3.5059167e-02 +0.0000000e+00 +0.0000000e+00 +1.8358584e+03
4.8870100e-01 +5.0000000e-01 +2.1045667e+01 -1.9597667e-06 +0.0000000e+00 +1.3330472e+00 +4.6779444e-01 +4.6705833e-01 -2.1006944e-02 +0.0000000e+00 +0.0000000e+00 +1.8230277e+03
4.9623300e-01 +5.0000000e-01 +2.1050000e+01 +0.0000000e+00 +0.0000000e+00 +1.3305972e+00 +4.6661667e-01 +4.6661667e-01 -7.0020278e-03 +0.0000000e+00 +0.0000000e+00 +1.8167777e+03
5.0376700e-01 +5.0000000e-01 +2.1050000e+01 +1.9597667e-06 +0.0000000e+00 +1.3305972e+00 +4.6661667e-01 +4.6661667e-01 +7.0020278e-03 +0.0000000e+00 +0.0000000e+00 +1.8167777e+03
5.1129900e-01 +5.0000000e-01 +2.1045667e+01 +5.0961333e-05 +0.0000000e+00 +1.3330472e+00 +4.6779444e-01 +4.6705833e-01 +2.1006944e-02 +0.0000000e+00 +0.0000000e+00 +1.8230277e+03
5.1882600e-01 +5.0000000e-01 +2.1036667e+01 +1.1946250e-04 +0.0000000e+00 +1.3382111e+00 +4.7000278e-01 +4.6844167e-01 +3.5059167e-02 +0.0000000e+00 +0.0000000e+00 +1.8358584e+03
5.2634600e-01 +5.0000000e-01 +2.1023333e+01 +9.5697667e-05 +0.0000000e+00 +1.3460917e+00 +4.7307500e-01 +4.7113333e-01 +4.9277500e-02 +0.0000000e+00 +0.0000000e+00 +1.8560598e+03
5.3385500e-01 +5.0000000e-01 +2.1005333e+01 -1.3342783e-04 +0.0000000e+00 +1.3564611e+00 +4.7690833e-01 +4.7521111e-01 +6.3782222e-02 +0.0000000e+00 +0.0000000e+00 +1.8825976e+03
5.4135000e-01 +5.0000000e-01 +2.0983000e+01 -5.9599833e-04 +0.0000000e+00 +1.3690444e+00 +4.8143056e-01 +4.8043611e-01 +7.8614722e-02 +0.0000000e+00 +0.0000000e+00 +1.9137315e+03
5.4882800e-01 +5.0000000e-01 +2.0956667e+01 -1.2663517e-03 +0.0000000e+00 +1.3841028e+00 +4.8657500e-01 +4.8654444e-01 +9.3741944e-02 +0.0000000e+00 +0.0000000e+00 +1.9485711e+03
5.5628600e-01 +5.0000000e-01 +2.0926500e+01 -2.1393833e-03 +0.0000000e+00 +1.4020389e+00 +4.9228056e-01 +4.9372500e-01 +1.0906111e-01 +0.0000000e+00 +0.0000000e+00 +1.9868858e+03
5.6372100e-01 +5.0000000e-01 +2.0892833e+01 -3.2144667e-03 +0.0000000e+00 +1.4230194e+00 +4.9854444e-01 +5.0217222e-01 +1.2450056e-01 +0.0000000e+00 +0.0000000e+00 +2.0288015e+03
5.7113100e-01 +5.0000000e-01 +2.0855833e+01 -4.5003167e-03 +0.0000000e+00 +1.4469361e+00 +5.0537222e-01 +5.1170000e-01 +1.4005639e-01 +0.0000000e+00 -3.1579722e-19 +2.0730162e+03
5.7851100e-01 +5.0000000e-01 +2.0815667e+01 -6.0288333e-03 +0.0000000e+00 +1.4735194e+00 +5.1276667e-01 +5.2171389e-01 +1.5577167e-01 +0.0000000e+00 +0.0000000e+00 +2.1202066e+03
5.8586100e-01 +5.0000000e-01 +2.0772667e+01 -7.8387500e-03 +0.0000000e+00 +1.5025250e+00 +5.2072500e-01 +5.3176389e-01 +1.7175889e-01 +0.0000000e+00 +0.0000000e+00 +2.1734763e+03
5.9317600e-01 +5.0000000e-01 +2.0726333e+01 -9.9647000e-03 +0.0000000e+00 +1.5338806e+00 +5.2917222e-01 +5.4192778e-01 +1.8810528e-01 +0.0000000e+00 +0.0000000e+00 +2.2337469e+03
6.0045300e-01 +5.0000000e-01 +2.0677000e+01 -1.2436583e-02 +0.0000000e+00 +1.5676667e+00 +5.3798056e-01 +5.5243333e-01 +2.0480306e-01 +0.0000000e+00 +0.0000000e+00 +2.3010123e+03
6.0769100e-01 +5.0000000e-01 +2.0624500e+01 -1.5272783e-02 +0.0000000e+00 +1.6037361e+00 +5.4707778e-01 +5.6358056e-01 +2.2179833e-01 +0.0000000e+00 +0.0000000e+00 +2.3754880e+03
6.1488700e-01 +5.0000000e-01 +2.0568833e+01 -1.8463833e-02 +0.0000000e+00 +1.6415639e+00 +5.5654722e-01 +5.7590556e-01 +2.3907639e-01 +0.0000000e+00 +0.0000000e+00 +2.4548485e+03
6.2203700e-01 +5.0000000e-01 +2.0510333e+01 -2.1947833e-02 +0.0000000e+00 +1.6803833e+00 +5.6655556e-01 +5.8981667e-01 +2.5664889e-01 +0.0000000e+00 +0.0000000e+00 +2.5359636e+03
6.2914000e-01 +5.0000000e-01 +2.0449167e+01 -2.5638167e-02 +0.0000000e+00 +1.7195361e+00 +5.7720556e-01 +6.0549722e-01 +2.7441000e-01 +0.0000000e+00 +0.0000000e+00 +2.6166631e+03
6.3619300e-01 +5.0000000e-01 +2.0385667e+01 -2.9418000e-02 +0.0000000e+00 +1.7590861e+00 +5.8848333e-01 +6.2279167e-01 +2.9221389e-01 +0.0000000e+00 -6.3159444e-19 +2.6946660e+03
6.4319400e-01 +5.0000000e-01 +2.0319500e+01 -3.3194500e-02 +0.0000000e+00 +1.7995306e+00 +6.0021944e-01 +6.4105556e-01 +3.1000278e-01 +0.0000000e+00 +0.0000000e+00 +2.7710161e+03
6.5014100e-01 +5.0000000e-01 +2.0250833e+01 -3.6975167e-02 +0.0000000e+00 +1.8407028e+00 +6.1219444e-01 +6.5963333e-01 +3.2776944e-01 +0.0000000e+00 +0.0000000e+00 +2.8518524e+03
6.5703000e-01 +5.0000000e-01 +2.0180000e+01 -4.0816500e-02 +0.0000000e+00 +1.8817694e+00 +6.2434722e-01 +6.7865278e-01 +3.4553889e-01 +0.0000000e+00 +0.0000000e+00 +2.9405503e+03
6.6386100e-01 +5.0000000e-01 +2.0107167e+01 -4.4757333e-02 +0.0000000e+00 +1.9220500e+00 +6.3674167e-01 +6.9842222e-01 +3.6335556e-01 +0.0000000e+00 +0.0000000e+00 +3.0356584e+03
6.7063100e-01 +5.0000000e-01 +2.0031833e+01 -4.8800833e-02 +0.0000000e+00 +1.9613333e+00 +6.4937778e-01 +7.1864167e-01 +3.8123611e-01 +0.0000000e+00 +0.0000000e+00 +3.1356482e+03
6.7733900e-01 +5.0000000e-01 +1.9954500e+01 -5.2907667e-02 +0.0000000e+00 +1.9997806e+00 +6.6216944e-01 +7.3901389e-01 +3.9912778e-01 +0.0000000e+00 +0.0000000e+00 +3.2411657e+03
6.8398100e-01 +5.0000000e-01 +1.9875167e+01 -5.7026167e-02 +0.0000000e+00 +2.0380833e+00 +6.7500833e-01 +7.5970000e-01 +4.1689444e-01 +0.0000000e+00 +0.0000000e+00 +3.3509847e+03
6.9055800e-01 +5.0000000e-01 +1.9794167e+01 -6.1132167e-02 +0.0000000e+00 +2.0771667e+00 +6.8786389e-01 +7.8083333e-01 +4.3438889e-01 +0.0000000e+00 +0.0000000e+00 +3.4649366e+03
6.9706600e-01 +5.0000000e-01 +1.9711833e+01 -6.5233167e-02 +0.0000000e+00 +2.1172333e+00 +7.0082222e-01 +8.0231389e-01 +4.5148611e-01 +0.0000000e+00 +0.0000000e+00 +3.5835097e+03
7.0350400e-01 +5.0000000e-01 +1.9628000e+01 -6.9346167e-02 +0.0000000e+00 +2.1583250e+00 +7.1396667e-01 +8.2396111e-01 +4.6820278e-01 +0.0000000e+00 +0.0000000e+00 +3.7076780e+03
7.0987200e-01 +5.0000000e-01 +1.9542500e+01 -7.3488667e-02 +0.0000000e+00 +2.2011556e+00 +7.2725278e-01 +8.4583056e-01 +4.8468611e-01 +0.0000000e+00 +0.0000000e+00 +3.8373610e+03
7.1616700e-01 +5.0000000e-01 +1.9455667e+01 -7.7657833e-02 +0.0000000e+00 +2.2458306e+00 +7.4054722e-01 +8.6843611e-01 +5.0105556e-01 +0.0000000e+00 +0.0000000e+00 +3.9717374e+03
7.2238800e-01 +5.0000000e-01 +1.9367333e+01 -8.1790833e-02 +0.0000000e+00 +2.2916333e+00 +7.5376667e-01 +8.9201111e-01 +5.1733333e-01 +0.0000000e+00 +0.0000000e+00 +4.1102309e+03
7.2853400e-01 +5.0000000e-01 +1.9278167e+01 -8.5799500e-02 +0.0000000e+00 +2.3375389e+00 +7.6693056e-01 +9.1623889e-01 +5.3343333e-01 +0.0000000e+00 +0.0000000e+00 +4.2530827e+03
7.3460400e-01 +5.0000000e-01 +1.9188167e+01 -8.9614833e-02 +0.0000000e+00 +2.3823750e+00 +7.8011667e-01 +9.4070833e-01 +5.4920000e-01 +0.0000000e+00 +0.0000000e+00 +4.4036969e+03
7.4059600e-01 +5.0000000e-01 +1.9097500e+01 -9.3197167e-02 +0.0000000e+00 +2.4259861e+00 +7.9330278e-01 +9.6526944e-01 +5.6453611e-01 +0.0000000e+00 +0.0000000e+00 +4.5623817e+03
7.4651100e-01 +5.0000000e-01 +1.9006333e+01 -9.6540000e-02 +0.0000000e+00 +2.4687583e+00 +8.0634167e-01 +9.8991667e-01 +5.7935000e-01 +0.0000000e+00 +0.0000000e+00 +4.7236671e+03
7.5234600e-01 +5.0000000e-01 +1.8914667e+01 -9.9663333e-02 +0.0000000e+00 +2.5105750e+00 +8.1903056e-01 +1.0145278e+00 +5.9354444e-01 +0.0000000e+00 +0.0000000e+00 +4.8855755e+03
7.5810200e-01 +5.0000000e-01 +1.8822667e+01 -1.0258050e-01 +0.0000000e+00 +2.5512000e+00 +8.3121667e-01 +1.0389694e+00 +6.0707500e-01 +0.0000000e+00 +0.0000000e+00 +5.0507065e+03
7.6377700e-01 +5.0000000e-01 +1.8730833e+01 -1.0528050e-01 +0.0000000e+00 +2.5906111e+00 +8.4285278e-01 +1.0633111e+00 +6.2002222e-01 +0.0000000e+00 +0.0000000e+00 +5.2216180e+03
7.6937100e-01 +5.0000000e-01 +1.8639167e+01 -1.0774100e-01 +0.0000000e+00 +2.6286556e+00 +8.5403611e-01 +1.0878556e+00 +6.3249444e-01 +0.0000000e+00 +0.0000000e+00 +5.4003610e+03
7.7488300e-01 +5.0000000e-01 +1.8547667e+01 -1.0995167e-01 +0.0000000e+00 +2.6650389e+00 +8.6497222e-01 +1.1128028e+00 +6.4453056e-01 +0.0000000e+00 +0.0000000e+00 +5.5866903e+03
7.8031300e-01 +5.0000000e-01 +1.8456667e+01 -1.1192467e-01 +0.0000000e+00 +2.6993528e+00 +8.7584722e-01 +1.1380778e+00 +6.5608333e-01 +0.0000000e+00 +0.0000000e+00 +5.7789393e+03
7.8566100e-01 +5.0000000e-01 +1.8365667e+01 -1.1368500e-01 +0.0000000e+00 +2.7318139e+00 +8.8673611e-01 +1.1634806e+00 +6.6709444e-01 +0.0000000e+00 +0.0000000e+00 +5.9774793e+03
7.9092500e-01 +5.0000000e-01 +1.8274667e+01 -1.1526300e-01 +0.0000000e+00 +2.7632361e+00 +8.9757222e-01 +1.1887556e+00 +6.7760000e-01 +0.0000000e+00 +0.0000000e+00 +6.1855396e+03
7.9610700e-01 +5.0000000e-01 +1.8183833e+01 -1.1666967e-01 +0.0000000e+00 +2.7939722e+00 +9.0822500e-01 +1.2136278e+00 +6.8768611e-01 +0.0000000e+00 +0.0000000e+00 +6.4072796e+03
8.0120600e-01 +5.0000000e-01 +1.8092667e+01 -1.1788350e-01 +0.0000000e+00 +2.8239444e+00 +9.1861389e-01 +1.2380333e+00 +6.9741389e-01 +0.0000000e+00 +0.0000000e+00 +6.6406443e+03
8.0622200e-01 +5.0000000e-01 +1.8001667e+01 -1.1887983e-01 +0.0000000e+00 +2.8536111e+00 +9.2870556e-01 +1.2620000e+00 +7.0682222e-01 +0.0000000e+00 +0.0000000e+00 +6.8774692e+03
8.1115500e-01 +5.0000000e-01 +1.7910833e+01 -1.1965967e-01 +0.0000000e+00 +2.8836944e+00 +9.3847222e-01 +1.2853389e+00 +7.1591667e-01 +0.0000000e+00 +0.0000000e+00 +7.1157265e+03
8.1600400e-01 +5.0000000e-01 +1.7819833e+01 -1.2025067e-01 +0.0000000e+00 +2.9141667e+00 +9.4790833e-01 +1.3076667e+00 +7.2462778e-01 +0.0000000e+00 -4.9343333e-21 +7.3594623e+03
8.2077100e-01 +5.0000000e-01 +1.7728833e+01 -1.2070750e-01 +0.0000000e+00 +2.9446389e+00 +9.5702778e-01 +1.3287194e+00 +7.3290556e-01 +0.0000000e+00 +0.0000000e+00 +7.6111757e+03
8.2545400e-01 +5.0000000e-01 +1.7638000e+01 -1.2108200e-01 +0.0000000e+00 +2.9747778e+00 +9.6584722e-01 +1.3484917e+00 +7.4083056e-01 +0.0000000e+00 +0.0000000e+00 +7.8727755e+03
8.3005600e-01 +5.0000000e-01 +1.7547667e+01 -1.2137350e-01 +0.0000000e+00 +3.0044722e+00 +9.7439722e-01 +1.3672000e+00 +7.4855833e-01 +0.0000000e+00 +0.0000000e+00 +8.1493154e+03
8.3457500e-01 +5.0000000e-01 +1.7457667e+01 -1.2154517e-01 +0.0000000e+00 +3.0339722e+00 +9.8270000e-01 +1.3854944e+00 +7.5615556e-01 +0.0000000e+00 +0.0000000e+00 +8.4417641e+03
8.3901200e-01 +5.0000000e-01 +1.7368500e+01 -1.2156883e-01 +0.0000000e+00 +3.0640556e+00 +9.9076944e-01 +1.4042028e+00 +7.6360000e-01 +0.0000000e+00 +0.0000000e+00 +8.7442101e+03
8.4336800e-01 +5.0000000e-01 +1.7279667e+01 -1.2143167e-01 +0.0000000e+00 +3.0952500e+00 +9.9860278e-01 +1.4235111e+00 +7.7089167e-01 +0.0000000e+00 +0.0000000e+00 +9.0554548e+03
8.4764300e-01 +5.0000000e-01 +1.7191500e+01 -1.2112450e-01 +0.0000000e+00 +3.1272500e+00 +1.0061667e+00 +1.4430583e+00 +7.7804444e-01 +0.0000000e+00 +0.0000000e+00 +9.3824077e+03
8.5183800e-01 +5.0000000e-01 +1.7103333e+01 -1.2064250e-01 +0.0000000e+00 +3.1595278e+00 +1.0133917e+00 +1.4626194e+00 +7.8506389e-01 +0.0000000e+00 +0.0000000e+00 +9.7238152e+03
8.5595300e-01 +5.0000000e-01 +1.7015333e+01 -1.1999600e-01 +0.0000000e+00 +3.1919167e+00 +1.0201556e+00 +1.4821889e+00 +7.9190556e-01 +0.0000000e+00 +0.0000000e+00 +1.0073389e+04
8.5998900e-01 +5.0000000e-01 +1.6927667e+01 -1.1921067e-01 +0.0000000e+00 +3.2241389e+00 +1.0263333e+00 +1.5015861e+00 +7.9850278e-01 +0.0000000e+00 +0.0000000e+00 +1.0436410e+04
8.6394600e-01 +5.0000000e-01 +1.6840167e+01 -1.1831950e-01 +0.0000000e+00 +3.2563333e+00 +1.0318583e+00 +1.5205889e+00 +8.0488056e-01 +0.0000000e+00 +0.0000000e+00 +1.0821783e+04
8.6782500e-01 +5.0000000e-01 +1.6752667e+01 -1.1735033e-01 +0.0000000e+00 +3.2889167e+00 +1.0367694e+00 +1.5393222e+00 +8.1113333e-01 +0.0000000e+00 +0.0000000e+00 +1.1229460e+04
8.7162800e-01 +5.0000000e-01 +1.6665417e+01 -1.1631483e-01 +0.0000000e+00 +3.3221944e+00 +1.0411639e+00 +1.5581083e+00 +8.1732500e-01 +0.0000000e+00 +0.0000000e+00 +1.1655470e+04
8.7535300e-01 +5.0000000e-01 +1.6578117e+01 -1.1520983e-01 +0.0000000e+00 +3.3566944e+00 +1.0451194e+00 +1.5770444e+00 +8.2347778e-01 +0.0000000e+00 +0.0000000e+00 +1.2096619e+04
8.7900400e-01 +5.0000000e-01 +1.6490750e+01 -1.1402683e-01 +0.0000000e+00 +3.3930556e+00 +1.0486472e+00 +1.5958306e+00 +8.2964722e-01 +0.0000000e+00 +0.0000000e+00 +1.2553381e+04
8.8257900e-01 +5.0000000e-01 +1.6403300e+01 -1.1275917e-01 +0.0000000e+00 +3.4317778e+00 +1.0516806e+00 +1.6139722e+00 +8.3589722e-01 +0.0000000e+00 -3.9474722e-20 +1.3027611e+04
8.8608100e-01 +5.0000000e-01 +1.6315767e+01 -1.1139950e-01 +0.0000000e+00 +3.4731944e+00 +1.0541528e+00 +1.6311556e+00 +8.4227222e-01 +0.0000000e+00 +9.8686389e-21 +1.3520173e+04
8.8951000e-01 +5.0000000e-01 +1.6228117e+01 -1.0993850e-01 +0.0000000e+00 +3.5172500e+00 +1.0560194e+00 +1.6473806e+00 +8.4869444e-01 +0.0000000e+00 +0.0000000e+00 +1.4033025e+04
8.9286600e-01 +5.0000000e-01 +1.6140233e+01 -1.0837150e-01 +0.0000000e+00 +3.5640000e+00 +1.0572444e+00 +1.6627194e+00 +8.5500556e-01 +0.0000000e+00 +3.9474722e-20 +1.4565792e+04
8.9615100e-01 +5.0000000e-01 +1.6051967e+01 -1.0670433e-01 +0.0000000e+00 +3.6136944e+00 +1.0577806e+00 +1.6771833e+00 +8.6108889e-01 +0.0000000e+00 +0.0000000e+00 +1.5116984e+04
8.9936600e-01 +5.0000000e-01 +1.5963183e+01 -1.0495683e-01 +0.0000000e+00 +3.6666667e+00 +1.0575472e+00 +1.6908250e+00 +8.6692778e-01 +0.0000000e+00 +0.0000000e+00 +1.5685224e+04
9.0251200e-01 +5.0000000e-01 +1.5873833e+01 -1.0315633e-01 +0.0000000e+00 +3.7230833e+00 +1.0564389e+00 +1.7037194e+00 +8.7256667e-01 +0.0000000e+00 +0.0000000e+00 +1.6269455e+04
9.0558900e-01 +5.0000000e-01 +1.5783933e+01 -1.0132550e-01 +0.0000000e+00 +3.7828889e+00 +1.0543694e+00 +1.7158083e+00 +8.7804722e-01 +0.0000000e+00 +0.0000000e+00 +1.6870997e+04
9.0859900e-01 +5.0000000e-01 +1.5693467e+01 -9.9474167e-02 +0.0000000e+00 +3.8457778e+00 +1.0512417e+00 +1.7269167e+00 +8.8335278e-01 +0.0000000e+00 +0.0000000e+00 +1.7496264e+04
9.1154300e-01 +5.0000000e-01 +1.5602333e+01 -9.7601000e-02 +0.0000000e+00 +3.9115278e+00 +1.0469667e+00 +1.7368917e+00 +8.8840278e-01 +0.0000000e+00 +0.0000000e+00 +1.8155862e+04
9.1442100e-01 +5.0000000e-01 +1.5510433e+01 -9.5698500e-02 +0.0000000e+00 +3.9801667e+00 +1.0414583e+00 +1.7457806e+00 +8.9310278e-01 +0.0000000e+00 +0.0000000e+00 +1.8857551e+04
9.1723400e-01 +5.0000000e-01 +1.5417550e+01 -9.3758500e-02 +0.0000000e+00 +4.0521111e+00 +1.0346389e+00 +1.7537944e+00 +8.9736389e-01 +0.0000000e+00 +0.0000000e+00 +1.9600842e+04
9.1998500e-01 +5.0000000e-01 +1.5323433e+01 -9.1774833e-02 +0.0000000e+00 +4.1279722e+00 +1.0264444e+00 +1.7611250e+00 +9.0112500e-01 +0.0000000e+00 +0.0000000e+00 +2.0383630e+04
9.2267300e-01 +5.0000000e-01 +1.5227833e+01 -8.9743500e-02 +0.0000000e+00 +4.2083889e+00 +1.0168139e+00 +1.7677944e+00 +9.0435556e-01 +0.0000000e+00 +0.0000000e+00 +2.1206324e+04
9.2529900e-01 +5.0000000e-01 +1.5130567e+01 -8.7661667e-02 +0.0000000e+00 +4.2938056e+00 +1.0056972e+00 +1.7736333e+00 +9.0704722e-01 +0.0000000e+00 +0.0000000e+00 +2.2068267e+04
9.2786600e-01 +5.0000000e-01 +1.5031433e+01 -8.5526500e-02 +0.0000000e+00 +4.3846111e+00 +9.9304722e-01 +1.7784028e+00 +9.0918611e-01 +0.0000000e+00 +0.0000000e+00 +2.2965796e+04
9.3037300e-01 +5.0000000e-01 +1.4930250e+01 -8.3334833e-02 +0.0000000e+00 +4.4809167e+00 +9.7883889e-01 +1.7818194e+00 +9.1077778e-01 +0.0000000e+00 +0.0000000e+00 +2.3895127e+04
9.3282200e-01 +5.0000000e-01 +1.4826833e+01 -8.1083333e-02 +0.0000000e+00 +4.5826389e+00 +9.6305833e-01 +1.7835417e+00 +9.1181667e-01 +0.0000000e+00 +0.0000000e+00 +2.4855914e+04
9.3521400e-01 +5.0000000e-01 +1.4720983e+01 -7.8767833e-02 +0.0000000e+00 +4.6894722e+00 +9.4571111e-01 +1.7832361e+00 +9.1229444e-01 +0.0000000e+00 +0.0000000e+00 +2.5852952e+04
9.3754900e-01 +5.0000000e-01 +1.4612483e+01 -7.6384500e-02 +0.0000000e+00 +4.8010556e+00 +9.2683611e-01 +1.7807083e+00 +9.1219722e-01 +0.0000000e+00 +0.0000000e+00 +2.6892168e+04
9.3983000e-01 +5.0000000e-01 +1.4501067e+01 -7.3928667e-02 +0.0000000e+00 +4.9172778e+00 +9.0647500e-01 +1.7760028e+00 +9.1150833e-01 +0.0000000e+00 +0.0000000e+00 +2.7974451e+04
9.4205600e-01 +5.0000000e-01 +1.4386400e+01 -7.1396333e-02 +0.0000000e+00 +5.0382222e+00 +8.8468056e-01 +1.7693306e+00 +9.1020556e-01 +0.0000000e+00 +0.0000000e+00 +2.9097165e+04
9.4422900e-01 +5.0000000e-01 +1.4268167e+01 -6.8787167e-02 +0.0000000e+00 +5.1641667e+00 +8.6150000e-01 +1.7609306e+00 +9.0826944e-01 +0.0000000e+00 +0.0000000e+00 +3.0256389e+04
9.4635000e-01 +5.0000000e-01 +1.4146017e+01 -6.6105000e-02 +0.0000000e+00 +5.2953333e+00 +8.3697778e-01 +1.7509611e+00 +9.0566667e-01 +0.0000000e+00 +0.0000000e+00 +3.1449734e+04
9.4842100e-01 +5.0000000e-01 +1.4019600e+01 -6.3358667e-02 +0.0000000e+00 +5.4317778e+00 +8.1116944e-01 +1.7395028e+00 +9.0236111e-01 +0.0000000e+00 +0.0000000e+00 +3.2675246e+04
9.5044100e-01 +5.0000000e-01 +1.3888550e+01 -6.0560167e-02 +0.0000000e+00 +5.5732778e+00 +7.8413889e-01 +1.7265972e+00 +8.9828333e-01 +0.0000000e+00 +0.0000000e+00 +3.3929921e+04
9.5241200e-01 +5.0000000e-01 +1.3752467e+01 -5.7723833e-02 +0.0000000e+00 +5.7193889e+00 +7.5596389e-01 +1.7122694e+00 +8.9333611e-01 +0.0000000e+00 +0.0000000e+00 +3.5209097e+04
9.5433500e-01 +5.0000000e-01 +1.3610933e+01 -5.4867167e-02 +0.0000000e+00 +5.8694722e+00 +7.2673889e-01 +1.6965444e+00 +8.8740278e-01 +0.0000000e+00 +0.0000000e+00 +3.6510114e+04
9.5621000e-01 +5.0000000e-01 +1.3463433e+01 -5.2009500e-02 +0.0000000e+00 +6.0226667e+00 +6.9657222e-01 +1.6794222e+00 +8.8036111e-01 +0.0000000e+00 +0.0000000e+00 +3.7833407e+04
9.5804000e-01 +5.0000000e-01 +1.3309417e+01 -4.9170167e-02 +0.0000000e+00 +6.1780278e+00 +6.6557778e-01 +1.6608750e+00 +8.7210278e-01 +0.0000000e+00 +0.0000000e+00 +3.9179080e+04
9.5982400e-01 +5.0000000e-01 +1.3148267e+01 -4.6367000e-02 +0.0000000e+00 +6.3345278e+00 +6.3388611e-01 +1.6408278e+00 +8.6253611e-01 +0.0000000e+00 +0.0000000e+00 +4.0544768e+04
9.6156500e-01 +5.0000000e-01 +1.2979350e+01 -4.3614333e-02 +0.0000000e+00 +6.4910000e+00 +6.0162778e-01 +1.6191667e+00 +8.5160278e-01 +0.0000000e+00 +0.0000000e+00 +4.1926852e+04
9.6326200e-01 +5.0000000e-01 +1.2801950e+01 -4.0922500e-02 +0.0000000e+00 +6.6460000e+00 +5.6894444e-01 +1.5957278e+00 +8.3926111e-01 +0.0000000e+00 +0.0000000e+00 +4.3317865e+04
9.6491600e-01 +5.0000000e-01 +1.2615383e+01 -3.8297500e-02 +0.0000000e+00 +6.7979167e+00 +5.3597500e-01 +1.5703194e+00 +8.2545278e-01 +0.0000000e+00 +0.0000000e+00 +4.4708346e+04
9.6652900e-01 +5.0000000e-01 +1.2418917e+01 -3.5742500e-02 +0.0000000e+00 +6.9446944e+00 +5.0287222e-01 +1.5427639e+00 +8.1011389e-01 +0.0000000e+00 +0.0000000e+00 +4.6087686e+04
9.6810200e-01 +5.0000000e-01 +1.2211767e+01 -3.3258833e-02 +0.0000000e+00 +7.0840000e+00 +4.6978333e-01 +1.5129167e+00 +7.9315278e-01 +0.0000000e+00 +0.0000000e+00 +4.7446403e+04
9.6963500e-01 +5.0000000e-01 +1.1993133e+01 -3.0846667e-02 +0.0000000e+00 +7.2129722e+00 +4.3687222e-01 +1.4806722e+00 +7.7446111e-01 +0.0000000e+00 +0.0000000e+00 +4.8775000e+04
9.7112900e-01 +5.0000000e-01 +1.1762150e+01 -2.8505667e-02 +0.0000000e+00 +7.3284444e+00 +4.0428889e-01 +1.4459389e+00 +7.5391944e-01 +0.0000000e+00 +0.0000000e+00 +5.0064209e+04
9.7258500e-01 +5.0000000e-01 +1.1517950e+01 -2.6236000e-02 +0.0000000e+00 +7.4269722e+00 +3.7219167e-01 +1.4086556e+00 +7.3140833e-01 +3.1579722e-19 +0.0000000e+00 +5.1303002e+04
9.7400400e-01 +5.0000000e-01 +1.1259583e+01 -2.4038167e-02 +0.0000000e+00 +7.5048056e+00 +3.4073611e-01 +1.3687889e+00 +7.0680278e-01 +0.0000000e+00 +0.0000000e+00 +5.2476929e+04
9.7538700e-01 +5.0000000e-01 +1.0986167e+01 -2.1914500e-02 +0.0000000e+00 +7.5578056e+00 +3.1007500e-01 +1.3263306e+00 +6.8000556e-01 +0.0000000e+00 +0.0000000e+00 +5.3566982e+04
9.7673400e-01 +5.0000000e-01 +1.0696733e+01 -1.9868333e-02 +0.0000000e+00 +7.5816944e+00 +2.8035000e-01 +1.2813083e+00 +6.5092500e-01 +0.0000000e+00 +0.0000000e+00 +5.4552357e+04
9.7804700e-01 +5.0000000e-01 +1.0390417e+01 -1.7904500e-02 +0.0000000e+00 +7.5718333e+00 +2.5170750e-01 +1.2337944e+00 +6.1950278e-01 +0.0000000e+00 +0.0000000e+00 +5.5410345e+04
9.7932500e-01 +5.0000000e-01 +1.0066400e+01 -1.6028400e-02 +0.0000000e+00 +7.5233333e+00 +2.2428528e-01 +1.1839139e+00 +5.8572778e-01 +0.0000000e+00 +0.0000000e+00 +5.6121528e+04
9.8057100e-01 +5.0000000e-01 +9.7239500e+00 -1.4246617e-02 +0.0000000e+00 +7.4313333e+00 +1.9820972e-01 +1.1318361e+00 +5.4963611e-01 +0.0000000e+00 +0.0000000e+00 +5.6671378e+04
9.8178500e-01 +5.0000000e-01 +9.3625000e+00 -1.2565567e-02 +0.0000000e+00 +7.2911111e+00 +1.7359556e-01 +1.0777889e+00 +5.1134167e-01 +0.0000000e+00 +1.5789833e-19 +5.7052308e+04
9.8296700e-01 +5.0000000e-01 +8.9816833e+00 -1.0991483e-02 +0.0000000e+00 +7.0984167e+00 +1.5054167e-01 +1.0220250e+00 +4.7104167e-01 +0.0000000e+00 +0.0000000e+00 +5.7267474e+04
9.8411800e-01 +5.0000000e-01 +8.5813667e+00 -9.5297500e-03 +0.0000000e+00 +6.8498333e+00 +1.2913028e-01 +9.6479722e-01 +4.2904444e-01 +0.0000000e+00 +0.0000000e+00 +5.7334920e+04
9.8524000e-01 +5.0000000e-01 +8.1617000e+00 -8.1844167e-03 +0.0000000e+00 +6.5432222e+00 +1.0942417e-01 +9.0635833e-01 +3.8575833e-01 +0.0000000e+00 +0.0000000e+00 +5.7291274e+04
9.8633200e-01 +5.0000000e-01 +7.7232000e+00 -6.9577833e-03 +0.0000000e+00 +6.1781667e+00 +9.1466389e-02 +8.4690833e-01 +3.4171389e-01 +0.0000000e+00 +1.5789833e-19 +5.7196376e+04
9.8739500e-01 +5.0000000e-01 +7.2667667e+00 -5.8501000e-03 +0.0000000e+00 +5.7565000e+00 +7.5279722e-02 +7.8660833e-01 +2.9756389e-01 +0.0000000e+00 +0.0000000e+00 +5.7133309e+04
9.8843100e-01 +5.0000000e-01 +6.7937167e+00 -4.8596500e-03 +0.0000000e+00 +5.2826667e+00 +6.0867500e-02 +7.2555000e-01 +2.5405722e-01 +0.0000000e+00 +0.0000000e+00 +5.7204421e+04
9.8943900e-01 +5.0000000e-01 +6.3058000e+00 -3.9827833e-03 +0.0000000e+00 +4.7641667e+00 +4.8212778e-02 +6.6377222e-01 +2.1201889e-01 +0.0000000e+00 +0.0000000e+00 +5.7521575e+04
9.9042000e-01 +5.0000000e-01 +5.8051500e+00 -3.2144667e-03 +0.0000000e+00 +4.2116389e+00 +3.7279167e-02 +6.0126667e-01 +1.7231333e-01 +0.0000000e+00 +0.0000000e+00 +5.8187986e+04
9.9137600e-01 +5.0000000e-01 +5.2943167e+00 -2.5485167e-03 +0.0000000e+00 +3.6387778e+00 +2.8010556e-02 +5.3801667e-01 +1.3578194e-01 +0.0000000e+00 +0.0000000e+00 +5.9272170e+04
9.9230600e-01 +5.0000000e-01 +4.7761000e+00 -1.9781667e-03 +0.0000000e+00 +3.0616389e+00 +2.0331361e-02 +4.7405278e-01 +1.0317583e-01 +0.0000000e+00 +0.0000000e+00 +6.0786343e+04
9.9321200e-01 +5.0000000e-01 +4.2535500e+00 -1.4962883e-03 +0.0000000e+00 +2.4978000e+00 +1.4144472e-02 +4.0953889e-01 +7.5081667e-02 +0.0000000e+00 +0.0000000e+00 +6.2667838e+04
9.9409400e-01 +5.0000000e-01 +3.7296833e+00 -1.0957100e-03 +0.0000000e+00 +1.9648361e+00 +9.3312500e-03 +3.4483889e-01 +5.1855556e-02 +0.0000000e+00 +0.0000000e+00 +6.4786572e+04
9.9495200e-01 +5.0000000e-01 +3.2075167e+00 -7.6935667e-04 +0.0000000e+00 +1.4789056e+00 +5.7504167e-03 +2.8063611e-01 +3.3574167e-02 -3.9474722e-20 +0.0000000e+00 +6.6975096e+04
9.9578700e-01 +5.0000000e-01 +2.6897333e+00 -5.1032500e-04 +0.0000000e+00 +1.0531972e+00 +3.2383056e-03 +2.1800694e-01 +2.0017611e-02 +0.0000000e+00 +0.0000000e+00 +6.9082967e+04
9.9660000e-01 +5.0000000e-01 +2.1787167e+00 -3.1194000e-04 +0.0000000e+00 +6.9690000e-01 +1.6109778e-03 +1.5851306e-01 +1.0688861e-02 +0.0000000e+00 +0.0000000e+00 +7.1043888e+04
9.9739200e-01 +5.0000000e-01 +1.6763500e+00 -1.6778667e-04 +0.0000000e+00 +4.1481389e-01 +6.6959167e-04 +1.0425056e-01 +4.8739167e-03 +0.0000000e+00 +0.0000000e+00 +7.2928974e+04
9.9816200e-01 +5.0000000e-01 +1.1840050e+00 -7.1748500e-05 +0.0000000e+00 +2.0771861e-01 +2.1043917e-04 +5.7897778e-02 +1.7295972e-03 +0.0000000e+00 +0.0000000e+00 +7.4974628e+04
9.9891100e-01 +5.0000000e-01 +7.0255000e-01 -1.8006333e-05 +0.0000000e+00 +7.3410278e-02 +4.0975000e-05 +2.2756806e-02 +3.8353889e-04 +0.0000000e+00 +0.0000000e+00 +7.7568034e+04
9.9964000e-01 +5.0000000e-01 +2.3242000e-01 +0.0000000e+00 +0.0000000e+00 +8.0837500e-03 +2.9498333e-06 +2.8210833e-03 +2.5005500e-05 +0.0000000e+00 +0.0000000e+00 +8.0894677e+04
1.0000000e+00 +5.0000000e-01 +0.0000000e+00 +0.0000000e+00 +0.0000000e+00 +0.0000000e+00 +0.0000000e+00 +0.0000000e+00 +0.0000000e+00 +0.0000000e+00 +0.0000000e+00 +8.0893611e+04
