#    y              z              <u>            <v>            <w>            <u'u'>         <v'v'>         <w'w'>         <u'v'>         <u'w'>         <v'w'>         <eps>         
#----------------------------------------------------------------------------------------------------------------------------------------------------------------------------------
0.0000000e+00 +1.0000000e-02 +0.0000000e+00 +0.0000000e+00 +0.0000000e+00 +0.0000000e+00 +0.0000000e+00 +0.0000000e+00 +0.0000000e+00 +0.0000000e+00 +0.0000000e+00 +2.7205917e+03
3.6000000e-04 +1.0000000e-02 +5.3759500e-02 -2.7073667e-05 +1.0841867e-04 +3.7714722e-04 +1.8882611e-07 +1.6254111e-05 +1.7282111e-08 -3.2432500e-06 -8.7912500e-07 +2.7206483e+03
1.0890000e-03 +1.0000000e-02 +1.6171133e-01 -9.7969500e-05 +2.9310167e-04 +3.0386389e-03 +2.7526444e-06 +1.3379861e-04 -5.1867778e-07 -2.6033972e-05 -1.2431750e-05 +2.3171179e+03
1.8380000e-03 +1.0000000e-02 +2.7142167e-01 -2.0884333e-04 +4.3209833e-04 +7.7656389e-03 +1.4767528e-05 +3.4806944e-04 -3.6485833e-06 -6.6418889e-05 -5.2105000e-05 +2.0274876e+03
2.6080000e-03 +1.0000000e-02 +3.8291833e-01 -3.5294833e-04 +5.1606333e-04 +1.4132389e-02 +4.9159444e-05 +6.4261111e-04 -1.2055583e-05 -1.2052361e-04 -1.3723194e-04 +1.8572681e+03
3.4000000e-03 +1.0000000e-02 +4.9624333e-01 -5.2247833e-04 +5.3845000e-04 +2.1866583e-02 +1.2398972e-04 +1.0038972e-03 -2.8130000e-05 -1.8510444e-04 -2.8332778e-04 +1.7807952e+03
4.2130000e-03 +1.0000000e-02 +6.1143333e-01 -7.0867833e-04 +4.9470333e-04 +3.0823056e-02 +2.6174917e-04 +1.4201111e-03 -5.3832222e-05 -2.5695861e-04 -5.0380833e-04 +1.7796758e+03
5.0480000e-03 +1.0000000e-02 +7.2852500e-01 -9.0180833e-04 +3.8177333e-04 +4.0961389e-02 +4.8882500e-04 +1.8804528e-03 -9.1137222e-05 -3.3260833e-04 -8.0979167e-04 +1.8416744e+03
5.9060000e-03 +1.0000000e-02 +8.4755333e-01 -1.0910467e-03 +1.9759333e-04 +5.2326111e-02 +8.3507222e-04 +2.3747806e-03 -1.4282556e-04 -4.0840278e-04 -1.2100167e-03 +1.9587958e+03
6.7880000e-03 +1.0000000e-02 +9.6855167e-01 -1.2642867e-03 -5.9489500e-05 +6.5030278e-02 +1.3334056e-03 +2.8935000e-03 -2.1335528e-04 -4.8111111e-04 -1.7107500e-03 +2.1259113e+03
7.6940000e-03 +1.0000000e-02 +1.0915483e+00 -1.4078300e-03 -3.9131667e-04 +7.9243056e-02 +2.0193278e-03 +3.4275556e-03 -3.0955833e-04 -5.4912778e-04 -2.3157222e-03 +2.3398136e+03
8.6240000e-03 +1.0000000e-02 +1.2165650e+00 -1.5060067e-03 -8.0052333e-04 +9.5178333e-02 +2.9303611e-03 +3.9686389e-03 -4.4090556e-04 -6.1416667e-04 -3.0260278e-03 +2.5985937e+03
9.5800000e-03 +1.0000000e-02 +1.3436183e+00 -1.5407083e-03 -1.2910783e-03 +1.1308722e-01 +4.1052222e-03 +4.5093333e-03 -6.1915278e-04 -6.8336944e-04 -3.8400556e-03 +2.9012620e+03
1.0561000e-02 +1.0000000e-02 +1.4727150e+00 -1.4908967e-03 -1.8686833e-03 +1.3325333e-01 +5.5829167e-03 +5.0433333e-03 -8.5725556e-04 -7.7151389e-04 -4.7532500e-03 +3.2474343e+03
1.1569000e-02 +1.0000000e-02 +1.6038500e+00 -1.3321200e-03 -2.5409167e-03 +1.5598694e-01 +7.4014722e-03 +5.5657222e-03 -1.1674861e-03 -9.0300278e-04 -5.7582222e-03 +3.6372761e+03
1.2605000e-02 +1.0000000e-02 +1.7370000e+00 -1.0361250e-03 -3.3171667e-03 +1.8162028e-01 +9.5967222e-03 +6.0734444e-03 -1.5589139e-03 -1.1131833e-03 -6.8447500e-03 +4.0712463e+03
1.3668000e-02 +1.0000000e-02 +1.8721500e+00 -5.7059000e-04 -4.2080833e-03 +2.1050250e-01 +1.2200944e-02 +6.5654722e-03 -2.0344000e-03 -1.4486306e-03 -8.0001944e-03 +4.5500797e+03
1.4760000e-02 +1.0000000e-02 +2.0092167e+00 +1.0089850e-04 -5.2248167e-03 +2.4299056e-01 +1.5241694e-02 +7.0430556e-03 -2.5874722e-03 -1.9660917e-03 -9.2098333e-03 +5.0747372e+03
1.5882000e-02 +1.0000000e-02 +2.1481500e+00 +1.0186217e-03 -6.3779000e-03 +2.7943889e-01 +1.8740889e-02 +7.5096389e-03 -3.1994167e-03 -2.7299583e-03 -1.0457778e-02 +5.6462089e+03
1.7033000e-02 +1.0000000e-02 +2.2888167e+00 +2.2261833e-03 -7.6758333e-03 +3.2019167e-01 +2.2714083e-02 +7.9704167e-03 -3.8370000e-03 -3.8083333e-03 -1.1727750e-02 +6.2654298e+03
1.8215000e-02 +1.0000000e-02 +2.4311000e+00 +3.7696500e-03 -9.1237333e-03 +3.6555556e-01 +2.7170528e-02 +8.4316667e-03 -4.4513333e-03 -5.2679722e-03 -1.3004000e-02 +6.9334332e+03
1.9429000e-02 +1.0000000e-02 +2.5748000e+00 +5.6964000e-03 -1.0721850e-02 +4.1578889e-01 +3.2113333e-02 +8.8997778e-03 -4.9778333e-03 -7.1684722e-03 -1.4272028e-02 +7.6510377e+03
2.0675000e-02 +1.0000000e-02 +2.7197333e+00 +8.0537000e-03 -1.2464467e-02 +4.7108889e-01 +3.7540000e-02 +9.3801111e-03 -5.3378333e-03 -9.5563889e-03 -1.5519167e-02 +8.4189778e+03
2.1953000e-02 +1.0000000e-02 +2.8656167e+00 +1.0887217e-02 -1.4339067e-02 +5.3155833e-01 +4.3443889e-02 +9.8760556e-03 -5.4415000e-03 -1.2460000e-02 -1.6734750e-02 +9.2378701e+03
2.3266000e-02 +1.0000000e-02 +3.0121500e+00 +1.4239333e-02 -1.6326000e-02 +5.9720000e-01 +4.9815000e-02 +1.0388167e-02 -5.1920556e-03 -1.5885444e-02 -1.7910000e-02 +1.0108365e+04
2.4613000e-02 +1.0000000e-02 +3.1590167e+00 +1.8147667e-02 -1.8398667e-02 +6.6790556e-01 +5.6640833e-02 +1.0913861e-02 -4.4904444e-03 -1.9814972e-02 -1.9037667e-02 +1.1030816e+04
2.5996000e-02 +1.0000000e-02 +3.3058000e+00 +2.2643167e-02 -2.0524000e-02 +7.4343611e-01 +6.3908611e-02 +1.1447417e-02 -3.2408889e-03 -2.4207167e-02 -2.0111528e-02 +1.2005772e+04
2.7415000e-02 +1.0000000e-02 +3.4520833e+00 +2.7750000e-02 -2.2664167e-02 +8.2343889e-01 +7.1604444e-02 +1.1980472e-02 -1.3555917e-03 -2.8999167e-02 -2.1125694e-02 +1.3033761e+04
2.8871000e-02 +1.0000000e-02 +3.5974167e+00 +3.3483167e-02 -2.4777167e-02 +9.0743889e-01 +7.9715833e-02 +1.2502750e-02 +1.2404389e-03 -3.4111111e-02 -2.2074139e-02 +1.4115566e+04
3.0365000e-02 +1.0000000e-02 +3.7413000e+00 +3.9848833e-02 -2.6819500e-02 +9.9486111e-01 +8.8230833e-02 +1.3002778e-02 +4.6056944e-03 -3.9449722e-02 -2.2950056e-02 +1.5252243e+04
3.1898000e-02 +1.0000000e-02 +3.8832333e+00 +4.6843667e-02 -2.8747167e-02 +1.0850500e+00 +9.7138611e-02 +1.3469000e-02 +8.7789722e-03 -4.4914167e-02 -2.3745500e-02 +1.6445133e+04
3.3471000e-02 +1.0000000e-02 +4.0226833e+00 +5.4454667e-02 -3.0518500e-02 +1.1772917e+00 +1.0642833e-01 +1.3890722e-02 +1.3777083e-02 -5.0401111e-02 -2.4451056e-02 +1.7695872e+04
3.5084000e-02 +1.0000000e-02 +4.1591500e+00 +6.2660000e-02 -3.2094500e-02 +1.2708417e+00 +1.1609000e-01 +1.4259250e-02 +1.9593167e-02 -5.5809444e-02 -2.5056167e-02 +1.9006034e+04
3.6738000e-02 +1.0000000e-02 +4.2921000e+00 +7.1428167e-02 -3.3441667e-02 +1.3649556e+00 +1.2611194e-01 +1.4568694e-02 +2.6196111e-02 -6.1045278e-02 -2.5549361e-02 +2.0377562e+04
3.8435000e-02 +1.0000000e-02 +4.4210500e+00 +8.0719833e-02 -3.4532167e-02 +1.4589083e+00 +1.3648167e-01 +1.4816250e-02 +3.3530278e-02 -6.6023889e-02 -2.5919056e-02 +2.1812836e+04
4.0176000e-02 +1.0000000e-02 +4.5455333e+00 +9.0487833e-02 -3.5345000e-02 +1.5520194e+00 +1.4718333e-01 +1.5001750e-02 +4.1516667e-02 -7.0674722e-02 -2.6153722e-02 +2.3314135e+04
4.1960000e-02 +1.0000000e-02 +4.6651000e+00 +1.0067750e-01 -3.5866333e-02 +1.6436778e+00 +1.5819750e-01 +1.5126917e-02 +5.0055000e-02 -7.4942222e-02 -2.6242111e-02 +2.4883043e+04
4.3790000e-02 +1.0000000e-02 +4.7793500e+00 +1.1122833e-01 -3.6089167e-02 +1.7333611e+00 +1.6949806e-01 +1.5195250e-02 +5.9027222e-02 -7.8790000e-02 -2.6173139e-02 +2.6522135e+04
4.5665000e-02 +1.0000000e-02 +4.8879333e+00 +1.2207367e-01 -3.6013333e-02 +1.8206222e+00 +1.8105278e-01 +1.5212361e-02 +6.8304722e-02 -8.2202778e-02 -2.5936222e-02 +2.8232369e+04
4.7588000e-02 +1.0000000e-02 +4.9905333e+00 +1.3314217e-01 -3.5645167e-02 +1.9051111e+00 +1.9281944e-01 +1.5187194e-02 +7.7753889e-02 -8.5185278e-02 -2.5522333e-02 +3.0015527e+04
4.9559000e-02 +1.0000000e-02 +5.0868667e+00 +1.4435817e-01 -3.4996000e-02 +1.9865500e+00 +2.0474750e-01 +1.5132306e-02 +8.7243056e-02 -8.7760000e-02 -2.4925889e-02 +3.1871925e+04
5.1579000e-02 +1.0000000e-02 +5.1767167e+00 +1.5564283e-01 -3.4082000e-02 +2.0647000e+00 +2.1677750e-01 +1.5063389e-02 +9.6646667e-02 -8.9962500e-02 -2.4146083e-02 +3.3802063e+04
5.3650000e-02 +1.0000000e-02 +5.2599167e+00 +1.6691500e-01 -3.2922167e-02 +2.1393750e+00 +2.2884417e-01 +1.4997500e-02 +1.0584806e-01 -9.1834722e-02 -2.3188333e-02 +3.5807201e+04
5.5771000e-02 +1.0000000e-02 +5.3363333e+00 +1.7809167e-01 -3.1538167e-02 +2.2104000e+00 +2.4087694e-01 +1.4950861e-02 +1.1473944e-01 -9.3420833e-02 -2.2064361e-02 +3.7887532e+04
5.7944000e-02 +1.0000000e-02 +5.4058667e+00 +1.8908833e-01 -2.9952000e-02 +2.2776472e+00 +2.5280444e-01 +1.4937333e-02 +1.2322028e-01 -9.4760000e-02 -2.0792222e-02 +4.0044630e+04
6.0170000e-02 +1.0000000e-02 +5.4685167e+00 +1.9981833e-01 -2.8186667e-02 +2.3410278e+00 +2.6455528e-01 +1.4967194e-02 +1.3119861e-01 -9.5884722e-02 -1.9396028e-02 +4.2279784e+04
6.2451000e-02 +1.0000000e-02 +5.5242833e+00 +2.1019667e-01 -2.6265000e-02 +2.4004944e+00 +2.7606333e-01 +1.5046722e-02 +1.3858722e-01 -9.6818889e-02 -1.7905500e-02 +4.4594970e+04
6.4786000e-02 +1.0000000e-02 +5.5732500e+00 +2.2013667e-01 -2.4209667e-02 +2.4560528e+00 +2.8726944e-01 +1.5178056e-02 +1.4530139e-01 -9.7580278e-02 -1.6354917e-02 +4.6990001e+04
6.7178000e-02 +1.0000000e-02 +5.6155167e+00 +2.2955333e-01 -2.2044667e-02 +2.5077500e+00 +2.9812500e-01 +1.5359194e-02 +1.5125722e-01 -9.8183889e-02 -1.4780833e-02 +4.9465889e+04
6.9627000e-02 +1.0000000e-02 +5.6512667e+00 +2.3836333e-01 -1.9794167e-02 +2.5556944e+00 +3.0859722e-01 +1.5584639e-02 +1.5637083e-01 -9.8646667e-02 -1.3219056e-02 +5.2020472e+04
7.2134000e-02 +1.0000000e-02 +5.6806833e+00 +2.4649000e-01 -1.7483000e-02 +2.6000750e+00 +3.1866389e-01 +1.5847806e-02 +1.6056333e-01 -9.8993611e-02 -1.1701472e-02 +5.4651920e+04
7.4701000e-02 +1.0000000e-02 +5.7040000e+00 +2.5386167e-01 -1.5135550e-02 +2.6411750e+00 +3.2831389e-01 +1.6145861e-02 +1.6376722e-01 -9.9263333e-02 -1.0256278e-02 +5.7358102e+04
7.7327000e-02 +1.0000000e-02 +5.7214833e+00 +2.6041667e-01 -1.2773633e-02 +2.6793500e+00 +3.3755556e-01 +1.6481083e-02 +1.6593583e-01 -9.9505556e-02 -8.9108056e-03 +6.0134688e+04
8.0015000e-02 +1.0000000e-02 +5.7334833e+00 +2.6609667e-01 -1.0417250e-02 +2.7150472e+00 +3.4641111e-01 +1.6853528e-02 +1.6704694e-01 -9.9776667e-02 -7.6917778e-03 +6.2979144e+04
8.2766000e-02 +1.0000000e-02 +5.7403500e+00 +2.7085500e-01 -8.0875833e-03 +2.7487694e+00 +3.5491944e-01 +1.7254583e-02 +1.6710222e-01 -1.0012972e-01 -6.6194167e-03 +6.5883928e+04
8.5579000e-02 +1.0000000e-02 +5.7425500e+00 +2.7465833e-01 -5.8106833e-03 +2.7810278e+00 +3.6313611e-01 +1.7672278e-02 +1.6612139e-01 -1.0060139e-01 -5.7016111e-03 +6.8841282e+04
8.8457000e-02 +1.0000000e-02 +5.7406000e+00 +2.7748667e-01 -3.6174000e-03 +2.8123056e+00 +3.7110833e-01 +1.8095806e-02 +1.6413667e-01 -1.0121139e-01 -4.9333333e-03 +7.1849989e+04
9.1401000e-02 +1.0000000e-02 +5.7351000e+00 +2.7934167e-01 -1.5403083e-03 +2.8431111e+00 +3.7888611e-01 +1.8512389e-02 +1.6120028e-01 -1.0197500e-01 -4.2987500e-03 +7.4905556e+04
9.4411000e-02 +1.0000000e-02 +5.7266333e+00 +2.8024000e-01 +3.8958333e-04 +2.8738611e+00 +3.8652500e-01 +1.8911278e-02 +1.5738778e-01 -1.0289806e-01 -3.7735000e-03 +7.8002909e+04
9.7488000e-02 +1.0000000e-02 +5.7158833e+00 +2.8021667e-01 +2.1450167e-03 +2.9048333e+00 +3.9407222e-01 +1.9302361e-02 +1.5276944e-01 -1.0397528e-01 -3.3259444e-03 +8.1139952e+04
1.0063400e-01 +1.0000000e-02 +5.7034333e+00 +2.7932500e-01 +3.7040333e-03 +2.9360278e+00 +4.0155833e-01 +1.9722444e-02 +1.4739139e-01 -1.0520278e-01 -2.9249444e-03 +8.4317895e+04
1.0384900e-01 +1.0000000e-02 +5.6899167e+00 +2.7763000e-01 +5.0515833e-03 +2.9673056e+00 +4.0898889e-01 +2.0202778e-02 +1.4128528e-01 -1.0657778e-01 -2.5532194e-03 +8.7540990e+04
1.0713400e-01 +1.0000000e-02 +5.6759333e+00 +2.7520833e-01 +6.1826667e-03 +2.9983056e+00 +4.1633889e-01 +2.0741472e-02 +1.3449528e-01 -1.0807556e-01 -2.2098333e-03 +9.0822462e+04
1.1049000e-01 +1.0000000e-02 +5.6620500e+00 +2.7214333e-01 +7.1071833e-03 +3.0288889e+00 +4.2356389e-01 +2.1304583e-02 +1.2708667e-01 -1.0963694e-01 -1.9027722e-03 +9.4175332e+04
1.1391900e-01 +1.0000000e-02 +5.6487167e+00 +2.6851667e-01 +7.8512833e-03 +3.0591667e+00 +4.3063056e-01 +2.1849806e-02 +1.1913167e-01 -1.1117778e-01 -1.6422750e-03 +9.7612653e+04
1.1742100e-01 +1.0000000e-02 +5.6363333e+00 +2.6439833e-01 +8.4477500e-03 +3.0898056e+00 +4.3753056e-01 +2.2374833e-02 +1.1070028e-01 -1.1268389e-01 -1.4376806e-03 +1.0114193e+05
1.2099600e-01 +1.0000000e-02 +5.6251167e+00 +2.5984500e-01 +8.9254667e-03 +3.1216944e+00 +4.4427500e-01 +2.2913917e-02 +1.0189333e-01 -1.1430139e-01 -1.2976972e-03 +1.0476226e+05
1.2464700e-01 +1.0000000e-02 +5.6153000e+00 +2.5490167e-01 +9.3071000e-03 +3.1558889e+00 +4.5088056e-01 +2.3493306e-02 +9.2868611e-02 -1.1622000e-01 -1.2244083e-03 +1.0847238e+05
1.2837200e-01 +1.0000000e-02 +5.6070833e+00 +2.4960333e-01 +9.6098667e-03 +3.1929444e+00 +4.5734444e-01 +2.4104139e-02 +8.3805556e-02 -1.1851167e-01 -1.2102667e-03 +1.1227531e+05
1.3217500e-01 +1.0000000e-02 +5.6007167e+00 +2.4396833e-01 +9.8439833e-03 +3.2330278e+00 +4.6366389e-01 +2.4725417e-02 +7.4875556e-02 -1.2110806e-01 -1.2431000e-03 +1.1618980e+05
1.3605400e-01 +1.0000000e-02 +5.5964833e+00 +2.3802500e-01 +1.0008467e-02 +3.2756111e+00 +4.6985278e-01 +2.5368167e-02 +6.6203333e-02 -1.2388083e-01 -1.3252722e-03 +1.2023648e+05
1.4001100e-01 +1.0000000e-02 +5.5946500e+00 +2.3181333e-01 +1.0090117e-02 +3.3191389e+00 +4.7599167e-01 +2.6068694e-02 +5.7826944e-02 -1.2671889e-01 -1.4892389e-03 +1.2443254e+05
1.4404700e-01 +1.0000000e-02 +5.5955167e+00 +2.2539667e-01 +1.0076700e-02 +3.3621111e+00 +4.8220278e-01 +2.6807139e-02 +4.9685833e-02 -1.2948778e-01 -1.7674472e-03 +1.2878097e+05
1.4816200e-01 +1.0000000e-02 +5.5993667e+00 +2.1886167e-01 +9.9648167e-03 +3.4038889e+00 +4.8858056e-01 +2.7508694e-02 +4.1614722e-02 -1.3199028e-01 -2.1236000e-03 +1.3328447e+05
1.5235700e-01 +1.0000000e-02 +5.6060833e+00 +2.1229333e-01 +9.7520333e-03 +3.4445556e+00 +4.9513889e-01 +2.8146111e-02 +3.3443333e-02 -1.3419194e-01 -2.4648722e-03 +1.3794583e+05
1.5663200e-01 +1.0000000e-02 +5.6152333e+00 +2.0576000e-01 +9.4510333e-03 +3.4845278e+00 +5.0183611e-01 +2.8763889e-02 +2.5135028e-02 -1.3626333e-01 -2.7249806e-03 +1.4275833e+05
1.6098800e-01 +1.0000000e-02 +5.6261833e+00 +1.9930500e-01 +9.0918667e-03 +3.5243889e+00 +5.0865000e-01 +2.9411944e-02 +1.6771028e-02 -1.3835778e-01 -2.9212778e-03 +1.4771711e+05
1.6542500e-01 +1.0000000e-02 +5.6383167e+00 +1.9297167e-01 +8.7060833e-03 +3.5658333e+00 +5.1557778e-01 +3.0039167e-02 +8.4954444e-03 -1.4053000e-01 -3.0955833e-03 +1.5281207e+05
1.6994400e-01 +1.0000000e-02 +5.6511500e+00 +1.8680500e-01 +8.3328000e-03 +3.6116111e+00 +5.2260833e-01 +3.0573889e-02 +5.6146111e-04 -1.4279333e-01 -3.1932222e-03 +1.5802403e+05
1.7454600e-01 +1.0000000e-02 +5.6643833e+00 +1.8083333e-01 +7.9935500e-03 +3.6633611e+00 +5.2966111e-01 +3.1102500e-02 -6.7425556e-03 -1.4526944e-01 -3.1568056e-03 +1.6334501e+05
1.7922900e-01 +1.0000000e-02 +5.6781333e+00 +1.7506667e-01 +7.6593667e-03 +3.7210833e+00 +5.3658333e-01 +3.1748611e-02 -1.3230472e-02 -1.4810361e-01 -3.0216944e-03 +1.6877778e+05
1.8399600e-01 +1.0000000e-02 +5.6928333e+00 +1.6953500e-01 +7.2516167e-03 +3.7838611e+00 +5.4321389e-01 +3.2523333e-02 -1.8649528e-02 -1.5144111e-01 -2.8769722e-03 +1.7433665e+05
1.8884500e-01 +1.0000000e-02 +5.7088333e+00 +1.6428033e-01 +6.7589000e-03 +3.8508333e+00 +5.4949722e-01 +3.3279722e-02 -2.2392611e-02 -1.5515556e-01 -2.8535000e-03 +1.8001916e+05
1.9377800e-01 +1.0000000e-02 +5.7264833e+00 +1.5931850e-01 +6.2720333e-03 +3.9195000e+00 +5.5555556e-01 +3.3903889e-02 -2.4054389e-02 -1.5874278e-01 -2.9693056e-03 +1.8581417e+05
1.9879400e-01 +1.0000000e-02 +5.7461000e+00 +1.5462100e-01 +5.8441167e-03 +3.9852500e+00 +5.6144167e-01 +3.4500278e-02 -2.4021611e-02 -1.6182194e-01 -3.0899167e-03 +1.9174271e+05
2.0389300e-01 +1.0000000e-02 +5.7676833e+00 +1.5019767e-01 +5.3968667e-03 +4.0443056e+00 +5.6701111e-01 +3.5111667e-02 -2.3038167e-02 -1.6450139e-01 -3.1735278e-03 +1.9782145e+05
2.0907500e-01 +1.0000000e-02 +5.7910833e+00 +1.4614500e-01 +4.8367333e-03 +4.0970278e+00 +5.7216944e-01 +3.5639444e-02 -2.1144139e-02 -1.6708194e-01 -3.2993056e-03 +2.0399393e+05
2.1433900e-01 +1.0000000e-02 +5.8161833e+00 +1.4258233e-01 +4.1939667e-03 +4.1445000e+00 +5.7708889e-01 +3.6143611e-02 -1.7958000e-02 -1.6954111e-01 -3.5219167e-03 +2.1022550e+05
2.1968700e-01 +1.0000000e-02 +5.8431167e+00 +1.3959067e-01 +3.5209000e-03 +4.1863056e+00 +5.8201944e-01 +3.6660278e-02 -1.3961250e-02 -1.7143917e-01 -3.8508611e-03 +2.1655324e+05
2.2511700e-01 +1.0000000e-02 +5.8719667e+00 +1.3725550e-01 +2.7793667e-03 +4.2236389e+00 +5.8698333e-01 +3.7046944e-02 -1.0273861e-02 -1.7252500e-01 -4.0688889e-03 +2.2300987e+05
2.3062900e-01 +1.0000000e-02 +5.9019333e+00 +1.3566267e-01 +1.8967667e-03 +4.2590000e+00 +5.9168611e-01 +3.7418333e-02 -7.5130833e-03 -1.7373861e-01 -3.9226944e-03 +2.2951116e+05
2.3622300e-01 +1.0000000e-02 +5.9316167e+00 +1.3483100e-01 +8.8963500e-04 +4.2945556e+00 +5.9588333e-01 +3.7895278e-02 -4.5697500e-03 -1.7608917e-01 -3.6390278e-03 +2.3594827e+05
2.4189800e-01 +1.0000000e-02 +5.9596167e+00 +1.3466033e-01 +1.7402833e-05 +4.3296111e+00 +5.9980278e-01 +3.8328889e-02 +7.5133056e-06 -1.7896333e-01 -3.4104444e-03 +2.4228329e+05
2.4765400e-01 +1.0000000e-02 +5.9849167e+00 +1.3493783e-01 -4.9111667e-04 +4.3605278e+00 +6.0386111e-01 +3.8746944e-02 +6.4385000e-03 -1.8187278e-01 -3.1928611e-03 +2.4849714e+05
2.5348900e-01 +1.0000000e-02 +6.0070833e+00 +1.3539717e-01 -6.5630167e-04 +4.3856111e+00 +6.0820556e-01 +3.9275833e-02 +1.3934806e-02 -1.8459028e-01 -3.0640278e-03 +2.5457680e+05
2.5940400e-01 +1.0000000e-02 +6.0257833e+00 +1.3576450e-01 -5.3515833e-04 +4.4075000e+00 +6.1266111e-01 +3.9683333e-02 +2.1672472e-02 -1.8658056e-01 -3.0100278e-03 +2.6045462e+05
2.6539600e-01 +1.0000000e-02 +6.0404500e+00 +1.3568117e-01 -2.5137667e-05 +4.4261667e+00 +6.1705556e-01 +3.9873056e-02 +2.8814444e-02 -1.8724306e-01 -2.9726667e-03 +2.6607701e+05
2.7146600e-01 +1.0000000e-02 +6.0506667e+00 +1.3488467e-01 +7.5955833e-04 +4.4397222e+00 +6.2120833e-01 +3.9928056e-02 +3.3688889e-02 -1.8694194e-01 -2.8338611e-03 +2.7141497e+05
2.7761200e-01 +1.0000000e-02 +6.0571000e+00 +1.3325767e-01 +1.5331417e-03 +4.4533056e+00 +6.2480556e-01 +3.9956944e-02 +3.6174444e-02 -1.8686500e-01 -2.4725500e-03 +2.7638762e+05
2.8383300e-01 +1.0000000e-02 +6.0613667e+00 +1.3084467e-01 +2.1606000e-03 +4.4681944e+00 +6.2767778e-01 +4.0099167e-02 +3.7487778e-02 -1.8711806e-01 -2.0685139e-03 +2.8107973e+05
2.9012800e-01 +1.0000000e-02 +6.0648667e+00 +1.2787683e-01 +2.6434667e-03 +4.4801111e+00 +6.2997778e-01 +4.0260556e-02 +3.7921389e-02 -1.8719528e-01 -1.8139639e-03 +2.8555528e+05
2.9649600e-01 +1.0000000e-02 +6.0688500e+00 +1.2473600e-01 +2.8558667e-03 +4.4909167e+00 +6.3181667e-01 +4.0205278e-02 +3.7606667e-02 -1.8684611e-01 -1.6160250e-03 +2.8981357e+05
3.0293400e-01 +1.0000000e-02 +6.0740000e+00 +1.2187517e-01 +2.5613000e-03 +4.4991944e+00 +6.3285556e-01 +4.0135556e-02 +3.6960833e-02 -1.8655778e-01 -1.1470444e-03 +2.9385823e+05
3.0944200e-01 +1.0000000e-02 +6.0795667e+00 +1.1948450e-01 +2.0537167e-03 +4.5015278e+00 +6.3304444e-01 +4.0185833e-02 +3.6634444e-02 -1.8654083e-01 -6.9773611e-04 +2.9765487e+05
3.1601900e-01 +1.0000000e-02 +6.0836500e+00 +1.1743200e-01 +1.7026500e-03 +4.5017778e+00 +6.3291667e-01 +4.0406389e-02 +3.7144167e-02 -1.8687139e-01 -5.3667500e-04 +3.0110652e+05
3.2266100e-01 +1.0000000e-02 +6.0843000e+00 +1.1545667e-01 +1.6113000e-03 +4.5046111e+00 +6.3263333e-01 +4.0596111e-02 +3.8704444e-02 -1.8724778e-01 -4.0266389e-04 +3.0413146e+05
3.2936900e-01 +1.0000000e-02 +6.0805833e+00 +1.1313567e-01 +1.8954167e-03 +4.5068889e+00 +6.3188333e-01 +4.0753056e-02 +4.1932500e-02 -1.8800306e-01 -1.0192944e-04 +3.0668417e+05
3.3613900e-01 +1.0000000e-02 +6.0739000e+00 +1.0995867e-01 +2.5742667e-03 +4.5011944e+00 +6.3088333e-01 +4.0956944e-02 +4.6568611e-02 -1.8821222e-01 -1.8636444e-04 +3.0887100e+05
3.4297000e-01 +1.0000000e-02 +6.0667667e+00 +1.0580133e-01 +3.3247000e-03 +4.4932222e+00 +6.3034167e-01 +4.0953611e-02 +5.0646389e-02 -1.8773722e-01 -6.7033611e-04 +3.1083531e+05
3.4985900e-01 +1.0000000e-02 +6.0609500e+00 +1.0064500e-01 +4.0961833e-03 +4.4876944e+00 +6.3086944e-01 +4.0975000e-02 +5.2870833e-02 -1.8681833e-01 -1.3218556e-03 +3.1276303e+05
3.5680600e-01 +1.0000000e-02 +6.0580500e+00 +9.4680667e-02 +4.8249500e-03 +4.4887500e+00 +6.3270000e-01 +4.0978889e-02 +5.2020833e-02 -1.8590111e-01 -2.1259389e-03 +3.1465203e+05
3.6380700e-01 +1.0000000e-02 +6.0592000e+00 +8.8373000e-02 +5.1234833e-03 +4.4998333e+00 +6.3531667e-01 +4.0920833e-02 +4.7828611e-02 -1.8542778e-01 -2.6575222e-03 +3.1638575e+05
3.7086000e-01 +1.0000000e-02 +6.0643500e+00 +8.2268500e-02 +4.8091167e-03 +4.5141389e+00 +6.3773889e-01 +4.0802500e-02 +4.1468333e-02 -1.8527667e-01 -2.5178806e-03 +3.1799174e+05
3.7796300e-01 +1.0000000e-02 +6.0722000e+00 +7.6688500e-02 +4.1624167e-03 +4.5190833e+00 +6.3963611e-01 +4.0822500e-02 +3.4717500e-02 -1.8563528e-01 -2.2495083e-03 +3.1959162e+05
3.8511300e-01 +1.0000000e-02 +6.0805000e+00 +7.1682500e-02 +3.6297167e-03 +4.5192222e+00 +6.4127500e-01 +4.0920278e-02 +2.7986944e-02 -1.8628917e-01 -2.0276000e-03 +3.2110817e+05
3.9230900e-01 +1.0000000e-02 +6.0873667e+00 +6.7224000e-02 +3.2410333e-03 +4.5203889e+00 +6.4261667e-01 +4.1081667e-02 +2.1766806e-02 -1.8737306e-01 -1.7610417e-03 +3.2240678e+05
3.9954700e-01 +1.0000000e-02 +6.0927833e+00 +6.3332333e-02 +2.7855333e-03 +4.5204444e+00 +6.4378333e-01 +4.1425556e-02 +1.7302611e-02 -1.8868361e-01 -1.7853389e-03 +3.2343845e+05
4.0682400e-01 +1.0000000e-02 +6.0972000e+00 +6.0153167e-02 +2.3000500e-03 +4.5219167e+00 +6.4498056e-01 +4.1459444e-02 +1.4438944e-02 -1.8959583e-01 -1.7475667e-03 +3.2417920e+05
4.1413900e-01 +1.0000000e-02 +6.0989833e+00 +5.7528833e-02 +1.8661500e-03 +4.5251667e+00 +6.4559444e-01 +4.1446111e-02 +1.3018722e-02 -1.9056556e-01 -1.0008833e-03 +3.2457647e+05
4.2148900e-01 +1.0000000e-02 +6.0969000e+00 +5.4946000e-02 +1.7202333e-03 +4.5301944e+00 +6.4472778e-01 +4.1625000e-02 +1.3507278e-02 -1.9195778e-01 +8.7101389e-05 +3.2460810e+05
4.2886900e-01 +1.0000000e-02 +6.0910167e+00 +5.1862667e-02 +1.9901833e-03 +4.5262222e+00 +6.4269167e-01 +4.1841944e-02 +1.6826917e-02 -1.9264750e-01 +5.6981944e-04 +3.2438509e+05
4.3627900e-01 +1.0000000e-02 +6.0821500e+00 +4.7927000e-02 +2.6633000e-03 +4.5100278e+00 +6.4066667e-01 +4.1948056e-02 +1.9555639e-02 -1.9169472e-01 +5.6223611e-04 +3.2405751e+05
4.4371400e-01 +1.0000000e-02 +6.0707833e+00 +4.3020333e-02 +3.4746667e-03 +4.4945278e+00 +6.3943889e-01 +4.2091944e-02 +1.9809000e-02 -1.9138750e-01 +2.0038167e-04 +3.2347837e+05
4.5117200e-01 +1.0000000e-02 +6.0583167e+00 +3.7511000e-02 +4.0657333e-03 +4.4862222e+00 +6.3960833e-01 +4.2161944e-02 +1.9065194e-02 -1.9109361e-01 -3.0290556e-04 +3.2272477e+05
4.5865000e-01 +1.0000000e-02 +6.0462667e+00 +3.1867500e-02 +4.4748000e-03 +4.4866389e+00 +6.4045556e-01 +4.1922500e-02 +1.6788444e-02 -1.8944611e-01 -2.2059444e-05 +3.2194773e+05
4.6614500e-01 +1.0000000e-02 +6.0352333e+00 +2.5946000e-02 +4.7618833e-03 +4.4889444e+00 +6.4005000e-01 +4.1939444e-02 +1.3617556e-02 -1.8886611e-01 +8.9101389e-04 +3.2113873e+05
4.7365400e-01 +1.0000000e-02 +6.0264333e+00 +1.9567167e-02 +5.0108000e-03 +4.4844444e+00 +6.3769167e-01 +4.2045278e-02 +1.0139444e-02 -1.8905528e-01 +1.4150444e-03 +3.2044883e+05
4.8117400e-01 +1.0000000e-02 +6.0211000e+00 +1.2870967e-02 +4.9775500e-03 +4.4731389e+00 +6.3404167e-01 +4.2073333e-02 +6.2914722e-03 -1.8915944e-01 +1.5159083e-03 +3.1992735e+05
4.8870100e-01 +1.0000000e-02 +6.0192833e+00 +6.2729167e-03 +4.4377167e-03 +4.4577500e+00 +6.3034722e-01 +4.2120833e-02 +2.9569722e-03 -1.8926556e-01 +1.0918861e-03 +3.1959681e+05
4.9623300e-01 +1.0000000e-02 +6.0195333e+00 +0.0000000e+00 +3.9321000e-03 +4.4482500e+00 +6.2803333e-01 +4.1961111e-02 +7.2550000e-04 -1.8931611e-01 +4.1279444e-04 +3.1946388e+05
5.0376700e-01 +1.0000000e-02 +6.0195333e+00 -6.2729167e-03 +3.9321000e-03 +4.4482500e+00 +6.2803333e-01 +4.1961111e-02 -7.2550000e-04 -1.8931611e-01 -4.1279444e-04 +3.1946388e+05
5.1129900e-01 +1.0000000e-02 +6.0192833e+00 -1.2870967e-02 +4.4377167e-03 +4.4577500e+00 +6.3034722e-01 +4.2120833e-02 -2.9569722e-03 -1.8926556e-01 -1.0918861e-03 +3.1959681e+05
5.1882600e-01 +1.0000000e-02 +6.0211000e+00 -1.9567167e-02 +4.9775500e-03 +4.4731389e+00 +6.3404167e-01 +4.2073333e-02 -6.2914722e-03 -1.8915944e-01 -1.5159083e-03 +3.1992735e+05
5.2634600e-01 +1.0000000e-02 +6.0264333e+00 -2.5946000e-02 +5.0108000e-03 +4.4844444e+00 +6.3769167e-01 +4.2045278e-02 -1.0139444e-02 -1.8905528e-01 -1.4150444e-03 +3.2044883e+05
5.3385500e-01 +1.0000000e-02 +6.0352333e+00 -3.1867500e-02 +4.7618833e-03 +4.4889444e+00 +6.4005000e-01 +4.1939444e-02 -1.3617556e-02 -1.8886611e-01 -8.9101389e-04 +3.2113873e+05
5.4135000e-01 +1.0000000e-02 +6.0462667e+00 -3.7511000e-02 +4.4748000e-03 +4.4866389e+00 +6.4045556e-01 +4.1922500e-02 -1.6788444e-02 -1.8944611e-01 +2.2059444e-05 +3.2194773e+05
5.4882800e-01 +1.0000000e-02 +6.0583167e+00 -4.3020333e-02 +4.0657333e-03 +4.4862222e+00 +6.3960833e-01 +4.2161944e-02 -1.9065194e-02 -1.9109361e-01 +3.0290556e-04 +3.2272477e+05
5.5628600e-01 +1.0000000e-02 +6.0707833e+00 -4.7927000e-02 +3.4746667e-03 +4.4945278e+00 +6.3943889e-01 +4.2091944e-02 -1.9809000e-02 -1.9138750e-01 -2.0038167e-04 +3.2347837e+05
5.6372100e-01 +1.0000000e-02 +6.0821500e+00 -5.1862667e-02 +2.6633000e-03 +4.5100278e+00 +6.4066667e-01 +4.1948056e-02 -1.9555639e-02 -1.9169472e-01 -5.6223611e-04 +3.2405751e+05
5.7113100e-01 +1.0000000e-02 +6.0910167e+00 -5.4946000e-02 +1.9901833e-03 +4.5262222e+00 +6.4269167e-01 +4.1841944e-02 -1.6826917e-02 -1.9264750e-01 -5.6981944e-04 +3.2438509e+05
5.7851100e-01 +1.0000000e-02 +6.0969000e+00 -5.7528833e-02 +1.7202333e-03 +4.5301944e+00 +6.4472778e-01 +4.1625000e-02 -1.3507278e-02 -1.9195778e-01 -8.7101389e-05 +3.2460810e+05
5.8586100e-01 +1.0000000e-02 +6.0989833e+00 -6.0153167e-02 +1.8661500e-03 +4.5251667e+00 +6.4559444e-01 +4.1446111e-02 -1.3018722e-02 -1.9056556e-01 +1.0008833e-03 +3.2457647e+05
5.9317600e-01 +1.0000000e-02 +6.0972000e+00 -6.3332333e-02 +2.3000500e-03 +4.5219167e+00 +6.4498056e-01 +4.1459444e-02 -1.4438944e-02 -1.8959583e-01 +1.7475667e-03 +3.2417920e+05
6.0045300e-01 +1.0000000e-02 +6.0927833e+00 -6.7224000e-02 +2.7855333e-03 +4.5204444e+00 +6.4378333e-01 +4.1425556e-02 -1.7302611e-02 -1.8868361e-01 +1.7853389e-03 +3.2343845e+05
6.0769100e-01 +1.0000000e-02 +6.0873667e+00 -7.1682500e-02 +3.2410333e-03 +4.5203889e+00 +6.4261667e-01 +4.1081667e-02 -2.1766806e-02 -1.8737306e-01 +1.7610417e-03 +3.2240678e+05
6.1488700e-01 +1.0000000e-02 +6.0805000e+00 -7.6688500e-02 +3.6297167e-03 +4.5192222e+00 +6.4127500e-01 +4.0920278e-02 -2.7986944e-02 -1.8628917e-01 +2.0276000e-03 +3.2110817e+05
6.2203700e-01 +1.0000000e-02 +6.0722000e+00 -8.2268500e-02 +4.1624167e-03 +4.5190833e+00 +6.3963611e-01 +4.0822500e-02 -3.4717500e-02 -1.8563528e-01 +2.2495083e-03 +3.1959162e+05
6.2914000e-01 +1.0000000e-02 +6.0643500e+00 -8.8373000e-02 +4.8091167e-03 +4.5141389e+00 +6.3773889e-01 +4.0802500e-02 -4.1468333e-02 -1.8527667e-01 +2.5178806e-03 +3.1799174e+05
6.3619300e-01 +1.0000000e-02 +6.0592000e+00 -9.4680667e-02 +5.1234833e-03 +4.4998333e+00 +6.3531667e-01 +4.0920833e-02 -4.7828611e-02 -1.8542778e-01 +2.6575222e-03 +3.1638575e+05
6.4319400e-01 +1.0000000e-02 +6.0580500e+00 -1.0064500e-01 +4.8249500e-03 +4.4887500e+00 +6.3270000e-01 +4.0978889e-02 -5.2020833e-02 -1.8590111e-01 +2.1259389e-03 +3.1465203e+05
6.5014100e-01 +1.0000000e-02 +6.0609500e+00 -1.0580133e-01 +4.0961833e-03 +4.4876944e+00 +6.3086944e-01 +4.0975000e-02 -5.2870833e-02 -1.8681833e-01 +1.3218556e-03 +3.1276303e+05
6.5703000e-01 +1.0000000e-02 +6.0667667e+00 -1.0995867e-01 +3.3247000e-03 +4.4932222e+00 +6.3034167e-01 +4.0953611e-02 -5.0646389e-02 -1.8773722e-01 +6.7033611e-04 +3.1083531e+05
6.6386100e-01 +1.0000000e-02 +6.0739000e+00 -1.1313567e-01 +2.5742667e-03 +4.5011944e+00 +6.3088333e-01 +4.0956944e-02 -4.6568611e-02 -1.8821222e-01 +1.8636444e-04 +3.0887100e+05
6.7063100e-01 +1.0000000e-02 +6.0805833e+00 -1.1545667e-01 +1.8954167e-03 +4.5068889e+00 +6.3188333e-01 +4.0753056e-02 -4.1932500e-02 -1.8800306e-01 +1.0192944e-04 +3.0668417e+05
6.7733900e-01 +1.0000000e-02 +6.0843000e+00 -1.1743200e-01 +1.6113000e-03 +4.5046111e+00 +6.3263333e-01 +4.0596111e-02 -3.8704444e-02 -1.8724778e-01 +4.0266389e-04 +3.0413146e+05
6.8398100e-01 +1.0000000e-02 +6.0836500e+00 -1.1948450e-01 +1.7026500e-03 +4.5017778e+00 +6.3291667e-01 +4.0406389e-02 -3.7144167e-02 -1.8687139e-01 +5.3667500e-04 +3.0110652e+05
6.9055800e-01 +1.0000000e-02 +6.0795667e+00 -1.2187517e-01 +2.0537167e-03 +4.5015278e+00 +6.3304444e-01 +4.0185833e-02 -3.6634444e-02 -1.8654083e-01 +6.9773611e-04 +2.9765487e+05
6.9706600e-01 +1.0000000e-02 +6.0740000e+00 -1.2473600e-01 +2.5613000e-03 +4.4991944e+00 +6.3285556e-01 +4.0135556e-02 -3.6960833e-02 -1.8655778e-01 +1.1470444e-03 +2.9385823e+05
7.0350400e-01 +1.0000000e-02 +6.0688500e+00 -1.2787683e-01 +2.8558667e-03 +4.4909167e+00 +6.3181667e-01 +4.0205278e-02 -3.7606667e-02 -1.8684611e-01 +1.6160250e-03 +2.8981357e+05
7.0987200e-01 +1.0000000e-02 +6.0648667e+00 -1.3084467e-01 +2.6434667e-03 +4.4801111e+00 +6.2997778e-01 +4.0260556e-02 -3.7921389e-02 -1.8719528e-01 +1.8139639e-03 +2.8555528e+05
7.1616700e-01 +1.0000000e-02 +6.0613667e+00 -1.3325767e-01 +2.1606000e-03 +4.4681944e+00 +6.2767778e-01 +4.0099167e-02 -3.7487778e-02 -1.8711806e-01 +2.0685139e-03 +2.8107973e+05
7.2238800e-01 +1.0000000e-02 +6.0571000e+00 -1.3488467e-01 +1.5331417e-03 +4.4533056e+00 +6.2480556e-01 +3.9956944e-02 -3.6174444e-02 -1.8686500e-01 +2.4725500e-03 +2.7638762e+05
7.2853400e-01 +1.0000000e-02 +6.0506667e+00 -1.3568117e-01 +7.5955833e-04 +4.4397222e+00 +6.2120833e-01 +3.9928056e-02 -3.3688889e-02 -1.8694194e-01 +2.8338611e-03 +2.7141497e+05
7.3460400e-01 +1.0000000e-02 +6.0404500e+00 -1.3576450e-01 -2.5137667e-05 +4.4261667e+00 +6.1705556e-01 +3.9873056e-02 -2.8814444e-02 -1.8724306e-01 +2.9726667e-03 +2.6607701e+05
7.4059600e-01 +1.0000000e-02 +6.0257833e+00 -1.3539717e-01 -5.3515833e-04 +4.4075000e+00 +6.1266111e-01 +3.9683333e-02 -2.1672472e-02 -1.8658056e-01 +3.0100278e-03 +2.6045462e+05
7.4651100e-01 +1.0000000e-02 +6.0070833e+00 -1.3493783e-01 -6.5630167e-04 +4.3856111e+00 +6.0820556e-01 +3.9275833e-02 -1.3934806e-02 -1.8459028e-01 +3.0640278e-03 +2.5457680e+05
7.5234600e-01 +1.0000000e-02 +5.9849167e+00 -1.3466033e-01 -4.9111667e-04 +4.3605278e+00 +6.0386111e-01 +3.8746944e-02 -6.4385000e-03 -1.8187278e-01 +3.1928611e-03 +2.4849714e+05
7.5810200e-01 +1.0000000e-02 +5.9596167e+00 -1.3483100e-01 +1.7402833e-05 +4.3296111e+00 +5.9980278e-01 +3.8328889e-02 -7.5133056e-06 -1.7896333e-01 +3.4104444e-03 +2.4228329e+05
7.6377700e-01 +1.0000000e-02 +5.9316167e+00 -1.3566267e-01 +8.8963500e-04 +4.2945556e+00 +5.9588333e-01 +3.7895278e-02 +4.5697500e-03 -1.7608917e-01 +3.6390278e-03 +2.3594827e+05
7.6937100e-01 +1.0000000e-02 +5.9019333e+00 -1.3725550e-01 +1.8967667e-03 +4.2590000e+00 +5.9168611e-01 +3.7418333e-02 +7.5130833e-03 -1.7373861e-01 +3.9226944e-03 +2.2951116e+05
7.7488300e-01 +1.0000000e-02 +5.8719667e+00 -1.3959067e-01 +2.7793667e-03 +4.2236389e+00 +5.8698333e-01 +3.7046944e-02 +1.0273861e-02 -1.7252500e-01 +4.0688889e-03 +2.2300987e+05
7.8031300e-01 +1.0000000e-02 +5.8431167e+00 -1.4258233e-01 +3.5209000e-03 +4.1863056e+00 +5.8201944e-01 +3.6660278e-02 +1.3961250e-02 -1.7143917e-01 +3.8508611e-03 +2.1655324e+05
7.8566100e-01 +1.0000000e-02 +5.8161833e+00 -1.4614500e-01 +4.1939667e-03 +4.1445000e+00 +5.7708889e-01 +3.6143611e-02 +1.7958000e-02 -1.6954111e-01 +3.5219167e-03 +2.1022550e+05
7.9092500e-01 +1.0000000e-02 +5.7910833e+00 -1.5019767e-01 +4.8367333e-03 +4.0970278e+00 +5.7216944e-01 +3.5639444e-02 +2.1144139e-02 -1.6708194e-01 +3.2993056e-03 +2.0399393e+05
7.9610700e-01 +1.0000000e-02 +5.7676833e+00 -1.5462100e-01 +5.3968667e-03 +4.0443056e+00 +5.6701111e-01 +3.5111667e-02 +2.3038167e-02 -1.6450139e-01 +3.1735278e-03 +1.9782145e+05
8.0120600e-01 +1.0000000e-02 +5.7461000e+00 -1.5931850e-01 +5.8441167e-03 +3.9852500e+00 +5.6144167e-01 +3.4500278e-02 +2.4021611e-02 -1.6182194e-01 +3.0899167e-03 +1.9174271e+05
8.0622200e-01 +1.0000000e-02 +5.7264833e+00 -1.6428033e-01 +6.2720333e-03 +3.9195000e+00 +5.5555556e-01 +3.3903889e-02 +2.4054389e-02 -1.5874278e-01 +2.9693056e-03 +1.8581417e+05
8.1115500e-01 +1.0000000e-02 +5.7088333e+00 -1.6953500e-01 +6.7589000e-03 +3.8508333e+00 +5.4949722e-01 +3.3279722e-02 +2.2392611e-02 -1.5515556e-01 +2.8535000e-03 +1.8001916e+05
8.1600400e-01 +1.0000000e-02 +5.6928333e+00 -1.7506667e-01 +7.2516167e-03 +3.7838611e+00 +5.4321389e-01 +3.2523333e-02 +1.8649528e-02 -1.5144111e-01 +2.8769722e-03 +1.7433665e+05
8.2077100e-01 +1.0000000e-02 +5.6781333e+00 -1.8083333e-01 +7.6593667e-03 +3.7210833e+00 +5.3658333e-01 +3.1748611e-02 +1.3230472e-02 -1.4810361e-01 +3.0216944e-03 +1.6877778e+05
8.2545400e-01 +1.0000000e-02 +5.6643833e+00 -1.8680500e-01 +7.9935500e-03 +3.6633611e+00 +5.2966111e-01 +3.1102500e-02 +6.7425556e-03 -1.4526944e-01 +3.1568056e-03 +1.6334501e+05
8.3005600e-01 +1.0000000e-02 +5.6511500e+00 -1.9297167e-01 +8.3328000e-03 +3.6116111e+00 +5.2260833e-01 +3.0573889e-02 -5.6146111e-04 -1.4279333e-01 +3.1932222e-03 +1.5802403e+05
8.3457500e-01 +1.0000000e-02 +5.6383167e+00 -1.9930500e-01 +8.7060833e-03 +3.5658333e+00 +5.1557778e-01 +3.0039167e-02 -8.4954444e-03 -1.4053000e-01 +3.0955833e-03 +1.5281207e+05
8.3901200e-01 +1.0000000e-02 +5.6261833e+00 -2.0576000e-01 +9.0918667e-03 +3.5243889e+00 +5.0865000e-01 +2.9411944e-02 -1.6771028e-02 -1.3835778e-01 +2.9212778e-03 +1.4771711e+05
8.4336800e-01 +1.0000000e-02 +5.6152333e+00 -2.1229333e-01 +9.4510333e-03 +3.4845278e+00 +5.0183611e-01 +2.8763889e-02 -2.5135028e-02 -1.3626333e-01 +2.7249806e-03 +1.4275833e+05
8.4764300e-01 +1.0000000e-02 +5.6060833e+00 -2.1886167e-01 +9.7520333e-03 +3.4445556e+00 +4.9513889e-01 +2.8146111e-02 -3.3443333e-02 -1.3419194e-01 +2.4648722e-03 +1.3794583e+05
8.5183800e-01 +1.0000000e-02 +5.5993667e+00 -2.2539667e-01 +9.9648167e-03 +3.4038889e+00 +4.8858056e-01 +2.7508694e-02 -4.1614722e-02 -1.3199028e-01 +2.1236000e-03 +1.3328447e+05
8.5595300e-01 +1.0000000e-02 +5.5955167e+00 -2.3181333e-01 +1.0076700e-02 +3.3621111e+00 +4.8220278e-01 +2.6807139e-02 -4.9685833e-02 -1.2948778e-01 +1.7674472e-03 +1.2878097e+05
8.5998900e-01 +1.0000000e-02 +5.5946500e+00 -2.3802500e-01 +1.0090117e-02 +3.3191389e+00 +4.7599167e-01 +2.6068694e-02 -5.7826944e-02 -1.2671889e-01 +1.4892389e-03 +1.2443254e+05
8.6394600e-01 +1.0000000e-02 +5.5964833e+00 -2.4396833e-01 +1.0008467e-02 +3.2756111e+00 +4.6985278e-01 +2.5368167e-02 -6.6203333e-02 -1.2388083e-01 +1.3252722e-03 +1.2023648e+05
8.6782500e-01 +1.0000000e-02 +5.6007167e+00 -2.4960333e-01 +9.8439833e-03 +3.2330278e+00 +4.6366389e-01 +2.4725417e-02 -7.4875556e-02 -1.2110806e-01 +1.2431000e-03 +1.1618980e+05
8.7162800e-01 +1.0000000e-02 +5.6070833e+00 -2.5490167e-01 +9.6098667e-03 +3.1929444e+00 +4.5734444e-01 +2.4104139e-02 -8.3805556e-02 -1.1851167e-01 +1.2102667e-03 +1.1227531e+05
8.7535300e-01 +1.0000000e-02 +5.6153000e+00 -2.5984500e-01 +9.3071000e-03 +3.1558889e+00 +4.5088056e-01 +2.3493306e-02 -9.2868611e-02 -1.1622000e-01 +1.2244083e-03 +1.0847238e+05
8.7900400e-01 +1.0000000e-02 +5.6251167e+00 -2.6439833e-01 +8.9254667e-03 +3.1216944e+00 +4.4427500e-01 +2.2913917e-02 -1.0189333e-01 -1.1430139e-01 +1.2976972e-03 +1.0476226e+05
8.8257900e-01 +1.0000000e-02 +5.6363333e+00 -2.6851667e-01 +8.4477500e-03 +3.0898056e+00 +4.3753056e-01 +2.2374833e-02 -1.1070028e-01 -1.1268389e-01 +1.4376806e-03 +1.0114193e+05
8.8608100e-01 +1.0000000e-02 +5.6487167e+00 -2.7214333e-01 +7.8512833e-03 +3.0591667e+00 +4.3063056e-01 +2.1849806e-02 -1.1913167e-01 -1.1117778e-01 +1.6422750e-03 +9.7612653e+04
8.8951000e-01 +1.0000000e-02 +5.6620500e+00 -2.7520833e-01 +7.1071833e-03 +3.0288889e+00 +4.2356389e-01 +2.1304583e-02 -1.2708667e-01 -1.0963694e-01 +1.9027722e-03 +9.4175332e+04
8.9286600e-01 +1.0000000e-02 +5.6759333e+00 -2.7763000e-01 +6.1826667e-03 +2.9983056e+00 +4.1633889e-01 +2.0741472e-02 -1.3449528e-01 -1.0807556e-01 +2.2098333e-03 +9.0822462e+04
8.9615100e-01 +1.0000000e-02 +5.6899167e+00 -2.7932500e-01 +5.0515833e-03 +2.9673056e+00 +4.0898889e-01 +2.0202778e-02 -1.4128528e-01 -1.0657778e-01 +2.5532194e-03 +8.7540990e+04
8.9936600e-01 +1.0000000e-02 +5.7034333e+00 -2.8021667e-01 +3.7040333e-03 +2.9360278e+00 +4.0155833e-01 +1.9722444e-02 -1.4739139e-01 -1.0520278e-01 +2.9249444e-03 +8.4317895e+04
9.0251200e-01 +1.0000000e-02 +5.7158833e+00 -2.8024000e-01 +2.1450167e-03 +2.9048333e+00 +3.9407222e-01 +1.9302361e-02 -1.5276944e-01 -1.0397528e-01 +3.3259444e-03 +8.1139952e+04
9.0558900e-01 +1.0000000e-02 +5.7266333e+00 -2.7934167e-01 +3.8958333e-04 +2.8738611e+00 +3.8652500e-01 +1.8911278e-02 -1.5738778e-01 -1.0289806e-01 +3.7735000e-03 +7.8002909e+04
9.0859900e-01 +1.0000000e-02 +5.7351000e+00 -2.7748667e-01 -1.5403083e-03 +2.8431111e+00 +3.7888611e-01 +1.8512389e-02 -1.6120028e-01 -1.0197500e-01 +4.2987500e-03 +7.4905556e+04
9.1154300e-01 +1.0000000e-02 +5.7406000e+00 -2.7465833e-01 -3.6174000e-03 +2.8123056e+00 +3.7110833e-01 +1.8095806e-02 -1.6413667e-01 -1.0121139e-01 +4.9333333e-03 +7.1849989e+04
9.1442100e-01 +1.0000000e-02 +5.7425500e+00 -2.7085500e-01 -5.8106833e-03 +2.7810278e+00 +3.6313611e-01 +1.7672278e-02 -1.6612139e-01 -1.0060139e-01 +5.7016111e-03 +6.8841282e+04
9.1723400e-01 +1.0000000e-02 +5.7403500e+00 -2.6609667e-01 -8.0875833e-03 +2.7487694e+00 +3.5491944e-01 +1.7254583e-02 -1.6710222e-01 -1.0012972e-01 +6.6194167e-03 +6.5883928e+04
9.1998500e-01 +1.0000000e-02 +5.7334833e+00 -2.6041667e-01 -1.0417250e-02 +2.7150472e+00 +3.4641111e-01 +1.6853528e-02 -1.6704694e-01 -9.9776667e-02 +7.6917778e-03 +6.2979143e+04
9.2267300e-01 +1.0000000e-02 +5.7214833e+00 -2.5386167e-01 -1.2773633e-02 +2.6793500e+00 +3.3755556e-01 +1.6481083e-02 -1.6593583e-01 -9.9505556e-02 +8.9108056e-03 +6.0134687e+04
9.2529900e-01 +1.0000000e-02 +5.7040000e+00 -2.4649000e-01 -1.5135550e-02 +2.6411750e+00 +3.2831389e-01 +1.6145861e-02 -1.6376722e-01 -9.9263333e-02 +1.0256278e-02 +5.7358102e+04
9.2786600e-01 +1.0000000e-02 +5.6806833e+00 -2.3836333e-01 -1.7483000e-02 +2.6000750e+00 +3.1866389e-01 +1.5847806e-02 -1.6056333e-01 -9.8993611e-02 +1.1701472e-02 +5.4651920e+04
9.3037300e-01 +1.0000000e-02 +5.6512667e+00 -2.2955333e-01 -1.9794167e-02 +2.5556944e+00 +3.0859722e-01 +1.5584639e-02 -1.5637083e-01 -9.8646667e-02 +1.3219056e-02 +5.2020472e+04
9.3282200e-01 +1.0000000e-02 +5.6155167e+00 -2.2013667e-01 -2.2044667e-02 +2.5077500e+00 +2.9812500e-01 +1.5359194e-02 -1.5125722e-01 -9.8183889e-02 +1.4780833e-02 +4.9465889e+04
9.3521400e-01 +1.0000000e-02 +5.5732500e+00 -2.1019667e-01 -2.4209667e-02 +2.4560528e+00 +2.8726944e-01 +1.5178056e-02 -1.4530139e-01 -9.7580278e-02 +1.6354917e-02 +4.6990001e+04
9.3754900e-01 +1.0000000e-02 +5.5242833e+00 -1.9981833e-01 -2.6265000e-02 +2.4004944e+00 +2.7606333e-01 +1.5046722e-02 -1.3858722e-01 -9.6818889e-02 +1.7905500e-02 +4.4594970e+04
9.3983000e-01 +1.0000000e-02 +5.4685167e+00 -1.8908833e-01 -2.8186667e-02 +2.3410278e+00 +2.6455528e-01 +1.4967194e-02 -1.3119861e-01 -9.5884722e-02 +1.9396028e-02 +4.2279784e+04
9.4205600e-01 +1.0000000e-02 +5.4058667e+00 -1.7809167e-01 -2.9952000e-02 +2.2776472e+00 +2.5280444e-01 +1.4937333e-02 -1.2322028e-01 -9.4760000e-02 +2.0792222e-02 +4.0044630e+04
9.4422900e-01 +1.0000000e-02 +5.3363333e+00 -1.6691500e-01 -3.1538167e-02 +2.2104000e+00 +2.4087694e-01 +1.4950861e-02 -1.1473944e-01 -9.3420833e-02 +2.2064361e-02 +3.7887532e+04
9.4635000e-01 +1.0000000e-02 +5.2599167e+00 -1.5564283e-01 -3.2922167e-02 +2.1393750e+00 +2.2884417e-01 +1.4997500e-02 -1.0584806e-01 -9.1834722e-02 +2.3188333e-02 +3.5807201e+04
9.4842100e-01 +1.0000000e-02 +5.1767167e+00 -1.4435817e-01 -3.4082000e-02 +2.0647000e+00 +2.1677750e-01 +1.5063389e-02 -9.6646667e-02 -8.9962500e-02 +2.4146083e-02 +3.3802063e+04
9.5044100e-01 +1.0000000e-02 +5.0868667e+00 -1.3314217e-01 -3.4996000e-02 +1.9865500e+00 +2.0474750e-01 +1.5132306e-02 -8.7243056e-02 -8.7760000e-02 +2.4925889e-02 +3.1871925e+04
9.5241200e-01 +1.0000000e-02 +4.9905333e+00 -1.2207367e-01 -3.5645167e-02 +1.9051111e+00 +1.9281944e-01 +1.5187194e-02 -7.7753889e-02 -8.5185278e-02 +2.5522333e-02 +3.0015527e+04
9.5433500e-01 +1.0000000e-02 +4.8879333e+00 -1.1122833e-01 -3.6013333e-02 +1.8206222e+00 +1.8105278e-01 +1.5212361e-02 -6.8304722e-02 -8.2202778e-02 +2.5936222e-02 +2.8232369e+04
9.5621000e-01 +1.0000000e-02 +4.7793500e+00 -1.0067750e-01 -3.6089167e-02 +1.7333611e+00 +1.6949806e-01 +1.5195250e-02 -5.9027222e-02 -7.8790000e-02 +2.6173139e-02 +2.6522135e+04
9.5804000e-01 +1.0000000e-02 +4.6651000e+00 -9.0487833e-02 -3.5866333e-02 +1.6436778e+00 +1.5819750e-01 +1.5126917e-02 -5.0055000e-02 -7.4942222e-02 +2.6242111e-02 +2.4883043e+04
9.5982400e-01 +1.0000000e-02 +4.5455333e+00 -8.0719833e-02 -3.5345000e-02 +1.5520194e+00 +1.4718333e-01 +1.5001750e-02 -4.1516667e-02 -7.0674722e-02 +2.6153722e-02 +2.3314135e+04
9.6156500e-01 +1.0000000e-02 +4.4210500e+00 -7.1428167e-02 -3.4532167e-02 +1.4589083e+00 +1.3648167e-01 +1.4816250e-02 -3.3530278e-02 -6.6023889e-02 +2.5919056e-02 +2.1812836e+04
9.6326200e-01 +1.0000000e-02 +4.2921000e+00 -6.2660000e-02 -3.3441667e-02 +1.3649556e+00 +1.2611194e-01 +1.4568694e-02 -2.6196111e-02 -6.1045278e-02 +2.5549361e-02 +2.0377562e+04
9.6491600e-01 +1.0000000e-02 +4.1591500e+00 -5.4454667e-02 -3.2094500e-02 +1.2708417e+00 +1.1609000e-01 +1.4259250e-02 -1.9593167e-02 -5.5809444e-02 +2.5056167e-02 +1.9006034e+04
9.6652900e-01 +1.0000000e-02 +4.0226833e+00 -4.6843667e-02 -3.0518500e-02 +1.1772917e+00 +1.0642833e-01 +1.3890722e-02 -1.3777083e-02 -5.0401111e-02 +2.4451056e-02 +1.7695872e+04
9.6810200e-01 +1.0000000e-02 +3.8832333e+00 -3.9848833e-02 -2.8747167e-02 +1.0850500e+00 +9.7138611e-02 +1.3469000e-02 -8.7789722e-03 -4.4914167e-02 +2.3745500e-02 +1.6445133e+04
9.6963500e-01 +1.0000000e-02 +3.7413000e+00 -3.3483167e-02 -2.6819500e-02 +9.9486111e-01 +8.8230833e-02 +1.3002778e-02 -4.6056944e-03 -3.9449722e-02 +2.2950056e-02 +1.5252243e+04
9.7112900e-01 +1.0000000e-02 +3.5974167e+00 -2.7750000e-02 -2.4777167e-02 +9.0743889e-01 +7.9715833e-02 +1.2502750e-02 -1.2404389e-03 -3.4111111e-02 +2.2074139e-02 +1.4115566e+04
9.7258500e-01 +1.0000000e-02 +3.4520833e+00 -2.2643167e-02 -2.2664167e-02 +8.2343889e-01 +7.1604444e-02 +1.1980472e-02 +1.3555917e-03 -2.8999167e-02 +2.1125694e-02 +1.3033761e+04
9.7400400e-01 +1.0000000e-02 +3.3058000e+00 -1.8147667e-02 -2.0524000e-02 +7.4343611e-01 +6.3908611e-02 +1.1447417e-02 +3.2408889e-03 -2.4207167e-02 +2.0111528e-02 +1.2005772e+04
9.7538700e-01 +1.0000000e-02 +3.1590167e+00 -1.4239333e-02 -1.8398667e-02 +6.6790556e-01 +5.6640833e-02 +1.0913861e-02 +4.4904444e-03 -1.9814972e-02 +1.9037667e-02 +1.1030816e+04
9.7673400e-01 +1.0000000e-02 +3.0121500e+00 -1.0887217e-02 -1.6326000e-02 +5.9720000e-01 +4.9815000e-02 +1.0388167e-02 +5.1920556e-03 -1.5885444e-02 +1.7910000e-02 +1.0108365e+04
9.7804700e-01 +1.0000000e-02 +2.8656167e+00 -8.0537000e-03 -1.4339067e-02 +5.3155833e-01 +4.3443889e-02 +9.8760556e-03 +5.4415000e-03 -1.2460000e-02 +1.6734750e-02 +9.2378701e+03
9.7932500e-01 +1.0000000e-02 +2.7197333e+00 -5.6964000e-03 -1.2464467e-02 +4.7108889e-01 +3.7540000e-02 +9.3801111e-03 +5.3378333e-03 -9.5563889e-03 +1.5519167e-02 +8.4189778e+03
9.8057100e-01 +1.0000000e-02 +2.5748000e+00 -3.7696500e-03 -1.0721850e-02 +4.1578889e-01 +3.2113333e-02 +8.8997778e-03 +4.9778333e-03 -7.1684722e-03 +1.4272028e-02 +7.6510377e+03
9.8178500e-01 +1.0000000e-02 +2.4311000e+00 -2.2261833e-03 -9.1237333e-03 +3.6555556e-01 +2.7170528e-02 +8.4316667e-03 +4.4513333e-03 -5.2679722e-03 +1.3004000e-02 +6.9334332e+03
9.8296700e-01 +1.0000000e-02 +2.2888167e+00 -1.0186217e-03 -7.6758333e-03 +3.2019167e-01 +2.2714083e-02 +7.9704167e-03 +3.8370000e-03 -3.8083333e-03 +1.1727750e-02 +6.2654298e+03
9.8411800e-01 +1.0000000e-02 +2.1481500e+00 -1.0089850e-04 -6.3779000e-03 +2.7943889e-01 +1.8740889e-02 +7.5096389e-03 +3.1994167e-03 -2.7299583e-03 +1.0457778e-02 +5.6462089e+03
9.8524000e-01 +1.0000000e-02 +2.0092167e+00 +5.7059000e-04 -5.2248167e-03 +2.4299056e-01 +1.5241694e-02 +7.0430556e-03 +2.5874722e-03 -1.9660917e-03 +9.2098333e-03 +5.0747372e+03
9.8633200e-01 +1.0000000e-02 +1.8721500e+00 +1.0361250e-03 -4.2080833e-03 +2.1050250e-01 +1.2200944e-02 +6.5654722e-03 +2.0344000e-03 -1.4486306e-03 +8.0001944e-03 +4.5500797e+03
9.8739500e-01 +1.0000000e-02 +1.7370000e+00 +1.3321200e-03 -3.3171667e-03 +1.8162028e-01 +9.5967222e-03 +6.0734444e-03 +1.5589139e-03 -1.1131833e-03 +6.8447500e-03 +4.0712463e+03
9.8843100e-01 +1.0000000e-02 +1.6038500e+00 +1.4908967e-03 -2.5409167e-03 +1.5598694e-01 +7.4014722e-03 +5.5657222e-03 +1.1674861e-03 -9.0300278e-04 +5.7582222e-03 +3.6372761e+03
9.8943900e-01 +1.0000000e-02 +1.4727150e+00 +1.5407083e-03 -1.8686833e-03 +1.3325333e-01 +5.5829167e-03 +5.0433333e-03 +8.5725556e-04 -7.7151389e-04 +4.7532500e-03 +3.2474343e+03
9.9042000e-01 +1.0000000e-02 +1.3436183e+00 +1.5060067e-03 -1.2910783e-03 +1.1308722e-01 +4.1052222e-03 +4.5093333e-03 +6.1915278e-04 -6.8336944e-04 +3.8400556e-03 +2.9012620e+03
9.9137600e-01 +1.0000000e-02 +1.2165650e+00 +1.4078300e-03 -8.0052333e-04 +9.5178333e-02 +2.9303611e-03 +3.9686389e-03 +4.4090556e-04 -6.1416667e-04 +3.0260278e-03 +2.5985937e+03
9.9230600e-01 +1.0000000e-02 +1.0915483e+00 +1.2642867e-03 -3.9131667e-04 +7.9243056e-02 +2.0193278e-03 +3.4275556e-03 +3.0955833e-04 -5.4912778e-04 +2.3157222e-03 +2.3398136e+03
9.9321200e-01 +1.0000000e-02 +9.6855167e-01 +1.0910467e-03 -5.9489500e-05 +6.5030278e-02 +1.3334056e-03 +2.8935000e-03 +2.1335528e-04 -4.8111111e-04 +1.7107500e-03 +2.1259113e+03
9.9409400e-01 +1.0000000e-02 +8.4755333e-01 +9.0180833e-04 +1.9759333e-04 +5.2326111e-02 +8.3507222e-04 +2.3747806e-03 +1.4282556e-04 -4.0840278e-04 +1.2100167e-03 +1.9587958e+03
9.9495200e-01 +1.0000000e-02 +7.2852500e-01 +7.0867833e-04 +3.8177333e-04 +4.0961389e-02 +4.8882500e-04 +1.8804528e-03 +9.1137222e-05 -3.3260833e-04 +8.0979167e-04 +1.8416744e+03
9.9578700e-01 +1.0000000e-02 +6.1143333e-01 +5.2247833e-04 +4.9470333e-04 +3.0823056e-02 +2.6174917e-04 +1.4201111e-03 +5.3832222e-05 -2.5695861e-04 +5.0380833e-04 +1.7796758e+03
9.9660000e-01 +1.0000000e-02 +4.9624333e-01 +3.5294833e-04 +5.3845000e-04 +2.1866583e-02 +1.2398972e-04 +1.0038972e-03 +2.8130000e-05 -1.8510444e-04 +2.8332778e-04 +1.7807952e+03
9.9739200e-01 +1.0000000e-02 +3.8291833e-01 +2.0884333e-04 +5.1606333e-04 +1.4132389e-02 +4.9159444e-05 +6.4261111e-04 +1.2055583e-05 -1.2052361e-04 +1.3723194e-04 +1.8572681e+03
9.9816200e-01 +1.0000000e-02 +2.7142167e-01 +9.7969500e-05 +4.3209833e-04 +7.7656389e-03 +1.4767528e-05 +3.4806944e-04 +3.6485833e-06 -6.6418889e-05 +5.2105000e-05 +2.0274876e+03
9.9891100e-01 +1.0000000e-02 +1.6171133e-01 +2.7073667e-05 +2.9310167e-04 +3.0386389e-03 +2.7526444e-06 +1.3379861e-04 +5.1867778e-07 -2.6033972e-05 +1.2431750e-05 +2.3171179e+03
9.9964000e-01 +1.0000000e-02 +5.3759500e-02 +0.0000000e+00 +1.0841867e-04 +3.7714722e-04 +1.8882611e-07 +1.6254111e-05 -1.7282111e-08 -3.2432500e-06 +8.7912500e-07 +2.7206483e+03
1.0000000e+00 +1.0000000e-02 +0.0000000e+00 +0.0000000e+00 +0.0000000e+00 +0.0000000e+00 +0.0000000e+00 +0.0000000e+00 +0.0000000e+00 +0.0000000e+00 +0.0000000e+00 +2.7205917e+03
