#    y              z              <u>            <v>            <w>            <u'u'>         <v'v'>         <w'w'>         <u'v'>         <u'w'>         <v'w'>         <eps>         
#----------------------------------------------------------------------------------------------------------------------------------------------------------------------------------
0.0000000e+00 +4.0000000e-01 +0.0000000e+00 +0.0000000e+00 +0.0000000e+00 +0.0000000e+00 +0.0000000e+00 +0.0000000e+00 +0.0000000e+00 +0.0000000e+00 +0.0000000e+00 +8.2328889e+04
3.6000000e-04 +4.0000000e-01 +2.3515667e-01 +1.6243783e-05 +2.8055333e-03 +8.2167778e-03 +2.9362222e-06 +2.8649722e-03 -2.5136833e-05 -3.6768611e-06 -5.9878611e-07 +8.2329979e+04
1.0890000e-03 +4.0000000e-01 +7.1083833e-01 +6.2773000e-05 +8.3960667e-03 +7.4636944e-02 +4.0775833e-05 +2.3141139e-02 -3.8538333e-04 +1.7348167e-05 -8.3934722e-06 +7.8948249e+04
1.8380000e-03 +4.0000000e-01 +1.1979933e+00 +1.4288083e-04 +1.4018900e-02 +2.1121361e-01 +2.0936722e-04 +5.8945000e-02 -1.7369972e-03 +1.7045639e-04 -3.4761111e-05 +7.6283293e+04
2.6080000e-03 +4.0000000e-01 +1.6962000e+00 +2.5892333e-04 +1.9661667e-02 +4.2179722e-01 +6.6601111e-04 +1.0625778e-01 -4.8915000e-03 +5.6387222e-04 -9.0270833e-05 +7.4147135e+04
3.4000000e-03 +4.0000000e-01 +2.2045500e+00 +4.1333500e-04 +2.5308167e-02 +7.0857778e-01 +1.6018861e-03 +1.6174639e-01 -1.0718778e-02 +1.2884611e-03 -1.8303111e-04 +7.2154543e+04
4.2130000e-03 +4.0000000e-01 +2.7217000e+00 +6.0867000e-04 +3.0938167e-02 +1.0707000e+00 +3.2188056e-03 +2.2269389e-01 -2.0055194e-02 +2.4033306e-03 -3.1767500e-04 +7.0074387e+04
5.0480000e-03 +4.0000000e-01 +3.2457333e+00 +8.4759667e-04 +3.6527500e-02 +1.5032556e+00 +5.7128056e-03 +2.8696111e-01 -3.3604167e-02 +3.9263333e-03 -4.9433611e-04 +6.7839154e+04
5.9060000e-03 +4.0000000e-01 +3.7743000e+00 +1.1328300e-03 +4.2049667e-02 +1.9969194e+00 +9.2638056e-03 +3.5293889e-01 -5.1851389e-02 +5.8342500e-03 -7.0806944e-04 +6.5515945e+04
6.7880000e-03 +4.0000000e-01 +4.3046333e+00 +1.4670517e-03 +4.7477500e-02 +2.5383583e+00 +1.4029639e-02 +4.1949444e-01 -7.5008333e-02 +8.0714444e-03 -9.4904167e-04 +6.3251554e+04
7.6940000e-03 +4.0000000e-01 +4.8337333e+00 +1.8528167e-03 +5.2786167e-02 +3.1112500e+00 +2.0144056e-02 +4.8587500e-01 -1.0299528e-01 +1.0561833e-02 -1.2037083e-03 +6.1210877e+04
8.6240000e-03 +4.0000000e-01 +5.3585167e+00 +2.2924500e-03 +5.7953667e-02 +3.6977778e+00 +2.7716611e-02 +5.5163333e-01 -1.3545861e-01 +1.3219528e-02 -1.4567972e-03 +5.9524743e+04
9.5800000e-03 +4.0000000e-01 +5.8759000e+00 +2.7879833e-03 +6.2963167e-02 +4.2800556e+00 +3.6833889e-02 +6.1651111e-01 -1.7181889e-01 +1.5955917e-02 -1.6936389e-03 +5.8260459e+04
1.0561000e-02 +4.0000000e-01 +6.3830167e+00 +3.3411000e-03 +6.7801833e-02 +4.8416389e+00 +4.7561389e-02 +6.8037222e-01 -2.1133444e-01 +1.8684278e-02 -1.9022861e-03 +5.7414863e+04
1.1569000e-02 +4.0000000e-01 +6.8772833e+00 +3.9530667e-03 +7.2461833e-02 +5.3684722e+00 +5.9945278e-02 +7.4312778e-01 -2.5317194e-01 +2.1322750e-02 -2.0749694e-03 +5.6928801e+04
1.2605000e-02 +4.0000000e-01 +7.3564333e+00 +4.6246000e-03 +7.6938833e-02 +5.8495278e+00 +7.4012500e-02 +8.0468889e-01 -2.9647222e-01 +2.3797917e-02 -2.2086444e-03 +5.6705933e+04
1.3668000e-02 +4.0000000e-01 +7.8186833e+00 +5.3559500e-03 +8.1230833e-02 +6.2769722e+00 +8.9774167e-02 +8.6495278e-01 -3.4040833e-01 +2.6048028e-02 -2.3047056e-03 +5.6638515e+04
1.4760000e-02 +4.0000000e-01 +8.2626667e+00 +6.1468000e-03 +8.5338000e-02 +6.6461389e+00 +1.0722417e-01 +9.2377500e-01 -3.8422500e-01 +2.8025556e-02 -2.3681444e-03 +5.6624188e+04
1.5882000e-02 +4.0000000e-01 +8.6874000e+00 +6.9963833e-03 +8.9261333e-02 +6.9550833e+00 +1.2634111e-01 +9.8099444e-01 -4.2726389e-01 +2.9697778e-02 -2.4063806e-03 +5.6578216e+04
1.7033000e-02 +4.0000000e-01 +9.0923667e+00 +7.9037500e-03 +9.3002500e-02 +7.2042222e+00 +1.4708750e-01 +1.0364250e+00 -4.6898056e-01 +3.1046111e-02 -2.4278556e-03 +5.6436620e+04
1.8215000e-02 +4.0000000e-01 +9.4773500e+00 +8.8679000e-03 +9.6563167e-02 +7.3958611e+00 +1.6941056e-01 +1.0898889e+00 -5.0895000e-01 +3.2064444e-02 -2.4402972e-03 +5.6158377e+04
1.9429000e-02 +4.0000000e-01 +9.8424500e+00 +9.8881167e-03 +9.9944167e-02 +7.5335278e+00 +1.9324028e-01 +1.1412056e+00 -5.4685000e-01 +3.2757778e-02 -2.4487722e-03 +5.5721604e+04
2.0675000e-02 +4.0000000e-01 +1.0188050e+01 +1.0964100e-02 +1.0314550e-01 +7.6217778e+00 +2.1849139e-01 +1.1902028e+00 -5.8246944e-01 +3.3143889e-02 -2.4538944e-03 +5.5119863e+04
2.1953000e-02 +4.0000000e-01 +1.0514700e+01 +1.2095933e-02 +1.0616517e-01 +7.6655556e+00 +2.4506167e-01 +1.2367389e+00 -6.1568333e-01 +3.3253056e-02 -2.4508250e-03 +5.4359672e+04
2.3266000e-02 +4.0000000e-01 +1.0823083e+01 +1.3284050e-02 +1.0900000e-01 +7.6700000e+00 +2.7283389e-01 +1.2807000e+00 -6.4644722e-01 +3.3131111e-02 -2.4297333e-03 +5.3454487e+04
2.4613000e-02 +4.0000000e-01 +1.1114050e+01 +1.4528917e-02 +1.1164550e-01 +7.6402778e+00 +3.0167778e-01 +1.3220222e+00 -6.7477778e-01 +3.2836944e-02 -2.3779278e-03 +5.2423769e+04
2.5996000e-02 +4.0000000e-01 +1.1388450e+01 +1.5830833e-02 +1.1409533e-01 +7.5812222e+00 +3.3144722e-01 +1.3606944e+00 -7.0073333e-01 +3.2438056e-02 -2.2832167e-03 +5.1290008e+04
2.7415000e-02 +4.0000000e-01 +1.1647233e+01 +1.7189833e-02 +1.1634267e-01 +7.4973611e+00 +3.6199722e-01 +1.3967611e+00 -7.2440000e-01 +3.2005833e-02 -2.1372139e-03 +5.0075458e+04
2.8871000e-02 +4.0000000e-01 +1.1891350e+01 +1.8606000e-02 +1.1837933e-01 +7.3929444e+00 +3.9317222e-01 +1.4303083e+00 -7.4588611e-01 +3.1610556e-02 -1.9366972e-03 +4.8800611e+04
3.0365000e-02 +4.0000000e-01 +1.2121733e+01 +2.0079333e-02 +1.2019617e-01 +7.2717222e+00 +4.2481667e-01 +1.4614306e+00 -7.6531111e-01 +3.1322500e-02 -1.6822417e-03 +4.7481672e+04
3.1898000e-02 +4.0000000e-01 +1.2339350e+01 +2.1610667e-02 +1.2178150e-01 +7.1372500e+00 +4.5677500e-01 +1.4902278e+00 -7.8280278e-01 +3.1209167e-02 -1.3755639e-03 +4.6131666e+04
3.3471000e-02 +4.0000000e-01 +1.2545117e+01 +2.3201833e-02 +1.2312033e-01 +6.9925833e+00 +4.8889167e-01 +1.5167889e+00 -7.9851389e-01 +3.1330556e-02 -1.0174444e-03 +4.4760740e+04
3.5084000e-02 +4.0000000e-01 +1.2739950e+01 +2.4856167e-02 +1.2419500e-01 +6.8406111e+00 +5.2100833e-01 +1.5411806e+00 -8.1259444e-01 +3.1723889e-02 -6.0724167e-04 +4.3376999e+04
3.6738000e-02 +4.0000000e-01 +1.2924650e+01 +2.6578333e-02 +1.2498767e-01 +6.6838333e+00 +5.5297222e-01 +1.5634500e+00 -8.2519167e-01 +3.2387500e-02 -1.4441389e-04 +4.1988215e+04
3.8435000e-02 +4.0000000e-01 +1.3100050e+01 +2.8374167e-02 +1.2548417e-01 +6.5243889e+00 +5.8462778e-01 +1.5836750e+00 -8.3643611e-01 +3.3270833e-02 +3.6849167e-04 +4.0601881e+04
4.0176000e-02 +4.0000000e-01 +1.3266883e+01 +3.0249000e-02 +1.2567800e-01 +6.3641111e+00 +6.1581944e-01 +1.6019583e+00 -8.4644444e-01 +3.4281111e-02 +9.2294167e-04 +3.9226260e+04
4.1960000e-02 +4.0000000e-01 +1.3425833e+01 +3.2207500e-02 +1.2557400e-01 +6.2046111e+00 +6.4639722e-01 +1.6184333e+00 -8.5532500e-01 +3.5298611e-02 +1.5022528e-03 +3.7865673e+04
4.3790000e-02 +4.0000000e-01 +1.3577567e+01 +3.4252333e-02 +1.2518617e-01 +6.0472500e+00 +6.7622778e-01 +1.6332306e+00 -8.6317222e-01 +3.6206944e-02 +2.0799556e-03 +3.6522270e+04
4.5665000e-02 +4.0000000e-01 +1.3722633e+01 +3.6384667e-02 +1.2453333e-01 +5.8931389e+00 +7.0518611e-01 +1.6464556e+00 -8.7008611e-01 +3.6912222e-02 +2.6224056e-03 +3.5198143e+04
4.7588000e-02 +4.0000000e-01 +1.3861583e+01 +3.8602667e-02 +1.2363317e-01 +5.7430833e+00 +7.3315833e-01 +1.6581944e+00 -8.7613333e-01 +3.7336667e-02 +3.0983333e-03 +3.3899082e+04
4.9559000e-02 +4.0000000e-01 +1.3994933e+01 +4.0901000e-02 +1.2250233e-01 +5.5975000e+00 +7.6005278e-01 +1.6685528e+00 -8.8136944e-01 +3.7418056e-02 +3.4880278e-03 +3.2633300e+04
5.1579000e-02 +4.0000000e-01 +1.4123117e+01 +4.3269833e-02 +1.2115417e-01 +5.4566667e+00 +7.8579167e-01 +1.6776333e+00 -8.8581389e-01 +3.7151944e-02 +3.7861944e-03 +3.1406903e+04
5.3650000e-02 +4.0000000e-01 +1.4246617e+01 +4.5695667e-02 +1.1959767e-01 +5.3205833e+00 +8.1031389e-01 +1.6855417e+00 -8.8947500e-01 +3.6615833e-02 +4.0040556e-03 +3.0220994e+04
5.5771000e-02 +4.0000000e-01 +1.4365867e+01 +4.8164167e-02 +1.1783650e-01 +5.1892778e+00 +8.3357500e-01 +1.6923556e+00 -8.9236389e-01 +3.5932500e-02 +4.1676389e-03 +2.9073604e+04
5.7944000e-02 +4.0000000e-01 +1.4481317e+01 +5.0661167e-02 +1.1587250e-01 +5.0625833e+00 +8.5555556e-01 +1.6981472e+00 -8.9450556e-01 +3.5230833e-02 +4.3049444e-03 +2.7961262e+04
6.0170000e-02 +4.0000000e-01 +1.4593350e+01 +5.3174833e-02 +1.1370733e-01 +4.9404167e+00 +8.7624167e-01 +1.7029806e+00 -8.9591944e-01 +3.4654444e-02 +4.4261667e-03 +2.6881659e+04
6.2451000e-02 +4.0000000e-01 +1.4702383e+01 +5.5691500e-02 +1.1134050e-01 +4.8226389e+00 +8.9561944e-01 +1.7068972e+00 -8.9662778e-01 +3.4371389e-02 +4.5135278e-03 +2.5835043e+04
6.4786000e-02 +4.0000000e-01 +1.4808733e+01 +5.8195833e-02 +1.0876867e-01 +4.7091667e+00 +9.1366944e-01 +1.7098528e+00 -8.9665556e-01 +3.4518056e-02 +4.5379167e-03 +2.4823183e+04
6.7178000e-02 +4.0000000e-01 +1.4912683e+01 +6.0670167e-02 +1.0598867e-01 +4.6000833e+00 +9.3036389e-01 +1.7117111e+00 -8.9605278e-01 +3.5107222e-02 +4.4870833e-03 +2.3846996e+04
6.9627000e-02 +4.0000000e-01 +1.5014433e+01 +6.3095500e-02 +1.0300517e-01 +4.4955833e+00 +9.4566944e-01 +1.7123194e+00 -8.9487222e-01 +3.5996111e-02 +4.3705833e-03 +2.2907023e+04
7.2134000e-02 +4.0000000e-01 +1.5114183e+01 +6.5451167e-02 +9.9829333e-02 +4.3958611e+00 +9.5953889e-01 +1.7115722e+00 -8.9316111e-01 +3.6944167e-02 +4.2008056e-03 +2.2005582e+04
7.4701000e-02 +4.0000000e-01 +1.5212083e+01 +6.7715167e-02 +9.6465333e-02 +4.3010556e+00 +9.7193889e-01 +1.7094139e+00 -8.9096389e-01 +3.7719167e-02 +3.9782500e-03 +2.1146980e+04
7.7327000e-02 +4.0000000e-01 +1.5308350e+01 +6.9864000e-02 +9.2896333e-02 +4.2112500e+00 +9.8284444e-01 +1.7058306e+00 -8.8832500e-01 +3.8160556e-02 +3.6940556e-03 +2.0333318e+04
8.0015000e-02 +4.0000000e-01 +1.5403150e+01 +7.1876167e-02 +8.9090667e-02 +4.1266667e+00 +9.9227222e-01 +1.7008222e+00 -8.8528056e-01 +3.8184722e-02 +3.3393333e-03 +1.9561547e+04
8.2766000e-02 +4.0000000e-01 +1.5496700e+01 +7.3736000e-02 +8.5020667e-02 +4.0473333e+00 +1.0002639e+00 +1.6944639e+00 -8.8187222e-01 +3.7814444e-02 +2.9113611e-03 +1.8826115e+04
8.5579000e-02 +4.0000000e-01 +1.5589200e+01 +7.5436833e-02 +8.0679833e-02 +3.9731111e+00 +1.0069028e+00 +1.6869194e+00 -8.7812222e-01 +3.7199444e-02 +2.4218944e-03 +1.8123184e+04
8.8457000e-02 +4.0000000e-01 +1.5680850e+01 +7.6978833e-02 +7.6092500e-02 +3.9036111e+00 +1.0122889e+00 +1.6784306e+00 -8.7406944e-01 +3.6541111e-02 +1.9016417e-03 +1.7450154e+04
9.1401000e-02 +4.0000000e-01 +1.5771850e+01 +7.8369333e-02 +7.1310333e-02 +3.8381944e+00 +1.0165583e+00 +1.6691778e+00 -8.6975556e-01 +3.5966667e-02 +1.3915556e-03 +1.6802046e+04
9.4411000e-02 +4.0000000e-01 +1.5862350e+01 +7.9620000e-02 +6.6400167e-02 +3.7761667e+00 +1.0198500e+00 +1.6591667e+00 -8.6523889e-01 +3.5526111e-02 +9.2214167e-04 +1.6177269e+04
9.7488000e-02 +4.0000000e-01 +1.5952467e+01 +8.0741667e-02 +6.1431167e-02 +3.7168056e+00 +1.0222722e+00 +1.6482472e+00 -8.6055556e-01 +3.5241389e-02 +4.9080000e-04 +1.5580777e+04
1.0063400e-01 +4.0000000e-01 +1.6042283e+01 +8.1741833e-02 +5.6469167e-02 +3.6595833e+00 +1.0239028e+00 +1.6362472e+00 -8.5570000e-01 +3.5078333e-02 +6.2478333e-05 +1.5013707e+04
1.0384900e-01 +4.0000000e-01 +1.6131867e+01 +8.2625167e-02 +5.1576500e-02 +3.6044444e+00 +1.0247917e+00 +1.6231694e+00 -8.5065556e-01 +3.4984444e-02 -4.0004167e-04 +1.4469029e+04
1.0713400e-01 +4.0000000e-01 +1.6221233e+01 +8.3393167e-02 +4.6802333e-02 +3.5515833e+00 +1.0249472e+00 +1.6092278e+00 -8.4538889e-01 +3.4977778e-02 -9.1480000e-04 +1.3938266e+04
1.1049000e-01 +4.0000000e-01 +1.6310400e+01 +8.4039833e-02 +4.2163667e-02 +3.5011111e+00 +1.0243556e+00 +1.5946444e+00 -8.3986111e-01 +3.5072778e-02 -1.4678278e-03 +1.3418211e+04
1.1391900e-01 +4.0000000e-01 +1.6399333e+01 +8.4558167e-02 +3.7641667e-02 +3.4530556e+00 +1.0229806e+00 +1.5794528e+00 -8.3405556e-01 +3.5178333e-02 -2.0142111e-03 +1.2910628e+04
1.1742100e-01 +4.0000000e-01 +1.6488033e+01 +8.4945167e-02 +3.3194000e-02 +3.4073333e+00 +1.0207972e+00 +1.5636000e+00 -8.2796944e-01 +3.5193333e-02 -2.5131639e-03 +1.2419532e+04
1.2099600e-01 +4.0000000e-01 +1.6576450e+01 +8.5193833e-02 +2.8781500e-02 +3.3636944e+00 +1.0177917e+00 +1.5471083e+00 -8.2157222e-01 +3.5000000e-02 -2.9510278e-03 +1.1946671e+04
1.2464700e-01 +4.0000000e-01 +1.6664617e+01 +8.5287000e-02 +2.4397000e-02 +3.3219444e+00 +1.0139694e+00 +1.5300417e+00 -8.1481111e-01 +3.4382500e-02 -3.3254444e-03 +1.1493950e+04
1.2837200e-01 +4.0000000e-01 +1.6752500e+01 +8.5200167e-02 +2.0070667e-02 +3.2818889e+00 +1.0093667e+00 +1.5123667e+00 -8.0760278e-01 +3.3165278e-02 -3.6343056e-03 +1.1064325e+04
1.3217500e-01 +4.0000000e-01 +1.6840333e+01 +8.4909333e-02 +1.5849083e-02 +3.2432500e+00 +1.0040500e+00 +1.4939861e+00 -7.9985000e-01 +3.1381389e-02 -3.8865556e-03 +1.0658480e+04
1.3605400e-01 +4.0000000e-01 +1.6928000e+01 +8.4393167e-02 +1.1769150e-02 +3.2057222e+00 +9.9811389e-01 +1.4749444e+00 -7.9150000e-01 +2.9216111e-02 -4.1202778e-03 +1.0272554e+04
1.4001100e-01 +4.0000000e-01 +1.7015667e+01 +8.3634333e-02 +7.8427167e-03 +3.1690556e+00 +9.9165278e-01 +1.4554639e+00 -7.8257778e-01 +2.6852694e-02 -4.3956389e-03 +9.9017542e+03
1.4404700e-01 +4.0000000e-01 +1.7103333e+01 +8.2628000e-02 +4.0482333e-03 +3.1331389e+00 +9.8476111e-01 +1.4357167e+00 -7.7314722e-01 +2.4504861e-02 -4.8057222e-03 +9.5437851e+03
1.4816200e-01 +4.0000000e-01 +1.7191167e+01 +8.1386833e-02 +3.2073500e-04 +3.0976944e+00 +9.7751111e-01 +1.4157778e+00 -7.6330000e-01 +2.2402111e-02 -5.5043889e-03 +9.2003584e+03
1.5235700e-01 +4.0000000e-01 +1.7279000e+01 +7.9939333e-02 -3.4396167e-03 +3.0622778e+00 +9.6996944e-01 +1.3957333e+00 -7.5314167e-01 +2.0665000e-02 -6.6245278e-03 +8.8739031e+03
1.5663200e-01 +4.0000000e-01 +1.7367333e+01 +7.8323333e-02 -7.3211333e-03 +3.0264722e+00 +9.6218056e-01 +1.3757028e+00 -7.4273611e-01 +1.9229472e-02 -8.1693889e-03 +8.5622780e+03
1.6098800e-01 +4.0000000e-01 +1.7455833e+01 +7.6574167e-02 -1.1328617e-02 +2.9903889e+00 +9.5415833e-01 +1.3556444e+00 -7.3217500e-01 +1.7901889e-02 -1.0030778e-02 +8.2613260e+03
1.6542500e-01 +4.0000000e-01 +1.7544500e+01 +7.4713333e-02 -1.5357267e-02 +2.9543056e+00 +9.4590000e-01 +1.3352611e+00 -7.2154444e-01 +1.6485000e-02 -1.2065056e-02 +7.9689323e+03
1.6994400e-01 +4.0000000e-01 +1.7633167e+01 +7.2748667e-02 -1.9238833e-02 +2.9182500e+00 +9.3741389e-01 +1.3143556e+00 -7.1086667e-01 +1.4843861e-02 -1.4132000e-02 +7.6861518e+03
1.7454600e-01 +4.0000000e-01 +1.7721833e+01 +7.0689000e-02 -2.2827667e-02 +2.8819444e+00 +9.2869444e-01 +1.2930639e+00 -7.0009167e-01 +1.3073167e-02 -1.6144278e-02 +7.4140170e+03
1.7922900e-01 +4.0000000e-01 +1.7810500e+01 +6.8551000e-02 -2.6070333e-02 +2.8451944e+00 +9.1974722e-01 +1.2717000e+00 -6.8916667e-01 +1.1467361e-02 -1.8095972e-02 +7.1542129e+03
1.8399600e-01 +4.0000000e-01 +1.7899000e+01 +6.6357000e-02 -2.9008500e-02 +2.8076944e+00 +9.1059722e-01 +1.2505694e+00 -6.7806667e-01 +1.0165917e-02 -2.0033972e-02 +6.9096117e+03
1.8884500e-01 +4.0000000e-01 +1.7987500e+01 +6.4115833e-02 -3.1719000e-02 +2.7689806e+00 +9.0128611e-01 +1.2297806e+00 -6.6675833e-01 +9.1049167e-03 -2.2016250e-02 +6.6810578e+03
1.9377800e-01 +4.0000000e-01 +1.8076000e+01 +6.1817000e-02 -3.4293000e-02 +2.7293361e+00 +8.9182500e-01 +1.2090611e+00 -6.5520000e-01 +8.2328611e-03 -2.4071806e-02 +6.4664149e+03
1.9879400e-01 +4.0000000e-01 +1.8164833e+01 +5.9443167e-02 -3.6833167e-02 +2.6896944e+00 +8.8221389e-01 +1.1880333e+00 -6.4337500e-01 +7.5128056e-03 -2.6202500e-02 +6.2600370e+03
2.0389300e-01 +4.0000000e-01 +1.8253833e+01 +5.6972667e-02 -3.9394167e-02 +2.6510806e+00 +8.7245278e-01 +1.1664667e+00 -6.3128611e-01 +6.7970000e-03 -2.8351944e-02 +6.0573272e+03
2.0907500e-01 +4.0000000e-01 +1.8343000e+01 +5.4377333e-02 -4.1930667e-02 +2.6141028e+00 +8.6253889e-01 +1.1442333e+00 -6.1893056e-01 +5.8045833e-03 -3.0401944e-02 +5.8596345e+03
2.1433900e-01 +4.0000000e-01 +1.8432167e+01 +5.1639167e-02 -4.4313833e-02 +2.5784139e+00 +8.5248611e-01 +1.1213972e+00 -6.0629444e-01 +4.2021389e-03 -3.2315278e-02 +5.6697269e+03
2.1968700e-01 +4.0000000e-01 +1.8521500e+01 +4.8764333e-02 -4.6412833e-02 +2.5431167e+00 +8.4233056e-01 +1.0983028e+00 -5.9338889e-01 +1.7801944e-03 -3.4171389e-02 +5.4871370e+03
2.2511700e-01 +4.0000000e-01 +1.8610500e+01 +4.5774333e-02 -4.8177167e-02 +2.5074222e+00 +8.3208889e-01 +1.0752611e+00 -5.8021389e-01 -1.3411194e-03 -3.6043611e-02 +5.3117857e+03
2.3062900e-01 +4.0000000e-01 +1.8699000e+01 +4.2684500e-02 -4.9649167e-02 +2.4707389e+00 +8.2175000e-01 +1.0523083e+00 -5.6675833e-01 -4.7162778e-03 -3.7966389e-02 +5.1442088e+03
2.3622300e-01 +4.0000000e-01 +1.8787000e+01 +3.9502667e-02 -5.0924500e-02 +2.4331000e+00 +8.1129722e-01 +1.0294083e+00 -5.5306389e-01 -8.1643611e-03 -3.9948889e-02 +4.9812038e+03
2.4189800e-01 +4.0000000e-01 +1.8874333e+01 +3.6235167e-02 -5.2075000e-02 +2.3950694e+00 +8.0073333e-01 +1.0065889e+00 -5.3917222e-01 -1.1834472e-02 -4.1962222e-02 +4.8190148e+03
2.4765400e-01 +4.0000000e-01 +1.8960833e+01 +3.2883833e-02 -5.3111167e-02 +2.3569722e+00 +7.9006944e-01 +9.8405833e-01 -5.2504167e-01 -1.5706583e-02 -4.3966111e-02 +4.6586376e+03
2.5348900e-01 +4.0000000e-01 +1.9046500e+01 +2.9457167e-02 -5.4092500e-02 +2.3186444e+00 +7.7930000e-01 +9.6193333e-01 -5.1059167e-01 -1.9680361e-02 -4.5913333e-02 +4.5054112e+03
2.5940400e-01 +4.0000000e-01 +1.9130833e+01 +2.5971000e-02 -5.5124333e-02 +2.2800806e+00 +7.6840278e-01 +9.3998056e-01 -4.9570278e-01 -2.3806556e-02 -4.7782500e-02 +4.3623455e+03
2.6539600e-01 +4.0000000e-01 +1.9214167e+01 +2.2424500e-02 -5.6210167e-02 +2.2418250e+00 +7.5738889e-01 +9.1794167e-01 -4.8030278e-01 -2.8213333e-02 -4.9584167e-02 +4.2274145e+03
2.7146600e-01 +4.0000000e-01 +1.9296000e+01 +1.8818167e-02 -5.7251667e-02 +2.2044944e+00 +7.4635000e-01 +8.9579722e-01 -4.6444722e-01 -3.2932778e-02 -5.1289444e-02 +4.0954777e+03
2.7761200e-01 +4.0000000e-01 +1.9376333e+01 +1.5186050e-02 -5.8135667e-02 +2.1680472e+00 +7.3543056e-01 +8.7387222e-01 -4.4824444e-01 -3.7955556e-02 -5.2848889e-02 +3.9665342e+03
2.8383300e-01 +4.0000000e-01 +1.9455167e+01 +1.1570567e-02 -5.8789000e-02 +2.1319306e+00 +7.2475000e-01 +8.5265833e-01 -4.3180556e-01 -4.3288056e-02 -5.4210000e-02 +3.8440892e+03
2.9012800e-01 +4.0000000e-01 +1.9532500e+01 +8.0097667e-03 -5.9205500e-02 +2.0959556e+00 +7.1438056e-01 +8.3248611e-01 -4.1525000e-01 -4.9008056e-02 -5.5224722e-02 +3.7289878e+03
2.9649600e-01 +4.0000000e-01 +1.9608167e+01 +4.5622667e-03 -5.9377667e-02 +2.0600667e+00 +7.0435556e-01 +8.1330000e-01 -3.9865833e-01 -5.5235556e-02 -5.5721944e-02 +3.6211184e+03
3.0293400e-01 +4.0000000e-01 +1.9682167e+01 +1.2937233e-03 -5.9256000e-02 +2.0242361e+00 +6.9465278e-01 +7.9481389e-01 -3.8205833e-01 -6.2036389e-02 -5.5699167e-02 +3.5207690e+03
3.0944200e-01 +4.0000000e-01 +1.9754333e+01 -1.7632500e-03 -5.8741500e-02 +1.9890833e+00 +6.8525833e-01 +7.7685278e-01 -3.6547778e-01 -6.9387778e-02 -5.5361667e-02 +3.4251093e+03
3.1601900e-01 +4.0000000e-01 +1.9824167e+01 -4.6122667e-03 -5.7727833e-02 +1.9553250e+00 +6.7622778e-01 +7.5943056e-01 -3.4890278e-01 -7.6976389e-02 -5.5032500e-02 +3.3298952e+03
3.2266100e-01 +4.0000000e-01 +1.9891333e+01 -7.2631833e-03 -5.6203667e-02 +1.9230472e+00 +6.6765833e-01 +7.4248889e-01 -3.3226667e-01 -8.4586389e-02 -5.4998611e-02 +3.2358301e+03
3.2936900e-01 +4.0000000e-01 +1.9955833e+01 -9.6977667e-03 -5.4220000e-02 +1.8918861e+00 +6.5958333e-01 +7.2597500e-01 -3.1557222e-01 -9.2273333e-02 -5.5327500e-02 +3.1467724e+03
3.3613900e-01 +4.0000000e-01 +2.0017500e+01 -1.1896317e-02 -5.1858000e-02 +1.8615556e+00 +6.5190556e-01 +7.1002500e-01 -2.9887778e-01 -9.9877500e-02 -5.5853056e-02 +3.0650900e+03
3.4297000e-01 +4.0000000e-01 +2.0076500e+01 -1.3858150e-02 -4.9239667e-02 +1.8320222e+00 +6.4446944e-01 +6.9464722e-01 -2.8227778e-01 -1.0718361e-01 -5.6341111e-02 +2.9911510e+03
3.4985900e-01 +4.0000000e-01 +2.0133000e+01 -1.5593167e-02 -4.6429333e-02 +1.8035111e+00 +6.3718889e-01 +6.7970556e-01 -2.6586833e-01 -1.1429306e-01 -5.6595278e-02 +2.9251666e+03
3.5680600e-01 +4.0000000e-01 +2.0186833e+01 -1.7123667e-02 -4.3424500e-02 +1.7763361e+00 +6.3008056e-01 +6.6519167e-01 -2.4966750e-01 -1.2133806e-01 -5.6446389e-02 +2.8657675e+03
3.6380700e-01 +4.0000000e-01 +2.0238000e+01 -1.8483167e-02 -4.0229833e-02 +1.7507583e+00 +6.2318056e-01 +6.5141111e-01 -2.3366083e-01 -1.2817028e-01 -5.5786667e-02 +2.8103943e+03
3.7086000e-01 +4.0000000e-01 +2.0286500e+01 -1.9679000e-02 -3.6846333e-02 +1.7269222e+00 +6.1650833e-01 +6.3836944e-01 -2.1784611e-01 -1.3465750e-01 -5.4654167e-02 +2.7569609e+03
3.7796300e-01 +4.0000000e-01 +2.0332333e+01 -2.0669000e-02 -3.3306167e-02 +1.7049917e+00 +6.1010833e-01 +6.2579722e-01 -2.0229083e-01 -1.4071056e-01 -5.3244444e-02 +2.7052462e+03
3.8511300e-01 +4.0000000e-01 +2.0375000e+01 -2.1382333e-02 -2.9661000e-02 +1.6851028e+00 +6.0405833e-01 +6.1381944e-01 -1.8708389e-01 -1.4621833e-01 -5.1785833e-02 +2.6548599e+03
3.9230900e-01 +4.0000000e-01 +2.0414667e+01 -2.1758000e-02 -2.5904000e-02 +1.6671056e+00 +5.9841944e-01 +6.0291944e-01 -1.7226444e-01 -1.5139583e-01 -5.0353611e-02 +2.6057773e+03
3.9954700e-01 +4.0000000e-01 +2.0451167e+01 -2.1779500e-02 -2.2017333e-02 +1.6506917e+00 +5.9317500e-01 +5.9337778e-01 -1.5782444e-01 -1.5661472e-01 -4.8802500e-02 +2.5597720e+03
4.0682400e-01 +4.0000000e-01 +2.0484667e+01 -2.1467833e-02 -1.8046833e-02 +1.6358667e+00 +5.8824444e-01 +5.8519722e-01 -1.4374917e-01 -1.6196361e-01 -4.6921944e-02 +2.5183435e+03
4.1413900e-01 +4.0000000e-01 +2.0515000e+01 -2.0867500e-02 -1.4059583e-02 +1.6229333e+00 +5.8355556e-01 +5.7816389e-01 -1.3010028e-01 -1.6737278e-01 -4.4611111e-02 +2.4805361e+03
4.2148900e-01 +4.0000000e-01 +2.0542667e+01 -2.0018667e-02 -1.0114000e-02 +1.6119167e+00 +5.7905556e-01 +5.7185556e-01 -1.1696222e-01 -1.7283056e-01 -4.1901944e-02 +2.4463359e+03
4.2886900e-01 +4.0000000e-01 +2.0567167e+01 -1.8913167e-02 -6.3147000e-03 +1.6024056e+00 +5.7470833e-01 +5.6610000e-01 -1.0434417e-01 -1.7826611e-01 -3.8867222e-02 +2.4170621e+03
4.3627900e-01 +4.0000000e-01 +2.0589167e+01 -1.7525667e-02 -2.7600500e-03 +1.5939806e+00 +5.7051389e-01 +5.6105278e-01 -9.2167222e-02 -1.8348028e-01 -3.5542778e-02 +2.3931142e+03
4.4371400e-01 +4.0000000e-01 +2.0608500e+01 -1.5868017e-02 +4.9813333e-04 +1.5863972e+00 +5.6653889e-01 +5.5675556e-01 -8.0331389e-02 -1.8819139e-01 -3.1882222e-02 +2.3739849e+03
4.5117200e-01 +4.0000000e-01 +2.0625667e+01 -1.3993833e-02 +3.4194667e-03 +1.5796611e+00 +5.6288611e-01 +5.5304722e-01 -6.8764444e-02 -1.9222472e-01 -2.7864722e-02 +2.3590444e+03
4.5865000e-01 +4.0000000e-01 +2.0640833e+01 -1.1961683e-02 +5.9373833e-03 +1.5741028e+00 +5.5967500e-01 +5.4962778e-01 -5.7435556e-02 -1.9559556e-01 -2.3562028e-02 +2.3473426e+03
4.6614500e-01 +4.0000000e-01 +2.0653667e+01 -9.8008500e-03 +7.9584833e-03 +1.5700000e+00 +5.5700556e-01 +5.4618611e-01 -4.6366111e-02 -1.9828278e-01 -1.9113167e-02 +2.3373415e+03
4.7365400e-01 +4.0000000e-01 +2.0664167e+01 -7.4986833e-03 +9.4444500e-03 +1.5673500e+00 +5.5490556e-01 +5.4280278e-01 -3.5639167e-02 -2.0033333e-01 -1.4705056e-02 +2.3284688e+03
4.8117400e-01 +4.0000000e-01 +2.0672167e+01 -5.0604333e-03 +1.0385100e-02 +1.5660111e+00 +5.5334722e-01 +5.3999167e-01 -2.5274389e-02 -2.0191083e-01 -1.0437500e-02 +2.3213919e+03
4.8870100e-01 +4.0000000e-01 +2.0677500e+01 -2.5407833e-03 +1.0862550e-02 +1.5656000e+00 +5.5230833e-01 +5.3820000e-01 -1.5120667e-02 -2.0309583e-01 -6.2548056e-03 +2.3162305e+03
4.9623300e-01 +4.0000000e-01 +2.0680167e+01 +0.0000000e+00 +1.1046283e-02 +1.5655611e+00 +5.5178056e-01 +5.3743333e-01 -5.0339167e-03 -2.0376306e-01 -2.0847389e-03 +2.3132472e+03
5.0376700e-01 +4.0000000e-01 +2.0680167e+01 +2.5407833e-03 +1.1046283e-02 +1.5655611e+00 +5.5178056e-01 +5.3743333e-01 +5.0339167e-03 -2.0376306e-01 +2.0847389e-03 +2.3132472e+03
5.1129900e-01 +4.0000000e-01 +2.0677500e+01 +5.0604333e-03 +1.0862550e-02 +1.5656000e+00 +5.5230833e-01 +5.3820000e-01 +1.5120667e-02 -2.0309583e-01 +6.2548056e-03 +2.3162305e+03
5.1882600e-01 +4.0000000e-01 +2.0672167e+01 +7.4986833e-03 +1.0385100e-02 +1.5660111e+00 +5.5334722e-01 +5.3999167e-01 +2.5274389e-02 -2.0191083e-01 +1.0437500e-02 +2.3213919e+03
5.2634600e-01 +4.0000000e-01 +2.0664167e+01 +9.8008500e-03 +9.4444500e-03 +1.5673500e+00 +5.5490556e-01 +5.4280278e-01 +3.5639167e-02 -2.0033333e-01 +1.4705056e-02 +2.3284688e+03
5.3385500e-01 +4.0000000e-01 +2.0653667e+01 +1.1961683e-02 +7.9584833e-03 +1.5700000e+00 +5.5700556e-01 +5.4618611e-01 +4.6366111e-02 -1.9828278e-01 +1.9113167e-02 +2.3373415e+03
5.4135000e-01 +4.0000000e-01 +2.0640833e+01 +1.3993833e-02 +5.9373833e-03 +1.5741028e+00 +5.5967500e-01 +5.4962778e-01 +5.7435556e-02 -1.9559556e-01 +2.3562028e-02 +2.3473426e+03
5.4882800e-01 +4.0000000e-01 +2.0625667e+01 +1.5868017e-02 +3.4194667e-03 +1.5796611e+00 +5.6288611e-01 +5.5304722e-01 +6.8764444e-02 -1.9222472e-01 +2.7864722e-02 +2.3590444e+03
5.5628600e-01 +4.0000000e-01 +2.0608500e+01 +1.7525667e-02 +4.9813333e-04 +1.5863972e+00 +5.6653889e-01 +5.5675556e-01 +8.0331389e-02 -1.8819139e-01 +3.1882222e-02 +2.3739849e+03
5.6372100e-01 +4.0000000e-01 +2.0589167e+01 +1.8913167e-02 -2.7600500e-03 +1.5939806e+00 +5.7051389e-01 +5.6105278e-01 +9.2167222e-02 -1.8348028e-01 +3.5542778e-02 +2.3931142e+03
5.7113100e-01 +4.0000000e-01 +2.0567167e+01 +2.0018667e-02 -6.3147000e-03 +1.6024056e+00 +5.7470833e-01 +5.6610000e-01 +1.0434417e-01 -1.7826611e-01 +3.8867222e-02 +2.4170621e+03
5.7851100e-01 +4.0000000e-01 +2.0542667e+01 +2.0867500e-02 -1.0114000e-02 +1.6119167e+00 +5.7905556e-01 +5.7185556e-01 +1.1696222e-01 -1.7283056e-01 +4.1901944e-02 +2.4463359e+03
5.8586100e-01 +4.0000000e-01 +2.0515000e+01 +2.1467833e-02 -1.4059583e-02 +1.6229333e+00 +5.8355556e-01 +5.7816389e-01 +1.3010028e-01 -1.6737278e-01 +4.4611111e-02 +2.4805361e+03
5.9317600e-01 +4.0000000e-01 +2.0484667e+01 +2.1779500e-02 -1.8046833e-02 +1.6358667e+00 +5.8824444e-01 +5.8519722e-01 +1.4374917e-01 -1.6196361e-01 +4.6921944e-02 +2.5183435e+03
6.0045300e-01 +4.0000000e-01 +2.0451167e+01 +2.1758000e-02 -2.2017333e-02 +1.6506917e+00 +5.9317500e-01 +5.9337778e-01 +1.5782444e-01 -1.5661472e-01 +4.8802500e-02 +2.5597720e+03
6.0769100e-01 +4.0000000e-01 +2.0414667e+01 +2.1382333e-02 -2.5904000e-02 +1.6671056e+00 +5.9841944e-01 +6.0291944e-01 +1.7226444e-01 -1.5139583e-01 +5.0353611e-02 +2.6057773e+03
6.1488700e-01 +4.0000000e-01 +2.0375000e+01 +2.0669000e-02 -2.9661000e-02 +1.6851028e+00 +6.0405833e-01 +6.1381944e-01 +1.8708389e-01 -1.4621833e-01 +5.1785833e-02 +2.6548599e+03
6.2203700e-01 +4.0000000e-01 +2.0332333e+01 +1.9679000e-02 -3.3306167e-02 +1.7049917e+00 +6.1010833e-01 +6.2579722e-01 +2.0229083e-01 -1.4071056e-01 +5.3244444e-02 +2.7052462e+03
6.2914000e-01 +4.0000000e-01 +2.0286500e+01 +1.8483167e-02 -3.6846333e-02 +1.7269222e+00 +6.1650833e-01 +6.3836944e-01 +2.1784611e-01 -1.3465750e-01 +5.4654167e-02 +2.7569609e+03
6.3619300e-01 +4.0000000e-01 +2.0238000e+01 +1.7123667e-02 -4.0229833e-02 +1.7507583e+00 +6.2318056e-01 +6.5141111e-01 +2.3366083e-01 -1.2817028e-01 +5.5786667e-02 +2.8103943e+03
6.4319400e-01 +4.0000000e-01 +2.0186833e+01 +1.5593167e-02 -4.3424500e-02 +1.7763361e+00 +6.3008056e-01 +6.6519167e-01 +2.4966750e-01 -1.2133806e-01 +5.6446389e-02 +2.8657675e+03
6.5014100e-01 +4.0000000e-01 +2.0133000e+01 +1.3858150e-02 -4.6429333e-02 +1.8035111e+00 +6.3718889e-01 +6.7970556e-01 +2.6586833e-01 -1.1429306e-01 +5.6595278e-02 +2.9251666e+03
6.5703000e-01 +4.0000000e-01 +2.0076500e+01 +1.1896317e-02 -4.9239667e-02 +1.8320222e+00 +6.4446944e-01 +6.9464722e-01 +2.8227778e-01 -1.0718361e-01 +5.6341111e-02 +2.9911510e+03
6.6386100e-01 +4.0000000e-01 +2.0017500e+01 +9.6977667e-03 -5.1858000e-02 +1.8615556e+00 +6.5190556e-01 +7.1002500e-01 +2.9887778e-01 -9.9877500e-02 +5.5853056e-02 +3.0650900e+03
6.7063100e-01 +4.0000000e-01 +1.9955833e+01 +7.2631833e-03 -5.4220000e-02 +1.8918861e+00 +6.5958333e-01 +7.2597500e-01 +3.1557222e-01 -9.2273333e-02 +5.5327500e-02 +3.1467724e+03
6.7733900e-01 +4.0000000e-01 +1.9891333e+01 +4.6122667e-03 -5.6203667e-02 +1.9230472e+00 +6.6765833e-01 +7.4248889e-01 +3.3226667e-01 -8.4586389e-02 +5.4998611e-02 +3.2358301e+03
6.8398100e-01 +4.0000000e-01 +1.9824167e+01 +1.7632500e-03 -5.7727833e-02 +1.9553250e+00 +6.7622778e-01 +7.5943056e-01 +3.4890278e-01 -7.6976389e-02 +5.5032500e-02 +3.3298952e+03
6.9055800e-01 +4.0000000e-01 +1.9754333e+01 -1.2937233e-03 -5.8741500e-02 +1.9890833e+00 +6.8525833e-01 +7.7685278e-01 +3.6547778e-01 -6.9387778e-02 +5.5361667e-02 +3.4251093e+03
6.9706600e-01 +4.0000000e-01 +1.9682167e+01 -4.5622667e-03 -5.9256000e-02 +2.0242361e+00 +6.9465278e-01 +7.9481389e-01 +3.8205833e-01 -6.2036389e-02 +5.5699167e-02 +3.5207690e+03
7.0350400e-01 +4.0000000e-01 +1.9608167e+01 -8.0097667e-03 -5.9377667e-02 +2.0600667e+00 +7.0435556e-01 +8.1330000e-01 +3.9865833e-01 -5.5235556e-02 +5.5721944e-02 +3.6211184e+03
7.0987200e-01 +4.0000000e-01 +1.9532500e+01 -1.1570567e-02 -5.9205500e-02 +2.0959556e+00 +7.1438056e-01 +8.3248611e-01 +4.1525000e-01 -4.9008056e-02 +5.5224722e-02 +3.7289878e+03
7.1616700e-01 +4.0000000e-01 +1.9455167e+01 -1.5186050e-02 -5.8789000e-02 +2.1319306e+00 +7.2475000e-01 +8.5265833e-01 +4.3180556e-01 -4.3288056e-02 +5.4210000e-02 +3.8440892e+03
7.2238800e-01 +4.0000000e-01 +1.9376333e+01 -1.8818167e-02 -5.8135667e-02 +2.1680472e+00 +7.3543056e-01 +8.7387222e-01 +4.4824444e-01 -3.7955556e-02 +5.2848889e-02 +3.9665342e+03
7.2853400e-01 +4.0000000e-01 +1.9296000e+01 -2.2424500e-02 -5.7251667e-02 +2.2044944e+00 +7.4635000e-01 +8.9579722e-01 +4.6444722e-01 -3.2932778e-02 +5.1289444e-02 +4.0954777e+03
7.3460400e-01 +4.0000000e-01 +1.9214167e+01 -2.5971000e-02 -5.6210167e-02 +2.2418250e+00 +7.5738889e-01 +9.1794167e-01 +4.8030278e-01 -2.8213333e-02 +4.9584167e-02 +4.2274145e+03
7.4059600e-01 +4.0000000e-01 +1.9130833e+01 -2.9457167e-02 -5.5124333e-02 +2.2800806e+00 +7.6840278e-01 +9.3998056e-01 +4.9570278e-01 -2.3806556e-02 +4.7782500e-02 +4.3623455e+03
7.4651100e-01 +4.0000000e-01 +1.9046500e+01 -3.2883833e-02 -5.4092500e-02 +2.3186444e+00 +7.7930000e-01 +9.6193333e-01 +5.1059167e-01 -1.9680361e-02 +4.5913333e-02 +4.5054112e+03
7.5234600e-01 +4.0000000e-01 +1.8960833e+01 -3.6235167e-02 -5.3111167e-02 +2.3569722e+00 +7.9006944e-01 +9.8405833e-01 +5.2504167e-01 -1.5706583e-02 +4.3966111e-02 +4.6586376e+03
7.5810200e-01 +4.0000000e-01 +1.8874333e+01 -3.9502667e-02 -5.2075000e-02 +2.3950694e+00 +8.0073333e-01 +1.0065889e+00 +5.3917222e-01 -1.1834472e-02 +4.1962222e-02 +4.8190148e+03
7.6377700e-01 +4.0000000e-01 +1.8787000e+01 -4.2684500e-02 -5.0924500e-02 +2.4331000e+00 +8.1129722e-01 +1.0294083e+00 +5.5306389e-01 -8.1643611e-03 +3.9948889e-02 +4.9812038e+03
7.6937100e-01 +4.0000000e-01 +1.8699000e+01 -4.5774333e-02 -4.9649167e-02 +2.4707389e+00 +8.2175000e-01 +1.0523083e+00 +5.6675833e-01 -4.7162778e-03 +3.7966389e-02 +5.1442088e+03
7.7488300e-01 +4.0000000e-01 +1.8610500e+01 -4.8764333e-02 -4.8177167e-02 +2.5074222e+00 +8.3208889e-01 +1.0752611e+00 +5.8021389e-01 -1.3411194e-03 +3.6043611e-02 +5.3117857e+03
7.8031300e-01 +4.0000000e-01 +1.8521500e+01 -5.1639167e-02 -4.6412833e-02 +2.5431167e+00 +8.4233056e-01 +1.0983028e+00 +5.9338889e-01 +1.7801944e-03 +3.4171389e-02 +5.4871370e+03
7.8566100e-01 +4.0000000e-01 +1.8432167e+01 -5.4377333e-02 -4.4313833e-02 +2.5784139e+00 +8.5248611e-01 +1.1213972e+00 +6.0629444e-01 +4.2021389e-03 +3.2315278e-02 +5.6697269e+03
7.9092500e-01 +4.0000000e-01 +1.8343000e+01 -5.6972667e-02 -4.1930667e-02 +2.6141028e+00 +8.6253889e-01 +1.1442333e+00 +6.1893056e-01 +5.8045833e-03 +3.0401944e-02 +5.8596345e+03
7.9610700e-01 +4.0000000e-01 +1.8253833e+01 -5.9443167e-02 -3.9394167e-02 +2.6510806e+00 +8.7245278e-01 +1.1664667e+00 +6.3128611e-01 +6.7970000e-03 +2.8351944e-02 +6.0573272e+03
8.0120600e-01 +4.0000000e-01 +1.8164833e+01 -6.1817000e-02 -3.6833167e-02 +2.6896944e+00 +8.8221389e-01 +1.1880333e+00 +6.4337500e-01 +7.5128056e-03 +2.6202500e-02 +6.2600370e+03
8.0622200e-01 +4.0000000e-01 +1.8076000e+01 -6.4115833e-02 -3.4293000e-02 +2.7293361e+00 +8.9182500e-01 +1.2090611e+00 +6.5520000e-01 +8.2328611e-03 +2.4071806e-02 +6.4664149e+03
8.1115500e-01 +4.0000000e-01 +1.7987500e+01 -6.6357000e-02 -3.1719000e-02 +2.7689806e+00 +9.0128611e-01 +1.2297806e+00 +6.6675833e-01 +9.1049167e-03 +2.2016250e-02 +6.6810578e+03
8.1600400e-01 +4.0000000e-01 +1.7899000e+01 -6.8551000e-02 -2.9008500e-02 +2.8076944e+00 +9.1059722e-01 +1.2505694e+00 +6.7806667e-01 +1.0165917e-02 +2.0033972e-02 +6.9096117e+03
8.2077100e-01 +4.0000000e-01 +1.7810500e+01 -7.0689000e-02 -2.6070333e-02 +2.8451944e+00 +9.1974722e-01 +1.2717000e+00 +6.8916667e-01 +1.1467361e-02 +1.8095972e-02 +7.1542129e+03
8.2545400e-01 +4.0000000e-01 +1.7721833e+01 -7.2748667e-02 -2.2827667e-02 +2.8819444e+00 +9.2869444e-01 +1.2930639e+00 +7.0009167e-01 +1.3073167e-02 +1.6144278e-02 +7.4140170e+03
8.3005600e-01 +4.0000000e-01 +1.7633167e+01 -7.4713333e-02 -1.9238833e-02 +2.9182500e+00 +9.3741389e-01 +1.3143556e+00 +7.1086667e-01 +1.4843861e-02 +1.4132000e-02 +7.6861518e+03
8.3457500e-01 +4.0000000e-01 +1.7544500e+01 -7.6574167e-02 -1.5357267e-02 +2.9543056e+00 +9.4590000e-01 +1.3352611e+00 +7.2154444e-01 +1.6485000e-02 +1.2065056e-02 +7.9689323e+03
8.3901200e-01 +4.0000000e-01 +1.7455833e+01 -7.8323333e-02 -1.1328617e-02 +2.9903889e+00 +9.5415833e-01 +1.3556444e+00 +7.3217500e-01 +1.7901889e-02 +1.0030778e-02 +8.2613260e+03
8.4336800e-01 +4.0000000e-01 +1.7367333e+01 -7.9939333e-02 -7.3211333e-03 +3.0264722e+00 +9.6218056e-01 +1.3757028e+00 +7.4273611e-01 +1.9229472e-02 +8.1693889e-03 +8.5622780e+03
8.4764300e-01 +4.0000000e-01 +1.7279000e+01 -8.1386833e-02 -3.4396167e-03 +3.0622778e+00 +9.6996944e-01 +1.3957333e+00 +7.5314167e-01 +2.0665000e-02 +6.6245278e-03 +8.8739031e+03
8.5183800e-01 +4.0000000e-01 +1.7191167e+01 -8.2628000e-02 +3.2073500e-04 +3.0976944e+00 +9.7751111e-01 +1.4157778e+00 +7.6330000e-01 +2.2402111e-02 +5.5043889e-03 +9.2003584e+03
8.5595300e-01 +4.0000000e-01 +1.7103333e+01 -8.3634333e-02 +4.0482333e-03 +3.1331389e+00 +9.8476111e-01 +1.4357167e+00 +7.7314722e-01 +2.4504861e-02 +4.8057222e-03 +9.5437851e+03
8.5998900e-01 +4.0000000e-01 +1.7015667e+01 -8.4393167e-02 +7.8427167e-03 +3.1690556e+00 +9.9165278e-01 +1.4554639e+00 +7.8257778e-01 +2.6852694e-02 +4.3956389e-03 +9.9017542e+03
8.6394600e-01 +4.0000000e-01 +1.6928000e+01 -8.4909333e-02 +1.1769150e-02 +3.2057222e+00 +9.9811389e-01 +1.4749444e+00 +7.9150000e-01 +2.9216111e-02 +4.1202778e-03 +1.0272554e+04
8.6782500e-01 +4.0000000e-01 +1.6840333e+01 -8.5200167e-02 +1.5849083e-02 +3.2432500e+00 +1.0040500e+00 +1.4939861e+00 +7.9985000e-01 +3.1381389e-02 +3.8865556e-03 +1.0658480e+04
8.7162800e-01 +4.0000000e-01 +1.6752500e+01 -8.5287000e-02 +2.0070667e-02 +3.2818889e+00 +1.0093667e+00 +1.5123667e+00 +8.0760278e-01 +3.3165278e-02 +3.6343056e-03 +1.1064325e+04
8.7535300e-01 +4.0000000e-01 +1.6664617e+01 -8.5193833e-02 +2.4397000e-02 +3.3219444e+00 +1.0139694e+00 +1.5300417e+00 +8.1481111e-01 +3.4382500e-02 +3.3254444e-03 +1.1493950e+04
8.7900400e-01 +4.0000000e-01 +1.6576450e+01 -8.4945167e-02 +2.8781500e-02 +3.3636944e+00 +1.0177917e+00 +1.5471083e+00 +8.2157222e-01 +3.5000000e-02 +2.9510278e-03 +1.1946671e+04
8.8257900e-01 +4.0000000e-01 +1.6488033e+01 -8.4558167e-02 +3.3194000e-02 +3.4073333e+00 +1.0207972e+00 +1.5636000e+00 +8.2796944e-01 +3.5193333e-02 +2.5131639e-03 +1.2419532e+04
8.8608100e-01 +4.0000000e-01 +1.6399333e+01 -8.4039833e-02 +3.7641667e-02 +3.4530556e+00 +1.0229806e+00 +1.5794528e+00 +8.3405556e-01 +3.5178333e-02 +2.0142111e-03 +1.2910628e+04
8.8951000e-01 +4.0000000e-01 +1.6310400e+01 -8.3393167e-02 +4.2163667e-02 +3.5011111e+00 +1.0243556e+00 +1.5946444e+00 +8.3986111e-01 +3.5072778e-02 +1.4678278e-03 +1.3418211e+04
8.9286600e-01 +4.0000000e-01 +1.6221233e+01 -8.2625167e-02 +4.6802333e-02 +3.5515833e+00 +1.0249472e+00 +1.6092278e+00 +8.4538889e-01 +3.4977778e-02 +9.1480000e-04 +1.3938266e+04
8.9615100e-01 +4.0000000e-01 +1.6131867e+01 -8.1741833e-02 +5.1576500e-02 +3.6044444e+00 +1.0247917e+00 +1.6231694e+00 +8.5065556e-01 +3.4984444e-02 +4.0004167e-04 +1.4469029e+04
8.9936600e-01 +4.0000000e-01 +1.6042283e+01 -8.0741667e-02 +5.6469167e-02 +3.6595833e+00 +1.0239028e+00 +1.6362472e+00 +8.5570000e-01 +3.5078333e-02 -6.2478333e-05 +1.5013707e+04
9.0251200e-01 +4.0000000e-01 +1.5952467e+01 -7.9620000e-02 +6.1431167e-02 +3.7168056e+00 +1.0222722e+00 +1.6482472e+00 +8.6055556e-01 +3.5241389e-02 -4.9080000e-04 +1.5580777e+04
9.0558900e-01 +4.0000000e-01 +1.5862350e+01 -7.8369333e-02 +6.6400167e-02 +3.7761667e+00 +1.0198500e+00 +1.6591667e+00 +8.6523889e-01 +3.5526111e-02 -9.2214167e-04 +1.6177269e+04
9.0859900e-01 +4.0000000e-01 +1.5771850e+01 -7.6978833e-02 +7.1310333e-02 +3.8381944e+00 +1.0165583e+00 +1.6691778e+00 +8.6975556e-01 +3.5966667e-02 -1.3915556e-03 +1.6802046e+04
9.1154300e-01 +4.0000000e-01 +1.5680850e+01 -7.5436833e-02 +7.6092500e-02 +3.9036111e+00 +1.0122889e+00 +1.6784306e+00 +8.7406944e-01 +3.6541111e-02 -1.9016417e-03 +1.7450154e+04
9.1442100e-01 +4.0000000e-01 +1.5589200e+01 -7.3736000e-02 +8.0679833e-02 +3.9731111e+00 +1.0069028e+00 +1.6869194e+00 +8.7812222e-01 +3.7199444e-02 -2.4218944e-03 +1.8123184e+04
9.1723400e-01 +4.0000000e-01 +1.5496700e+01 -7.1876167e-02 +8.5020667e-02 +4.0473333e+00 +1.0002639e+00 +1.6944639e+00 +8.8187222e-01 +3.7814444e-02 -2.9113611e-03 +1.8826115e+04
9.1998500e-01 +4.0000000e-01 +1.5403150e+01 -6.9864000e-02 +8.9090667e-02 +4.1266667e+00 +9.9227222e-01 +1.7008222e+00 +8.8528056e-01 +3.8184722e-02 -3.3393333e-03 +1.9561547e+04
9.2267300e-01 +4.0000000e-01 +1.5308350e+01 -6.7715167e-02 +9.2896333e-02 +4.2112500e+00 +9.8284444e-01 +1.7058306e+00 +8.8832500e-01 +3.8160556e-02 -3.6940556e-03 +2.0333318e+04
9.2529900e-01 +4.0000000e-01 +1.5212083e+01 -6.5451167e-02 +9.6465333e-02 +4.3010556e+00 +9.7193889e-01 +1.7094139e+00 +8.9096389e-01 +3.7719167e-02 -3.9782500e-03 +2.1146980e+04
9.2786600e-01 +4.0000000e-01 +1.5114183e+01 -6.3095500e-02 +9.9829333e-02 +4.3958611e+00 +9.5953889e-01 +1.7115722e+00 +8.9316111e-01 +3.6944167e-02 -4.2008056e-03 +2.2005582e+04
9.3037300e-01 +4.0000000e-01 +1.5014433e+01 -6.0670167e-02 +1.0300517e-01 +4.4955833e+00 +9.4566944e-01 +1.7123194e+00 +8.9487222e-01 +3.5996111e-02 -4.3705833e-03 +2.2907023e+04
9.3282200e-01 +4.0000000e-01 +1.4912683e+01 -5.8195833e-02 +1.0598867e-01 +4.6000833e+00 +9.3036389e-01 +1.7117111e+00 +8.9605278e-01 +3.5107222e-02 -4.4870833e-03 +2.3846996e+04
9.3521400e-01 +4.0000000e-01 +1.4808733e+01 -5.5691500e-02 +1.0876867e-01 +4.7091667e+00 +9.1366944e-01 +1.7098528e+00 +8.9665556e-01 +3.4518056e-02 -4.5379167e-03 +2.4823183e+04
9.3754900e-01 +4.0000000e-01 +1.4702383e+01 -5.3174833e-02 +1.1134050e-01 +4.8226389e+00 +8.9561944e-01 +1.7068972e+00 +8.9662778e-01 +3.4371389e-02 -4.5135278e-03 +2.5835043e+04
9.3983000e-01 +4.0000000e-01 +1.4593350e+01 -5.0661167e-02 +1.1370733e-01 +4.9404167e+00 +8.7624167e-01 +1.7029806e+00 +8.9591944e-01 +3.4654444e-02 -4.4261667e-03 +2.6881659e+04
9.4205600e-01 +4.0000000e-01 +1.4481317e+01 -4.8164167e-02 +1.1587250e-01 +5.0625833e+00 +8.5555556e-01 +1.6981472e+00 +8.9450556e-01 +3.5230833e-02 -4.3049444e-03 +2.7961262e+04
9.4422900e-01 +4.0000000e-01 +1.4365867e+01 -4.5695667e-02 +1.1783650e-01 +5.1892778e+00 +8.3357500e-01 +1.6923556e+00 +8.9236389e-01 +3.5932500e-02 -4.1676389e-03 +2.9073604e+04
9.4635000e-01 +4.0000000e-01 +1.4246617e+01 -4.3269833e-02 +1.1959767e-01 +5.3205833e+00 +8.1031389e-01 +1.6855417e+00 +8.8947500e-01 +3.6615833e-02 -4.0040556e-03 +3.0220994e+04
9.4842100e-01 +4.0000000e-01 +1.4123117e+01 -4.0901000e-02 +1.2115417e-01 +5.4566667e+00 +7.8579167e-01 +1.6776333e+00 +8.8581389e-01 +3.7151944e-02 -3.7861944e-03 +3.1406903e+04
9.5044100e-01 +4.0000000e-01 +1.3994933e+01 -3.8602667e-02 +1.2250233e-01 +5.5975000e+00 +7.6005278e-01 +1.6685528e+00 +8.8136944e-01 +3.7418056e-02 -3.4880278e-03 +3.2633300e+04
9.5241200e-01 +4.0000000e-01 +1.3861583e+01 -3.6384667e-02 +1.2363317e-01 +5.7430833e+00 +7.3315833e-01 +1.6581944e+00 +8.7613333e-01 +3.7336667e-02 -3.0983333e-03 +3.3899082e+04
9.5433500e-01 +4.0000000e-01 +1.3722633e+01 -3.4252333e-02 +1.2453333e-01 +5.8931389e+00 +7.0518611e-01 +1.6464556e+00 +8.7008611e-01 +3.6912222e-02 -2.6224056e-03 +3.5198143e+04
9.5621000e-01 +4.0000000e-01 +1.3577567e+01 -3.2207500e-02 +1.2518617e-01 +6.0472500e+00 +6.7622778e-01 +1.6332306e+00 +8.6317222e-01 +3.6206944e-02 -2.0799556e-03 +3.6522270e+04
9.5804000e-01 +4.0000000e-01 +1.3425833e+01 -3.0249000e-02 +1.2557400e-01 +6.2046111e+00 +6.4639722e-01 +1.6184333e+00 +8.5532500e-01 +3.5298611e-02 -1.5022528e-03 +3.7865673e+04
9.5982400e-01 +4.0000000e-01 +1.3266883e+01 -2.8374167e-02 +1.2567800e-01 +6.3641111e+00 +6.1581944e-01 +1.6019583e+00 +8.4644444e-01 +3.4281111e-02 -9.2294167e-04 +3.9226260e+04
9.6156500e-01 +4.0000000e-01 +1.3100050e+01 -2.6578333e-02 +1.2548417e-01 +6.5243889e+00 +5.8462778e-01 +1.5836750e+00 +8.3643611e-01 +3.3270833e-02 -3.6849167e-04 +4.0601881e+04
9.6326200e-01 +4.0000000e-01 +1.2924650e+01 -2.4856167e-02 +1.2498767e-01 +6.6838333e+00 +5.5297222e-01 +1.5634500e+00 +8.2519167e-01 +3.2387500e-02 +1.4441389e-04 +4.1988215e+04
9.6491600e-01 +4.0000000e-01 +1.2739950e+01 -2.3201833e-02 +1.2419500e-01 +6.8406111e+00 +5.2100833e-01 +1.5411806e+00 +8.1259444e-01 +3.1723889e-02 +6.0724167e-04 +4.3376999e+04
9.6652900e-01 +4.0000000e-01 +1.2545117e+01 -2.1610667e-02 +1.2312033e-01 +6.9925833e+00 +4.8889167e-01 +1.5167889e+00 +7.9851389e-01 +3.1330556e-02 +1.0174444e-03 +4.4760740e+04
9.6810200e-01 +4.0000000e-01 +1.2339350e+01 -2.0079333e-02 +1.2178150e-01 +7.1372500e+00 +4.5677500e-01 +1.4902278e+00 +7.8280278e-01 +3.1209167e-02 +1.3755639e-03 +4.6131666e+04
9.6963500e-01 +4.0000000e-01 +1.2121733e+01 -1.8606000e-02 +1.2019617e-01 +7.2717222e+00 +4.2481667e-01 +1.4614306e+00 +7.6531111e-01 +3.1322500e-02 +1.6822417e-03 +4.7481672e+04
9.7112900e-01 +4.0000000e-01 +1.1891350e+01 -1.7189833e-02 +1.1837933e-01 +7.3929444e+00 +3.9317222e-01 +1.4303083e+00 +7.4588611e-01 +3.1610556e-02 +1.9366972e-03 +4.8800611e+04
9.7258500e-01 +4.0000000e-01 +1.1647233e+01 -1.5830833e-02 +1.1634267e-01 +7.4973611e+00 +3.6199722e-01 +1.3967611e+00 +7.2440000e-01 +3.2005833e-02 +2.1372139e-03 +5.0075458e+04
9.7400400e-01 +4.0000000e-01 +1.1388450e+01 -1.4528917e-02 +1.1409533e-01 +7.5812222e+00 +3.3144722e-01 +1.3606944e+00 +7.0073333e-01 +3.2438056e-02 +2.2832167e-03 +5.1290008e+04
9.7538700e-01 +4.0000000e-01 +1.1114050e+01 -1.3284050e-02 +1.1164550e-01 +7.6402778e+00 +3.0167778e-01 +1.3220222e+00 +6.7477778e-01 +3.2836944e-02 +2.3779278e-03 +5.2423769e+04
9.7673400e-01 +4.0000000e-01 +1.0823083e+01 -1.2095933e-02 +1.0900000e-01 +7.6700000e+00 +2.7283389e-01 +1.2807000e+00 +6.4644722e-01 +3.3131111e-02 +2.4297333e-03 +5.3454487e+04
9.7804700e-01 +4.0000000e-01 +1.0514700e+01 -1.0964100e-02 +1.0616517e-01 +7.6655556e+00 +2.4506167e-01 +1.2367389e+00 +6.1568333e-01 +3.3253056e-02 +2.4508250e-03 +5.4359672e+04
9.7932500e-01 +4.0000000e-01 +1.0188050e+01 -9.8881167e-03 +1.0314550e-01 +7.6217778e+00 +2.1849139e-01 +1.1902028e+00 +5.8246944e-01 +3.3143889e-02 +2.4538944e-03 +5.5119863e+04
9.8057100e-01 +4.0000000e-01 +9.8424500e+00 -8.8679000e-03 +9.9944167e-02 +7.5335278e+00 +1.9324028e-01 +1.1412056e+00 +5.4685000e-01 +3.2757778e-02 +2.4487722e-03 +5.5721604e+04
9.8178500e-01 +4.0000000e-01 +9.4773500e+00 -7.9037500e-03 +9.6563167e-02 +7.3958611e+00 +1.6941056e-01 +1.0898889e+00 +5.0895000e-01 +3.2064444e-02 +2.4402972e-03 +5.6158377e+04
9.8296700e-01 +4.0000000e-01 +9.0923667e+00 -6.9963833e-03 +9.3002500e-02 +7.2042222e+00 +1.4708750e-01 +1.0364250e+00 +4.6898056e-01 +3.1046111e-02 +2.4278556e-03 +5.6436620e+04
9.8411800e-01 +4.0000000e-01 +8.6874000e+00 -6.1468000e-03 +8.9261333e-02 +6.9550833e+00 +1.2634111e-01 +9.8099444e-01 +4.2726389e-01 +2.9697778e-02 +2.4063806e-03 +5.6578216e+04
9.8524000e-01 +4.0000000e-01 +8.2626667e+00 -5.3559500e-03 +8.5338000e-02 +6.6461389e+00 +1.0722417e-01 +9.2377500e-01 +3.8422500e-01 +2.8025556e-02 +2.3681444e-03 +5.6624188e+04
9.8633200e-01 +4.0000000e-01 +7.8186833e+00 -4.6246000e-03 +8.1230833e-02 +6.2769722e+00 +8.9774167e-02 +8.6495278e-01 +3.4040833e-01 +2.6048028e-02 +2.3047056e-03 +5.6638515e+04
9.8739500e-01 +4.0000000e-01 +7.3564333e+00 -3.9530667e-03 +7.6938833e-02 +5.8495278e+00 +7.4012500e-02 +8.0468889e-01 +2.9647222e-01 +2.3797917e-02 +2.2086444e-03 +5.6705933e+04
9.8843100e-01 +4.0000000e-01 +6.8772833e+00 -3.3411000e-03 +7.2461833e-02 +5.3684722e+00 +5.9945278e-02 +7.4312778e-01 +2.5317194e-01 +2.1322750e-02 +2.0749694e-03 +5.6928801e+04
9.8943900e-01 +4.0000000e-01 +6.3830167e+00 -2.7879833e-03 +6.7801833e-02 +4.8416389e+00 +4.7561389e-02 +6.8037222e-01 +2.1133444e-01 +1.8684278e-02 +1.9022861e-03 +5.7414863e+04
9.9042000e-01 +4.0000000e-01 +5.8759000e+00 -2.2924500e-03 +6.2963167e-02 +4.2800556e+00 +3.6833889e-02 +6.1651111e-01 +1.7181889e-01 +1.5955917e-02 +1.6936389e-03 +5.8260459e+04
9.9137600e-01 +4.0000000e-01 +5.3585167e+00 -1.8528167e-03 +5.7953667e-02 +3.6977778e+00 +2.7716611e-02 +5.5163333e-01 +1.3545861e-01 +1.3219528e-02 +1.4567972e-03 +5.9524743e+04
9.9230600e-01 +4.0000000e-01 +4.8337333e+00 -1.4670517e-03 +5.2786167e-02 +3.1112500e+00 +2.0144056e-02 +4.8587500e-01 +1.0299528e-01 +1.0561833e-02 +1.2037083e-03 +6.1210877e+04
9.9321200e-01 +4.0000000e-01 +4.3046333e+00 -1.1328300e-03 +4.7477500e-02 +2.5383583e+00 +1.4029639e-02 +4.1949444e-01 +7.5008333e-02 +8.0714444e-03 +9.4904167e-04 +6.3251554e+04
9.9409400e-01 +4.0000000e-01 +3.7743000e+00 -8.4759667e-04 +4.2049667e-02 +1.9969194e+00 +9.2638056e-03 +3.5293889e-01 +5.1851389e-02 +5.8342500e-03 +7.0806944e-04 +6.5515945e+04
9.9495200e-01 +4.0000000e-01 +3.2457333e+00 -6.0867000e-04 +3.6527500e-02 +1.5032556e+00 +5.7128056e-03 +2.8696111e-01 +3.3604167e-02 +3.9263333e-03 +4.9433611e-04 +6.7839154e+04
9.9578700e-01 +4.0000000e-01 +2.7217000e+00 -4.1333500e-04 +3.0938167e-02 +1.0707000e+00 +3.2188056e-03 +2.2269389e-01 +2.0055194e-02 +2.4033306e-03 +3.1767500e-04 +7.0074387e+04
9.9660000e-01 +4.0000000e-01 +2.2045500e+00 -2.5892333e-04 +2.5308167e-02 +7.0857778e-01 +1.6018861e-03 +1.6174639e-01 +1.0718778e-02 +1.2884611e-03 +1.8303111e-04 +7.2154543e+04
9.9739200e-01 +4.0000000e-01 +1.6962000e+00 -1.4288083e-04 +1.9661667e-02 +4.2179722e-01 +6.6601111e-04 +1.0625778e-01 +4.8915000e-03 +5.6387222e-04 +9.0270833e-05 +7.4147135e+04
9.9816200e-01 +4.0000000e-01 +1.1979933e+00 -6.2773000e-05 +1.4018900e-02 +2.1121361e-01 +2.0936722e-04 +5.8945000e-02 +1.7369972e-03 +1.7045639e-04 +3.4761111e-05 +7.6283293e+04
9.9891100e-01 +4.0000000e-01 +7.1083833e-01 -1.6243783e-05 +8.3960667e-03 +7.4636944e-02 +4.0775833e-05 +2.3141139e-02 +3.8538333e-04 +1.7348167e-05 +8.3934722e-06 +7.8948249e+04
9.9964000e-01 +4.0000000e-01 +2.3515667e-01 +0.0000000e+00 +2.8055333e-03 +8.2167778e-03 +2.9362222e-06 +2.8649722e-03 +2.5136833e-05 -3.6768611e-06 +5.9878611e-07 +8.2329979e+04
1.0000000e+00 +4.0000000e-01 +0.0000000e+00 +0.0000000e+00 +0.0000000e+00 +0.0000000e+00 +0.0000000e+00 +0.0000000e+00 +0.0000000e+00 +0.0000000e+00 +0.0000000e+00 +8.2328889e+04
