#    y              z              <u>            <v>            <w>            <u'u'>         <v'v'>         <w'w'>         <u'v'>         <u'w'>         <v'w'>         <eps>         
#----------------------------------------------------------------------------------------------------------------------------------------------------------------------------------
0.0000000e+00 +3.0000000e-01 +0.0000000e+00 +0.0000000e+00 +0.0000000e+00 +0.0000000e+00 +0.0000000e+00 +0.0000000e+00 +0.0000000e+00 +0.0000000e+00 +0.0000000e+00 +8.1266944e+04
3.6000000e-04 +3.0000000e-01 +2.3411667e-01 +1.9684667e-05 +5.5594833e-03 +8.0888333e-03 +2.8170833e-06 +2.8198056e-03 -2.4441083e-05 +3.9760833e-05 -2.7029333e-07 +8.1268025e+04
1.0890000e-03 +3.0000000e-01 +7.0768667e-01 +7.4430667e-05 +1.6570683e-02 +7.3487222e-02 +3.9164167e-05 +2.2791889e-02 -3.7469722e-04 +4.1561111e-04 -3.9221944e-06 +7.7885944e+04
1.8380000e-03 +3.0000000e-01 +1.1926867e+00 +1.6611150e-04 +2.7565833e-02 +2.0801361e-01 +2.0127528e-04 +5.8087222e-02 -1.6891833e-03 +1.3020528e-03 -1.6973056e-05 +7.5231950e+04
2.6080000e-03 +3.0000000e-01 +1.6887000e+00 +2.9529333e-04 +3.8520167e-02 +4.1559167e-01 +6.4085000e-04 +1.0475972e-01 -4.7599722e-03 +2.8222778e-03 -4.6218056e-05 +7.3125016e+04
3.4000000e-03 +3.0000000e-01 +2.1949000e+00 +4.6247167e-04 +4.9407167e-02 +6.9862778e-01 +1.5427806e-03 +1.5952000e-01 -1.0442722e-02 +5.0634167e-03 -9.8417778e-05 +7.1178255e+04
4.2130000e-03 +3.0000000e-01 +2.7099333e+00 +6.6811167e-04 +6.0195667e-02 +1.0566389e+00 +3.1029444e-03 +2.1966917e-01 -1.9570500e-02 +8.0574722e-03 -1.7941139e-04 +6.9145291e+04
5.0480000e-03 +3.0000000e-01 +3.2319500e+00 +9.1263667e-04 +7.0851000e-02 +1.4851694e+00 +5.5124444e-03 +2.8305833e-01 -3.2856667e-02 +1.1768556e-02 -2.9301944e-04 +6.6940865e+04
5.9060000e-03 +3.0000000e-01 +3.7586500e+00 +1.1963867e-03 +8.1334667e-02 +1.9753500e+00 +8.9474444e-03 +3.4805556e-01 -5.0807500e-02 +1.6089972e-02 -4.4009444e-04 +6.4618511e+04
6.7880000e-03 +3.0000000e-01 +4.2872833e+00 +1.5195683e-03 +9.1606167e-02 +2.5141778e+00 +1.3563222e-02 +4.1348333e-01 -7.3662500e-02 +2.0851389e-02 -6.1803056e-04 +6.2321724e+04
7.6940000e-03 +3.0000000e-01 +4.8149167e+00 +1.8822000e-03 +1.0162383e-01 +3.0855278e+00 +1.9491917e-02 +4.7855278e-01 -1.0137083e-01 +2.5834000e-02 -8.2090556e-04 +6.0222087e+04
8.6240000e-03 +3.0000000e-01 +5.3384500e+00 +2.2840500e-03 +1.1134733e-01 +3.6715833e+00 +2.6842111e-02 +5.4278056e-01 -1.3360444e-01 +3.0790833e-02 -1.0401750e-03 +5.8461843e+04
9.5800000e-03 +3.0000000e-01 +5.8548167e+00 +2.7246000e-03 +1.2073817e-01 +4.2543889e+00 +3.5700278e-02 +6.0589167e-01 -1.6980333e-01 +3.5469722e-02 -1.2658028e-03 +5.7120798e+04
1.0561000e-02 +3.0000000e-01 +6.3611667e+00 +3.2029333e-03 +1.2976167e-01 +4.8172778e+00 +4.6131944e-02 +6.6775278e-01 -2.0923611e-01 +3.9639167e-02 -1.4875528e-03 +5.6206349e+04
1.1569000e-02 +3.0000000e-01 +6.8548833e+00 +3.7177333e-03 +1.3838817e-01 +5.3459722e+00 +5.8184722e-02 +7.2829444e-01 -2.5107250e-01 +4.3108333e-02 -1.6962000e-03 +5.5665155e+04
1.2605000e-02 +3.0000000e-01 +7.3337333e+00 +4.2672000e-03 +1.4659317e-01 +5.8291944e+00 +7.1887778e-02 +7.8747222e-01 -2.9445000e-01 +4.5744722e-02 -1.8845694e-03 +5.5405604e+04
1.3668000e-02 +3.0000000e-01 +7.7959167e+00 +4.8491167e-03 +1.5435767e-01 +6.2588889e+00 +8.7253889e-02 +8.4522500e-01 -3.3852500e-01 +4.7484167e-02 -2.0483500e-03 +5.5320197e+04
1.4760000e-02 +3.0000000e-01 +8.2400500e+00 +5.4608167e-03 +1.6166767e-01 +6.6301944e+00 +1.0428028e-01 +9.0147500e-01 -3.8253333e-01 +4.8329444e-02 -2.1866917e-03 +5.5306283e+04
1.5882000e-02 +3.0000000e-01 +8.6651833e+00 +6.0994167e-03 +1.6851333e-01 +6.9409722e+00 +1.2294806e-01 +9.5611667e-01 -4.2579722e-01 +4.8343889e-02 -2.3025111e-03 +5.5276334e+04
1.7033000e-02 +3.0000000e-01 +9.0707500e+00 +6.7620167e-03 +1.7489167e-01 +7.1915833e+00 +1.4322139e-01 +1.0090250e+00 -4.6775000e-01 +4.7636389e-02 -2.4024056e-03 +5.5163856e+04
1.8215000e-02 +3.0000000e-01 +9.4565667e+00 +7.4458000e-03 +1.8079500e-01 +7.3841667e+00 +1.6504944e-01 +1.0600556e+00 -5.0795278e-01 +4.6341667e-02 -2.4962417e-03 +5.4924207e+04
1.9429000e-02 +3.0000000e-01 +9.8227167e+00 +8.1484000e-03 +1.8622500e-01 +7.5222500e+00 +1.8836389e-01 +1.1090639e+00 -5.4606667e-01 +4.4601389e-02 -2.5962056e-03 +5.4534102e+04
2.0675000e-02 +3.0000000e-01 +1.0169583e+01 +8.8679667e-03 +1.9118000e-01 +7.6101667e+00 +2.1307944e-01 +1.1559083e+00 -5.8186667e-01 +4.2549444e-02 -2.7152528e-03 +5.3985437e+04
2.1953000e-02 +3.0000000e-01 +1.0497700e+01 +9.6032833e-03 +1.9565333e-01 +7.6529167e+00 +2.3909361e-01 +1.2004611e+00 -6.1521111e-01 +4.0300556e-02 -2.8651111e-03 +5.3283348e+04
2.3266000e-02 +3.0000000e-01 +1.0807833e+01 +1.0353917e-02 +1.9964167e-01 +7.6556389e+00 +2.6628694e-01 +1.2426111e+00 -6.4603333e-01 +3.7947778e-02 -3.0546667e-03 +5.2441301e+04
2.4613000e-02 +3.0000000e-01 +1.1100767e+01 +1.1120067e-02 +2.0313500e-01 +7.6234167e+00 +2.9452500e-01 +1.2822750e+00 -6.7433611e-01 +3.5567222e-02 -3.2894444e-03 +5.1476529e+04
2.5996000e-02 +3.0000000e-01 +1.1377417e+01 +1.1902450e-02 +2.0612000e-01 +7.5612778e+00 +3.2365833e-01 +1.3193917e+00 -7.0015278e-01 +3.3226944e-02 -3.5721111e-03 +5.0408460e+04
2.7415000e-02 +3.0000000e-01 +1.1638717e+01 +1.2701933e-02 +2.0858667e-01 +7.4738889e+00 +3.5352500e-01 +1.3539361e+00 -7.2355833e-01 +3.0993611e-02 -3.9038889e-03 +4.9256259e+04
2.8871000e-02 +3.0000000e-01 +1.1885600e+01 +1.3519033e-02 +2.1051500e-01 +7.3656389e+00 +3.8396111e-01 +1.3859083e+00 -7.4463889e-01 +2.8936389e-02 -4.2859722e-03 +4.8036761e+04
3.0365000e-02 +3.0000000e-01 +1.2119033e+01 +1.4353267e-02 +2.1189500e-01 +7.2405556e+00 +4.1479167e-01 +1.4153250e+00 -7.6349722e-01 +2.7122361e-02 -4.7214444e-03 +4.6764455e+04
3.1898000e-02 +3.0000000e-01 +1.2339933e+01 +1.5202633e-02 +2.1271500e-01 +7.1022778e+00 +4.4583889e-01 +1.4422222e+00 -7.8024444e-01 +2.5609417e-02 -5.2157778e-03 +4.5452322e+04
3.3471000e-02 +3.0000000e-01 +1.2549167e+01 +1.6063083e-02 +2.1297333e-01 +6.9540833e+00 +4.7692778e-01 +1.4666389e+00 -7.9500000e-01 +2.4437611e-02 -5.7759722e-03 +4.4111321e+04
3.5084000e-02 +3.0000000e-01 +1.2747600e+01 +1.6928500e-02 +2.1267000e-01 +6.7988333e+00 +5.0788611e-01 +1.4886306e+00 -8.0788889e-01 +2.3619639e-02 -6.4082222e-03 +4.2752036e+04
3.6738000e-02 +3.0000000e-01 +1.2936017e+01 +1.7790500e-02 +2.1181500e-01 +6.6390278e+00 +5.3854444e-01 +1.5082833e+00 -8.1904444e-01 +2.3129528e-02 -7.1151667e-03 +4.1382828e+04
3.8435000e-02 +3.0000000e-01 +1.3115183e+01 +1.8640000e-02 +2.1042500e-01 +6.4768611e+00 +5.6875278e-01 +1.5257222e+00 -8.2860833e-01 +2.2905028e-02 -7.8931389e-03 +4.0011725e+04
4.0176000e-02 +3.0000000e-01 +1.3285817e+01 +1.9467833e-02 +2.0851833e-01 +6.3140833e+00 +5.9836667e-01 +1.5411167e+00 -8.3672778e-01 +2.2873806e-02 -8.7304167e-03 +3.8643681e+04
4.1960000e-02 +3.0000000e-01 +1.3448533e+01 +2.0266500e-02 +2.0611500e-01 +6.1522222e+00 +6.2726111e-01 +1.5546500e+00 -8.4355833e-01 +2.2985194e-02 -9.6060000e-03 +3.7281395e+04
4.3790000e-02 +3.0000000e-01 +1.3603967e+01 +2.1030167e-02 +2.0324333e-01 +5.9924444e+00 +6.5533056e-01 +1.5665056e+00 -8.4924444e-01 +2.3214611e-02 -1.0488667e-02 +3.5929821e+04
4.5665000e-02 +3.0000000e-01 +1.3752683e+01 +2.1755333e-02 +1.9992500e-01 +5.8355833e+00 +6.8248333e-01 +1.5768139e+00 -8.5393056e-01 +2.3532639e-02 -1.1339194e-02 +3.4596143e+04
4.7588000e-02 +3.0000000e-01 +1.3895233e+01 +2.2438667e-02 +1.9619500e-01 +5.6822500e+00 +7.0864167e-01 +1.5856472e+00 -8.5774444e-01 +2.3871139e-02 -1.2117583e-02 +3.3290344e+04
4.9559000e-02 +3.0000000e-01 +1.4032150e+01 +2.3076667e-02 +1.9208333e-01 +5.5328056e+00 +7.3373889e-01 +1.5930194e+00 -8.6078889e-01 +2.4129833e-02 -1.2792944e-02 +3.2019056e+04
5.1579000e-02 +3.0000000e-01 +1.4163917e+01 +2.3663833e-02 +1.8763500e-01 +5.3876111e+00 +7.5772778e-01 +1.5989389e+00 -8.6313889e-01 +2.4223917e-02 -1.3348694e-02 +3.0784723e+04
5.3650000e-02 +3.0000000e-01 +1.4290983e+01 +2.4193500e-02 +1.8288333e-01 +5.2469444e+00 +7.8056667e-01 +1.6034194e+00 -8.6483611e-01 +2.4129444e-02 -1.3780889e-02 +2.9587571e+04
5.5771000e-02 +3.0000000e-01 +1.4413783e+01 +2.4657167e-02 +1.7786500e-01 +5.1109167e+00 +8.0221944e-01 +1.6065056e+00 -8.6589167e-01 +2.3889667e-02 -1.4092833e-02 +2.8425354e+04
5.7944000e-02 +3.0000000e-01 +1.4532733e+01 +2.5046667e-02 +1.7259667e-01 +4.9795000e+00 +8.2265278e-01 +1.6082528e+00 -8.6630278e-01 +2.3579500e-02 -1.4290167e-02 +2.7297520e+04
6.0170000e-02 +3.0000000e-01 +1.4648233e+01 +2.5353833e-02 +1.6708667e-01 +4.8525278e+00 +8.4183333e-01 +1.6087139e+00 -8.6606389e-01 +2.3249917e-02 -1.4379444e-02 +2.6204921e+04
6.2451000e-02 +3.0000000e-01 +1.4760633e+01 +2.5571333e-02 +1.6132483e-01 +4.7297500e+00 +8.5972778e-01 +1.6079278e+00 -8.6517500e-01 +2.2894833e-02 -1.4369667e-02 +2.5149625e+04
6.4786000e-02 +3.0000000e-01 +1.4870267e+01 +2.5692500e-02 +1.5530117e-01 +4.6111111e+00 +8.7629722e-01 +1.6059639e+00 -8.6365000e-01 +2.2483667e-02 -1.4272750e-02 +2.4132072e+04
6.7178000e-02 +3.0000000e-01 +1.4977417e+01 +2.5710667e-02 +1.4900150e-01 +4.4966944e+00 +8.9150833e-01 +1.6029194e+00 -8.6149444e-01 +2.2026083e-02 -1.4100500e-02 +2.3149852e+04
6.9627000e-02 +3.0000000e-01 +1.5082300e+01 +2.5618000e-02 +1.4241383e-01 +4.3866944e+00 +9.0533889e-01 +1.5989417e+00 -8.5871944e-01 +2.1573750e-02 -1.3860389e-02 +2.2199836e+04
7.2134000e-02 +3.0000000e-01 +1.5185133e+01 +2.5405667e-02 +1.3553633e-01 +4.2811944e+00 +9.1778056e-01 +1.5941778e+00 -8.5534444e-01 +2.1147694e-02 -1.3556861e-02 +2.1282447e+04
7.4701000e-02 +3.0000000e-01 +1.5286083e+01 +2.5065333e-02 +1.2838567e-01 +4.1801667e+00 +9.2883889e-01 +1.5887222e+00 -8.5138889e-01 +2.0692722e-02 -1.3200639e-02 +2.0400789e+04
7.7327000e-02 +3.0000000e-01 +1.5385333e+01 +2.4589667e-02 +1.2099483e-01 +4.0836389e+00 +9.3853611e-01 +1.5825972e+00 -8.4688611e-01 +2.0127139e-02 -1.2819694e-02 +1.9556773e+04
8.0015000e-02 +3.0000000e-01 +1.5483050e+01 +2.3976833e-02 +1.1339883e-01 +3.9915556e+00 +9.4690833e-01 +1.5757389e+00 -8.4188333e-01 +1.9433667e-02 -1.2463611e-02 +1.8750799e+04
8.2766000e-02 +3.0000000e-01 +1.5579383e+01 +2.3229000e-02 +1.0561817e-01 +3.9037500e+00 +9.5400833e-01 +1.5680333e+00 -8.3643333e-01 +1.8676056e-02 -1.2198778e-02 +1.7982647e+04
8.5579000e-02 +3.0000000e-01 +1.5674450e+01 +2.2348667e-02 +9.7661333e-02 +3.8200000e+00 +9.5989167e-01 +1.5593861e+00 -8.3055278e-01 +1.7933111e-02 -1.2088583e-02 +1.7251305e+04
8.8457000e-02 +3.0000000e-01 +1.5768400e+01 +2.1331833e-02 +8.9546167e-02 +3.7401111e+00 +9.6462222e-01 +1.5497500e+00 -8.2425833e-01 +1.7279611e-02 -1.2169056e-02 +1.6553746e+04
9.1401000e-02 +3.0000000e-01 +1.5861383e+01 +2.0167333e-02 +8.1306000e-02 +3.6638611e+00 +9.6826667e-01 +1.5390306e+00 -8.1756667e-01 +1.6810639e-02 -1.2446361e-02 +1.5886023e+04
9.4411000e-02 +3.0000000e-01 +1.5953533e+01 +1.8845000e-02 +7.2969167e-02 +3.5909167e+00 +9.7089722e-01 +1.5270694e+00 -8.1050833e-01 +1.6556000e-02 -1.2912944e-02 +1.5247192e+04
9.7488000e-02 +3.0000000e-01 +1.6045000e+01 +1.7360833e-02 +6.4550000e-02 +3.5209167e+00 +9.7258056e-01 +1.5137889e+00 -8.0308889e-01 +1.6378278e-02 -1.3554917e-02 +1.4637741e+04
1.0063400e-01 +3.0000000e-01 +1.6135967e+01 +1.5722000e-02 +5.6067833e-02 +3.4535556e+00 +9.7336667e-01 +1.4992806e+00 -7.9530833e-01 +1.6071611e-02 -1.4349528e-02 +1.4055206e+04
1.0384900e-01 +3.0000000e-01 +1.6226567e+01 +1.3945100e-02 +4.7559500e-02 +3.3887222e+00 +9.7329444e-01 +1.4837306e+00 -7.8718056e-01 +1.5500139e-02 -1.5266694e-02 +1.3494810e+04
1.0713400e-01 +3.0000000e-01 +1.6316950e+01 +1.2054583e-02 +3.9070833e-02 +3.3265278e+00 +9.7239444e-01 +1.4672667e+00 -7.7875833e-01 +1.4593667e-02 -1.6270472e-02 +1.2953791e+04
1.1049000e-01 +3.0000000e-01 +1.6407167e+01 +1.0077283e-02 +3.0656333e-02 +3.2668889e+00 +9.7071111e-01 +1.4499000e+00 -7.7008333e-01 +1.3304556e-02 -1.7318500e-02 +1.2434033e+04
1.1391900e-01 +3.0000000e-01 +1.6497267e+01 +8.0327500e-03 +2.2374000e-02 +3.2098611e+00 +9.6831944e-01 +1.4316361e+00 -7.6119444e-01 +1.1586694e-02 -1.8377361e-02 +1.1937796e+04
1.1742100e-01 +3.0000000e-01 +1.6587183e+01 +5.9262000e-03 +1.4262700e-02 +3.1555833e+00 +9.6529167e-01 +1.4126028e+00 -7.5213333e-01 +9.4341944e-03 -1.9448417e-02 +1.1462965e+04
1.2099600e-01 +3.0000000e-01 +1.6676833e+01 +3.7484000e-03 +6.3176333e-03 +3.1041389e+00 +9.6170833e-01 +1.3930917e+00 -7.4293611e-01 +6.9343611e-03 -2.0574028e-02 +1.1004880e+04
1.2464700e-01 +3.0000000e-01 +1.6766000e+01 +1.4798983e-03 -1.5135067e-03 +3.0551944e+00 +9.5765000e-01 +1.3734028e+00 -7.3358056e-01 +4.2406667e-03 -2.1825944e-02 +1.0562847e+04
1.2837200e-01 +3.0000000e-01 +1.6854667e+01 -8.9929833e-04 -9.2987667e-03 +3.0082222e+00 +9.5318889e-01 +1.3536861e+00 -7.2400833e-01 +1.4985444e-03 -2.3277889e-02 +1.0140000e+04
1.3217500e-01 +3.0000000e-01 +1.6942833e+01 -3.3955833e-03 -1.7069667e-02 +2.9628333e+00 +9.4841667e-01 +1.3340083e+00 -7.1415556e-01 -1.2051667e-03 -2.4979806e-02 +9.7384290e+03
1.3605400e-01 +3.0000000e-01 +1.7030500e+01 -5.9994500e-03 -2.4785167e-02 +2.9186667e+00 +9.4340833e-01 +1.3144528e+00 -7.0398889e-01 -3.8599167e-03 -2.6953389e-02 +9.3557755e+03
1.4001100e-01 +3.0000000e-01 +1.7117667e+01 -8.6995000e-03 -3.2339000e-02 +2.8755833e+00 +9.3821389e-01 +1.2950056e+00 -6.9350833e-01 -6.5136944e-03 -2.9187778e-02 +8.9887370e+03
1.4404700e-01 +3.0000000e-01 +1.7204167e+01 -1.1495033e-02 -3.9622833e-02 +2.8335833e+00 +9.3283889e-01 +1.2754972e+00 -6.8270000e-01 -9.2528056e-03 -3.1630556e-02 +8.6366133e+03
1.4816200e-01 +3.0000000e-01 +1.7290167e+01 -1.4395167e-02 -4.6587667e-02 +2.7926667e+00 +9.2726111e-01 +1.2557889e+00 -6.7152778e-01 -1.2161694e-02 -3.4192500e-02 +8.3008973e+03
1.5235700e-01 +3.0000000e-01 +1.7375667e+01 -1.7405833e-02 -5.3236333e-02 +2.7526500e+00 +9.2146389e-01 +1.2358639e+00 -6.5996389e-01 -1.5232361e-02 -3.6771111e-02 +7.9838170e+03
1.5663200e-01 +3.0000000e-01 +1.7460500e+01 -2.0517000e-02 -5.9595167e-02 +2.7132194e+00 +9.1543056e-01 +1.2157944e+00 -6.4799722e-01 -1.8355528e-02 -3.9298333e-02 +7.6880404e+03
1.6098800e-01 +3.0000000e-01 +1.7545000e+01 -2.3707500e-02 -6.5695167e-02 +2.6741806e+00 +9.0918889e-01 +1.1957583e+00 -6.3563611e-01 -2.1522278e-02 -4.1785278e-02 +7.4131974e+03
1.6542500e-01 +3.0000000e-01 +1.7629333e+01 -2.6956000e-02 -7.1535833e-02 +2.6356722e+00 +9.0277500e-01 +1.1759833e+00 -6.2291389e-01 -2.5120333e-02 -4.4261667e-02 +7.1525291e+03
1.6994400e-01 +3.0000000e-01 +1.7713000e+01 -3.0238333e-02 -7.7081000e-02 +2.5979250e+00 +8.9624167e-01 +1.1566167e+00 -6.0986667e-01 -2.9673611e-02 -4.6708889e-02 +6.9007728e+03
1.7454600e-01 +3.0000000e-01 +1.7796333e+01 -3.3520667e-02 -8.2322167e-02 +2.5606417e+00 +8.8965278e-01 +1.1376722e+00 -5.9649444e-01 -3.5269167e-02 -4.9100556e-02 +6.6606437e+03
1.7922900e-01 +3.0000000e-01 +1.7879000e+01 -3.6772500e-02 -8.7327500e-02 +2.5232750e+00 +8.8303611e-01 +1.1191111e+00 -5.8279167e-01 -4.1602778e-02 -5.1431111e-02 +6.4355897e+03
1.8399600e-01 +3.0000000e-01 +1.7961000e+01 -3.9987167e-02 -9.2166167e-02 +2.4855944e+00 +8.7640000e-01 +1.1007972e+00 -5.6877222e-01 -4.8465000e-02 -5.3688611e-02 +6.2257523e+03
1.8884500e-01 +3.0000000e-01 +1.8042000e+01 -4.3184667e-02 -9.6785833e-02 +2.4475028e+00 +8.6975833e-01 +1.0824750e+00 -5.5440833e-01 -5.5873056e-02 -5.5865000e-02 +6.0297000e+03
1.9377800e-01 +3.0000000e-01 +1.8122333e+01 -4.6389667e-02 -1.0102233e-01 +2.4089750e+00 +8.6318333e-01 +1.0639778e+00 -5.3963333e-01 -6.3768611e-02 -5.7992222e-02 +5.8437223e+03
1.9879400e-01 +3.0000000e-01 +1.8201667e+01 -4.9620833e-02 -1.0470200e-01 +2.3702056e+00 +8.5676667e-01 +1.0453444e+00 -5.2448611e-01 -7.2042500e-02 -6.0120833e-02 +5.6631956e+03
2.0389300e-01 +3.0000000e-01 +1.8280000e+01 -5.2902500e-02 -1.0768133e-01 +2.3316306e+00 +8.5056667e-01 +1.0267444e+00 -5.0907778e-01 -8.0749722e-02 -6.2219722e-02 +5.4873850e+03
2.0907500e-01 +3.0000000e-01 +1.8357333e+01 -5.6251000e-02 -1.0984850e-01 +2.2938833e+00 +8.4457778e-01 +1.0084028e+00 -4.9352222e-01 -8.9982500e-02 -6.4174167e-02 +5.3212692e+03
2.1433900e-01 +3.0000000e-01 +1.8433333e+01 -5.9652333e-02 -1.1118400e-01 +2.2578917e+00 +8.3879167e-01 +9.9061944e-01 -4.7793611e-01 -9.9584167e-02 -6.5958889e-02 +5.1659078e+03
2.1968700e-01 +3.0000000e-01 +1.8507667e+01 -6.3070500e-02 -1.1186150e-01 +2.2243444e+00 +8.3316944e-01 +9.7355833e-01 -4.6235556e-01 -1.0923472e-01 -6.7678333e-02 +5.0182393e+03
2.2511700e-01 +3.0000000e-01 +1.8580500e+01 -6.6453000e-02 -1.1218983e-01 +2.1933389e+00 +8.2766944e-01 +9.5691667e-01 -4.4673889e-01 -1.1874639e-01 -6.9403889e-02 +4.8786277e+03
2.3062900e-01 +3.0000000e-01 +1.8651333e+01 -6.9732333e-02 -1.1240317e-01 +2.1646139e+00 +8.2226944e-01 +9.4029722e-01 -4.3106111e-01 -1.2811778e-01 -7.1129444e-02 +4.7497017e+03
2.3622300e-01 +3.0000000e-01 +1.8720167e+01 -7.2846167e-02 -1.1251567e-01 +2.1379472e+00 +8.1697222e-01 +9.2360278e-01 -4.1530833e-01 -1.3745194e-01 -7.2799444e-02 +4.6318847e+03
2.4189800e-01 +3.0000000e-01 +1.8786833e+01 -7.5764500e-02 -1.1237733e-01 +2.1133500e+00 +8.1181111e-01 +9.0693333e-01 -3.9947500e-01 -1.4670389e-01 -7.4304444e-02 +4.5228848e+03
2.4765400e-01 +3.0000000e-01 +1.8851333e+01 -7.8471000e-02 -1.1182900e-01 +2.0908611e+00 +8.0682778e-01 +8.9039167e-01 -3.8354167e-01 -1.5572917e-01 -7.5571944e-02 +4.4218341e+03
2.5348900e-01 +3.0000000e-01 +1.8913500e+01 -8.0938333e-02 -1.1079200e-01 +2.0702806e+00 +8.0208889e-01 +8.7412222e-01 -3.6750833e-01 -1.6466167e-01 -7.6668889e-02 +4.3283178e+03
2.5940400e-01 +3.0000000e-01 +1.8973500e+01 -8.3129000e-02 -1.0927733e-01 +2.0513694e+00 +7.9761667e-01 +8.5846389e-01 -3.5137222e-01 -1.7379972e-01 -7.7705833e-02 +4.2425334e+03
2.6539600e-01 +3.0000000e-01 +1.9031167e+01 -8.4998833e-02 -1.0735517e-01 +2.0341417e+00 +7.9341389e-01 +8.4366389e-01 -3.3511944e-01 -1.8328944e-01 -7.8696667e-02 +4.1663357e+03
2.7146600e-01 +3.0000000e-01 +1.9086667e+01 -8.6532667e-02 -1.0510000e-01 +2.0187667e+00 +7.8951111e-01 +8.2978333e-01 -3.1875556e-01 -1.9322611e-01 -7.9621111e-02 +4.1000864e+03
2.7761200e-01 +3.0000000e-01 +1.9139667e+01 -8.7745167e-02 -1.0251250e-01 +2.0055639e+00 +7.8600278e-01 +8.1684167e-01 -3.0232500e-01 -2.0374528e-01 -8.0440833e-02 +4.0420165e+03
2.8383300e-01 +3.0000000e-01 +1.9190167e+01 -8.8637333e-02 -9.9485667e-02 +1.9947528e+00 +7.8302222e-01 +8.0491389e-01 -2.8595278e-01 -2.1488611e-01 -8.1031944e-02 +3.9899264e+03
2.9012800e-01 +3.0000000e-01 +1.9238000e+01 -8.9194333e-02 -9.5933167e-02 +1.9862139e+00 +7.8067778e-01 +7.9390833e-01 -2.6976250e-01 -2.2655694e-01 -8.1257222e-02 +3.9420714e+03
2.9649600e-01 +3.0000000e-01 +1.9283333e+01 -8.9396333e-02 -9.1864167e-02 +1.9795417e+00 +7.7901389e-01 +7.8365833e-01 -2.5380639e-01 -2.3858667e-01 -8.1026944e-02 +3.8988475e+03
3.0293400e-01 +3.0000000e-01 +1.9326000e+01 -8.9224667e-02 -8.7315333e-02 +1.9742861e+00 +7.7806111e-01 +7.7417222e-01 -2.3813472e-01 -2.5087722e-01 -8.0328611e-02 +3.8595276e+03
3.0944200e-01 +3.0000000e-01 +1.9365833e+01 -8.8681667e-02 -8.2279167e-02 +1.9701028e+00 +7.7780278e-01 +7.6536944e-01 -2.2283750e-01 -2.6312556e-01 -7.9218333e-02 +3.8236628e+03
3.1601900e-01 +3.0000000e-01 +1.9403167e+01 -8.7796000e-02 -7.6760000e-02 +1.9666972e+00 +7.7818333e-01 +7.5699444e-01 -2.0797833e-01 -2.7478833e-01 -7.7858611e-02 +3.7919672e+03
3.2266100e-01 +3.0000000e-01 +1.9437667e+01 -8.6584167e-02 -7.0871667e-02 +1.9642167e+00 +7.7912778e-01 +7.4890556e-01 -1.9351056e-01 -2.8562500e-01 -7.6511944e-02 +3.7668972e+03
3.2936900e-01 +3.0000000e-01 +1.9469500e+01 -8.5049333e-02 -6.4745167e-02 +1.9631472e+00 +7.8057778e-01 +7.4128611e-01 -1.7932778e-01 -2.9585833e-01 -7.5294722e-02 +3.7494774e+03
3.3613900e-01 +3.0000000e-01 +1.9498333e+01 -8.3213500e-02 -5.8427667e-02 +1.9637667e+00 +7.8245833e-01 +7.3435833e-01 -1.6538250e-01 -3.0578333e-01 -7.4090278e-02 +3.7377949e+03
3.4297000e-01 +3.0000000e-01 +1.9524333e+01 -8.1114667e-02 -5.1932000e-02 +1.9660722e+00 +7.8465556e-01 +7.2813056e-01 -1.5168667e-01 -3.1556389e-01 -7.2746389e-02 +3.7293620e+03
3.4985900e-01 +3.0000000e-01 +1.9547833e+01 -7.8809000e-02 -4.5305167e-02 +1.9700750e+00 +7.8704444e-01 +7.2258333e-01 -1.3828722e-01 -3.2520278e-01 -7.1209444e-02 +3.7252668e+03
3.5680600e-01 +3.0000000e-01 +1.9568667e+01 -7.6369500e-02 -3.8666333e-02 +1.9758861e+00 +7.8953056e-01 +7.1764444e-01 -1.2526750e-01 -3.3470278e-01 -6.9503333e-02 +3.7268418e+03
3.6380700e-01 +3.0000000e-01 +1.9587167e+01 -7.3823500e-02 -3.2054667e-02 +1.9836056e+00 +7.9208889e-01 +7.1338611e-01 -1.1269028e-01 -3.4413611e-01 -6.7644722e-02 +3.7312782e+03
3.7086000e-01 +3.0000000e-01 +1.9603500e+01 -7.1131667e-02 -2.5359500e-02 +1.9930806e+00 +7.9469444e-01 +7.0991111e-01 -1.0063472e-01 -3.5353333e-01 -6.5633611e-02 +3.7350239e+03
3.7796300e-01 +3.0000000e-01 +1.9617667e+01 -6.8203833e-02 -1.8407833e-02 +2.0037028e+00 +7.9723611e-01 +7.0697500e-01 -8.9210556e-02 -3.6283889e-01 -6.3503056e-02 +3.7382792e+03
3.8511300e-01 +3.0000000e-01 +1.9629833e+01 -6.4967333e-02 -1.1157000e-02 +2.0151028e+00 +7.9956667e-01 +7.0424167e-01 -7.8515278e-02 -3.7187222e-01 -6.1259167e-02 +3.7413861e+03
3.9230900e-01 +3.0000000e-01 +1.9639833e+01 -6.1429833e-02 -3.6932500e-03 +2.0272361e+00 +8.0155833e-01 +7.0158611e-01 -6.8583611e-02 -3.8061944e-01 -5.8795000e-02 +3.7458477e+03
3.9954700e-01 +3.0000000e-01 +1.9648000e+01 -5.7663500e-02 +3.9265333e-03 +2.0397806e+00 +8.0315833e-01 +6.9919167e-01 -5.9447778e-02 -3.8911667e-01 -5.5921389e-02 +3.7549493e+03
4.0682400e-01 +3.0000000e-01 +1.9654500e+01 -5.3747333e-02 +1.1679600e-02 +2.0523528e+00 +8.0442500e-01 +6.9730278e-01 -5.1251111e-02 -3.9723611e-01 -5.2522222e-02 +3.7675721e+03
4.1413900e-01 +3.0000000e-01 +1.9659500e+01 -4.9754000e-02 +1.9422333e-02 +2.0643944e+00 +8.0548333e-01 +6.9620278e-01 -4.4055556e-02 -4.0496667e-01 -4.8694167e-02 +3.7798818e+03
4.2148900e-01 +3.0000000e-01 +1.9663333e+01 -4.5727667e-02 +2.6899333e-02 +2.0755472e+00 +8.0642778e-01 +6.9609444e-01 -3.7720556e-02 -4.1235556e-01 -4.4797778e-02 +3.7914073e+03
4.2886900e-01 +3.0000000e-01 +1.9666167e+01 -4.1658000e-02 +3.3859333e-02 +2.0859250e+00 +8.0731389e-01 +6.9686667e-01 -3.2044167e-02 -4.1941667e-01 -4.1162222e-02 +3.8036506e+03
4.3627900e-01 +3.0000000e-01 +1.9668333e+01 -3.7481667e-02 +4.0154667e-02 +2.0956250e+00 +8.0820000e-01 +6.9833056e-01 -2.6917194e-02 -4.2608333e-01 -3.7759722e-02 +3.8165887e+03
4.4371400e-01 +3.0000000e-01 +1.9670000e+01 -3.3134667e-02 +4.5747667e-02 +2.1045000e+00 +8.0914722e-01 +7.0024444e-01 -2.2362611e-02 -4.3213611e-01 -3.4276389e-02 +3.8283056e+03
4.5117200e-01 +3.0000000e-01 +1.9671500e+01 -2.8620500e-02 +5.0564667e-02 +2.1122139e+00 +8.1015556e-01 +7.0232778e-01 -1.8390417e-02 -4.3747222e-01 -3.0458889e-02 +3.8362444e+03
4.5865000e-01 +3.0000000e-01 +1.9672833e+01 -2.3982667e-02 +5.4638333e-02 +2.1185972e+00 +8.1110556e-01 +7.0411667e-01 -1.4862306e-02 -4.4236667e-01 -2.6287361e-02 +3.8402309e+03
4.6614500e-01 +3.0000000e-01 +1.9673500e+01 -1.9258167e-02 +5.8098667e-02 +2.1239056e+00 +8.1181667e-01 +7.0527222e-01 -1.1626611e-02 -4.4708056e-01 -2.1842611e-02 +3.8435004e+03
4.7365400e-01 +3.0000000e-01 +1.9673833e+01 -1.4461383e-02 +6.0963667e-02 +2.1284972e+00 +8.1218889e-01 +7.0587778e-01 -8.6842500e-03 -4.5145000e-01 -1.7202194e-02 +3.8477794e+03
4.8117400e-01 +3.0000000e-01 +1.9673833e+01 -9.6260500e-03 +6.3106500e-02 +2.1322583e+00 +8.1228611e-01 +7.0626944e-01 -6.0701111e-03 -4.5511111e-01 -1.2409306e-02 +3.8505342e+03
4.8870100e-01 +3.0000000e-01 +1.9673667e+01 -4.8027833e-03 +6.4439167e-02 +2.1348583e+00 +8.1223889e-01 +7.0664167e-01 -3.6579444e-03 -4.5777222e-01 -7.4960556e-03 +3.8503028e+03
4.9623300e-01 +3.0000000e-01 +1.9673500e+01 +0.0000000e+00 +6.5041333e-02 +2.1359611e+00 +8.1217778e-01 +7.0681389e-01 -1.2371528e-03 -4.5910556e-01 -2.5028139e-03 +3.8492777e+03
5.0376700e-01 +3.0000000e-01 +1.9673500e+01 +4.8027833e-03 +6.5041333e-02 +2.1359611e+00 +8.1217778e-01 +7.0681389e-01 +1.2371528e-03 -4.5910556e-01 +2.5028139e-03 +3.8492777e+03
5.1129900e-01 +3.0000000e-01 +1.9673667e+01 +9.6260500e-03 +6.4439167e-02 +2.1348583e+00 +8.1223889e-01 +7.0664167e-01 +3.6579444e-03 -4.5777222e-01 +7.4960556e-03 +3.8503028e+03
5.1882600e-01 +3.0000000e-01 +1.9673833e+01 +1.4461383e-02 +6.3106500e-02 +2.1322583e+00 +8.1228611e-01 +7.0626944e-01 +6.0701111e-03 -4.5511111e-01 +1.2409306e-02 +3.8505342e+03
5.2634600e-01 +3.0000000e-01 +1.9673833e+01 +1.9258167e-02 +6.0963667e-02 +2.1284972e+00 +8.1218889e-01 +7.0587778e-01 +8.6842500e-03 -4.5145000e-01 +1.7202194e-02 +3.8477794e+03
5.3385500e-01 +3.0000000e-01 +1.9673500e+01 +2.3982667e-02 +5.8098667e-02 +2.1239056e+00 +8.1181667e-01 +7.0527222e-01 +1.1626611e-02 -4.4708056e-01 +2.1842611e-02 +3.8435004e+03
5.4135000e-01 +3.0000000e-01 +1.9672833e+01 +2.8620500e-02 +5.4638333e-02 +2.1185972e+00 +8.1110556e-01 +7.0411667e-01 +1.4862306e-02 -4.4236667e-01 +2.6287361e-02 +3.8402309e+03
5.4882800e-01 +3.0000000e-01 +1.9671500e+01 +3.3134667e-02 +5.0564667e-02 +2.1122139e+00 +8.1015556e-01 +7.0232778e-01 +1.8390417e-02 -4.3747222e-01 +3.0458889e-02 +3.8362444e+03
5.5628600e-01 +3.0000000e-01 +1.9670000e+01 +3.7481667e-02 +4.5747667e-02 +2.1045000e+00 +8.0914722e-01 +7.0024444e-01 +2.2362611e-02 -4.3213611e-01 +3.4276389e-02 +3.8283056e+03
5.6372100e-01 +3.0000000e-01 +1.9668333e+01 +4.1658000e-02 +4.0154667e-02 +2.0956250e+00 +8.0820000e-01 +6.9833056e-01 +2.6917194e-02 -4.2608333e-01 +3.7759722e-02 +3.8165887e+03
5.7113100e-01 +3.0000000e-01 +1.9666167e+01 +4.5727667e-02 +3.3859333e-02 +2.0859250e+00 +8.0731389e-01 +6.9686667e-01 +3.2044167e-02 -4.1941667e-01 +4.1162222e-02 +3.8036506e+03
5.7851100e-01 +3.0000000e-01 +1.9663333e+01 +4.9754000e-02 +2.6899333e-02 +2.0755472e+00 +8.0642778e-01 +6.9609444e-01 +3.7720556e-02 -4.1235556e-01 +4.4797778e-02 +3.7914073e+03
5.8586100e-01 +3.0000000e-01 +1.9659500e+01 +5.3747333e-02 +1.9422333e-02 +2.0643944e+00 +8.0548333e-01 +6.9620278e-01 +4.4055556e-02 -4.0496667e-01 +4.8694167e-02 +3.7798818e+03
5.9317600e-01 +3.0000000e-01 +1.9654500e+01 +5.7663500e-02 +1.1679600e-02 +2.0523528e+00 +8.0442500e-01 +6.9730278e-01 +5.1251111e-02 -3.9723611e-01 +5.2522222e-02 +3.7675721e+03
6.0045300e-01 +3.0000000e-01 +1.9648000e+01 +6.1429833e-02 +3.9265333e-03 +2.0397806e+00 +8.0315833e-01 +6.9919167e-01 +5.9447778e-02 -3.8911667e-01 +5.5921389e-02 +3.7549493e+03
6.0769100e-01 +3.0000000e-01 +1.9639833e+01 +6.4967333e-02 -3.6932500e-03 +2.0272361e+00 +8.0155833e-01 +7.0158611e-01 +6.8583611e-02 -3.8061944e-01 +5.8795000e-02 +3.7458477e+03
6.1488700e-01 +3.0000000e-01 +1.9629833e+01 +6.8203833e-02 -1.1157000e-02 +2.0151028e+00 +7.9956667e-01 +7.0424167e-01 +7.8515278e-02 -3.7187222e-01 +6.1259167e-02 +3.7413861e+03
6.2203700e-01 +3.0000000e-01 +1.9617667e+01 +7.1131667e-02 -1.8407833e-02 +2.0037028e+00 +7.9723611e-01 +7.0697500e-01 +8.9210556e-02 -3.6283889e-01 +6.3503056e-02 +3.7382792e+03
6.2914000e-01 +3.0000000e-01 +1.9603500e+01 +7.3823500e-02 -2.5359500e-02 +1.9930806e+00 +7.9469444e-01 +7.0991111e-01 +1.0063472e-01 -3.5353333e-01 +6.5633611e-02 +3.7350239e+03
6.3619300e-01 +3.0000000e-01 +1.9587167e+01 +7.6369500e-02 -3.2054667e-02 +1.9836056e+00 +7.9208889e-01 +7.1338611e-01 +1.1269028e-01 -3.4413611e-01 +6.7644722e-02 +3.7312782e+03
6.4319400e-01 +3.0000000e-01 +1.9568667e+01 +7.8809000e-02 -3.8666333e-02 +1.9758861e+00 +7.8953056e-01 +7.1764444e-01 +1.2526750e-01 -3.3470278e-01 +6.9503333e-02 +3.7268418e+03
6.5014100e-01 +3.0000000e-01 +1.9547833e+01 +8.1114667e-02 -4.5305167e-02 +1.9700750e+00 +7.8704444e-01 +7.2258333e-01 +1.3828722e-01 -3.2520278e-01 +7.1209444e-02 +3.7252668e+03
6.5703000e-01 +3.0000000e-01 +1.9524333e+01 +8.3213500e-02 -5.1932000e-02 +1.9660722e+00 +7.8465556e-01 +7.2813056e-01 +1.5168667e-01 -3.1556389e-01 +7.2746389e-02 +3.7293620e+03
6.6386100e-01 +3.0000000e-01 +1.9498333e+01 +8.5049333e-02 -5.8427667e-02 +1.9637667e+00 +7.8245833e-01 +7.3435833e-01 +1.6538250e-01 -3.0578333e-01 +7.4090278e-02 +3.7377949e+03
6.7063100e-01 +3.0000000e-01 +1.9469500e+01 +8.6584167e-02 -6.4745167e-02 +1.9631472e+00 +7.8057778e-01 +7.4128611e-01 +1.7932778e-01 -2.9585833e-01 +7.5294722e-02 +3.7494774e+03
6.7733900e-01 +3.0000000e-01 +1.9437667e+01 +8.7796000e-02 -7.0871667e-02 +1.9642167e+00 +7.7912778e-01 +7.4890556e-01 +1.9351056e-01 -2.8562500e-01 +7.6511944e-02 +3.7668972e+03
6.8398100e-01 +3.0000000e-01 +1.9403167e+01 +8.8681667e-02 -7.6760000e-02 +1.9666972e+00 +7.7818333e-01 +7.5699444e-01 +2.0797833e-01 -2.7478833e-01 +7.7858611e-02 +3.7919672e+03
6.9055800e-01 +3.0000000e-01 +1.9365833e+01 +8.9224667e-02 -8.2279167e-02 +1.9701028e+00 +7.7780278e-01 +7.6536944e-01 +2.2283750e-01 -2.6312556e-01 +7.9218333e-02 +3.8236628e+03
6.9706600e-01 +3.0000000e-01 +1.9326000e+01 +8.9396333e-02 -8.7315333e-02 +1.9742861e+00 +7.7806111e-01 +7.7417222e-01 +2.3813472e-01 -2.5087722e-01 +8.0328611e-02 +3.8595276e+03
7.0350400e-01 +3.0000000e-01 +1.9283333e+01 +8.9194333e-02 -9.1864167e-02 +1.9795417e+00 +7.7901389e-01 +7.8365833e-01 +2.5380639e-01 -2.3858667e-01 +8.1026944e-02 +3.8988475e+03
7.0987200e-01 +3.0000000e-01 +1.9238000e+01 +8.8637333e-02 -9.5933167e-02 +1.9862139e+00 +7.8067778e-01 +7.9390833e-01 +2.6976250e-01 -2.2655694e-01 +8.1257222e-02 +3.9420714e+03
7.1616700e-01 +3.0000000e-01 +1.9190167e+01 +8.7745167e-02 -9.9485667e-02 +1.9947528e+00 +7.8302222e-01 +8.0491389e-01 +2.8595278e-01 -2.1488611e-01 +8.1031944e-02 +3.9899264e+03
7.2238800e-01 +3.0000000e-01 +1.9139667e+01 +8.6532667e-02 -1.0251250e-01 +2.0055639e+00 +7.8600278e-01 +8.1684167e-01 +3.0232500e-01 -2.0374528e-01 +8.0440833e-02 +4.0420165e+03
7.2853400e-01 +3.0000000e-01 +1.9086667e+01 +8.4998833e-02 -1.0510000e-01 +2.0187667e+00 +7.8951111e-01 +8.2978333e-01 +3.1875556e-01 -1.9322611e-01 +7.9621111e-02 +4.1000864e+03
7.3460400e-01 +3.0000000e-01 +1.9031167e+01 +8.3129000e-02 -1.0735517e-01 +2.0341417e+00 +7.9341389e-01 +8.4366389e-01 +3.3511944e-01 -1.8328944e-01 +7.8696667e-02 +4.1663357e+03
7.4059600e-01 +3.0000000e-01 +1.8973500e+01 +8.0938333e-02 -1.0927733e-01 +2.0513694e+00 +7.9761667e-01 +8.5846389e-01 +3.5137222e-01 -1.7379972e-01 +7.7705833e-02 +4.2425334e+03
7.4651100e-01 +3.0000000e-01 +1.8913500e+01 +7.8471000e-02 -1.1079200e-01 +2.0702806e+00 +8.0208889e-01 +8.7412222e-01 +3.6750833e-01 -1.6466167e-01 +7.6668889e-02 +4.3283178e+03
7.5234600e-01 +3.0000000e-01 +1.8851333e+01 +7.5764500e-02 -1.1182900e-01 +2.0908611e+00 +8.0682778e-01 +8.9039167e-01 +3.8354167e-01 -1.5572917e-01 +7.5571944e-02 +4.4218341e+03
7.5810200e-01 +3.0000000e-01 +1.8786833e+01 +7.2846167e-02 -1.1237733e-01 +2.1133500e+00 +8.1181111e-01 +9.0693333e-01 +3.9947500e-01 -1.4670389e-01 +7.4304444e-02 +4.5228848e+03
7.6377700e-01 +3.0000000e-01 +1.8720167e+01 +6.9732333e-02 -1.1251567e-01 +2.1379472e+00 +8.1697222e-01 +9.2360278e-01 +4.1530833e-01 -1.3745194e-01 +7.2799444e-02 +4.6318847e+03
7.6937100e-01 +3.0000000e-01 +1.8651333e+01 +6.6453000e-02 -1.1240317e-01 +2.1646139e+00 +8.2226944e-01 +9.4029722e-01 +4.3106111e-01 -1.2811778e-01 +7.1129444e-02 +4.7497017e+03
7.7488300e-01 +3.0000000e-01 +1.8580500e+01 +6.3070500e-02 -1.1218983e-01 +2.1933389e+00 +8.2766944e-01 +9.5691667e-01 +4.4673889e-01 -1.1874639e-01 +6.9403889e-02 +4.8786277e+03
7.8031300e-01 +3.0000000e-01 +1.8507667e+01 +5.9652333e-02 -1.1186150e-01 +2.2243444e+00 +8.3316944e-01 +9.7355833e-01 +4.6235556e-01 -1.0923472e-01 +6.7678333e-02 +5.0182393e+03
7.8566100e-01 +3.0000000e-01 +1.8433333e+01 +5.6251000e-02 -1.1118400e-01 +2.2578917e+00 +8.3879167e-01 +9.9061944e-01 +4.7793611e-01 -9.9584167e-02 +6.5958889e-02 +5.1659078e+03
7.9092500e-01 +3.0000000e-01 +1.8357333e+01 +5.2902500e-02 -1.0984850e-01 +2.2938833e+00 +8.4457778e-01 +1.0084028e+00 +4.9352222e-01 -8.9982500e-02 +6.4174167e-02 +5.3212692e+03
7.9610700e-01 +3.0000000e-01 +1.8280000e+01 +4.9620833e-02 -1.0768133e-01 +2.3316306e+00 +8.5056667e-01 +1.0267444e+00 +5.0907778e-01 -8.0749722e-02 +6.2219722e-02 +5.4873850e+03
8.0120600e-01 +3.0000000e-01 +1.8201667e+01 +4.6389667e-02 -1.0470200e-01 +2.3702056e+00 +8.5676667e-01 +1.0453444e+00 +5.2448611e-01 -7.2042500e-02 +6.0120833e-02 +5.6631956e+03
8.0622200e-01 +3.0000000e-01 +1.8122333e+01 +4.3184667e-02 -1.0102233e-01 +2.4089750e+00 +8.6318333e-01 +1.0639778e+00 +5.3963333e-01 -6.3768611e-02 +5.7992222e-02 +5.8437223e+03
8.1115500e-01 +3.0000000e-01 +1.8042000e+01 +3.9987167e-02 -9.6785833e-02 +2.4475028e+00 +8.6975833e-01 +1.0824750e+00 +5.5440833e-01 -5.5873056e-02 +5.5865000e-02 +6.0297000e+03
8.1600400e-01 +3.0000000e-01 +1.7961000e+01 +3.6772500e-02 -9.2166167e-02 +2.4855944e+00 +8.7640000e-01 +1.1007972e+00 +5.6877222e-01 -4.8465000e-02 +5.3688611e-02 +6.2257523e+03
8.2077100e-01 +3.0000000e-01 +1.7879000e+01 +3.3520667e-02 -8.7327500e-02 +2.5232750e+00 +8.8303611e-01 +1.1191111e+00 +5.8279167e-01 -4.1602778e-02 +5.1431111e-02 +6.4355897e+03
8.2545400e-01 +3.0000000e-01 +1.7796333e+01 +3.0238333e-02 -8.2322167e-02 +2.5606417e+00 +8.8965278e-01 +1.1376722e+00 +5.9649444e-01 -3.5269167e-02 +4.9100556e-02 +6.6606437e+03
8.3005600e-01 +3.0000000e-01 +1.7713000e+01 +2.6956000e-02 -7.7081000e-02 +2.5979250e+00 +8.9624167e-01 +1.1566167e+00 +6.0986667e-01 -2.9673611e-02 +4.6708889e-02 +6.9007728e+03
8.3457500e-01 +3.0000000e-01 +1.7629333e+01 +2.3707500e-02 -7.1535833e-02 +2.6356722e+00 +9.0277500e-01 +1.1759833e+00 +6.2291389e-01 -2.5120333e-02 +4.4261667e-02 +7.1525291e+03
8.3901200e-01 +3.0000000e-01 +1.7545000e+01 +2.0517000e-02 -6.5695167e-02 +2.6741806e+00 +9.0918889e-01 +1.1957583e+00 +6.3563611e-01 -2.1522278e-02 +4.1785278e-02 +7.4131974e+03
8.4336800e-01 +3.0000000e-01 +1.7460500e+01 +1.7405833e-02 -5.9595167e-02 +2.7132194e+00 +9.1543056e-01 +1.2157944e+00 +6.4799722e-01 -1.8355528e-02 +3.9298333e-02 +7.6880404e+03
8.4764300e-01 +3.0000000e-01 +1.7375667e+01 +1.4395167e-02 -5.3236333e-02 +2.7526500e+00 +9.2146389e-01 +1.2358639e+00 +6.5996389e-01 -1.5232361e-02 +3.6771111e-02 +7.9838170e+03
8.5183800e-01 +3.0000000e-01 +1.7290167e+01 +1.1495033e-02 -4.6587667e-02 +2.7926667e+00 +9.2726111e-01 +1.2557889e+00 +6.7152778e-01 -1.2161694e-02 +3.4192500e-02 +8.3008973e+03
8.5595300e-01 +3.0000000e-01 +1.7204167e+01 +8.6995000e-03 -3.9622833e-02 +2.8335833e+00 +9.3283889e-01 +1.2754972e+00 +6.8270000e-01 -9.2528056e-03 +3.1630556e-02 +8.6366133e+03
8.5998900e-01 +3.0000000e-01 +1.7117667e+01 +5.9994500e-03 -3.2339000e-02 +2.8755833e+00 +9.3821389e-01 +1.2950056e+00 +6.9350833e-01 -6.5136944e-03 +2.9187778e-02 +8.9887370e+03
8.6394600e-01 +3.0000000e-01 +1.7030500e+01 +3.3955833e-03 -2.4785167e-02 +2.9186667e+00 +9.4340833e-01 +1.3144528e+00 +7.0398889e-01 -3.8599167e-03 +2.6953389e-02 +9.3557755e+03
8.6782500e-01 +3.0000000e-01 +1.6942833e+01 +8.9929833e-04 -1.7069667e-02 +2.9628333e+00 +9.4841667e-01 +1.3340083e+00 +7.1415556e-01 -1.2051667e-03 +2.4979806e-02 +9.7384290e+03
8.7162800e-01 +3.0000000e-01 +1.6854667e+01 -1.4798983e-03 -9.2987667e-03 +3.0082222e+00 +9.5318889e-01 +1.3536861e+00 +7.2400833e-01 +1.4985444e-03 +2.3277889e-02 +1.0140000e+04
8.7535300e-01 +3.0000000e-01 +1.6766000e+01 -3.7484000e-03 -1.5135067e-03 +3.0551944e+00 +9.5765000e-01 +1.3734028e+00 +7.3358056e-01 +4.2406667e-03 +2.1825944e-02 +1.0562847e+04
8.7900400e-01 +3.0000000e-01 +1.6676833e+01 -5.9262000e-03 +6.3176333e-03 +3.1041389e+00 +9.6170833e-01 +1.3930917e+00 +7.4293611e-01 +6.9343611e-03 +2.0574028e-02 +1.1004880e+04
8.8257900e-01 +3.0000000e-01 +1.6587183e+01 -8.0327500e-03 +1.4262700e-02 +3.1555833e+00 +9.6529167e-01 +1.4126028e+00 +7.5213333e-01 +9.4341944e-03 +1.9448417e-02 +1.1462965e+04
8.8608100e-01 +3.0000000e-01 +1.6497267e+01 -1.0077283e-02 +2.2374000e-02 +3.2098611e+00 +9.6831944e-01 +1.4316361e+00 +7.6119444e-01 +1.1586694e-02 +1.8377361e-02 +1.1937796e+04
8.8951000e-01 +3.0000000e-01 +1.6407167e+01 -1.2054583e-02 +3.0656333e-02 +3.2668889e+00 +9.7071111e-01 +1.4499000e+00 +7.7008333e-01 +1.3304556e-02 +1.7318500e-02 +1.2434033e+04
8.9286600e-01 +3.0000000e-01 +1.6316950e+01 -1.3945100e-02 +3.9070833e-02 +3.3265278e+00 +9.7239444e-01 +1.4672667e+00 +7.7875833e-01 +1.4593667e-02 +1.6270472e-02 +1.2953791e+04
8.9615100e-01 +3.0000000e-01 +1.6226567e+01 -1.5722000e-02 +4.7559500e-02 +3.3887222e+00 +9.7329444e-01 +1.4837306e+00 +7.8718056e-01 +1.5500139e-02 +1.5266694e-02 +1.3494810e+04
8.9936600e-01 +3.0000000e-01 +1.6135967e+01 -1.7360833e-02 +5.6067833e-02 +3.4535556e+00 +9.7336667e-01 +1.4992806e+00 +7.9530833e-01 +1.6071611e-02 +1.4349528e-02 +1.4055206e+04
9.0251200e-01 +3.0000000e-01 +1.6045000e+01 -1.8845000e-02 +6.4550000e-02 +3.5209167e+00 +9.7258056e-01 +1.5137889e+00 +8.0308889e-01 +1.6378278e-02 +1.3554917e-02 +1.4637741e+04
9.0558900e-01 +3.0000000e-01 +1.5953533e+01 -2.0167333e-02 +7.2969167e-02 +3.5909167e+00 +9.7089722e-01 +1.5270694e+00 +8.1050833e-01 +1.6556000e-02 +1.2912944e-02 +1.5247192e+04
9.0859900e-01 +3.0000000e-01 +1.5861383e+01 -2.1331833e-02 +8.1306000e-02 +3.6638611e+00 +9.6826667e-01 +1.5390306e+00 +8.1756667e-01 +1.6810639e-02 +1.2446361e-02 +1.5886023e+04
9.1154300e-01 +3.0000000e-01 +1.5768400e+01 -2.2348667e-02 +8.9546167e-02 +3.7401111e+00 +9.6462222e-01 +1.5497500e+00 +8.2425833e-01 +1.7279611e-02 +1.2169056e-02 +1.6553746e+04
9.1442100e-01 +3.0000000e-01 +1.5674450e+01 -2.3229000e-02 +9.7661333e-02 +3.8200000e+00 +9.5989167e-01 +1.5593861e+00 +8.3055278e-01 +1.7933111e-02 +1.2088583e-02 +1.7251305e+04
9.1723400e-01 +3.0000000e-01 +1.5579383e+01 -2.3976833e-02 +1.0561817e-01 +3.9037500e+00 +9.5400833e-01 +1.5680333e+00 +8.3643333e-01 +1.8676056e-02 +1.2198778e-02 +1.7982647e+04
9.1998500e-01 +3.0000000e-01 +1.5483050e+01 -2.4589667e-02 +1.1339883e-01 +3.9915556e+00 +9.4690833e-01 +1.5757389e+00 +8.4188333e-01 +1.9433667e-02 +1.2463611e-02 +1.8750799e+04
9.2267300e-01 +3.0000000e-01 +1.5385333e+01 -2.5065333e-02 +1.2099483e-01 +4.0836389e+00 +9.3853611e-01 +1.5825972e+00 +8.4688611e-01 +2.0127139e-02 +1.2819694e-02 +1.9556773e+04
9.2529900e-01 +3.0000000e-01 +1.5286083e+01 -2.5405667e-02 +1.2838567e-01 +4.1801667e+00 +9.2883889e-01 +1.5887222e+00 +8.5138889e-01 +2.0692722e-02 +1.3200639e-02 +2.0400789e+04
9.2786600e-01 +3.0000000e-01 +1.5185133e+01 -2.5618000e-02 +1.3553633e-01 +4.2811944e+00 +9.1778056e-01 +1.5941778e+00 +8.5534444e-01 +2.1147694e-02 +1.3556861e-02 +2.1282447e+04
9.3037300e-01 +3.0000000e-01 +1.5082300e+01 -2.5710667e-02 +1.4241383e-01 +4.3866944e+00 +9.0533889e-01 +1.5989417e+00 +8.5871944e-01 +2.1573750e-02 +1.3860389e-02 +2.2199836e+04
9.3282200e-01 +3.0000000e-01 +1.4977417e+01 -2.5692500e-02 +1.4900150e-01 +4.4966944e+00 +8.9150833e-01 +1.6029194e+00 +8.6149444e-01 +2.2026083e-02 +1.4100500e-02 +2.3149852e+04
9.3521400e-01 +3.0000000e-01 +1.4870267e+01 -2.5571333e-02 +1.5530117e-01 +4.6111111e+00 +8.7629722e-01 +1.6059639e+00 +8.6365000e-01 +2.2483667e-02 +1.4272750e-02 +2.4132072e+04
9.3754900e-01 +3.0000000e-01 +1.4760633e+01 -2.5353833e-02 +1.6132483e-01 +4.7297500e+00 +8.5972778e-01 +1.6079278e+00 +8.6517500e-01 +2.2894833e-02 +1.4369667e-02 +2.5149625e+04
9.3983000e-01 +3.0000000e-01 +1.4648233e+01 -2.5046667e-02 +1.6708667e-01 +4.8525278e+00 +8.4183333e-01 +1.6087139e+00 +8.6606389e-01 +2.3249917e-02 +1.4379444e-02 +2.6204921e+04
9.4205600e-01 +3.0000000e-01 +1.4532733e+01 -2.4657167e-02 +1.7259667e-01 +4.9795000e+00 +8.2265278e-01 +1.6082528e+00 +8.6630278e-01 +2.3579500e-02 +1.4290167e-02 +2.7297520e+04
9.4422900e-01 +3.0000000e-01 +1.4413783e+01 -2.4193500e-02 +1.7786500e-01 +5.1109167e+00 +8.0221944e-01 +1.6065056e+00 +8.6589167e-01 +2.3889667e-02 +1.4092833e-02 +2.8425354e+04
9.4635000e-01 +3.0000000e-01 +1.4290983e+01 -2.3663833e-02 +1.8288333e-01 +5.2469444e+00 +7.8056667e-01 +1.6034194e+00 +8.6483611e-01 +2.4129444e-02 +1.3780889e-02 +2.9587571e+04
9.4842100e-01 +3.0000000e-01 +1.4163917e+01 -2.3076667e-02 +1.8763500e-01 +5.3876111e+00 +7.5772778e-01 +1.5989389e+00 +8.6313889e-01 +2.4223917e-02 +1.3348694e-02 +3.0784723e+04
9.5044100e-01 +3.0000000e-01 +1.4032150e+01 -2.2438667e-02 +1.9208333e-01 +5.5328056e+00 +7.3373889e-01 +1.5930194e+00 +8.6078889e-01 +2.4129833e-02 +1.2792944e-02 +3.2019056e+04
9.5241200e-01 +3.0000000e-01 +1.3895233e+01 -2.1755333e-02 +1.9619500e-01 +5.6822500e+00 +7.0864167e-01 +1.5856472e+00 +8.5774444e-01 +2.3871139e-02 +1.2117583e-02 +3.3290344e+04
9.5433500e-01 +3.0000000e-01 +1.3752683e+01 -2.1030167e-02 +1.9992500e-01 +5.8355833e+00 +6.8248333e-01 +1.5768139e+00 +8.5393056e-01 +2.3532639e-02 +1.1339194e-02 +3.4596143e+04
9.5621000e-01 +3.0000000e-01 +1.3603967e+01 -2.0266500e-02 +2.0324333e-01 +5.9924444e+00 +6.5533056e-01 +1.5665056e+00 +8.4924444e-01 +2.3214611e-02 +1.0488667e-02 +3.5929821e+04
9.5804000e-01 +3.0000000e-01 +1.3448533e+01 -1.9467833e-02 +2.0611500e-01 +6.1522222e+00 +6.2726111e-01 +1.5546500e+00 +8.4355833e-01 +2.2985194e-02 +9.6060000e-03 +3.7281395e+04
9.5982400e-01 +3.0000000e-01 +1.3285817e+01 -1.8640000e-02 +2.0851833e-01 +6.3140833e+00 +5.9836667e-01 +1.5411167e+00 +8.3672778e-01 +2.2873806e-02 +8.7304167e-03 +3.8643681e+04
9.6156500e-01 +3.0000000e-01 +1.3115183e+01 -1.7790500e-02 +2.1042500e-01 +6.4768611e+00 +5.6875278e-01 +1.5257222e+00 +8.2860833e-01 +2.2905028e-02 +7.8931389e-03 +4.0011725e+04
9.6326200e-01 +3.0000000e-01 +1.2936017e+01 -1.6928500e-02 +2.1181500e-01 +6.6390278e+00 +5.3854444e-01 +1.5082833e+00 +8.1904444e-01 +2.3129528e-02 +7.1151667e-03 +4.1382828e+04
9.6491600e-01 +3.0000000e-01 +1.2747600e+01 -1.6063083e-02 +2.1267000e-01 +6.7988333e+00 +5.0788611e-01 +1.4886306e+00 +8.0788889e-01 +2.3619639e-02 +6.4082222e-03 +4.2752036e+04
9.6652900e-01 +3.0000000e-01 +1.2549167e+01 -1.5202633e-02 +2.1297333e-01 +6.9540833e+00 +4.7692778e-01 +1.4666389e+00 +7.9500000e-01 +2.4437611e-02 +5.7759722e-03 +4.4111321e+04
9.6810200e-01 +3.0000000e-01 +1.2339933e+01 -1.4353267e-02 +2.1271500e-01 +7.1022778e+00 +4.4583889e-01 +1.4422222e+00 +7.8024444e-01 +2.5609417e-02 +5.2157778e-03 +4.5452322e+04
9.6963500e-01 +3.0000000e-01 +1.2119033e+01 -1.3519033e-02 +2.1189500e-01 +7.2405556e+00 +4.1479167e-01 +1.4153250e+00 +7.6349722e-01 +2.7122361e-02 +4.7214444e-03 +4.6764455e+04
9.7112900e-01 +3.0000000e-01 +1.1885600e+01 -1.2701933e-02 +2.1051500e-01 +7.3656389e+00 +3.8396111e-01 +1.3859083e+00 +7.4463889e-01 +2.8936389e-02 +4.2859722e-03 +4.8036761e+04
9.7258500e-01 +3.0000000e-01 +1.1638717e+01 -1.1902450e-02 +2.0858667e-01 +7.4738889e+00 +3.5352500e-01 +1.3539361e+00 +7.2355833e-01 +3.0993611e-02 +3.9038889e-03 +4.9256259e+04
9.7400400e-01 +3.0000000e-01 +1.1377417e+01 -1.1120067e-02 +2.0612000e-01 +7.5612778e+00 +3.2365833e-01 +1.3193917e+00 +7.0015278e-01 +3.3226944e-02 +3.5721111e-03 +5.0408460e+04
9.7538700e-01 +3.0000000e-01 +1.1100767e+01 -1.0353917e-02 +2.0313500e-01 +7.6234167e+00 +2.9452500e-01 +1.2822750e+00 +6.7433611e-01 +3.5567222e-02 +3.2894444e-03 +5.1476529e+04
9.7673400e-01 +3.0000000e-01 +1.0807833e+01 -9.6032833e-03 +1.9964167e-01 +7.6556389e+00 +2.6628694e-01 +1.2426111e+00 +6.4603333e-01 +3.7947778e-02 +3.0546667e-03 +5.2441301e+04
9.7804700e-01 +3.0000000e-01 +1.0497700e+01 -8.8679667e-03 +1.9565333e-01 +7.6529167e+00 +2.3909361e-01 +1.2004611e+00 +6.1521111e-01 +4.0300556e-02 +2.8651111e-03 +5.3283348e+04
9.7932500e-01 +3.0000000e-01 +1.0169583e+01 -8.1484000e-03 +1.9118000e-01 +7.6101667e+00 +2.1307944e-01 +1.1559083e+00 +5.8186667e-01 +4.2549444e-02 +2.7152528e-03 +5.3985437e+04
9.8057100e-01 +3.0000000e-01 +9.8227167e+00 -7.4458000e-03 +1.8622500e-01 +7.5222500e+00 +1.8836389e-01 +1.1090639e+00 +5.4606667e-01 +4.4601389e-02 +2.5962056e-03 +5.4534102e+04
9.8178500e-01 +3.0000000e-01 +9.4565667e+00 -6.7620167e-03 +1.8079500e-01 +7.3841667e+00 +1.6504944e-01 +1.0600556e+00 +5.0795278e-01 +4.6341667e-02 +2.4962417e-03 +5.4924207e+04
9.8296700e-01 +3.0000000e-01 +9.0707500e+00 -6.0994167e-03 +1.7489167e-01 +7.1915833e+00 +1.4322139e-01 +1.0090250e+00 +4.6775000e-01 +4.7636389e-02 +2.4024056e-03 +5.5163856e+04
9.8411800e-01 +3.0000000e-01 +8.6651833e+00 -5.4608167e-03 +1.6851333e-01 +6.9409722e+00 +1.2294806e-01 +9.5611667e-01 +4.2579722e-01 +4.8343889e-02 +2.3025111e-03 +5.5276334e+04
9.8524000e-01 +3.0000000e-01 +8.2400500e+00 -4.8491167e-03 +1.6166767e-01 +6.6301944e+00 +1.0428028e-01 +9.0147500e-01 +3.8253333e-01 +4.8329444e-02 +2.1866917e-03 +5.5306283e+04
9.8633200e-01 +3.0000000e-01 +7.7959167e+00 -4.2672000e-03 +1.5435767e-01 +6.2588889e+00 +8.7253889e-02 +8.4522500e-01 +3.3852500e-01 +4.7484167e-02 +2.0483500e-03 +5.5320197e+04
9.8739500e-01 +3.0000000e-01 +7.3337333e+00 -3.7177333e-03 +1.4659317e-01 +5.8291944e+00 +7.1887778e-02 +7.8747222e-01 +2.9445000e-01 +4.5744722e-02 +1.8845694e-03 +5.5405604e+04
9.8843100e-01 +3.0000000e-01 +6.8548833e+00 -3.2029333e-03 +1.3838817e-01 +5.3459722e+00 +5.8184722e-02 +7.2829444e-01 +2.5107250e-01 +4.3108333e-02 +1.6962000e-03 +5.5665155e+04
9.8943900e-01 +3.0000000e-01 +6.3611667e+00 -2.7246000e-03 +1.2976167e-01 +4.8172778e+00 +4.6131944e-02 +6.6775278e-01 +2.0923611e-01 +3.9639167e-02 +1.4875528e-03 +5.6206349e+04
9.9042000e-01 +3.0000000e-01 +5.8548167e+00 -2.2840500e-03 +1.2073817e-01 +4.2543889e+00 +3.5700278e-02 +6.0589167e-01 +1.6980333e-01 +3.5469722e-02 +1.2658028e-03 +5.7120798e+04
9.9137600e-01 +3.0000000e-01 +5.3384500e+00 -1.8822000e-03 +1.1134733e-01 +3.6715833e+00 +2.6842111e-02 +5.4278056e-01 +1.3360444e-01 +3.0790833e-02 +1.0401750e-03 +5.8461843e+04
9.9230600e-01 +3.0000000e-01 +4.8149167e+00 -1.5195683e-03 +1.0162383e-01 +3.0855278e+00 +1.9491917e-02 +4.7855278e-01 +1.0137083e-01 +2.5834000e-02 +8.2090556e-04 +6.0222087e+04
9.9321200e-01 +3.0000000e-01 +4.2872833e+00 -1.1963867e-03 +9.1606167e-02 +2.5141778e+00 +1.3563222e-02 +4.1348333e-01 +7.3662500e-02 +2.0851389e-02 +6.1803056e-04 +6.2321724e+04
9.9409400e-01 +3.0000000e-01 +3.7586500e+00 -9.1263667e-04 +8.1334667e-02 +1.9753500e+00 +8.9474444e-03 +3.4805556e-01 +5.0807500e-02 +1.6089972e-02 +4.4009444e-04 +6.4618511e+04
9.9495200e-01 +3.0000000e-01 +3.2319500e+00 -6.6811167e-04 +7.0851000e-02 +1.4851694e+00 +5.5124444e-03 +2.8305833e-01 +3.2856667e-02 +1.1768556e-02 +2.9301944e-04 +6.6940865e+04
9.9578700e-01 +3.0000000e-01 +2.7099333e+00 -4.6247167e-04 +6.0195667e-02 +1.0566389e+00 +3.1029444e-03 +2.1966917e-01 +1.9570500e-02 +8.0574722e-03 +1.7941139e-04 +6.9145291e+04
9.9660000e-01 +3.0000000e-01 +2.1949000e+00 -2.9529333e-04 +4.9407167e-02 +6.9862778e-01 +1.5427806e-03 +1.5952000e-01 +1.0442722e-02 +5.0634167e-03 +9.8417778e-05 +7.1178255e+04
9.9739200e-01 +3.0000000e-01 +1.6887000e+00 -1.6611150e-04 +3.8520167e-02 +4.1559167e-01 +6.4085000e-04 +1.0475972e-01 +4.7599722e-03 +2.8222778e-03 +4.6218056e-05 +7.3125016e+04
9.9816200e-01 +3.0000000e-01 +1.1926867e+00 -7.4430667e-05 +2.7565833e-02 +2.0801361e-01 +2.0127528e-04 +5.8087222e-02 +1.6891833e-03 +1.3020528e-03 +1.6973056e-05 +7.5231950e+04
9.9891100e-01 +3.0000000e-01 +7.0768667e-01 -1.9684667e-05 +1.6570683e-02 +7.3487222e-02 +3.9164167e-05 +2.2791889e-02 +3.7469722e-04 +4.1561111e-04 +3.9221944e-06 +7.7885944e+04
9.9964000e-01 +3.0000000e-01 +2.3411667e-01 +0.0000000e+00 +5.5594833e-03 +8.0888333e-03 +2.8170833e-06 +2.8198056e-03 +2.4441083e-05 +3.9760833e-05 +2.7029333e-07 +8.1268025e+04
1.0000000e+00 +3.0000000e-01 +0.0000000e+00 +0.0000000e+00 +0.0000000e+00 +0.0000000e+00 +0.0000000e+00 +0.0000000e+00 +0.0000000e+00 +0.0000000e+00 +0.0000000e+00 +8.1266944e+04
