#    y              z              <u>            <v>            <w>            <u'u'>         <v'v'>         <w'w'>         <u'v'>         <u'w'>         <v'w'>         <eps>         
#----------------------------------------------------------------------------------------------------------------------------------------------------------------------------------
0.0000000e+00 +3.5000000e-01 +0.0000000e+00 +0.0000000e+00 +0.0000000e+00 +0.0000000e+00 +0.0000000e+00 +0.0000000e+00 +0.0000000e+00 +0.0000000e+00 +0.0000000e+00 +8.0944722e+04
3.6000000e-04 +3.5000000e-01 +2.3363500e-01 +2.6900000e-05 +4.5312500e-03 +8.0790833e-03 +2.9004444e-06 +2.8066389e-03 -2.4088167e-05 +4.9799167e-05 +2.4853222e-07 +8.0945798e+04
1.0890000e-03 +3.5000000e-01 +7.0623000e-01 +1.0313233e-04 +1.3523250e-02 +7.3375556e-02 +4.0266111e-05 +2.2660583e-02 -3.7047500e-04 +5.2404722e-04 +2.6406278e-06 +7.7600623e+04
1.8380000e-03 +3.5000000e-01 +1.1902267e+00 +2.3294000e-04 +2.2525167e-02 +2.0764750e-01 +2.0669778e-04 +5.7707222e-02 -1.6745806e-03 +1.6521917e-03 +7.5676944e-06 +7.4998216e+04
2.6080000e-03 +3.5000000e-01 +1.6852167e+00 +4.1870667e-04 +3.1519167e-02 +4.1477222e-01 +6.5738611e-04 +1.0401528e-01 -4.7289167e-03 +3.6072778e-03 +1.0899222e-05 +7.2956993e+04
3.4000000e-03 +3.5000000e-01 +2.1903667e+00 +6.6259333e-04 +4.0485000e-02 +6.9711389e-01 +1.5809333e-03 +1.5833333e-01 -1.0391444e-02 +6.5274722e-03 +4.4572778e-06 +7.1089795e+04
4.2130000e-03 +3.5000000e-01 +2.7043500e+00 +9.6662000e-04 +4.9398167e-02 +1.0541639e+00 +3.1765833e-03 +2.1801667e-01 -1.9497222e-02 +1.0491222e-02 -2.2585417e-05 +6.9152194e+04
5.0480000e-03 +3.5000000e-01 +3.2253333e+00 +1.3327150e-03 +5.8229167e-02 +1.4814917e+00 +5.6382778e-03 +2.8098056e-01 -3.2761111e-02 +1.5495083e-02 -8.2055000e-05 +6.7056452e+04
5.9060000e-03 +3.5000000e-01 +3.7510167e+00 +1.7627500e-03 +6.6944667e-02 +1.9703278e+00 +9.1445000e-03 +3.4565278e-01 -5.0691667e-02 +2.1441639e-02 -1.8513861e-04 +6.4849739e+04
6.7880000e-03 +3.5000000e-01 +4.2787167e+00 +2.2585167e-03 +7.5507500e-02 +2.5078556e+00 +1.3852750e-02 +4.1091389e-01 -7.3535000e-02 +2.8141944e-02 -3.4101944e-04 +6.2663641e+04
7.6940000e-03 +3.5000000e-01 +4.8055167e+00 +2.8218000e-03 +8.3878167e-02 +3.0781667e+00 +1.9897361e-02 +4.7601667e-01 -1.0125139e-01 +3.5333056e-02 -5.5592778e-04 +6.0657559e+04
8.6240000e-03 +3.5000000e-01 +5.3283500e+00 +3.4542500e-03 +9.2016667e-02 +3.6636389e+00 +2.7389722e-02 +5.4050000e-01 -1.3353111e-01 +4.2706944e-02 -8.3257222e-04 +5.8968758e+04
9.5800000e-03 +3.5000000e-01 +5.8442000e+00 +4.1573333e-03 +9.9882833e-02 +4.2464167e+00 +3.6419722e-02 +6.0410278e-01 -1.6983500e-01 +4.9943333e-02 -1.1698556e-03 +5.7679007e+04
1.0561000e-02 +3.5000000e-01 +6.3502000e+00 +4.9323500e-03 +1.0743850e-01 +4.8098889e+00 +4.7057778e-02 +6.6669444e-01 -2.0945194e-01 +5.6740000e-02 -1.5628500e-03 +5.6804599e+04
1.1569000e-02 +3.5000000e-01 +6.8437833e+00 +5.7803333e-03 +1.1464850e-01 +5.3396944e+00 +5.9355833e-02 +7.2820000e-01 -2.5156722e-01 +6.2839167e-02 -2.0031389e-03 +5.6303015e+04
1.2605000e-02 +3.5000000e-01 +7.3227000e+00 +6.7019667e-03 +1.2148050e-01 +5.8245000e+00 +7.3349444e-02 +7.8856944e-01 -2.9532500e-01 +6.8044167e-02 -2.4796667e-03 +5.6089821e+04
1.3668000e-02 +3.5000000e-01 +7.7851500e+00 +7.6974333e-03 +1.2790733e-01 +6.2561389e+00 +8.9056667e-02 +8.4773333e-01 -3.3988611e-01 +7.2228333e-02 -2.9800000e-03 +5.6060275e+04
1.4760000e-02 +3.5000000e-01 +8.2297333e+00 +8.7661500e-03 +1.3390583e-01 +6.6298056e+00 +1.0647694e-01 +9.0559167e-01 -3.8446944e-01 +7.5331944e-02 -3.4916944e-03 +5.6107795e+04
1.5882000e-02 +3.5000000e-01 +8.6554833e+00 +9.9065000e-03 +1.3945883e-01 +6.9434444e+00 +1.2559139e-01 +9.6202222e-01 -4.2839722e-01 +7.7354444e-02 -4.0034444e-03 +5.6139808e+04
1.7033000e-02 +3.5000000e-01 +9.0618000e+00 +1.1115450e-02 +1.4455483e-01 +7.1975278e+00 +1.4636083e-01 +1.0168750e+00 -4.7109167e-01 +7.8345000e-02 -4.5054722e-03 +5.6082834e+04
1.8215000e-02 +3.5000000e-01 +9.4484667e+00 +1.2388400e-02 +1.4918833e-01 +7.3943056e+00 +1.6872583e-01 +1.0699972e+00 -5.1209722e-01 +7.8390000e-02 -4.9890278e-03 +5.5889123e+04
1.9429000e-02 +3.5000000e-01 +9.8155500e+00 +1.3718967e-02 +1.5336000e-01 +7.5373333e+00 +1.9260917e-01 +1.1212389e+00 -5.5107222e-01 +7.7605278e-02 -5.4447222e-03 +5.5531473e+04
2.0675000e-02 +3.5000000e-01 +1.0163367e+01 +1.5099117e-02 +1.5707617e-01 +7.6310278e+00 +2.1791583e-01 +1.1704611e+00 -5.8776944e-01 +7.6126111e-02 -5.8605556e-03 +5.5002029e+04
2.1953000e-02 +3.5000000e-01 +1.0492417e+01 +1.6519167e-02 +1.6034950e-01 +7.6802222e+00 +2.4453667e-01 +1.2175500e+00 -6.2204167e-01 +7.4093056e-02 -6.2206389e-03 +5.4306464e+04
2.3266000e-02 +3.5000000e-01 +1.0803383e+01 +1.7968167e-02 +1.6319867e-01 +7.6898889e+00 +2.7234861e-01 +1.2624000e+00 -6.5380278e-01 +7.1640833e-02 -6.5055278e-03 +5.3458537e+04
2.4613000e-02 +3.5000000e-01 +1.1097033e+01 +1.9434500e-02 +1.6564717e-01 +7.6649722e+00 +3.0121944e-01 +1.3049306e+00 -6.8303056e-01 +6.8887222e-02 -6.6942500e-03 +5.2477722e+04
2.5996000e-02 +3.5000000e-01 +1.1374233e+01 +2.0906167e-02 +1.6772333e-01 +7.6101944e+00 +3.3100556e-01 +1.3450750e+00 -7.0975556e-01 +6.5927222e-02 -6.7667500e-03 +5.1384315e+04
2.7415000e-02 +3.5000000e-01 +1.1635900e+01 +2.2372667e-02 +1.6945500e-01 +7.5300556e+00 +3.6156111e-01 +1.3827833e+00 -7.3403889e-01 +6.2835278e-02 -6.7064167e-03 +5.0197798e+04
2.8871000e-02 +3.5000000e-01 +1.1882950e+01 +2.3825167e-02 +1.7087000e-01 +7.4286667e+00 +3.9273056e-01 +1.4180139e+00 -7.5597222e-01 +5.9674444e-02 -6.5030833e-03 +4.8936419e+04
3.0365000e-02 +3.5000000e-01 +1.2116317e+01 +2.5257667e-02 +1.7199333e-01 +7.3098889e+00 +4.2435556e-01 +1.4507528e+00 -7.7566944e-01 +5.6513333e-02 -6.1550556e-03 +4.7616656e+04
3.1898000e-02 +3.5000000e-01 +1.2336933e+01 +2.6667333e-02 +1.7284333e-01 +7.1771389e+00 +4.5627778e-01 +1.4810000e+00 -7.9325556e-01 +5.3435556e-02 -5.6694722e-03 +4.6253189e+04
3.3471000e-02 +3.5000000e-01 +1.2545667e+01 +2.8054000e-02 +1.7342833e-01 +7.0335833e+00 +4.8832778e-01 +1.5087667e+00 -8.0886389e-01 +5.0537222e-02 -5.0611667e-03 +4.4858678e+04
3.5084000e-02 +3.5000000e-01 +1.2743400e+01 +2.9420167e-02 +1.7375000e-01 +6.8820000e+00 +5.2034167e-01 +1.5340583e+00 -8.2264167e-01 +4.7900000e-02 -4.3514722e-03 +4.3443463e+04
3.6738000e-02 +3.5000000e-01 +1.2930933e+01 +3.0769167e-02 +1.7380167e-01 +6.7248056e+00 +5.5214722e-01 +1.5568694e+00 -8.3473056e-01 +4.5558889e-02 -3.5672778e-03 +4.2020617e+04
3.8435000e-02 +3.5000000e-01 +1.3109083e+01 +3.2104167e-02 +1.7357667e-01 +6.5641667e+00 +5.8358056e-01 +1.5771861e+00 -8.4528056e-01 +4.3483333e-02 -2.7392639e-03 +4.0603217e+04
4.0176000e-02 +3.5000000e-01 +1.3278533e+01 +3.3427500e-02 +1.7306000e-01 +6.4019722e+00 +6.1447500e-01 +1.5950028e+00 -8.5443611e-01 +4.1588889e-02 -1.8991250e-03 +3.9202032e+04
4.1960000e-02 +3.5000000e-01 +1.3440000e+01 +3.4740333e-02 +1.7224333e-01 +6.2399444e+00 +6.4468056e-01 +1.6103694e+00 -8.6234167e-01 +3.9776111e-02 -1.0761944e-03 +3.7822210e+04
4.3790000e-02 +3.5000000e-01 +1.3594067e+01 +3.6043000e-02 +1.7111833e-01 +6.0796389e+00 +6.7405278e-01 +1.6233889e+00 -8.6913056e-01 +3.7969444e-02 -2.9408889e-04 +3.6463969e+04
4.5665000e-02 +3.5000000e-01 +1.3741317e+01 +3.7334833e-02 +1.6967500e-01 +5.9223056e+00 +7.0246944e-01 +1.6342417e+00 -8.7493333e-01 +3.6143611e-02 +4.2969444e-04 +3.5127185e+04
4.7588000e-02 +3.5000000e-01 +1.3882267e+01 +3.8612667e-02 +1.6791000e-01 +5.7690278e+00 +7.2981111e-01 +1.6431917e+00 -8.7985278e-01 +3.4344167e-02 +1.0803667e-03 +3.3810427e+04
4.9559000e-02 +3.5000000e-01 +1.4017417e+01 +3.9870333e-02 +1.6580950e-01 +5.6205833e+00 +7.5598333e-01 +1.6505167e+00 -8.8396944e-01 +3.2681944e-02 +1.6437694e-03 +3.2516159e+04
5.1579000e-02 +3.5000000e-01 +1.4147250e+01 +4.1098333e-02 +1.6336667e-01 +5.4773333e+00 +7.8091111e-01 +1.6564500e+00 -8.8734167e-01 +3.1292778e-02 +2.1072778e-03 +3.1251356e+04
5.3650000e-02 +3.5000000e-01 +1.4272250e+01 +4.2286000e-02 +1.6057783e-01 +5.3394167e+00 +8.0453611e-01 +1.6611417e+00 -8.9000278e-01 +3.0291111e-02 +2.4597417e-03 +3.0021344e+04
5.5771000e-02 +3.5000000e-01 +1.4392900e+01 +4.3422833e-02 +1.5744867e-01 +5.2068889e+00 +8.2682500e-01 +1.6646889e+00 -8.9198889e-01 +2.9744167e-02 +2.6908806e-03 +2.8830578e+04
5.7944000e-02 +3.5000000e-01 +1.4509650e+01 +4.4500500e-02 +1.5399267e-01 +5.0795000e+00 +8.4775278e-01 +1.6671583e+00 -8.9333056e-01 +2.9645000e-02 +2.7955000e-03 +2.7683703e+04
6.0170000e-02 +3.5000000e-01 +1.4622967e+01 +4.5513833e-02 +1.5022717e-01 +4.9570556e+00 +8.6731389e-01 +1.6686167e+00 -8.9406111e-01 +2.9894167e-02 +2.7772194e-03 +2.6585806e+04
6.2451000e-02 +3.5000000e-01 +1.4733267e+01 +4.6460833e-02 +1.4616983e-01 +4.8392778e+00 +8.8550000e-01 +1.6691361e+00 -8.9421111e-01 +3.0340833e-02 +2.6412056e-03 +2.5535976e+04
6.4786000e-02 +3.5000000e-01 +1.4840917e+01 +4.7343000e-02 +1.4183633e-01 +4.7260556e+00 +9.0230833e-01 +1.6687806e+00 -8.9380278e-01 +3.0849722e-02 +2.3875028e-03 +2.4527747e+04
6.7178000e-02 +3.5000000e-01 +1.4946217e+01 +4.8164667e-02 +1.3724133e-01 +4.6172778e+00 +9.1773056e-01 +1.6675778e+00 -8.9283333e-01 +3.1338056e-02 +2.0145278e-03 +2.3555926e+04
6.9627000e-02 +3.5000000e-01 +1.5049417e+01 +4.8930500e-02 +1.3239633e-01 +4.5128333e+00 +9.3174722e-01 +1.6655111e+00 -8.9128889e-01 +3.1783333e-02 +1.5209139e-03 +2.2619057e+04
7.2134000e-02 +3.5000000e-01 +1.5150750e+01 +4.9645000e-02 +1.2730717e-01 +4.4126111e+00 +9.4434722e-01 +1.6625389e+00 -8.8916111e-01 +3.2223889e-02 +9.0425278e-04 +2.1718061e+04
7.4701000e-02 +3.5000000e-01 +1.5250350e+01 +5.0310333e-02 +1.2197367e-01 +4.3166389e+00 +9.5552222e-01 +1.6586056e+00 -8.8646389e-01 +3.2719722e-02 +1.6798083e-04 +2.0853178e+04
7.7327000e-02 +3.5000000e-01 +1.5348317e+01 +5.0927833e-02 +1.1639867e-01 +4.2250278e+00 +9.6530278e-01 +1.6536917e+00 -8.8321111e-01 +3.3265278e-02 -6.6651667e-04 +2.0021508e+04
8.0015000e-02 +3.5000000e-01 +1.5444800e+01 +5.1499500e-02 +1.1059600e-01 +4.1377222e+00 +9.7373611e-01 +1.6478250e+00 -8.7940833e-01 +3.3769444e-02 -1.5582639e-03 +1.9219407e+04
8.2766000e-02 +3.5000000e-01 +1.5539900e+01 +5.2029000e-02 +1.0458783e-01 +4.0544722e+00 +9.8090000e-01 +1.6410139e+00 -8.7504722e-01 +3.4140833e-02 -2.4562722e-03 +1.8448255e+04
8.5579000e-02 +3.5000000e-01 +1.5633817e+01 +5.2519833e-02 +9.8400500e-02 +3.9748889e+00 +9.8686944e-01 +1.6331917e+00 -8.7015278e-01 +3.4378889e-02 -3.3074722e-03 +1.7713280e+04
8.8457000e-02 +3.5000000e-01 +1.5726700e+01 +5.2968333e-02 +9.2062833e-02 +3.8988333e+00 +9.9170833e-01 +1.6242278e+00 -8.6479444e-01 +3.4583056e-02 -4.0663611e-03 +1.7015567e+04
9.1401000e-02 +3.5000000e-01 +1.5818700e+01 +5.3361667e-02 +8.5613000e-02 +3.8263889e+00 +9.9548889e-01 +1.6139667e+00 -8.5904167e-01 +3.4868056e-02 -4.7143056e-03 +1.6350566e+04
9.4411000e-02 +3.5000000e-01 +1.5909900e+01 +5.3681000e-02 +7.9097833e-02 +3.7575278e+00 +9.9829167e-01 +1.6023444e+00 -8.5293333e-01 +3.5298611e-02 -5.2743333e-03 +1.5714712e+04
9.7488000e-02 +3.5000000e-01 +1.6000450e+01 +5.3906833e-02 +7.2552333e-02 +3.6918333e+00 +1.0002028e+00 +1.5895083e+00 -8.4650000e-01 +3.5880278e-02 -5.8069167e-03 +1.5108162e+04
1.0063400e-01 +3.5000000e-01 +1.6090450e+01 +5.4024333e-02 +6.5978667e-02 +3.6286667e+00 +1.0013000e+00 +1.5757778e+00 -8.3980278e-01 +3.6575278e-02 -6.3801389e-03 +1.4528124e+04
1.0384900e-01 +3.5000000e-01 +1.6180083e+01 +5.4026667e-02 +5.9351000e-02 +3.5677222e+00 +1.0016306e+00 +1.5614639e+00 -8.3294167e-01 +3.7343611e-02 -7.0403333e-03 +1.3968262e+04
1.0713400e-01 +3.5000000e-01 +1.6269417e+01 +5.3913167e-02 +5.2641333e-02 +3.5089722e+00 +1.0012139e+00 +1.5467389e+00 -8.2596944e-01 +3.8157222e-02 -7.8217222e-03 +1.3426293e+04
1.1049000e-01 +3.5000000e-01 +1.6358533e+01 +5.3681000e-02 +4.5846500e-02 +3.4525000e+00 +1.0000444e+00 +1.5316472e+00 -8.1888056e-01 +3.8986944e-02 -8.7645833e-03 +1.2903765e+04
1.1391900e-01 +3.5000000e-01 +1.6447517e+01 +5.3321333e-02 +3.8995667e-02 +3.3982222e+00 +9.9813056e-01 +1.5161472e+00 -8.1162500e-01 +3.9712222e-02 -9.8921389e-03 +1.2402173e+04
1.1742100e-01 +3.5000000e-01 +1.6536417e+01 +5.2824167e-02 +3.2144167e-02 +3.3459722e+00 +9.9549722e-01 +1.5001306e+00 -8.0413611e-01 +4.0040278e-02 -1.1184528e-02 +1.1921311e+04
1.2099600e-01 +3.5000000e-01 +1.6625300e+01 +5.2181667e-02 +2.5348833e-02 +3.2955000e+00 +9.9218889e-01 +1.4834611e+00 -7.9633056e-01 +3.9720278e-02 -1.2597139e-02 +1.1460093e+04
1.2464700e-01 +3.5000000e-01 +1.6714167e+01 +5.1385167e-02 +1.8645833e-02 +3.2463056e+00 +9.8825556e-01 +1.4660167e+00 -7.8809444e-01 +3.8750556e-02 -1.4092139e-02 +1.1019795e+04
1.2837200e-01 +3.5000000e-01 +1.6803167e+01 +5.0423333e-02 +1.2039133e-02 +3.1980833e+00 +9.8374722e-01 +1.4477389e+00 -7.7936667e-01 +3.7300556e-02 -1.5659528e-02 +1.0603508e+04
1.3217500e-01 +3.5000000e-01 +1.6892167e+01 +4.9282333e-02 +5.5060500e-03 +3.1510556e+00 +9.7872778e-01 +1.4286639e+00 -7.7017500e-01 +3.5532778e-02 -1.7311194e-02 +1.0207986e+04
1.3605400e-01 +3.5000000e-01 +1.6981167e+01 +4.7954333e-02 -9.6696500e-04 +3.1057222e+00 +9.7326389e-01 +1.4088861e+00 -7.6062222e-01 +3.3514167e-02 -1.9034694e-02 +9.8262836e+03
1.4001100e-01 +3.5000000e-01 +1.7070167e+01 +4.6443667e-02 -7.3509667e-03 +3.0622778e+00 +9.6742222e-01 +1.3886000e+00 -7.5076667e-01 +3.1295833e-02 -2.0790194e-02 +9.4574604e+03
1.4404700e-01 +3.5000000e-01 +1.7158833e+01 +4.4761333e-02 -1.3600417e-02 +3.0204444e+00 +9.6124167e-01 +1.3680389e+00 -7.4062778e-01 +2.8962500e-02 -2.2547389e-02 +9.1048061e+03
1.4816200e-01 +3.5000000e-01 +1.7247333e+01 +4.2926333e-02 -1.9687000e-02 +2.9799722e+00 +9.5473611e-01 +1.3473917e+00 -7.3022222e-01 +2.6523694e-02 -2.4285361e-02 +8.7687385e+03
1.5235700e-01 +3.5000000e-01 +1.7335333e+01 +4.0963000e-02 -2.5576833e-02 +2.9406944e+00 +9.4790278e-01 +1.3267694e+00 -7.1959167e-01 +2.3846167e-02 -2.5981472e-02 +8.4459698e+03
1.5663200e-01 +3.5000000e-01 +1.7423167e+01 +3.8883833e-02 -3.1224000e-02 +2.9025278e+00 +9.4074444e-01 +1.3061111e+00 -7.0875556e-01 +2.0755222e-02 -2.7634667e-02 +8.1359800e+03
1.6098800e-01 +3.5000000e-01 +1.7510667e+01 +3.6673833e-02 -3.6601667e-02 +2.8652222e+00 +9.3328889e-01 +1.2853611e+00 -6.9764444e-01 +1.7168778e-02 -2.9273056e-02 +7.8412150e+03
1.6542500e-01 +3.5000000e-01 +1.7597833e+01 +3.4304500e-02 -4.1692500e-02 +2.8283056e+00 +9.2563056e-01 +1.2646861e+00 -6.8617222e-01 +1.3193667e-02 -3.0923056e-02 +7.5602934e+03
1.6994400e-01 +3.5000000e-01 +1.7685000e+01 +3.1746000e-02 -4.6450167e-02 +2.7911944e+00 +9.1786111e-01 +1.2443583e+00 -6.7430833e-01 +9.0092778e-03 -3.2614444e-02 +7.2869931e+03
1.7454600e-01 +3.5000000e-01 +1.7772000e+01 +2.8962167e-02 -5.0825167e-02 +2.7532278e+00 +9.1000278e-01 +1.2244083e+00 -6.6207222e-01 +4.7867222e-03 -3.4398611e-02 +7.0217306e+03
1.7922900e-01 +3.5000000e-01 +1.7858833e+01 +2.5921833e-02 -5.4833000e-02 +2.7141028e+00 +9.0200556e-01 +1.2044972e+00 -6.4948333e-01 +6.2657778e-04 -3.6310833e-02 +6.7733569e+03
1.8399600e-01 +3.5000000e-01 +1.7945500e+01 +2.2627000e-02 -5.8517167e-02 +2.6740556e+00 +8.9381944e-01 +1.1844194e+00 -6.3653056e-01 -3.6743333e-03 -3.8310556e-02 +6.5431733e+03
1.8884500e-01 +3.5000000e-01 +1.8031833e+01 +1.9110500e-02 -6.1879667e-02 +2.6336028e+00 +8.8542500e-01 +1.1643250e+00 -6.2320556e-01 -8.3939722e-03 -4.0361389e-02 +6.3261609e+03
1.9377800e-01 +3.5000000e-01 +1.8118000e+01 +1.5413967e-02 -6.4897333e-02 +2.5932417e+00 +8.7682500e-01 +1.1443472e+00 -6.0953056e-01 -1.3580722e-02 -4.2490000e-02 +6.1193285e+03
1.9879400e-01 +3.5000000e-01 +1.8203833e+01 +1.1591167e-02 -6.7582333e-02 +2.5533444e+00 +8.6803333e-01 +1.1243389e+00 -5.9555833e-01 -1.9007806e-02 -4.4705000e-02 +5.9213982e+03
2.0389300e-01 +3.5000000e-01 +1.8289333e+01 +7.7074333e-03 -7.0018833e-02 +2.5141583e+00 +8.5909167e-01 +1.1042139e+00 -5.8137778e-01 -2.4286500e-02 -4.6991944e-02 +5.7321903e+03
2.0907500e-01 +3.5000000e-01 +1.8374333e+01 +3.8312833e-03 -7.2318667e-02 +2.4756694e+00 +8.5007778e-01 +1.0839861e+00 -5.6715278e-01 -2.9203611e-02 -4.9349722e-02 +5.5504579e+03
2.1433900e-01 +3.5000000e-01 +1.8458833e+01 +2.2235333e-05 -7.4529333e-02 +2.4378389e+00 +8.4104722e-01 +1.0634944e+00 -5.5299167e-01 -3.3956667e-02 -5.1741389e-02 +5.3758453e+03
2.1968700e-01 +3.5000000e-01 +1.8542667e+01 -3.6929833e-03 -7.6615667e-02 +2.4007333e+00 +8.3199167e-01 +1.0425250e+00 -5.3881389e-01 -3.8938056e-02 -5.4075833e-02 +5.2098609e+03
2.2511700e-01 +3.5000000e-01 +1.8625833e+01 -7.3252667e-03 -7.8489333e-02 +2.3641944e+00 +8.2289444e-01 +1.0211861e+00 -5.2445000e-01 -4.4417500e-02 -5.6270833e-02 +5.0537508e+03
2.3062900e-01 +3.5000000e-01 +1.8708167e+01 -1.0910900e-02 -8.0079833e-02 +2.3280639e+00 +8.1375833e-01 +9.9989722e-01 -5.0978889e-01 -5.0333333e-02 -5.8255833e-02 +4.9058292e+03
2.3622300e-01 +3.5000000e-01 +1.8789667e+01 -1.4481900e-02 -8.1385500e-02 +2.2926583e+00 +8.0461944e-01 +9.7890833e-01 -4.9476944e-01 -5.6421944e-02 -5.9988889e-02 +4.7629735e+03
2.4189800e-01 +3.5000000e-01 +1.8870333e+01 -1.8039500e-02 -8.2429667e-02 +2.2581778e+00 +7.9553889e-01 +9.5828889e-01 -4.7936944e-01 -6.2579722e-02 -6.1494167e-02 +4.6230943e+03
2.4765400e-01 +3.5000000e-01 +1.8949667e+01 -2.1557167e-02 -8.3258833e-02 +2.2244528e+00 +7.8659722e-01 +9.3801389e-01 -4.6360833e-01 -6.8879167e-02 -6.2858333e-02 +4.4870234e+03
2.5348900e-01 +3.5000000e-01 +1.9027167e+01 -2.5005333e-02 -8.3944000e-02 +2.1913778e+00 +7.7788333e-01 +9.1806667e-01 -4.4757500e-01 -7.5371667e-02 -6.4175833e-02 +4.3577149e+03
2.5940400e-01 +3.5000000e-01 +1.9102833e+01 -2.8365167e-02 -8.4509167e-02 +2.1588556e+00 +7.6946667e-01 +8.9863333e-01 -4.3132778e-01 -8.2156944e-02 -6.5474444e-02 +4.2358228e+03
2.6539600e-01 +3.5000000e-01 +1.9176500e+01 -3.1606000e-02 -8.4893667e-02 +2.1270694e+00 +7.6137500e-01 +8.7981389e-01 -4.1492778e-01 -8.9447222e-02 -6.6725556e-02 +4.1202828e+03
2.7146600e-01 +3.5000000e-01 +1.9248500e+01 -3.4691667e-02 -8.4983833e-02 +2.0962500e+00 +7.5359722e-01 +8.6152500e-01 -3.9854444e-01 -9.7253333e-02 -6.7903056e-02 +4.0095595e+03
2.7761200e-01 +3.5000000e-01 +1.9318333e+01 -3.7592333e-02 -8.4696333e-02 +2.0663389e+00 +7.4612222e-01 +8.4382222e-01 -3.8227778e-01 -1.0542750e-01 -6.8963889e-02 +3.9051009e+03
2.8383300e-01 +3.5000000e-01 +1.9386167e+01 -4.0292000e-02 -8.3991500e-02 +2.0373500e+00 +7.3896944e-01 +8.2686944e-01 -3.6610833e-01 -1.1400333e-01 -6.9830556e-02 +3.8085255e+03
2.9012800e-01 +3.5000000e-01 +1.9451833e+01 -4.2789833e-02 -8.2804500e-02 +2.0096056e+00 +7.3216667e-01 +8.1069167e-01 -3.5004444e-01 -1.2309333e-01 -7.0472778e-02 +3.7194540e+03
2.9649600e-01 +3.5000000e-01 +1.9515167e+01 -4.5075500e-02 -8.1096667e-02 +1.9834972e+00 +7.2574444e-01 +7.9520556e-01 -3.3407778e-01 -1.3265667e-01 -7.0961111e-02 +3.6375846e+03
3.0293400e-01 +3.5000000e-01 +1.9576000e+01 -4.7110500e-02 -7.8925667e-02 +1.9590556e+00 +7.1975278e-01 +7.8030556e-01 -3.1812500e-01 -1.4251694e-01 -7.1353611e-02 +3.5630259e+03
3.0944200e-01 +3.5000000e-01 +1.9634500e+01 -4.8849167e-02 -7.6409833e-02 +1.9360250e+00 +7.1425556e-01 +7.6594167e-01 -3.0213333e-01 -1.5235278e-01 -7.1652778e-02 +3.4944860e+03
3.1601900e-01 +3.5000000e-01 +1.9690667e+01 -5.0282500e-02 -7.3611667e-02 +1.9145194e+00 +7.0927500e-01 +7.5203333e-01 -2.8618056e-01 -1.6201444e-01 -7.1828889e-02 +3.4303546e+03
3.2266100e-01 +3.5000000e-01 +1.9744000e+01 -5.1418167e-02 -7.0460667e-02 +1.8951139e+00 +7.0475833e-01 +7.3842500e-01 -2.7039389e-01 -1.7160000e-01 -7.1738333e-02 +3.3717404e+03
3.2936900e-01 +3.5000000e-01 +1.9794333e+01 -5.2271667e-02 -6.6827167e-02 +1.8781861e+00 +7.0065278e-01 +7.2523333e-01 -2.5484750e-01 -1.8112361e-01 -7.1266111e-02 +3.3173825e+03
3.3613900e-01 +3.5000000e-01 +1.9841667e+01 -5.2856500e-02 -6.2674833e-02 +1.8637528e+00 +6.9695556e-01 +7.1278056e-01 -2.3948333e-01 -1.9051028e-01 -7.0498056e-02 +3.2657411e+03
3.4297000e-01 +3.5000000e-01 +1.9885667e+01 -5.3167000e-02 -5.8086667e-02 +1.8518111e+00 +6.9368333e-01 +7.0132222e-01 -2.2424472e-01 -1.9972667e-01 -6.9535000e-02 +3.2161312e+03
3.4985900e-01 +3.5000000e-01 +1.9926667e+01 -5.3172500e-02 -5.3268833e-02 +1.8419000e+00 +6.9084167e-01 +6.9098056e-01 -2.0923833e-01 -2.0876139e-01 -6.8435833e-02 +3.1691547e+03
3.5680600e-01 +3.5000000e-01 +1.9964667e+01 -5.2848500e-02 -4.8381667e-02 +1.8332972e+00 +6.8841111e-01 +6.8165833e-01 -1.9453639e-01 -2.1760000e-01 -6.7270278e-02 +3.1258340e+03
3.6380700e-01 +3.5000000e-01 +1.9999833e+01 -5.2213500e-02 -4.3381833e-02 +1.8254639e+00 +6.8634167e-01 +6.7302778e-01 -1.8015083e-01 -2.2631333e-01 -6.6027500e-02 +3.0887891e+03
3.7086000e-01 +3.5000000e-01 +2.0031833e+01 -5.1314833e-02 -3.8133333e-02 +1.8181667e+00 +6.8457500e-01 +6.6483889e-01 -1.6615667e-01 -2.3503111e-01 -6.4652500e-02 +3.0610890e+03
3.7796300e-01 +3.5000000e-01 +2.0061167e+01 -5.0208833e-02 -3.2595167e-02 +1.8117167e+00 +6.8308056e-01 +6.5711389e-01 -1.5262889e-01 -2.4355694e-01 -6.3112778e-02 +3.0393006e+03
3.8511300e-01 +3.5000000e-01 +2.0087667e+01 -4.8907833e-02 -2.6859667e-02 +1.8067056e+00 +6.8181389e-01 +6.4983333e-01 -1.3962694e-01 -2.5139778e-01 -6.1326389e-02 +3.0199821e+03
3.9230900e-01 +3.5000000e-01 +2.0111500e+01 -4.7379500e-02 -2.1029000e-02 +1.8037139e+00 +6.8066667e-01 +6.4314167e-01 -1.2715861e-01 -2.5847361e-01 -5.9197778e-02 +3.0009892e+03
3.9954700e-01 +3.5000000e-01 +2.0132833e+01 -4.5581833e-02 -1.5131767e-02 +1.8029194e+00 +6.7949167e-01 +6.3734444e-01 -1.1515472e-01 -2.6513333e-01 -5.6754444e-02 +2.9826464e+03
4.0682400e-01 +3.5000000e-01 +2.0151833e+01 -4.3476000e-02 -9.1777000e-03 +1.8035778e+00 +6.7818611e-01 +6.3252778e-01 -1.0361306e-01 -2.7166389e-01 -5.4150556e-02 +2.9685057e+03
4.1413900e-01 +3.5000000e-01 +2.0168667e+01 -4.1032667e-02 -3.2146500e-03 +1.8050278e+00 +6.7671111e-01 +6.2877778e-01 -9.2604167e-02 -2.7823611e-01 -5.1478889e-02 +2.9589864e+03
4.2148900e-01 +3.5000000e-01 +2.0183667e+01 -3.8242167e-02 +2.6271167e-03 +1.8072278e+00 +6.7503889e-01 +6.2614167e-01 -8.2192778e-02 -2.8491667e-01 -4.8616944e-02 +2.9498704e+03
4.2886900e-01 +3.5000000e-01 +2.0196500e+01 -3.5149333e-02 +8.1546500e-03 +1.8102944e+00 +6.7309167e-01 +6.2438056e-01 -7.2359167e-02 -2.9162222e-01 -4.5413611e-02 +2.9406336e+03
4.3627900e-01 +3.5000000e-01 +2.0207833e+01 -3.1826000e-02 +1.3196767e-02 +1.8141639e+00 +6.7083056e-01 +6.2290278e-01 -6.2998889e-02 -2.9820833e-01 -4.1854722e-02 +2.9338084e+03
4.4371400e-01 +3.5000000e-01 +2.0217500e+01 -2.8305167e-02 +1.7681667e-02 +1.8184833e+00 +6.6837222e-01 +6.2111667e-01 -5.4025833e-02 -3.0440833e-01 -3.8038889e-02 +2.9310359e+03
4.5117200e-01 +3.5000000e-01 +2.0226000e+01 -2.4578500e-02 +2.1653000e-02 +1.8228000e+00 +6.6593889e-01 +6.1907500e-01 -4.5453056e-02 -3.0986944e-01 -3.4028611e-02 +2.9304822e+03
4.5865000e-01 +3.5000000e-01 +2.0233333e+01 -2.0654000e-02 +2.5131500e-02 +1.8269611e+00 +6.6376389e-01 +6.1704444e-01 -3.7379167e-02 -3.1451389e-01 -2.9751944e-02 +2.9297518e+03
4.6614500e-01 +3.5000000e-01 +2.0239833e+01 -1.6583250e-02 +2.8096833e-02 +1.8308806e+00 +6.6201667e-01 +6.1510833e-01 -2.9860000e-02 -3.1846944e-01 -2.5105778e-02 +2.9290527e+03
4.7365400e-01 +3.5000000e-01 +2.0244833e+01 -1.2433683e-02 +3.0608500e-02 +1.8342083e+00 +6.6077778e-01 +6.1359167e-01 -2.2795611e-02 -3.2183889e-01 -2.0045500e-02 +2.9276671e+03
4.8117400e-01 +3.5000000e-01 +2.0248667e+01 -8.2619667e-03 +3.2695833e-02 +1.8367694e+00 +6.5998611e-01 +6.1273333e-01 -1.6039028e-02 -3.2453889e-01 -1.4581917e-02 +2.9256450e+03
4.8870100e-01 +3.5000000e-01 +2.0251167e+01 -4.1149167e-03 +3.4214500e-02 +1.8386944e+00 +6.5950556e-01 +6.1226667e-01 -9.5117500e-03 -3.2642778e-01 -8.8222500e-03 +2.9249138e+03
4.9623300e-01 +3.5000000e-01 +2.0252333e+01 +0.0000000e+00 +3.5008000e-02 +1.8398694e+00 +6.5925833e-01 +6.1195278e-01 -3.1529167e-03 -3.2740833e-01 -2.9445833e-03 +2.9257777e+03
5.0376700e-01 +3.5000000e-01 +2.0252333e+01 +4.1149167e-03 +3.5008000e-02 +1.8398694e+00 +6.5925833e-01 +6.1195278e-01 +3.1529167e-03 -3.2740833e-01 +2.9445833e-03 +2.9257777e+03
5.1129900e-01 +3.5000000e-01 +2.0251167e+01 +8.2619667e-03 +3.4214500e-02 +1.8386944e+00 +6.5950556e-01 +6.1226667e-01 +9.5117500e-03 -3.2642778e-01 +8.8222500e-03 +2.9249138e+03
5.1882600e-01 +3.5000000e-01 +2.0248667e+01 +1.2433683e-02 +3.2695833e-02 +1.8367694e+00 +6.5998611e-01 +6.1273333e-01 +1.6039028e-02 -3.2453889e-01 +1.4581917e-02 +2.9256450e+03
5.2634600e-01 +3.5000000e-01 +2.0244833e+01 +1.6583250e-02 +3.0608500e-02 +1.8342083e+00 +6.6077778e-01 +6.1359167e-01 +2.2795611e-02 -3.2183889e-01 +2.0045500e-02 +2.9276671e+03
5.3385500e-01 +3.5000000e-01 +2.0239833e+01 +2.0654000e-02 +2.8096833e-02 +1.8308806e+00 +6.6201667e-01 +6.1510833e-01 +2.9860000e-02 -3.1846944e-01 +2.5105778e-02 +2.9290527e+03
5.4135000e-01 +3.5000000e-01 +2.0233333e+01 +2.4578500e-02 +2.5131500e-02 +1.8269611e+00 +6.6376389e-01 +6.1704444e-01 +3.7379167e-02 -3.1451389e-01 +2.9751944e-02 +2.9297518e+03
5.4882800e-01 +3.5000000e-01 +2.0226000e+01 +2.8305167e-02 +2.1653000e-02 +1.8228000e+00 +6.6593889e-01 +6.1907500e-01 +4.5453056e-02 -3.0986944e-01 +3.4028611e-02 +2.9304822e+03
5.5628600e-01 +3.5000000e-01 +2.0217500e+01 +3.1826000e-02 +1.7681667e-02 +1.8184833e+00 +6.6837222e-01 +6.2111667e-01 +5.4025833e-02 -3.0440833e-01 +3.8038889e-02 +2.9310359e+03
5.6372100e-01 +3.5000000e-01 +2.0207833e+01 +3.5149333e-02 +1.3196767e-02 +1.8141639e+00 +6.7083056e-01 +6.2290278e-01 +6.2998889e-02 -2.9820833e-01 +4.1854722e-02 +2.9338084e+03
5.7113100e-01 +3.5000000e-01 +2.0196500e+01 +3.8242167e-02 +8.1546500e-03 +1.8102944e+00 +6.7309167e-01 +6.2438056e-01 +7.2359167e-02 -2.9162222e-01 +4.5413611e-02 +2.9406336e+03
5.7851100e-01 +3.5000000e-01 +2.0183667e+01 +4.1032667e-02 +2.6271167e-03 +1.8072278e+00 +6.7503889e-01 +6.2614167e-01 +8.2192778e-02 -2.8491667e-01 +4.8616944e-02 +2.9498704e+03
5.8586100e-01 +3.5000000e-01 +2.0168667e+01 +4.3476000e-02 -3.2146500e-03 +1.8050278e+00 +6.7671111e-01 +6.2877778e-01 +9.2604167e-02 -2.7823611e-01 +5.1478889e-02 +2.9589864e+03
5.9317600e-01 +3.5000000e-01 +2.0151833e+01 +4.5581833e-02 -9.1777000e-03 +1.8035778e+00 +6.7818611e-01 +6.3252778e-01 +1.0361306e-01 -2.7166389e-01 +5.4150556e-02 +2.9685057e+03
6.0045300e-01 +3.5000000e-01 +2.0132833e+01 +4.7379500e-02 -1.5131767e-02 +1.8029194e+00 +6.7949167e-01 +6.3734444e-01 +1.1515472e-01 -2.6513333e-01 +5.6754444e-02 +2.9826464e+03
6.0769100e-01 +3.5000000e-01 +2.0111500e+01 +4.8907833e-02 -2.1029000e-02 +1.8037139e+00 +6.8066667e-01 +6.4314167e-01 +1.2715861e-01 -2.5847361e-01 +5.9197778e-02 +3.0009892e+03
6.1488700e-01 +3.5000000e-01 +2.0087667e+01 +5.0208833e-02 -2.6859667e-02 +1.8067056e+00 +6.8181389e-01 +6.4983333e-01 +1.3962694e-01 -2.5139778e-01 +6.1326389e-02 +3.0199821e+03
6.2203700e-01 +3.5000000e-01 +2.0061167e+01 +5.1314833e-02 -3.2595167e-02 +1.8117167e+00 +6.8308056e-01 +6.5711389e-01 +1.5262889e-01 -2.4355694e-01 +6.3112778e-02 +3.0393006e+03
6.2914000e-01 +3.5000000e-01 +2.0031833e+01 +5.2213500e-02 -3.8133333e-02 +1.8181667e+00 +6.8457500e-01 +6.6483889e-01 +1.6615667e-01 -2.3503111e-01 +6.4652500e-02 +3.0610890e+03
6.3619300e-01 +3.5000000e-01 +1.9999833e+01 +5.2848500e-02 -4.3381833e-02 +1.8254639e+00 +6.8634167e-01 +6.7302778e-01 +1.8015083e-01 -2.2631333e-01 +6.6027500e-02 +3.0887891e+03
6.4319400e-01 +3.5000000e-01 +1.9964667e+01 +5.3172500e-02 -4.8381667e-02 +1.8332972e+00 +6.8841111e-01 +6.8165833e-01 +1.9453639e-01 -2.1760000e-01 +6.7270278e-02 +3.1258340e+03
6.5014100e-01 +3.5000000e-01 +1.9926667e+01 +5.3167000e-02 -5.3268833e-02 +1.8419000e+00 +6.9084167e-01 +6.9098056e-01 +2.0923833e-01 -2.0876139e-01 +6.8435833e-02 +3.1691547e+03
6.5703000e-01 +3.5000000e-01 +1.9885667e+01 +5.2856500e-02 -5.8086667e-02 +1.8518111e+00 +6.9368333e-01 +7.0132222e-01 +2.2424472e-01 -1.9972667e-01 +6.9535000e-02 +3.2161312e+03
6.6386100e-01 +3.5000000e-01 +1.9841667e+01 +5.2271667e-02 -6.2674833e-02 +1.8637528e+00 +6.9695556e-01 +7.1278056e-01 +2.3948333e-01 -1.9051028e-01 +7.0498056e-02 +3.2657411e+03
6.7063100e-01 +3.5000000e-01 +1.9794333e+01 +5.1418167e-02 -6.6827167e-02 +1.8781861e+00 +7.0065278e-01 +7.2523333e-01 +2.5484750e-01 -1.8112361e-01 +7.1266111e-02 +3.3173825e+03
6.7733900e-01 +3.5000000e-01 +1.9744000e+01 +5.0282500e-02 -7.0460667e-02 +1.8951139e+00 +7.0475833e-01 +7.3842500e-01 +2.7039389e-01 -1.7160000e-01 +7.1738333e-02 +3.3717404e+03
6.8398100e-01 +3.5000000e-01 +1.9690667e+01 +4.8849167e-02 -7.3611667e-02 +1.9145194e+00 +7.0927500e-01 +7.5203333e-01 +2.8618056e-01 -1.6201444e-01 +7.1828889e-02 +3.4303546e+03
6.9055800e-01 +3.5000000e-01 +1.9634500e+01 +4.7110500e-02 -7.6409833e-02 +1.9360250e+00 +7.1425556e-01 +7.6594167e-01 +3.0213333e-01 -1.5235278e-01 +7.1652778e-02 +3.4944860e+03
6.9706600e-01 +3.5000000e-01 +1.9576000e+01 +4.5075500e-02 -7.8925667e-02 +1.9590556e+00 +7.1975278e-01 +7.8030556e-01 +3.1812500e-01 -1.4251694e-01 +7.1353611e-02 +3.5630259e+03
7.0350400e-01 +3.5000000e-01 +1.9515167e+01 +4.2789833e-02 -8.1096667e-02 +1.9834972e+00 +7.2574444e-01 +7.9520556e-01 +3.3407778e-01 -1.3265667e-01 +7.0961111e-02 +3.6375846e+03
7.0987200e-01 +3.5000000e-01 +1.9451833e+01 +4.0292000e-02 -8.2804500e-02 +2.0096056e+00 +7.3216667e-01 +8.1069167e-01 +3.5004444e-01 -1.2309333e-01 +7.0472778e-02 +3.7194540e+03
7.1616700e-01 +3.5000000e-01 +1.9386167e+01 +3.7592333e-02 -8.3991500e-02 +2.0373500e+00 +7.3896944e-01 +8.2686944e-01 +3.6610833e-01 -1.1400333e-01 +6.9830556e-02 +3.8085255e+03
7.2238800e-01 +3.5000000e-01 +1.9318333e+01 +3.4691667e-02 -8.4696333e-02 +2.0663389e+00 +7.4612222e-01 +8.4382222e-01 +3.8227778e-01 -1.0542750e-01 +6.8963889e-02 +3.9051009e+03
7.2853400e-01 +3.5000000e-01 +1.9248500e+01 +3.1606000e-02 -8.4983833e-02 +2.0962500e+00 +7.5359722e-01 +8.6152500e-01 +3.9854444e-01 -9.7253333e-02 +6.7903056e-02 +4.0095595e+03
7.3460400e-01 +3.5000000e-01 +1.9176500e+01 +2.8365167e-02 -8.4893667e-02 +2.1270694e+00 +7.6137500e-01 +8.7981389e-01 +4.1492778e-01 -8.9447222e-02 +6.6725556e-02 +4.1202828e+03
7.4059600e-01 +3.5000000e-01 +1.9102833e+01 +2.5005333e-02 -8.4509167e-02 +2.1588556e+00 +7.6946667e-01 +8.9863333e-01 +4.3132778e-01 -8.2156944e-02 +6.5474444e-02 +4.2358228e+03
7.4651100e-01 +3.5000000e-01 +1.9027167e+01 +2.1557167e-02 -8.3944000e-02 +2.1913778e+00 +7.7788333e-01 +9.1806667e-01 +4.4757500e-01 -7.5371667e-02 +6.4175833e-02 +4.3577149e+03
7.5234600e-01 +3.5000000e-01 +1.8949667e+01 +1.8039500e-02 -8.3258833e-02 +2.2244528e+00 +7.8659722e-01 +9.3801389e-01 +4.6360833e-01 -6.8879167e-02 +6.2858333e-02 +4.4870234e+03
7.5810200e-01 +3.5000000e-01 +1.8870333e+01 +1.4481900e-02 -8.2429667e-02 +2.2581778e+00 +7.9553889e-01 +9.5828889e-01 +4.7936944e-01 -6.2579722e-02 +6.1494167e-02 +4.6230943e+03
7.6377700e-01 +3.5000000e-01 +1.8789667e+01 +1.0910900e-02 -8.1385500e-02 +2.2926583e+00 +8.0461944e-01 +9.7890833e-01 +4.9476944e-01 -5.6421944e-02 +5.9988889e-02 +4.7629735e+03
7.6937100e-01 +3.5000000e-01 +1.8708167e+01 +7.3252667e-03 -8.0079833e-02 +2.3280639e+00 +8.1375833e-01 +9.9989722e-01 +5.0978889e-01 -5.0333333e-02 +5.8255833e-02 +4.9058292e+03
7.7488300e-01 +3.5000000e-01 +1.8625833e+01 +3.6929833e-03 -7.8489333e-02 +2.3641944e+00 +8.2289444e-01 +1.0211861e+00 +5.2445000e-01 -4.4417500e-02 +5.6270833e-02 +5.0537508e+03
7.8031300e-01 +3.5000000e-01 +1.8542667e+01 -2.2235333e-05 -7.6615667e-02 +2.4007333e+00 +8.3199167e-01 +1.0425250e+00 +5.3881389e-01 -3.8938056e-02 +5.4075833e-02 +5.2098609e+03
7.8566100e-01 +3.5000000e-01 +1.8458833e+01 -3.8312833e-03 -7.4529333e-02 +2.4378389e+00 +8.4104722e-01 +1.0634944e+00 +5.5299167e-01 -3.3956667e-02 +5.1741389e-02 +5.3758453e+03
7.9092500e-01 +3.5000000e-01 +1.8374333e+01 -7.7074333e-03 -7.2318667e-02 +2.4756694e+00 +8.5007778e-01 +1.0839861e+00 +5.6715278e-01 -2.9203611e-02 +4.9349722e-02 +5.5504579e+03
7.9610700e-01 +3.5000000e-01 +1.8289333e+01 -1.1591167e-02 -7.0018833e-02 +2.5141583e+00 +8.5909167e-01 +1.1042139e+00 +5.8137778e-01 -2.4286500e-02 +4.6991944e-02 +5.7321903e+03
8.0120600e-01 +3.5000000e-01 +1.8203833e+01 -1.5413967e-02 -6.7582333e-02 +2.5533444e+00 +8.6803333e-01 +1.1243389e+00 +5.9555833e-01 -1.9007806e-02 +4.4705000e-02 +5.9213982e+03
8.0622200e-01 +3.5000000e-01 +1.8118000e+01 -1.9110500e-02 -6.4897333e-02 +2.5932417e+00 +8.7682500e-01 +1.1443472e+00 +6.0953056e-01 -1.3580722e-02 +4.2490000e-02 +6.1193285e+03
8.1115500e-01 +3.5000000e-01 +1.8031833e+01 -2.2627000e-02 -6.1879667e-02 +2.6336028e+00 +8.8542500e-01 +1.1643250e+00 +6.2320556e-01 -8.3939722e-03 +4.0361389e-02 +6.3261609e+03
8.1600400e-01 +3.5000000e-01 +1.7945500e+01 -2.5921833e-02 -5.8517167e-02 +2.6740556e+00 +8.9381944e-01 +1.1844194e+00 +6.3653056e-01 -3.6743333e-03 +3.8310556e-02 +6.5431733e+03
8.2077100e-01 +3.5000000e-01 +1.7858833e+01 -2.8962167e-02 -5.4833000e-02 +2.7141028e+00 +9.0200556e-01 +1.2044972e+00 +6.4948333e-01 +6.2657778e-04 +3.6310833e-02 +6.7733569e+03
8.2545400e-01 +3.5000000e-01 +1.7772000e+01 -3.1746000e-02 -5.0825167e-02 +2.7532278e+00 +9.1000278e-01 +1.2244083e+00 +6.6207222e-01 +4.7867222e-03 +3.4398611e-02 +7.0217306e+03
8.3005600e-01 +3.5000000e-01 +1.7685000e+01 -3.4304500e-02 -4.6450167e-02 +2.7911944e+00 +9.1786111e-01 +1.2443583e+00 +6.7430833e-01 +9.0092778e-03 +3.2614444e-02 +7.2869931e+03
8.3457500e-01 +3.5000000e-01 +1.7597833e+01 -3.6673833e-02 -4.1692500e-02 +2.8283056e+00 +9.2563056e-01 +1.2646861e+00 +6.8617222e-01 +1.3193667e-02 +3.0923056e-02 +7.5602934e+03
8.3901200e-01 +3.5000000e-01 +1.7510667e+01 -3.8883833e-02 -3.6601667e-02 +2.8652222e+00 +9.3328889e-01 +1.2853611e+00 +6.9764444e-01 +1.7168778e-02 +2.9273056e-02 +7.8412150e+03
8.4336800e-01 +3.5000000e-01 +1.7423167e+01 -4.0963000e-02 -3.1224000e-02 +2.9025278e+00 +9.4074444e-01 +1.3061111e+00 +7.0875556e-01 +2.0755222e-02 +2.7634667e-02 +8.1359800e+03
8.4764300e-01 +3.5000000e-01 +1.7335333e+01 -4.2926333e-02 -2.5576833e-02 +2.9406944e+00 +9.4790278e-01 +1.3267694e+00 +7.1959167e-01 +2.3846167e-02 +2.5981472e-02 +8.4459698e+03
8.5183800e-01 +3.5000000e-01 +1.7247333e+01 -4.4761333e-02 -1.9687000e-02 +2.9799722e+00 +9.5473611e-01 +1.3473917e+00 +7.3022222e-01 +2.6523694e-02 +2.4285361e-02 +8.7687385e+03
8.5595300e-01 +3.5000000e-01 +1.7158833e+01 -4.6443667e-02 -1.3600417e-02 +3.0204444e+00 +9.6124167e-01 +1.3680389e+00 +7.4062778e-01 +2.8962500e-02 +2.2547389e-02 +9.1048061e+03
8.5998900e-01 +3.5000000e-01 +1.7070167e+01 -4.7954333e-02 -7.3509667e-03 +3.0622778e+00 +9.6742222e-01 +1.3886000e+00 +7.5076667e-01 +3.1295833e-02 +2.0790194e-02 +9.4574604e+03
8.6394600e-01 +3.5000000e-01 +1.6981167e+01 -4.9282333e-02 -9.6696500e-04 +3.1057222e+00 +9.7326389e-01 +1.4088861e+00 +7.6062222e-01 +3.3514167e-02 +1.9034694e-02 +9.8262836e+03
8.6782500e-01 +3.5000000e-01 +1.6892167e+01 -5.0423333e-02 +5.5060500e-03 +3.1510556e+00 +9.7872778e-01 +1.4286639e+00 +7.7017500e-01 +3.5532778e-02 +1.7311194e-02 +1.0207986e+04
8.7162800e-01 +3.5000000e-01 +1.6803167e+01 -5.1385167e-02 +1.2039133e-02 +3.1980833e+00 +9.8374722e-01 +1.4477389e+00 +7.7936667e-01 +3.7300556e-02 +1.5659528e-02 +1.0603508e+04
8.7535300e-01 +3.5000000e-01 +1.6714167e+01 -5.2181667e-02 +1.8645833e-02 +3.2463056e+00 +9.8825556e-01 +1.4660167e+00 +7.8809444e-01 +3.8750556e-02 +1.4092139e-02 +1.1019795e+04
8.7900400e-01 +3.5000000e-01 +1.6625300e+01 -5.2824167e-02 +2.5348833e-02 +3.2955000e+00 +9.9218889e-01 +1.4834611e+00 +7.9633056e-01 +3.9720278e-02 +1.2597139e-02 +1.1460093e+04
8.8257900e-01 +3.5000000e-01 +1.6536417e+01 -5.3321333e-02 +3.2144167e-02 +3.3459722e+00 +9.9549722e-01 +1.5001306e+00 +8.0413611e-01 +4.0040278e-02 +1.1184528e-02 +1.1921311e+04
8.8608100e-01 +3.5000000e-01 +1.6447517e+01 -5.3681000e-02 +3.8995667e-02 +3.3982222e+00 +9.9813056e-01 +1.5161472e+00 +8.1162500e-01 +3.9712222e-02 +9.8921389e-03 +1.2402173e+04
8.8951000e-01 +3.5000000e-01 +1.6358533e+01 -5.3913167e-02 +4.5846500e-02 +3.4525000e+00 +1.0000444e+00 +1.5316472e+00 +8.1888056e-01 +3.8986944e-02 +8.7645833e-03 +1.2903765e+04
8.9286600e-01 +3.5000000e-01 +1.6269417e+01 -5.4026667e-02 +5.2641333e-02 +3.5089722e+00 +1.0012139e+00 +1.5467389e+00 +8.2596944e-01 +3.8157222e-02 +7.8217222e-03 +1.3426293e+04
8.9615100e-01 +3.5000000e-01 +1.6180083e+01 -5.4024333e-02 +5.9351000e-02 +3.5677222e+00 +1.0016306e+00 +1.5614639e+00 +8.3294167e-01 +3.7343611e-02 +7.0403333e-03 +1.3968262e+04
8.9936600e-01 +3.5000000e-01 +1.6090450e+01 -5.3906833e-02 +6.5978667e-02 +3.6286667e+00 +1.0013000e+00 +1.5757778e+00 +8.3980278e-01 +3.6575278e-02 +6.3801389e-03 +1.4528124e+04
9.0251200e-01 +3.5000000e-01 +1.6000450e+01 -5.3681000e-02 +7.2552333e-02 +3.6918333e+00 +1.0002028e+00 +1.5895083e+00 +8.4650000e-01 +3.5880278e-02 +5.8069167e-03 +1.5108162e+04
9.0558900e-01 +3.5000000e-01 +1.5909900e+01 -5.3361667e-02 +7.9097833e-02 +3.7575278e+00 +9.9829167e-01 +1.6023444e+00 +8.5293333e-01 +3.5298611e-02 +5.2743333e-03 +1.5714712e+04
9.0859900e-01 +3.5000000e-01 +1.5818700e+01 -5.2968333e-02 +8.5613000e-02 +3.8263889e+00 +9.9548889e-01 +1.6139667e+00 +8.5904167e-01 +3.4868056e-02 +4.7143056e-03 +1.6350566e+04
9.1154300e-01 +3.5000000e-01 +1.5726700e+01 -5.2519833e-02 +9.2062833e-02 +3.8988333e+00 +9.9170833e-01 +1.6242278e+00 +8.6479444e-01 +3.4583056e-02 +4.0663611e-03 +1.7015567e+04
9.1442100e-01 +3.5000000e-01 +1.5633817e+01 -5.2029000e-02 +9.8400500e-02 +3.9748889e+00 +9.8686944e-01 +1.6331917e+00 +8.7015278e-01 +3.4378889e-02 +3.3074722e-03 +1.7713280e+04
9.1723400e-01 +3.5000000e-01 +1.5539900e+01 -5.1499500e-02 +1.0458783e-01 +4.0544722e+00 +9.8090000e-01 +1.6410139e+00 +8.7504722e-01 +3.4140833e-02 +2.4562722e-03 +1.8448255e+04
9.1998500e-01 +3.5000000e-01 +1.5444800e+01 -5.0927833e-02 +1.1059600e-01 +4.1377222e+00 +9.7373611e-01 +1.6478250e+00 +8.7940833e-01 +3.3769444e-02 +1.5582639e-03 +1.9219407e+04
9.2267300e-01 +3.5000000e-01 +1.5348317e+01 -5.0310333e-02 +1.1639867e-01 +4.2250278e+00 +9.6530278e-01 +1.6536917e+00 +8.8321111e-01 +3.3265278e-02 +6.6651667e-04 +2.0021508e+04
9.2529900e-01 +3.5000000e-01 +1.5250350e+01 -4.9645000e-02 +1.2197367e-01 +4.3166389e+00 +9.5552222e-01 +1.6586056e+00 +8.8646389e-01 +3.2719722e-02 -1.6798083e-04 +2.0853178e+04
9.2786600e-01 +3.5000000e-01 +1.5150750e+01 -4.8930500e-02 +1.2730717e-01 +4.4126111e+00 +9.4434722e-01 +1.6625389e+00 +8.8916111e-01 +3.2223889e-02 -9.0425278e-04 +2.1718061e+04
9.3037300e-01 +3.5000000e-01 +1.5049417e+01 -4.8164667e-02 +1.3239633e-01 +4.5128333e+00 +9.3174722e-01 +1.6655111e+00 +8.9128889e-01 +3.1783333e-02 -1.5209139e-03 +2.2619057e+04
9.3282200e-01 +3.5000000e-01 +1.4946217e+01 -4.7343000e-02 +1.3724133e-01 +4.6172778e+00 +9.1773056e-01 +1.6675778e+00 +8.9283333e-01 +3.1338056e-02 -2.0145278e-03 +2.3555926e+04
9.3521400e-01 +3.5000000e-01 +1.4840917e+01 -4.6460833e-02 +1.4183633e-01 +4.7260556e+00 +9.0230833e-01 +1.6687806e+00 +8.9380278e-01 +3.0849722e-02 -2.3875028e-03 +2.4527747e+04
9.3754900e-01 +3.5000000e-01 +1.4733267e+01 -4.5513833e-02 +1.4616983e-01 +4.8392778e+00 +8.8550000e-01 +1.6691361e+00 +8.9421111e-01 +3.0340833e-02 -2.6412056e-03 +2.5535976e+04
9.3983000e-01 +3.5000000e-01 +1.4622967e+01 -4.4500500e-02 +1.5022717e-01 +4.9570556e+00 +8.6731389e-01 +1.6686167e+00 +8.9406111e-01 +2.9894167e-02 -2.7772194e-03 +2.6585806e+04
9.4205600e-01 +3.5000000e-01 +1.4509650e+01 -4.3422833e-02 +1.5399267e-01 +5.0795000e+00 +8.4775278e-01 +1.6671583e+00 +8.9333056e-01 +2.9645000e-02 -2.7955000e-03 +2.7683703e+04
9.4422900e-01 +3.5000000e-01 +1.4392900e+01 -4.2286000e-02 +1.5744867e-01 +5.2068889e+00 +8.2682500e-01 +1.6646889e+00 +8.9198889e-01 +2.9744167e-02 -2.6908806e-03 +2.8830578e+04
9.4635000e-01 +3.5000000e-01 +1.4272250e+01 -4.1098333e-02 +1.6057783e-01 +5.3394167e+00 +8.0453611e-01 +1.6611417e+00 +8.9000278e-01 +3.0291111e-02 -2.4597417e-03 +3.0021344e+04
9.4842100e-01 +3.5000000e-01 +1.4147250e+01 -3.9870333e-02 +1.6336667e-01 +5.4773333e+00 +7.8091111e-01 +1.6564500e+00 +8.8734167e-01 +3.1292778e-02 -2.1072778e-03 +3.1251356e+04
9.5044100e-01 +3.5000000e-01 +1.4017417e+01 -3.8612667e-02 +1.6580950e-01 +5.6205833e+00 +7.5598333e-01 +1.6505167e+00 +8.8396944e-01 +3.2681944e-02 -1.6437694e-03 +3.2516159e+04
9.5241200e-01 +3.5000000e-01 +1.3882267e+01 -3.7334833e-02 +1.6791000e-01 +5.7690278e+00 +7.2981111e-01 +1.6431917e+00 +8.7985278e-01 +3.4344167e-02 -1.0803667e-03 +3.3810427e+04
9.5433500e-01 +3.5000000e-01 +1.3741317e+01 -3.6043000e-02 +1.6967500e-01 +5.9223056e+00 +7.0246944e-01 +1.6342417e+00 +8.7493333e-01 +3.6143611e-02 -4.2969444e-04 +3.5127185e+04
9.5621000e-01 +3.5000000e-01 +1.3594067e+01 -3.4740333e-02 +1.7111833e-01 +6.0796389e+00 +6.7405278e-01 +1.6233889e+00 +8.6913056e-01 +3.7969444e-02 +2.9408889e-04 +3.6463969e+04
9.5804000e-01 +3.5000000e-01 +1.3440000e+01 -3.3427500e-02 +1.7224333e-01 +6.2399444e+00 +6.4468056e-01 +1.6103694e+00 +8.6234167e-01 +3.9776111e-02 +1.0761944e-03 +3.7822210e+04
9.5982400e-01 +3.5000000e-01 +1.3278533e+01 -3.2104167e-02 +1.7306000e-01 +6.4019722e+00 +6.1447500e-01 +1.5950028e+00 +8.5443611e-01 +4.1588889e-02 +1.8991250e-03 +3.9202032e+04
9.6156500e-01 +3.5000000e-01 +1.3109083e+01 -3.0769167e-02 +1.7357667e-01 +6.5641667e+00 +5.8358056e-01 +1.5771861e+00 +8.4528056e-01 +4.3483333e-02 +2.7392639e-03 +4.0603217e+04
9.6326200e-01 +3.5000000e-01 +1.2930933e+01 -2.9420167e-02 +1.7380167e-01 +6.7248056e+00 +5.5214722e-01 +1.5568694e+00 +8.3473056e-01 +4.5558889e-02 +3.5672778e-03 +4.2020617e+04
9.6491600e-01 +3.5000000e-01 +1.2743400e+01 -2.8054000e-02 +1.7375000e-01 +6.8820000e+00 +5.2034167e-01 +1.5340583e+00 +8.2264167e-01 +4.7900000e-02 +4.3514722e-03 +4.3443463e+04
9.6652900e-01 +3.5000000e-01 +1.2545667e+01 -2.6667333e-02 +1.7342833e-01 +7.0335833e+00 +4.8832778e-01 +1.5087667e+00 +8.0886389e-01 +5.0537222e-02 +5.0611667e-03 +4.4858678e+04
9.6810200e-01 +3.5000000e-01 +1.2336933e+01 -2.5257667e-02 +1.7284333e-01 +7.1771389e+00 +4.5627778e-01 +1.4810000e+00 +7.9325556e-01 +5.3435556e-02 +5.6694722e-03 +4.6253189e+04
9.6963500e-01 +3.5000000e-01 +1.2116317e+01 -2.3825167e-02 +1.7199333e-01 +7.3098889e+00 +4.2435556e-01 +1.4507528e+00 +7.7566944e-01 +5.6513333e-02 +6.1550556e-03 +4.7616656e+04
9.7112900e-01 +3.5000000e-01 +1.1882950e+01 -2.2372667e-02 +1.7087000e-01 +7.4286667e+00 +3.9273056e-01 +1.4180139e+00 +7.5597222e-01 +5.9674444e-02 +6.5030833e-03 +4.8936419e+04
9.7258500e-01 +3.5000000e-01 +1.1635900e+01 -2.0906167e-02 +1.6945500e-01 +7.5300556e+00 +3.6156111e-01 +1.3827833e+00 +7.3403889e-01 +6.2835278e-02 +6.7064167e-03 +5.0197798e+04
9.7400400e-01 +3.5000000e-01 +1.1374233e+01 -1.9434500e-02 +1.6772333e-01 +7.6101944e+00 +3.3100556e-01 +1.3450750e+00 +7.0975556e-01 +6.5927222e-02 +6.7667500e-03 +5.1384315e+04
9.7538700e-01 +3.5000000e-01 +1.1097033e+01 -1.7968167e-02 +1.6564717e-01 +7.6649722e+00 +3.0121944e-01 +1.3049306e+00 +6.8303056e-01 +6.8887222e-02 +6.6942500e-03 +5.2477722e+04
9.7673400e-01 +3.5000000e-01 +1.0803383e+01 -1.6519167e-02 +1.6319867e-01 +7.6898889e+00 +2.7234861e-01 +1.2624000e+00 +6.5380278e-01 +7.1640833e-02 +6.5055278e-03 +5.3458537e+04
9.7804700e-01 +3.5000000e-01 +1.0492417e+01 -1.5099117e-02 +1.6034950e-01 +7.6802222e+00 +2.4453667e-01 +1.2175500e+00 +6.2204167e-01 +7.4093056e-02 +6.2206389e-03 +5.4306464e+04
9.7932500e-01 +3.5000000e-01 +1.0163367e+01 -1.3718967e-02 +1.5707617e-01 +7.6310278e+00 +2.1791583e-01 +1.1704611e+00 +5.8776944e-01 +7.6126111e-02 +5.8605556e-03 +5.5002029e+04
9.8057100e-01 +3.5000000e-01 +9.8155500e+00 -1.2388400e-02 +1.5336000e-01 +7.5373333e+00 +1.9260917e-01 +1.1212389e+00 +5.5107222e-01 +7.7605278e-02 +5.4447222e-03 +5.5531473e+04
9.8178500e-01 +3.5000000e-01 +9.4484667e+00 -1.1115450e-02 +1.4918833e-01 +7.3943056e+00 +1.6872583e-01 +1.0699972e+00 +5.1209722e-01 +7.8390000e-02 +4.9890278e-03 +5.5889123e+04
9.8296700e-01 +3.5000000e-01 +9.0618000e+00 -9.9065000e-03 +1.4455483e-01 +7.1975278e+00 +1.4636083e-01 +1.0168750e+00 +4.7109167e-01 +7.8345000e-02 +4.5054722e-03 +5.6082834e+04
9.8411800e-01 +3.5000000e-01 +8.6554833e+00 -8.7661500e-03 +1.3945883e-01 +6.9434444e+00 +1.2559139e-01 +9.6202222e-01 +4.2839722e-01 +7.7354444e-02 +4.0034444e-03 +5.6139808e+04
9.8524000e-01 +3.5000000e-01 +8.2297333e+00 -7.6974333e-03 +1.3390583e-01 +6.6298056e+00 +1.0647694e-01 +9.0559167e-01 +3.8446944e-01 +7.5331944e-02 +3.4916944e-03 +5.6107795e+04
9.8633200e-01 +3.5000000e-01 +7.7851500e+00 -6.7019667e-03 +1.2790733e-01 +6.2561389e+00 +8.9056667e-02 +8.4773333e-01 +3.3988611e-01 +7.2228333e-02 +2.9800000e-03 +5.6060275e+04
9.8739500e-01 +3.5000000e-01 +7.3227000e+00 -5.7803333e-03 +1.2148050e-01 +5.8245000e+00 +7.3349444e-02 +7.8856944e-01 +2.9532500e-01 +6.8044167e-02 +2.4796667e-03 +5.6089821e+04
9.8843100e-01 +3.5000000e-01 +6.8437833e+00 -4.9323500e-03 +1.1464850e-01 +5.3396944e+00 +5.9355833e-02 +7.2820000e-01 +2.5156722e-01 +6.2839167e-02 +2.0031389e-03 +5.6303015e+04
9.8943900e-01 +3.5000000e-01 +6.3502000e+00 -4.1573333e-03 +1.0743850e-01 +4.8098889e+00 +4.7057778e-02 +6.6669444e-01 +2.0945194e-01 +5.6740000e-02 +1.5628500e-03 +5.6804599e+04
9.9042000e-01 +3.5000000e-01 +5.8442000e+00 -3.4542500e-03 +9.9882833e-02 +4.2464167e+00 +3.6419722e-02 +6.0410278e-01 +1.6983500e-01 +4.9943333e-02 +1.1698556e-03 +5.7679007e+04
9.9137600e-01 +3.5000000e-01 +5.3283500e+00 -2.8218000e-03 +9.2016667e-02 +3.6636389e+00 +2.7389722e-02 +5.4050000e-01 +1.3353111e-01 +4.2706944e-02 +8.3257222e-04 +5.8968758e+04
9.9230600e-01 +3.5000000e-01 +4.8055167e+00 -2.2585167e-03 +8.3878167e-02 +3.0781667e+00 +1.9897361e-02 +4.7601667e-01 +1.0125139e-01 +3.5333056e-02 +5.5592778e-04 +6.0657559e+04
9.9321200e-01 +3.5000000e-01 +4.2787167e+00 -1.7627500e-03 +7.5507500e-02 +2.5078556e+00 +1.3852750e-02 +4.1091389e-01 +7.3535000e-02 +2.8141944e-02 +3.4101944e-04 +6.2663641e+04
9.9409400e-01 +3.5000000e-01 +3.7510167e+00 -1.3327150e-03 +6.6944667e-02 +1.9703278e+00 +9.1445000e-03 +3.4565278e-01 +5.0691667e-02 +2.1441639e-02 +1.8513861e-04 +6.4849739e+04
9.9495200e-01 +3.5000000e-01 +3.2253333e+00 -9.6662000e-04 +5.8229167e-02 +1.4814917e+00 +5.6382778e-03 +2.8098056e-01 +3.2761111e-02 +1.5495083e-02 +8.2055000e-05 +6.7056452e+04
9.9578700e-01 +3.5000000e-01 +2.7043500e+00 -6.6259333e-04 +4.9398167e-02 +1.0541639e+00 +3.1765833e-03 +2.1801667e-01 +1.9497222e-02 +1.0491222e-02 +2.2585417e-05 +6.9152194e+04
9.9660000e-01 +3.5000000e-01 +2.1903667e+00 -4.1870667e-04 +4.0485000e-02 +6.9711389e-01 +1.5809333e-03 +1.5833333e-01 +1.0391444e-02 +6.5274722e-03 -4.4572778e-06 +7.1089795e+04
9.9739200e-01 +3.5000000e-01 +1.6852167e+00 -2.3294000e-04 +3.1519167e-02 +4.1477222e-01 +6.5738611e-04 +1.0401528e-01 +4.7289167e-03 +3.6072778e-03 -1.0899222e-05 +7.2956993e+04
9.9816200e-01 +3.5000000e-01 +1.1902267e+00 -1.0313233e-04 +2.2525167e-02 +2.0764750e-01 +2.0669778e-04 +5.7707222e-02 +1.6745806e-03 +1.6521917e-03 -7.5676944e-06 +7.4998216e+04
9.9891100e-01 +3.5000000e-01 +7.0623000e-01 -2.6900000e-05 +1.3523250e-02 +7.3375556e-02 +4.0266111e-05 +2.2660583e-02 +3.7047500e-04 +5.2404722e-04 -2.6406278e-06 +7.7600623e+04
9.9964000e-01 +3.5000000e-01 +2.3363500e-01 +0.0000000e+00 +4.5312500e-03 +8.0790833e-03 +2.9004444e-06 +2.8066389e-03 +2.4088167e-05 +4.9799167e-05 -2.4853222e-07 +8.0945798e+04
1.0000000e+00 +3.5000000e-01 +0.0000000e+00 +0.0000000e+00 +0.0000000e+00 +0.0000000e+00 +0.0000000e+00 +0.0000000e+00 +0.0000000e+00 +0.0000000e+00 +0.0000000e+00 +8.0944722e+04
