#    y              z              <u>            <v>            <w>            <u'u'>         <v'v'>         <w'w'>         <u'v'>         <u'w'>         <v'w'>         <eps>         
#----------------------------------------------------------------------------------------------------------------------------------------------------------------------------------
0.0000000e+00 +1.0000000e-01 +0.0000000e+00 +0.0000000e+00 +0.0000000e+00 +0.0000000e+00 +0.0000000e+00 +0.0000000e+00 +0.0000000e+00 +0.0000000e+00 +0.0000000e+00 +4.8188056e+04
3.6000000e-04 +1.0000000e-01 +2.1591667e-01 +4.5028667e-05 +1.6314717e-02 +4.7795278e-03 +1.2277333e-06 +1.6120167e-03 -1.0993333e-05 +3.1316667e-04 -1.1508056e-06 +4.8188979e+04
1.0890000e-03 +1.0000000e-01 +6.5261000e-01 +1.6484483e-04 +4.7674667e-02 +4.3435556e-02 +1.7241639e-05 +1.3214139e-02 -1.7063278e-04 +2.8221667e-03 -1.4924861e-05 +4.6282839e+04
1.8380000e-03 +1.0000000e-01 +1.0998850e+00 +3.5604833e-04 +7.7824167e-02 +1.2303028e-01 +8.9412222e-05 +3.4098611e-02 -7.7899444e-04 +7.8985833e-03 -5.7996944e-05 +4.4809834e+04
2.6080000e-03 +1.0000000e-01 +1.5576250e+00 +6.1084833e-04 +1.0662567e-01 +2.4621833e-01 +2.8733056e-04 +6.2241944e-02 -2.2256500e-03 +1.5561250e-02 -1.4174417e-04 +4.3724514e+04
3.4000000e-03 +1.0000000e-01 +2.0254833e+00 +9.1979333e-04 +1.3395733e-01 +4.1528056e-01 +6.9838333e-04 +9.5883889e-02 -4.9590833e-03 +2.5751194e-02 -2.7201250e-04 +4.2848242e+04
4.2130000e-03 +1.0000000e-01 +2.5028500e+00 +1.2717283e-03 +1.5970167e-01 +6.3150833e-01 +1.4185639e-03 +1.3349417e-01 -9.4577222e-03 +3.8311111e-02 -4.5112222e-04 +4.2044257e+04
5.0480000e-03 +1.0000000e-01 +2.9887667e+00 +1.6536350e-03 +1.8374667e-01 +8.9460000e-01 +2.5456528e-03 +1.7376028e-01 -1.6191278e-02 +5.2972778e-02 -6.8005278e-04 +4.1224403e+04
5.9060000e-03 +1.0000000e-01 +3.4819667e+00 +2.0504667e-03 +2.0598333e-01 +1.2021722e+00 +4.1744444e-03 +2.1557917e-01 -2.5578556e-02 +6.9355000e-02 -9.6046111e-04 +4.0352055e+04
6.7880000e-03 +1.0000000e-01 +3.9808667e+00 +2.4450000e-03 +2.2631000e-01 +1.5494972e+00 +6.3937500e-03 +2.5805222e-01 -3.7947500e-02 +8.6973889e-02 -1.2962417e-03 +3.9436509e+04
7.6940000e-03 +1.0000000e-01 +4.4835667e+00 +2.8176833e-03 +2.4463000e-01 +1.9295417e+00 +9.2846389e-03 +3.0046944e-01 -5.3503889e-02 +1.0526333e-01 -1.6944806e-03 +3.8523177e+04
8.6240000e-03 +1.0000000e-01 +4.9879000e+00 +3.1465333e-03 +2.6085500e-01 +2.3332806e+00 +1.2919917e-02 +3.4229167e-01 -7.2311111e-02 +1.2360611e-01 -2.1656861e-03 +3.7675106e+04
9.5800000e-03 +1.0000000e-01 +5.4915833e+00 +3.4071667e-03 +2.7490000e-01 +2.7502722e+00 +1.7364083e-02 +3.8311667e-01 -9.4285556e-02 +1.4137222e-01 -2.7233389e-03 +3.6956386e+04
1.0561000e-02 +1.0000000e-01 +5.9921500e+00 +3.5727500e-03 +2.8669000e-01 +3.1693611e+00 +2.2673806e-02 +4.2265833e-01 -1.1920250e-01 +1.5795833e-01 -3.3828056e-03 +3.6415711e+04
1.1569000e-02 +1.0000000e-01 +6.4871833e+00 +3.6144000e-03 +2.9616500e-01 +3.5794722e+00 +2.8898889e-02 +4.6070556e-01 -1.4671472e-01 +1.7282750e-01 -4.1597778e-03 +3.6077463e+04
1.2605000e-02 +1.0000000e-01 +6.9742833e+00 +3.5014167e-03 +3.0327333e-01 +3.9703056e+00 +3.6082222e-02 +4.9710278e-01 -1.7637806e-01 +1.8553889e-01 -5.0686944e-03 +3.5938697e+04
1.3668000e-02 +1.0000000e-01 +7.4511833e+00 +3.2020333e-03 +3.0798333e-01 +4.3328056e+00 +4.4261667e-02 +5.3173056e-01 -2.0767889e-01 +1.9577250e-01 -6.1212500e-03 +3.5972524e+04
1.4760000e-02 +1.0000000e-01 +7.9158000e+00 +2.6840500e-03 +3.1028333e-01 +4.6598056e+00 +5.3469167e-02 +5.6448889e-01 -2.4006528e-01 +2.0333528e-01 -7.3253611e-03 +3.6134293e+04
1.5882000e-02 +1.0000000e-01 +8.3663333e+00 +1.9157333e-03 +3.1018333e-01 +4.9459722e+00 +6.3731667e-02 +5.9529167e-01 -2.7297389e-01 +2.0816167e-01 -8.6849444e-03 +3.6369266e+04
1.7033000e-02 +1.0000000e-01 +8.8011833e+00 +8.6676000e-04 +3.0772000e-01 +5.1880556e+00 +7.5070833e-02 +6.2408056e-01 -3.0585278e-01 +2.1029917e-01 -1.0200444e-02 +3.6618931e+04
1.8215000e-02 +1.0000000e-01 +9.2191000e+00 -4.9090833e-04 +3.0295167e-01 +5.3846667e+00 +8.7502222e-02 +6.5081389e-01 -3.3818611e-01 +2.0989000e-01 -1.1869694e-02 +3.6829184e+04
1.9429000e-02 +1.0000000e-01 +9.6191167e+00 -2.1822667e-03 +2.9596333e-01 +5.5360556e+00 +1.0103472e-01 +6.7547778e-01 -3.6949722e-01 +2.0714889e-01 -1.3688917e-02 +3.6953470e+04
2.0675000e-02 +1.0000000e-01 +1.0000567e+01 -4.2285167e-03 +2.8686000e-01 +5.6438889e+00 +1.1566917e-01 +6.9809167e-01 -3.9936944e-01 +2.0234139e-01 -1.5653139e-02 +3.6957414e+04
2.1953000e-02 +1.0000000e-01 +1.0363033e+01 -6.6466167e-03 +2.7577167e-01 +5.7109444e+00 +1.3139750e-01 +7.1870833e-01 -4.2745556e-01 +1.9576278e-01 -1.7755639e-02 +3.6817694e+04
2.3266000e-02 +1.0000000e-01 +1.0706400e+01 -9.4488000e-03 +2.6284000e-01 +5.7406389e+00 +1.4820056e-01 +7.3740556e-01 -4.5346389e-01 +1.8771833e-01 -1.9986667e-02 +3.6524864e+04
2.4613000e-02 +1.0000000e-01 +1.1030767e+01 -1.2642417e-02 +2.4822167e-01 +5.7369444e+00 +1.6604750e-01 +7.5428889e-01 -4.7717500e-01 +1.7850472e-01 -2.2332083e-02 +3.6078102e+04
2.5996000e-02 +1.0000000e-01 +1.1336433e+01 -1.6229733e-02 +2.3209000e-01 +5.7039722e+00 +1.8489444e-01 +7.6946667e-01 -4.9843333e-01 +1.6839194e-01 -2.4772194e-02 +3.5486113e+04
2.7415000e-02 +1.0000000e-01 +1.1623917e+01 -2.0208000e-02 +2.1462000e-01 +5.6459167e+00 +2.0468472e-01 +7.8305556e-01 -5.1714722e-01 +1.5761333e-01 -2.7282444e-02 +3.4763461e+04
2.8871000e-02 +1.0000000e-01 +1.1893800e+01 -2.4569167e-02 +1.9600000e-01 +5.5668056e+00 +2.2534944e-01 +7.9518056e-01 -5.3327778e-01 +1.4636361e-01 -2.9835556e-02 +3.3929026e+04
3.0365000e-02 +1.0000000e-01 +1.2146833e+01 -2.9300500e-02 +1.7641500e-01 +5.4704444e+00 +2.4680889e-01 +8.0596944e-01 -5.4683056e-01 +1.3480306e-01 -3.2405000e-02 +3.3003712e+04
3.1898000e-02 +1.0000000e-01 +1.2383833e+01 -3.4384833e-02 +1.5605200e-01 +5.3603056e+00 +2.6897389e-01 +8.1557500e-01 -5.5784167e-01 +1.2306167e-01 -3.4969722e-02 +3.2007414e+04
3.3471000e-02 +1.0000000e-01 +1.2605683e+01 -3.9800167e-02 +1.3509700e-01 +5.2394722e+00 +2.9175000e-01 +8.2416944e-01 -5.6637778e-01 +1.1123750e-01 -3.7516389e-02 +3.0960642e+04
3.5084000e-02 +1.0000000e-01 +1.2813300e+01 -4.5522000e-02 +1.1373000e-01 +5.1106389e+00 +3.1503056e-01 +8.3194167e-01 -5.7251111e-01 +9.9391667e-02 -4.0038889e-02 +2.9881530e+04
3.6738000e-02 +1.0000000e-01 +1.3007617e+01 -5.1522333e-02 +9.2126000e-02 +4.9761667e+00 +3.3871389e-01 +8.3905556e-01 -5.7633056e-01 +8.7551667e-02 -4.2536667e-02 +2.8787245e+04
3.8435000e-02 +1.0000000e-01 +1.3189550e+01 -5.7771667e-02 +7.0454333e-02 +4.8380556e+00 +3.6268611e-01 +8.4565000e-01 -5.7793333e-01 +7.5728056e-02 -4.5009444e-02 +2.7693146e+04
4.0176000e-02 +1.0000000e-01 +1.3360017e+01 -6.4239167e-02 +4.8878000e-02 +4.6981389e+00 +3.8683333e-01 +8.5181944e-01 -5.7743056e-01 +6.3936111e-02 -4.7451111e-02 +2.6610882e+04
4.1960000e-02 +1.0000000e-01 +1.3519883e+01 -7.0892500e-02 +2.7552000e-02 +4.5579167e+00 +4.1104167e-01 +8.5761111e-01 -5.7495278e-01 +5.2211389e-02 -4.9848056e-02 +2.5547878e+04
4.3790000e-02 +1.0000000e-01 +1.3670000e+01 -7.7698333e-02 +6.6233167e-03 +4.4188333e+00 +4.3519444e-01 +8.6304444e-01 -5.7065278e-01 +4.0596667e-02 -5.2182500e-02 +2.4507722e+04
4.5665000e-02 +1.0000000e-01 +1.3811083e+01 -8.4621000e-02 -1.3769100e-02 +4.2820000e+00 +4.5919167e-01 +8.6811667e-01 -5.6470833e-01 +2.9111944e-02 -5.4440000e-02 +2.3493155e+04
4.7588000e-02 +1.0000000e-01 +1.3943867e+01 -9.1622667e-02 -3.3494667e-02 +4.1484167e+00 +4.8293056e-01 +8.7281389e-01 -5.5731111e-01 +1.7722694e-02 -5.6613889e-02 +2.2508854e+04
4.9559000e-02 +1.0000000e-01 +1.4068950e+01 -9.8663000e-02 -5.2432333e-02 +4.0188611e+00 +5.0633333e-01 +8.7710833e-01 -5.4865556e-01 +6.3370000e-03 -5.8705833e-02 +2.1560372e+04
5.1579000e-02 +1.0000000e-01 +1.4186917e+01 -1.0570017e-01 -7.0470500e-02 +3.8940000e+00 +5.2932222e-01 +8.8095833e-01 -5.3891667e-01 -5.1661944e-03 -6.0722222e-02 +2.0653035e+04
5.3650000e-02 +1.0000000e-01 +1.4298300e+01 -1.1269233e-01 -8.7508667e-02 +3.7742778e+00 +5.5183611e-01 +8.8429444e-01 -5.2824722e-01 -1.6898917e-02 -6.2668889e-02 +1.9792138e+04
5.5771000e-02 +1.0000000e-01 +1.4403533e+01 -1.1959783e-01 -1.0345633e-01 +3.6599722e+00 +5.7382500e-01 +8.8702500e-01 -5.1677778e-01 -2.8938611e-02 -6.4549444e-02 +1.8981729e+04
5.7944000e-02 +1.0000000e-01 +1.4503083e+01 -1.2637600e-01 -1.1823433e-01 +3.5513056e+00 +5.9525000e-01 +8.8906944e-01 -5.0463889e-01 -4.1321944e-02 -6.6365278e-02 +1.8222001e+04
6.0170000e-02 +1.0000000e-01 +1.4597317e+01 -1.3298667e-01 -1.3177750e-01 +3.4484722e+00 +6.1608611e-01 +8.9036944e-01 -4.9195278e-01 -5.4054167e-02 -6.8115278e-02 +1.7509209e+04
6.2451000e-02 +1.0000000e-01 +1.4686583e+01 -1.3939017e-01 -1.4403683e-01 +3.3515278e+00 +6.3631667e-01 +8.9090833e-01 -4.7882500e-01 -6.7130556e-02 -6.9793056e-02 +1.6840075e+04
6.4786000e-02 +1.0000000e-01 +1.4771150e+01 -1.4554817e-01 -1.5497800e-01 +3.2604722e+00 +6.5593611e-01 +8.9072222e-01 -4.6533889e-01 -8.0565556e-02 -7.1374444e-02 +1.6214319e+04
6.7178000e-02 +1.0000000e-01 +1.4851300e+01 -1.5142433e-01 -1.6457500e-01 +3.1752778e+00 +6.7493611e-01 +8.8989722e-01 -4.5153889e-01 -9.4395556e-02 -7.2814444e-02 +1.5633099e+04
6.9627000e-02 +1.0000000e-01 +1.4927250e+01 -1.5698267e-01 -1.7280667e-01 +3.0959167e+00 +6.9331667e-01 +8.8853889e-01 -4.3747778e-01 -1.0867833e-01 -7.4056667e-02 +1.5096908e+04
7.2134000e-02 +1.0000000e-01 +1.4999217e+01 -1.6218667e-01 -1.7966500e-01 +3.0223056e+00 +7.1109722e-01 +8.8678333e-01 -4.2320278e-01 -1.2348056e-01 -7.5052500e-02 +1.4604748e+04
7.4701000e-02 +1.0000000e-01 +1.5067383e+01 -1.6700167e-01 -1.8516500e-01 +2.9544722e+00 +7.2831389e-01 +8.8477778e-01 -4.0877222e-01 -1.3883472e-01 -7.5775556e-02 +1.4153885e+04
7.7327000e-02 +1.0000000e-01 +1.5131917e+01 -1.7139167e-01 -1.8936167e-01 +2.8924444e+00 +7.4500833e-01 +8.8261944e-01 -3.9426944e-01 -1.5469917e-01 -7.6215000e-02 +1.3740316e+04
8.0015000e-02 +1.0000000e-01 +1.5192967e+01 -1.7532500e-01 -1.9234333e-01 +2.8363611e+00 +7.6123611e-01 +8.8034444e-01 -3.7978333e-01 -1.7098194e-01 -7.6356389e-02 +1.3360542e+04
8.2766000e-02 +1.0000000e-01 +1.5250700e+01 -1.7877000e-01 -1.9421167e-01 +2.7862778e+00 +7.7706111e-01 +8.7792778e-01 -3.6542500e-01 -1.8760139e-01 -7.6185000e-02 +1.3012886e+04
8.5579000e-02 +1.0000000e-01 +1.5305267e+01 -1.8169333e-01 -1.9506000e-01 +2.7421306e+00 +7.9255000e-01 +8.7539444e-01 -3.5129167e-01 -2.0450083e-01 -7.5714167e-02 +1.2698978e+04
8.8457000e-02 +1.0000000e-01 +1.5356817e+01 -1.8405833e-01 -1.9497000e-01 +2.7036639e+00 +8.0777222e-01 +8.7283889e-01 -3.3745833e-01 -2.2162417e-01 -7.4994167e-02 +1.2424686e+04
9.1401000e-02 +1.0000000e-01 +1.5405550e+01 -1.8583333e-01 -1.9401833e-01 +2.6704667e+00 +8.2279722e-01 +8.7036389e-01 -3.2397222e-01 -2.3892250e-01 -7.4085833e-02 +1.2194620e+04
9.4411000e-02 +1.0000000e-01 +1.5451700e+01 -1.8699000e-01 -1.9228833e-01 +2.6422889e+00 +8.3769167e-01 +8.6804722e-01 -3.1085000e-01 -2.5637972e-01 -7.3034444e-02 +1.2006158e+04
9.7488000e-02 +1.0000000e-01 +1.5495433e+01 -1.8750667e-01 -1.8986833e-01 +2.6191889e+00 +8.5252778e-01 +8.6591944e-01 -2.9808889e-01 -2.7399639e-01 -7.1866944e-02 +1.1850358e+04
1.0063400e-01 +1.0000000e-01 +1.5536917e+01 -1.8737333e-01 -1.8686000e-01 +2.6014278e+00 +8.6737222e-01 +8.6399444e-01 -2.8569167e-01 -2.9176944e-01 -7.0606389e-02 +1.1717157e+04
1.0384900e-01 +1.0000000e-01 +1.5576283e+01 -1.8658833e-01 -1.8335667e-01 +2.5892167e+00 +8.8228611e-01 +8.6225556e-01 -2.7370139e-01 -3.0969444e-01 -6.9280000e-02 +1.1599842e+04
1.0713400e-01 +1.0000000e-01 +1.5613583e+01 -1.8515833e-01 -1.7944333e-01 +2.5825611e+00 +8.9731111e-01 +8.6063056e-01 -2.6217639e-01 -3.2774722e-01 -6.7919722e-02 +1.1498450e+04
1.1049000e-01 +1.0000000e-01 +1.5648800e+01 -1.8309167e-01 -1.7519500e-01 +2.5811167e+00 +9.1248056e-01 +8.5903056e-01 -2.5114444e-01 -3.4585833e-01 -6.6560833e-02 +1.1419674e+04
1.1391900e-01 +1.0000000e-01 +1.5682033e+01 -1.8040333e-01 -1.7067500e-01 +2.5843167e+00 +9.2783333e-01 +8.5748611e-01 -2.4058528e-01 -3.6391944e-01 -6.5229722e-02 +1.1367121e+04
1.1742100e-01 +1.0000000e-01 +1.5713383e+01 -1.7711167e-01 -1.6591817e-01 +2.5916389e+00 +9.4339722e-01 +8.5614444e-01 -2.3045778e-01 -3.8183056e-01 -6.3918333e-02 +1.1336615e+04
1.2099600e-01 +1.0000000e-01 +1.5743033e+01 -1.7324167e-01 -1.6093317e-01 +2.6026389e+00 +9.5916944e-01 +8.5518611e-01 -2.2071611e-01 -3.9956111e-01 -6.2590278e-02 +1.1325166e+04
1.2464700e-01 +1.0000000e-01 +1.5771100e+01 -1.6882833e-01 -1.5572550e-01 +2.6169056e+00 +9.7510556e-01 +8.5479444e-01 -2.1131833e-01 -4.1720000e-01 -6.1207778e-02 +1.1334136e+04
1.2837200e-01 +1.0000000e-01 +1.5797650e+01 -1.6390467e-01 -1.5032700e-01 +2.6342306e+00 +9.9113611e-01 +8.5509167e-01 -2.0225000e-01 -4.3489444e-01 -5.9738611e-02 +1.1363376e+04
1.3217500e-01 +1.0000000e-01 +1.5822767e+01 -1.5849750e-01 -1.4479983e-01 +2.6544583e+00 +1.0072139e+00 +8.5608333e-01 -1.9352667e-01 -4.5280000e-01 -5.8166944e-02 +1.1410070e+04
1.3605400e-01 +1.0000000e-01 +1.5846500e+01 -1.5262033e-01 -1.3919400e-01 +2.6771861e+00 +1.0233028e+00 +8.5762778e-01 -1.8517944e-01 -4.7104444e-01 -5.6498333e-02 +1.1473762e+04
1.4001100e-01 +1.0000000e-01 +1.5868850e+01 -1.4628533e-01 -1.3351517e-01 +2.7018139e+00 +1.0394139e+00 +8.5949167e-01 -1.7724139e-01 -4.8959722e-01 -5.4750833e-02 +1.1556987e+04
1.4404700e-01 +1.0000000e-01 +1.5889850e+01 -1.3951383e-01 -1.2776883e-01 +2.7278583e+00 +1.0555833e+00 +8.6146389e-01 -1.6970528e-01 -5.0817222e-01 -5.2957222e-02 +1.1656952e+04
1.4816200e-01 +1.0000000e-01 +1.5909500e+01 -1.3234050e-01 -1.2199967e-01 +2.7550667e+00 +1.0718472e+00 +8.6342222e-01 -1.6251583e-01 -5.2641389e-01 -5.1142222e-02 +1.1763859e+04
1.5235700e-01 +1.0000000e-01 +1.5927883e+01 -1.2480517e-01 -1.1627583e-01 +2.7832778e+00 +1.0882278e+00 +8.6530000e-01 -1.5562028e-01 -5.4400278e-01 -4.9315278e-02 +1.1869875e+04
1.5663200e-01 +1.0000000e-01 +1.5945050e+01 -1.1695183e-01 -1.1067600e-01 +2.8121667e+00 +1.1047139e+00 +8.6716389e-01 -1.4894000e-01 -5.6072500e-01 -4.7543333e-02 +1.1974503e+04
1.6098800e-01 +1.0000000e-01 +1.5961133e+01 -1.0884333e-01 -1.0528583e-01 +2.8411944e+00 +1.1212611e+00 +8.6931111e-01 -1.4235361e-01 -5.7667222e-01 -4.5935556e-02 +1.2082435e+04
1.6542500e-01 +1.0000000e-01 +1.5976233e+01 -1.0056483e-01 -1.0016700e-01 +2.8700000e+00 +1.1377944e+00 +8.7215278e-01 -1.3578694e-01 -5.9210833e-01 -4.4538611e-02 +1.2199840e+04
1.6994400e-01 +1.0000000e-01 +1.5990517e+01 -9.2209167e-02 -9.5339500e-02 +2.8983333e+00 +1.1542556e+00 +8.7597222e-01 -1.2924333e-01 -6.0716389e-01 -4.3283333e-02 +1.2330068e+04
1.7454600e-01 +1.0000000e-01 +1.6004083e+01 -8.3859333e-02 -9.0768833e-02 +2.9260278e+00 +1.1706444e+00 +8.8078056e-01 -1.2269333e-01 -6.2181667e-01 -4.2075278e-02 +1.2472801e+04
1.7922900e-01 +1.0000000e-01 +1.6016933e+01 -7.5578500e-02 -8.6354833e-02 +2.9529722e+00 +1.1870139e+00 +8.8628611e-01 -1.1599806e-01 -6.3599167e-01 -4.0938889e-02 +1.2626953e+04
1.8399600e-01 +1.0000000e-01 +1.6029117e+01 -6.7418667e-02 -8.1964000e-02 +2.9795556e+00 +1.2033972e+00 +8.9218056e-01 -1.0902500e-01 -6.4968056e-01 -3.9955556e-02 +1.2788926e+04
1.8884500e-01 +1.0000000e-01 +1.6040517e+01 -5.9414833e-02 -7.7479333e-02 +3.0066389e+00 +1.2197889e+00 +8.9820278e-01 -1.0173861e-01 -6.6297500e-01 -3.9086944e-02 +1.2951512e+04
1.9377800e-01 +1.0000000e-01 +1.6051050e+01 -5.1573833e-02 -7.2870333e-02 +3.0346944e+00 +1.2361667e+00 +9.0412778e-01 -9.4193056e-02 -6.7579167e-01 -3.8244444e-02 +1.3107431e+04
1.9879400e-01 +1.0000000e-01 +1.6060783e+01 -4.3905333e-02 -6.8173833e-02 +3.0633611e+00 +1.2524611e+00 +9.0986389e-01 -8.6490556e-02 -6.8785833e-01 -3.7366389e-02 +1.3256008e+04
2.0389300e-01 +1.0000000e-01 +1.6069767e+01 -3.6427500e-02 -6.3406667e-02 +3.0922222e+00 +1.2685611e+00 +9.1541667e-01 -7.8749167e-02 -6.9900833e-01 -3.6435000e-02 +1.3403086e+04
2.0907500e-01 +1.0000000e-01 +1.6078183e+01 -2.9136333e-02 -5.8544833e-02 +3.1206389e+00 +1.2843611e+00 +9.2098889e-01 -7.1088889e-02 -7.0950833e-01 -3.5474444e-02 +1.3554298e+04
2.1433900e-01 +1.0000000e-01 +1.6086100e+01 -2.1999167e-02 -5.3668833e-02 +3.1479167e+00 +1.2998361e+00 +9.2632500e-01 -6.3608889e-02 -7.1942500e-01 -3.4500278e-02 +1.3710043e+04
2.1968700e-01 +1.0000000e-01 +1.6093233e+01 -1.4972400e-02 -4.8952333e-02 +3.1739444e+00 +1.3150250e+00 +9.3090556e-01 -5.6282500e-02 -7.2832778e-01 -3.3537500e-02 +1.3867995e+04
2.2511700e-01 +1.0000000e-01 +1.6099417e+01 -8.0046000e-03 -4.4423667e-02 +3.1988056e+00 +1.3300028e+00 +9.3477778e-01 -4.8938056e-02 -7.3617500e-01 -3.2518056e-02 +1.4026387e+04
2.3062900e-01 +1.0000000e-01 +1.6104817e+01 -1.0498383e-03 -3.9977000e-02 +3.2231667e+00 +1.3448639e+00 +9.3834722e-01 -4.1786389e-02 -7.4328611e-01 -3.1374444e-02 +1.4179738e+04
2.3622300e-01 +1.0000000e-01 +1.6109533e+01 +5.8530833e-03 -3.5599667e-02 +3.2478056e+00 +1.3596472e+00 +9.4193889e-01 -3.5183056e-02 -7.4985833e-01 -3.0240833e-02 +1.4312846e+04
2.4189800e-01 +1.0000000e-01 +1.6113617e+01 +1.2577817e-02 -3.1270333e-02 +3.2727222e+00 +1.3742750e+00 +9.4539167e-01 -2.9025833e-02 -7.5594167e-01 -2.9063056e-02 +1.4428436e+04
2.4765400e-01 +1.0000000e-01 +1.6117050e+01 +1.8981333e-02 -2.6867000e-02 +3.2975278e+00 +1.3886694e+00 +9.4846111e-01 -2.3149333e-02 -7.6151389e-01 -2.7753083e-02 +1.4539847e+04
2.5348900e-01 +1.0000000e-01 +1.6119850e+01 +2.5007333e-02 -2.2257167e-02 +3.3219167e+00 +1.4028167e+00 +9.5111944e-01 -1.7500528e-02 -7.6697778e-01 -2.6312444e-02 +1.4654177e+04
2.5940400e-01 +1.0000000e-01 +1.6122017e+01 +3.0659333e-02 -1.7411667e-02 +3.3450000e+00 +1.4167361e+00 +9.5366667e-01 -1.2104667e-02 -7.7250278e-01 -2.4693333e-02 +1.4771071e+04
2.6539600e-01 +1.0000000e-01 +1.6123650e+01 +3.5975500e-02 -1.2336617e-02 +3.3660556e+00 +1.4304444e+00 +9.5633056e-01 -6.9589444e-03 -7.7714167e-01 -2.2868028e-02 +1.4886659e+04
2.7146600e-01 +1.0000000e-01 +1.6124717e+01 +4.1010833e-02 -7.1051167e-03 +3.3848333e+00 +1.4438806e+00 +9.5918889e-01 -2.0944889e-03 -7.8046111e-01 -2.0837278e-02 +1.5005164e+04
2.7761200e-01 +1.0000000e-01 +1.6125117e+01 +4.5743833e-02 -1.8502833e-03 +3.4020556e+00 +1.4570417e+00 +9.6230556e-01 +2.3324583e-03 -7.8348611e-01 -1.8844333e-02 +1.5130924e+04
2.8383300e-01 +1.0000000e-01 +1.6124600e+01 +5.0105667e-02 +3.4006833e-03 +3.4190556e+00 +1.4700694e+00 +9.6563056e-01 +6.2367778e-03 -7.8698889e-01 -1.7123667e-02 +1.5248262e+04
2.9012800e-01 +1.0000000e-01 +1.6122850e+01 +5.4083000e-02 +8.6895667e-03 +3.4370278e+00 +1.4830500e+00 +9.6873889e-01 +9.9545000e-03 -7.9074444e-01 -1.5617250e-02 +1.5352467e+04
2.9649600e-01 +1.0000000e-01 +1.6119850e+01 +5.7635000e-02 +1.4026933e-02 +3.4560000e+00 +1.4957250e+00 +9.7164722e-01 +1.3900917e-02 -7.9459444e-01 -1.4548278e-02 +1.5450665e+04
3.0293400e-01 +1.0000000e-01 +1.6115783e+01 +6.0662000e-02 +1.9246667e-02 +3.4764167e+00 +1.5076278e+00 +9.7451667e-01 +1.8002500e-02 -7.9878611e-01 -1.3889056e-02 +1.5545832e+04
3.0944200e-01 +1.0000000e-01 +1.6111050e+01 +6.3092167e-02 +2.4338833e-02 +3.4986667e+00 +1.5185278e+00 +9.7754722e-01 +2.1847972e-02 -8.0361389e-01 -1.3333778e-02 +1.5638414e+04
3.1601900e-01 +1.0000000e-01 +1.6105950e+01 +6.4904667e-02 +2.9511500e-02 +3.5216944e+00 +1.5287417e+00 +9.8144722e-01 +2.5435611e-02 -8.0928611e-01 -1.2777556e-02 +1.5731360e+04
3.2266100e-01 +1.0000000e-01 +1.6100400e+01 +6.6189000e-02 +3.4711833e-02 +3.5452778e+00 +1.5387222e+00 +9.8583611e-01 +2.8813056e-02 -8.1590000e-01 -1.2059750e-02 +1.5820435e+04
3.2936900e-01 +1.0000000e-01 +1.6094133e+01 +6.7032667e-02 +3.9662667e-02 +3.5695556e+00 +1.5485500e+00 +9.9005278e-01 +3.1798333e-02 -8.2310000e-01 -1.1009667e-02 +1.5899795e+04
3.3613900e-01 +1.0000000e-01 +1.6087183e+01 +6.7441333e-02 +4.4342500e-02 +3.5940833e+00 +1.5582194e+00 +9.9397500e-01 +3.4227500e-02 -8.2972500e-01 -9.5057778e-03 +1.5975235e+04
3.4297000e-01 +1.0000000e-01 +1.6079850e+01 +6.7458500e-02 +4.9036833e-02 +3.6188611e+00 +1.5680444e+00 +9.9736944e-01 +3.5801667e-02 -8.3560000e-01 -7.7996389e-03 +1.6041846e+04
3.4985900e-01 +1.0000000e-01 +1.6072467e+01 +6.7159667e-02 +5.3844833e-02 +3.6410278e+00 +1.5783278e+00 +1.0009833e+00 +3.6424722e-02 -8.4104722e-01 -6.2925556e-03 +1.6100688e+04
3.5680600e-01 +1.0000000e-01 +1.6065250e+01 +6.6595833e-02 +5.8655833e-02 +3.6593611e+00 +1.5889917e+00 +1.0056722e+00 +3.6943056e-02 -8.4618889e-01 -4.9157778e-03 +1.6152068e+04
3.6380700e-01 +1.0000000e-01 +1.6058250e+01 +6.5696167e-02 +6.3425667e-02 +3.6718889e+00 +1.5994833e+00 +1.0111139e+00 +3.7684167e-02 -8.5159167e-01 -3.8234722e-03 +1.6205532e+04
3.7086000e-01 +1.0000000e-01 +1.6051183e+01 +6.4312500e-02 +6.7941167e-02 +3.6795556e+00 +1.6091194e+00 +1.0155250e+00 +3.8125000e-02 -8.5651667e-01 -3.3336944e-03 +1.6275233e+04
3.7796300e-01 +1.0000000e-01 +1.6043983e+01 +6.2558667e-02 +7.1851500e-02 +3.6829722e+00 +1.6176583e+00 +1.0179000e+00 +3.7944722e-02 -8.5874167e-01 -3.1685556e-03 +1.6360667e+04
3.8511300e-01 +1.0000000e-01 +1.6036933e+01 +6.0727833e-02 +7.5191333e-02 +3.6820000e+00 +1.6252278e+00 +1.0193667e+00 +3.7300556e-02 -8.5842500e-01 -2.6083861e-03 +1.6454413e+04
3.9230900e-01 +1.0000000e-01 +1.6030567e+01 +5.8776167e-02 +7.8100833e-02 +3.6771667e+00 +1.6319861e+00 +1.0211333e+00 +3.6312778e-02 -8.5740000e-01 -1.3924944e-03 +1.6550513e+04
3.9954700e-01 +1.0000000e-01 +1.6024583e+01 +5.6451667e-02 +8.0866667e-02 +3.6713611e+00 +1.6382750e+00 +1.0234000e+00 +3.5170278e-02 -8.5670000e-01 +4.6905556e-05 +1.6637492e+04
4.0682400e-01 +1.0000000e-01 +1.6018267e+01 +5.3631333e-02 +8.3689667e-02 +3.6670556e+00 +1.6445250e+00 +1.0262250e+00 +3.4222222e-02 -8.5633889e-01 +1.6823972e-03 +1.6712948e+04
4.1413900e-01 +1.0000000e-01 +1.6011867e+01 +5.0271500e-02 +8.6349500e-02 +3.6623611e+00 +1.6506806e+00 +1.0298000e+00 +3.3363611e-02 -8.5611667e-01 +3.2763889e-03 +1.6787015e+04
4.2148900e-01 +1.0000000e-01 +1.6005717e+01 +4.6412000e-02 +8.8655000e-02 +3.6554444e+00 +1.6563278e+00 +1.0329944e+00 +3.2750278e-02 -8.5548333e-01 +4.0617778e-03 +1.6865114e+04
4.2886900e-01 +1.0000000e-01 +1.5999217e+01 +4.2194333e-02 +9.0715167e-02 +3.6480278e+00 +1.6612861e+00 +1.0348472e+00 +3.2380278e-02 -8.5425278e-01 +4.0638611e-03 +1.6943588e+04
4.3627900e-01 +1.0000000e-01 +1.5992100e+01 +3.7710833e-02 +9.2548667e-02 +3.6429722e+00 +1.6657556e+00 +1.0361889e+00 +3.1934722e-02 -8.5308056e-01 +3.5967778e-03 +1.7017731e+04
4.4371400e-01 +1.0000000e-01 +1.5984717e+01 +3.3010833e-02 +9.3966167e-02 +3.6421389e+00 +1.6699583e+00 +1.0380917e+00 +3.1586389e-02 -8.5254722e-01 +2.4853750e-03 +1.7085973e+04
4.5117200e-01 +1.0000000e-01 +1.5977217e+01 +2.8109167e-02 +9.5237000e-02 +3.6445556e+00 +1.6740528e+00 +1.0405806e+00 +3.1534444e-02 -8.5264722e-01 +1.3257861e-03 +1.7150880e+04
4.5865000e-01 +1.0000000e-01 +1.5969583e+01 +2.3074167e-02 +9.6843833e-02 +3.6502500e+00 +1.6782333e+00 +1.0437278e+00 +3.1245833e-02 -8.5376111e-01 +5.9286111e-04 +1.7206035e+04
4.6614500e-01 +1.0000000e-01 +1.5962200e+01 +1.8017500e-02 +9.8832167e-02 +3.6593611e+00 +1.6825639e+00 +1.0473583e+00 +2.9830278e-02 -8.5622222e-01 +1.3583778e-04 +1.7231432e+04
4.7365400e-01 +1.0000000e-01 +1.5955883e+01 +1.3160467e-02 +1.0074717e-01 +3.6671111e+00 +1.6866583e+00 +1.0501139e+00 +2.6274111e-02 -8.5891944e-01 -2.6098250e-04 +1.7260830e+04
4.8117400e-01 +1.0000000e-01 +1.5950817e+01 +8.5430667e-03 +1.0252117e-01 +3.6722778e+00 +1.6900083e+00 +1.0527500e+00 +2.0287306e-02 -8.6186667e-01 -8.1494444e-04 +1.7296783e+04
4.8870100e-01 +1.0000000e-01 +1.5947150e+01 +4.1933167e-03 +1.0432717e-01 +3.6753889e+00 +1.6923056e+00 +1.0557111e+00 +1.2568500e-02 -8.6564444e-01 -9.8065278e-04 +1.7318275e+04
4.9623300e-01 +1.0000000e-01 +1.5945183e+01 +0.0000000e+00 +1.0548250e-01 +3.6780278e+00 +1.6934222e+00 +1.0573222e+00 +4.2011111e-03 -8.6806389e-01 -4.4549722e-04 +1.7313083e+04
5.0376700e-01 +1.0000000e-01 +1.5945183e+01 -4.1933167e-03 +1.0548250e-01 +3.6780278e+00 +1.6934222e+00 +1.0573222e+00 -4.2011111e-03 -8.6806389e-01 +4.4549722e-04 +1.7313083e+04
5.1129900e-01 +1.0000000e-01 +1.5947150e+01 -8.5430667e-03 +1.0432717e-01 +3.6753889e+00 +1.6923056e+00 +1.0557111e+00 -1.2568500e-02 -8.6564444e-01 +9.8065278e-04 +1.7318275e+04
5.1882600e-01 +1.0000000e-01 +1.5950817e+01 -1.3160467e-02 +1.0252117e-01 +3.6722778e+00 +1.6900083e+00 +1.0527500e+00 -2.0287306e-02 -8.6186667e-01 +8.1494444e-04 +1.7296783e+04
5.2634600e-01 +1.0000000e-01 +1.5955883e+01 -1.8017500e-02 +1.0074717e-01 +3.6671111e+00 +1.6866583e+00 +1.0501139e+00 -2.6274111e-02 -8.5891944e-01 +2.6098250e-04 +1.7260830e+04
5.3385500e-01 +1.0000000e-01 +1.5962200e+01 -2.3074167e-02 +9.8832167e-02 +3.6593611e+00 +1.6825639e+00 +1.0473583e+00 -2.9830278e-02 -8.5622222e-01 -1.3583778e-04 +1.7231432e+04
5.4135000e-01 +1.0000000e-01 +1.5969583e+01 -2.8109167e-02 +9.6843833e-02 +3.6502500e+00 +1.6782333e+00 +1.0437278e+00 -3.1245833e-02 -8.5376111e-01 -5.9286111e-04 +1.7206035e+04
5.4882800e-01 +1.0000000e-01 +1.5977217e+01 -3.3010833e-02 +9.5237000e-02 +3.6445556e+00 +1.6740528e+00 +1.0405806e+00 -3.1534444e-02 -8.5264722e-01 -1.3257861e-03 +1.7150880e+04
5.5628600e-01 +1.0000000e-01 +1.5984717e+01 -3.7710833e-02 +9.3966167e-02 +3.6421389e+00 +1.6699583e+00 +1.0380917e+00 -3.1586389e-02 -8.5254722e-01 -2.4853750e-03 +1.7085973e+04
5.6372100e-01 +1.0000000e-01 +1.5992100e+01 -4.2194333e-02 +9.2548667e-02 +3.6429722e+00 +1.6657556e+00 +1.0361889e+00 -3.1934722e-02 -8.5308056e-01 -3.5967778e-03 +1.7017731e+04
5.7113100e-01 +1.0000000e-01 +1.5999217e+01 -4.6412000e-02 +9.0715167e-02 +3.6480278e+00 +1.6612861e+00 +1.0348472e+00 -3.2380278e-02 -8.5425278e-01 -4.0638611e-03 +1.6943588e+04
5.7851100e-01 +1.0000000e-01 +1.6005717e+01 -5.0271500e-02 +8.8655000e-02 +3.6554444e+00 +1.6563278e+00 +1.0329944e+00 -3.2750278e-02 -8.5548333e-01 -4.0617778e-03 +1.6865114e+04
5.8586100e-01 +1.0000000e-01 +1.6011867e+01 -5.3631333e-02 +8.6349500e-02 +3.6623611e+00 +1.6506806e+00 +1.0298000e+00 -3.3363611e-02 -8.5611667e-01 -3.2763889e-03 +1.6787015e+04
5.9317600e-01 +1.0000000e-01 +1.6018267e+01 -5.6451667e-02 +8.3689667e-02 +3.6670556e+00 +1.6445250e+00 +1.0262250e+00 -3.4222222e-02 -8.5633889e-01 -1.6823972e-03 +1.6712948e+04
6.0045300e-01 +1.0000000e-01 +1.6024583e+01 -5.8776167e-02 +8.0866667e-02 +3.6713611e+00 +1.6382750e+00 +1.0234000e+00 -3.5170278e-02 -8.5670000e-01 -4.6905556e-05 +1.6637492e+04
6.0769100e-01 +1.0000000e-01 +1.6030567e+01 -6.0727833e-02 +7.8100833e-02 +3.6771667e+00 +1.6319861e+00 +1.0211333e+00 -3.6312778e-02 -8.5740000e-01 +1.3924944e-03 +1.6550513e+04
6.1488700e-01 +1.0000000e-01 +1.6036933e+01 -6.2558667e-02 +7.5191333e-02 +3.6820000e+00 +1.6252278e+00 +1.0193667e+00 -3.7300556e-02 -8.5842500e-01 +2.6083861e-03 +1.6454413e+04
6.2203700e-01 +1.0000000e-01 +1.6043983e+01 -6.4312500e-02 +7.1851500e-02 +3.6829722e+00 +1.6176583e+00 +1.0179000e+00 -3.7944722e-02 -8.5874167e-01 +3.1685556e-03 +1.6360667e+04
6.2914000e-01 +1.0000000e-01 +1.6051183e+01 -6.5696167e-02 +6.7941167e-02 +3.6795556e+00 +1.6091194e+00 +1.0155250e+00 -3.8125000e-02 -8.5651667e-01 +3.3336944e-03 +1.6275233e+04
6.3619300e-01 +1.0000000e-01 +1.6058250e+01 -6.6595833e-02 +6.3425667e-02 +3.6718889e+00 +1.5994833e+00 +1.0111139e+00 -3.7684167e-02 -8.5159167e-01 +3.8234722e-03 +1.6205532e+04
6.4319400e-01 +1.0000000e-01 +1.6065250e+01 -6.7159667e-02 +5.8655833e-02 +3.6593611e+00 +1.5889917e+00 +1.0056722e+00 -3.6943056e-02 -8.4618889e-01 +4.9157778e-03 +1.6152068e+04
6.5014100e-01 +1.0000000e-01 +1.6072467e+01 -6.7458500e-02 +5.3844833e-02 +3.6410278e+00 +1.5783278e+00 +1.0009833e+00 -3.6424722e-02 -8.4104722e-01 +6.2925556e-03 +1.6100688e+04
6.5703000e-01 +1.0000000e-01 +1.6079850e+01 -6.7441333e-02 +4.9036833e-02 +3.6188611e+00 +1.5680444e+00 +9.9736944e-01 -3.5801667e-02 -8.3560000e-01 +7.7996389e-03 +1.6041846e+04
6.6386100e-01 +1.0000000e-01 +1.6087183e+01 -6.7032667e-02 +4.4342500e-02 +3.5940833e+00 +1.5582194e+00 +9.9397500e-01 -3.4227500e-02 -8.2972500e-01 +9.5057778e-03 +1.5975235e+04
6.7063100e-01 +1.0000000e-01 +1.6094133e+01 -6.6189000e-02 +3.9662667e-02 +3.5695556e+00 +1.5485500e+00 +9.9005278e-01 -3.1798333e-02 -8.2310000e-01 +1.1009667e-02 +1.5899795e+04
6.7733900e-01 +1.0000000e-01 +1.6100400e+01 -6.4904667e-02 +3.4711833e-02 +3.5452778e+00 +1.5387222e+00 +9.8583611e-01 -2.8813056e-02 -8.1590000e-01 +1.2059750e-02 +1.5820435e+04
6.8398100e-01 +1.0000000e-01 +1.6105950e+01 -6.3092167e-02 +2.9511500e-02 +3.5216944e+00 +1.5287417e+00 +9.8144722e-01 -2.5435611e-02 -8.0928611e-01 +1.2777556e-02 +1.5731360e+04
6.9055800e-01 +1.0000000e-01 +1.6111050e+01 -6.0662000e-02 +2.4338833e-02 +3.4986667e+00 +1.5185278e+00 +9.7754722e-01 -2.1847972e-02 -8.0361389e-01 +1.3333778e-02 +1.5638414e+04
6.9706600e-01 +1.0000000e-01 +1.6115783e+01 -5.7635000e-02 +1.9246667e-02 +3.4764167e+00 +1.5076278e+00 +9.7451667e-01 -1.8002500e-02 -7.9878611e-01 +1.3889056e-02 +1.5545832e+04
7.0350400e-01 +1.0000000e-01 +1.6119850e+01 -5.4083000e-02 +1.4026933e-02 +3.4560000e+00 +1.4957250e+00 +9.7164722e-01 -1.3900917e-02 -7.9459444e-01 +1.4548278e-02 +1.5450665e+04
7.0987200e-01 +1.0000000e-01 +1.6122850e+01 -5.0105667e-02 +8.6895667e-03 +3.4370278e+00 +1.4830500e+00 +9.6873889e-01 -9.9545000e-03 -7.9074444e-01 +1.5617250e-02 +1.5352467e+04
7.1616700e-01 +1.0000000e-01 +1.6124600e+01 -4.5743833e-02 +3.4006833e-03 +3.4190556e+00 +1.4700694e+00 +9.6563056e-01 -6.2367778e-03 -7.8698889e-01 +1.7123667e-02 +1.5248262e+04
7.2238800e-01 +1.0000000e-01 +1.6125117e+01 -4.1010833e-02 -1.8502833e-03 +3.4020556e+00 +1.4570417e+00 +9.6230556e-01 -2.3324583e-03 -7.8348611e-01 +1.8844333e-02 +1.5130924e+04
7.2853400e-01 +1.0000000e-01 +1.6124717e+01 -3.5975500e-02 -7.1051167e-03 +3.3848333e+00 +1.4438806e+00 +9.5918889e-01 +2.0944889e-03 -7.8046111e-01 +2.0837278e-02 +1.5005164e+04
7.3460400e-01 +1.0000000e-01 +1.6123650e+01 -3.0659333e-02 -1.2336617e-02 +3.3660556e+00 +1.4304444e+00 +9.5633056e-01 +6.9589444e-03 -7.7714167e-01 +2.2868028e-02 +1.4886659e+04
7.4059600e-01 +1.0000000e-01 +1.6122017e+01 -2.5007333e-02 -1.7411667e-02 +3.3450000e+00 +1.4167361e+00 +9.5366667e-01 +1.2104667e-02 -7.7250278e-01 +2.4693333e-02 +1.4771071e+04
7.4651100e-01 +1.0000000e-01 +1.6119850e+01 -1.8981333e-02 -2.2257167e-02 +3.3219167e+00 +1.4028167e+00 +9.5111944e-01 +1.7500528e-02 -7.6697778e-01 +2.6312444e-02 +1.4654177e+04
7.5234600e-01 +1.0000000e-01 +1.6117050e+01 -1.2577817e-02 -2.6867000e-02 +3.2975278e+00 +1.3886694e+00 +9.4846111e-01 +2.3149333e-02 -7.6151389e-01 +2.7753083e-02 +1.4539847e+04
7.5810200e-01 +1.0000000e-01 +1.6113617e+01 -5.8530833e-03 -3.1270333e-02 +3.2727222e+00 +1.3742750e+00 +9.4539167e-01 +2.9025833e-02 -7.5594167e-01 +2.9063056e-02 +1.4428436e+04
7.6377700e-01 +1.0000000e-01 +1.6109533e+01 +1.0498383e-03 -3.5599667e-02 +3.2478056e+00 +1.3596472e+00 +9.4193889e-01 +3.5183056e-02 -7.4985833e-01 +3.0240833e-02 +1.4312846e+04
7.6937100e-01 +1.0000000e-01 +1.6104817e+01 +8.0046000e-03 -3.9977000e-02 +3.2231667e+00 +1.3448639e+00 +9.3834722e-01 +4.1786389e-02 -7.4328611e-01 +3.1374444e-02 +1.4179738e+04
7.7488300e-01 +1.0000000e-01 +1.6099417e+01 +1.4972400e-02 -4.4423667e-02 +3.1988056e+00 +1.3300028e+00 +9.3477778e-01 +4.8938056e-02 -7.3617500e-01 +3.2518056e-02 +1.4026387e+04
7.8031300e-01 +1.0000000e-01 +1.6093233e+01 +2.1999167e-02 -4.8952333e-02 +3.1739444e+00 +1.3150250e+00 +9.3090556e-01 +5.6282500e-02 -7.2832778e-01 +3.3537500e-02 +1.3867995e+04
7.8566100e-01 +1.0000000e-01 +1.6086100e+01 +2.9136333e-02 -5.3668833e-02 +3.1479167e+00 +1.2998361e+00 +9.2632500e-01 +6.3608889e-02 -7.1942500e-01 +3.4500278e-02 +1.3710043e+04
7.9092500e-01 +1.0000000e-01 +1.6078183e+01 +3.6427500e-02 -5.8544833e-02 +3.1206389e+00 +1.2843611e+00 +9.2098889e-01 +7.1088889e-02 -7.0950833e-01 +3.5474444e-02 +1.3554298e+04
7.9610700e-01 +1.0000000e-01 +1.6069767e+01 +4.3905333e-02 -6.3406667e-02 +3.0922222e+00 +1.2685611e+00 +9.1541667e-01 +7.8749167e-02 -6.9900833e-01 +3.6435000e-02 +1.3403086e+04
8.0120600e-01 +1.0000000e-01 +1.6060783e+01 +5.1573833e-02 -6.8173833e-02 +3.0633611e+00 +1.2524611e+00 +9.0986389e-01 +8.6490556e-02 -6.8785833e-01 +3.7366389e-02 +1.3256008e+04
8.0622200e-01 +1.0000000e-01 +1.6051050e+01 +5.9414833e-02 -7.2870333e-02 +3.0346944e+00 +1.2361667e+00 +9.0412778e-01 +9.4193056e-02 -6.7579167e-01 +3.8244444e-02 +1.3107431e+04
8.1115500e-01 +1.0000000e-01 +1.6040517e+01 +6.7418667e-02 -7.7479333e-02 +3.0066389e+00 +1.2197889e+00 +8.9820278e-01 +1.0173861e-01 -6.6297500e-01 +3.9086944e-02 +1.2951512e+04
8.1600400e-01 +1.0000000e-01 +1.6029117e+01 +7.5578500e-02 -8.1964000e-02 +2.9795556e+00 +1.2033972e+00 +8.9218056e-01 +1.0902500e-01 -6.4968056e-01 +3.9955556e-02 +1.2788926e+04
8.2077100e-01 +1.0000000e-01 +1.6016933e+01 +8.3859333e-02 -8.6354833e-02 +2.9529722e+00 +1.1870139e+00 +8.8628611e-01 +1.1599806e-01 -6.3599167e-01 +4.0938889e-02 +1.2626953e+04
8.2545400e-01 +1.0000000e-01 +1.6004083e+01 +9.2209167e-02 -9.0768833e-02 +2.9260278e+00 +1.1706444e+00 +8.8078056e-01 +1.2269333e-01 -6.2181667e-01 +4.2075278e-02 +1.2472801e+04
8.3005600e-01 +1.0000000e-01 +1.5990517e+01 +1.0056483e-01 -9.5339500e-02 +2.8983333e+00 +1.1542556e+00 +8.7597222e-01 +1.2924333e-01 -6.0716389e-01 +4.3283333e-02 +1.2330068e+04
8.3457500e-01 +1.0000000e-01 +1.5976233e+01 +1.0884333e-01 -1.0016700e-01 +2.8700000e+00 +1.1377944e+00 +8.7215278e-01 +1.3578694e-01 -5.9210833e-01 +4.4538611e-02 +1.2199840e+04
8.3901200e-01 +1.0000000e-01 +1.5961133e+01 +1.1695183e-01 -1.0528583e-01 +2.8411944e+00 +1.1212611e+00 +8.6931111e-01 +1.4235361e-01 -5.7667222e-01 +4.5935556e-02 +1.2082435e+04
8.4336800e-01 +1.0000000e-01 +1.5945050e+01 +1.2480517e-01 -1.1067600e-01 +2.8121667e+00 +1.1047139e+00 +8.6716389e-01 +1.4894000e-01 -5.6072500e-01 +4.7543333e-02 +1.1974503e+04
8.4764300e-01 +1.0000000e-01 +1.5927883e+01 +1.3234050e-01 -1.1627583e-01 +2.7832778e+00 +1.0882278e+00 +8.6530000e-01 +1.5562028e-01 -5.4400278e-01 +4.9315278e-02 +1.1869875e+04
8.5183800e-01 +1.0000000e-01 +1.5909500e+01 +1.3951383e-01 -1.2199967e-01 +2.7550667e+00 +1.0718472e+00 +8.6342222e-01 +1.6251583e-01 -5.2641389e-01 +5.1142222e-02 +1.1763859e+04
8.5595300e-01 +1.0000000e-01 +1.5889850e+01 +1.4628533e-01 -1.2776883e-01 +2.7278583e+00 +1.0555833e+00 +8.6146389e-01 +1.6970528e-01 -5.0817222e-01 +5.2957222e-02 +1.1656952e+04
8.5998900e-01 +1.0000000e-01 +1.5868850e+01 +1.5262033e-01 -1.3351517e-01 +2.7018139e+00 +1.0394139e+00 +8.5949167e-01 +1.7724139e-01 -4.8959722e-01 +5.4750833e-02 +1.1556987e+04
8.6394600e-01 +1.0000000e-01 +1.5846500e+01 +1.5849750e-01 -1.3919400e-01 +2.6771861e+00 +1.0233028e+00 +8.5762778e-01 +1.8517944e-01 -4.7104444e-01 +5.6498333e-02 +1.1473762e+04
8.6782500e-01 +1.0000000e-01 +1.5822767e+01 +1.6390467e-01 -1.4479983e-01 +2.6544583e+00 +1.0072139e+00 +8.5608333e-01 +1.9352667e-01 -4.5280000e-01 +5.8166944e-02 +1.1410070e+04
8.7162800e-01 +1.0000000e-01 +1.5797650e+01 +1.6882833e-01 -1.5032700e-01 +2.6342306e+00 +9.9113611e-01 +8.5509167e-01 +2.0225000e-01 -4.3489444e-01 +5.9738611e-02 +1.1363376e+04
8.7535300e-01 +1.0000000e-01 +1.5771100e+01 +1.7324167e-01 -1.5572550e-01 +2.6169056e+00 +9.7510556e-01 +8.5479444e-01 +2.1131833e-01 -4.1720000e-01 +6.1207778e-02 +1.1334136e+04
8.7900400e-01 +1.0000000e-01 +1.5743033e+01 +1.7711167e-01 -1.6093317e-01 +2.6026389e+00 +9.5916944e-01 +8.5518611e-01 +2.2071611e-01 -3.9956111e-01 +6.2590278e-02 +1.1325166e+04
8.8257900e-01 +1.0000000e-01 +1.5713383e+01 +1.8040333e-01 -1.6591817e-01 +2.5916389e+00 +9.4339722e-01 +8.5614444e-01 +2.3045778e-01 -3.8183056e-01 +6.3918333e-02 +1.1336615e+04
8.8608100e-01 +1.0000000e-01 +1.5682033e+01 +1.8309167e-01 -1.7067500e-01 +2.5843167e+00 +9.2783333e-01 +8.5748611e-01 +2.4058528e-01 -3.6391944e-01 +6.5229722e-02 +1.1367121e+04
8.8951000e-01 +1.0000000e-01 +1.5648800e+01 +1.8515833e-01 -1.7519500e-01 +2.5811167e+00 +9.1248056e-01 +8.5903056e-01 +2.5114444e-01 -3.4585833e-01 +6.6560833e-02 +1.1419674e+04
8.9286600e-01 +1.0000000e-01 +1.5613583e+01 +1.8658833e-01 -1.7944333e-01 +2.5825611e+00 +8.9731111e-01 +8.6063056e-01 +2.6217639e-01 -3.2774722e-01 +6.7919722e-02 +1.1498450e+04
8.9615100e-01 +1.0000000e-01 +1.5576283e+01 +1.8737333e-01 -1.8335667e-01 +2.5892167e+00 +8.8228611e-01 +8.6225556e-01 +2.7370139e-01 -3.0969444e-01 +6.9280000e-02 +1.1599842e+04
8.9936600e-01 +1.0000000e-01 +1.5536917e+01 +1.8750667e-01 -1.8686000e-01 +2.6014278e+00 +8.6737222e-01 +8.6399444e-01 +2.8569167e-01 -2.9176944e-01 +7.0606389e-02 +1.1717157e+04
9.0251200e-01 +1.0000000e-01 +1.5495433e+01 +1.8699000e-01 -1.8986833e-01 +2.6191889e+00 +8.5252778e-01 +8.6591944e-01 +2.9808889e-01 -2.7399639e-01 +7.1866944e-02 +1.1850358e+04
9.0558900e-01 +1.0000000e-01 +1.5451700e+01 +1.8583333e-01 -1.9228833e-01 +2.6422889e+00 +8.3769167e-01 +8.6804722e-01 +3.1085000e-01 -2.5637972e-01 +7.3034444e-02 +1.2006158e+04
9.0859900e-01 +1.0000000e-01 +1.5405550e+01 +1.8405833e-01 -1.9401833e-01 +2.6704667e+00 +8.2279722e-01 +8.7036389e-01 +3.2397222e-01 -2.3892250e-01 +7.4085833e-02 +1.2194620e+04
9.1154300e-01 +1.0000000e-01 +1.5356817e+01 +1.8169333e-01 -1.9497000e-01 +2.7036639e+00 +8.0777222e-01 +8.7283889e-01 +3.3745833e-01 -2.2162417e-01 +7.4994167e-02 +1.2424686e+04
9.1442100e-01 +1.0000000e-01 +1.5305267e+01 +1.7877000e-01 -1.9506000e-01 +2.7421306e+00 +7.9255000e-01 +8.7539444e-01 +3.5129167e-01 -2.0450083e-01 +7.5714167e-02 +1.2698978e+04
9.1723400e-01 +1.0000000e-01 +1.5250700e+01 +1.7532500e-01 -1.9421167e-01 +2.7862778e+00 +7.7706111e-01 +8.7792778e-01 +3.6542500e-01 -1.8760139e-01 +7.6185000e-02 +1.3012886e+04
9.1998500e-01 +1.0000000e-01 +1.5192967e+01 +1.7139167e-01 -1.9234333e-01 +2.8363611e+00 +7.6123611e-01 +8.8034444e-01 +3.7978333e-01 -1.7098194e-01 +7.6356389e-02 +1.3360542e+04
9.2267300e-01 +1.0000000e-01 +1.5131917e+01 +1.6700167e-01 -1.8936167e-01 +2.8924444e+00 +7.4500833e-01 +8.8261944e-01 +3.9426944e-01 -1.5469917e-01 +7.6215000e-02 +1.3740316e+04
9.2529900e-01 +1.0000000e-01 +1.5067383e+01 +1.6218667e-01 -1.8516500e-01 +2.9544722e+00 +7.2831389e-01 +8.8477778e-01 +4.0877222e-01 -1.3883472e-01 +7.5775556e-02 +1.4153885e+04
9.2786600e-01 +1.0000000e-01 +1.4999217e+01 +1.5698267e-01 -1.7966500e-01 +3.0223056e+00 +7.1109722e-01 +8.8678333e-01 +4.2320278e-01 -1.2348056e-01 +7.5052500e-02 +1.4604748e+04
9.3037300e-01 +1.0000000e-01 +1.4927250e+01 +1.5142433e-01 -1.7280667e-01 +3.0959167e+00 +6.9331667e-01 +8.8853889e-01 +4.3747778e-01 -1.0867833e-01 +7.4056667e-02 +1.5096908e+04
9.3282200e-01 +1.0000000e-01 +1.4851300e+01 +1.4554817e-01 -1.6457500e-01 +3.1752778e+00 +6.7493611e-01 +8.8989722e-01 +4.5153889e-01 -9.4395556e-02 +7.2814444e-02 +1.5633099e+04
9.3521400e-01 +1.0000000e-01 +1.4771150e+01 +1.3939017e-01 -1.5497800e-01 +3.2604722e+00 +6.5593611e-01 +8.9072222e-01 +4.6533889e-01 -8.0565556e-02 +7.1374444e-02 +1.6214319e+04
9.3754900e-01 +1.0000000e-01 +1.4686583e+01 +1.3298667e-01 -1.4403683e-01 +3.3515278e+00 +6.3631667e-01 +8.9090833e-01 +4.7882500e-01 -6.7130556e-02 +6.9793056e-02 +1.6840075e+04
9.3983000e-01 +1.0000000e-01 +1.4597317e+01 +1.2637600e-01 -1.3177750e-01 +3.4484722e+00 +6.1608611e-01 +8.9036944e-01 +4.9195278e-01 -5.4054167e-02 +6.8115278e-02 +1.7509209e+04
9.4205600e-01 +1.0000000e-01 +1.4503083e+01 +1.1959783e-01 -1.1823433e-01 +3.5513056e+00 +5.9525000e-01 +8.8906944e-01 +5.0463889e-01 -4.1321944e-02 +6.6365278e-02 +1.8222001e+04
9.4422900e-01 +1.0000000e-01 +1.4403533e+01 +1.1269233e-01 -1.0345633e-01 +3.6599722e+00 +5.7382500e-01 +8.8702500e-01 +5.1677778e-01 -2.8938611e-02 +6.4549444e-02 +1.8981729e+04
9.4635000e-01 +1.0000000e-01 +1.4298300e+01 +1.0570017e-01 -8.7508667e-02 +3.7742778e+00 +5.5183611e-01 +8.8429444e-01 +5.2824722e-01 -1.6898917e-02 +6.2668889e-02 +1.9792138e+04
9.4842100e-01 +1.0000000e-01 +1.4186917e+01 +9.8663000e-02 -7.0470500e-02 +3.8940000e+00 +5.2932222e-01 +8.8095833e-01 +5.3891667e-01 -5.1661944e-03 +6.0722222e-02 +2.0653035e+04
9.5044100e-01 +1.0000000e-01 +1.4068950e+01 +9.1622667e-02 -5.2432333e-02 +4.0188611e+00 +5.0633333e-01 +8.7710833e-01 +5.4865556e-01 +6.3370000e-03 +5.8705833e-02 +2.1560372e+04
9.5241200e-01 +1.0000000e-01 +1.3943867e+01 +8.4621000e-02 -3.3494667e-02 +4.1484167e+00 +4.8293056e-01 +8.7281389e-01 +5.5731111e-01 +1.7722694e-02 +5.6613889e-02 +2.2508854e+04
9.5433500e-01 +1.0000000e-01 +1.3811083e+01 +7.7698333e-02 -1.3769100e-02 +4.2820000e+00 +4.5919167e-01 +8.6811667e-01 +5.6470833e-01 +2.9111944e-02 +5.4440000e-02 +2.3493155e+04
9.5621000e-01 +1.0000000e-01 +1.3670000e+01 +7.0892500e-02 +6.6233167e-03 +4.4188333e+00 +4.3519444e-01 +8.6304444e-01 +5.7065278e-01 +4.0596667e-02 +5.2182500e-02 +2.4507722e+04
9.5804000e-01 +1.0000000e-01 +1.3519883e+01 +6.4239167e-02 +2.7552000e-02 +4.5579167e+00 +4.1104167e-01 +8.5761111e-01 +5.7495278e-01 +5.2211389e-02 +4.9848056e-02 +2.5547878e+04
9.5982400e-01 +1.0000000e-01 +1.3360017e+01 +5.7771667e-02 +4.8878000e-02 +4.6981389e+00 +3.8683333e-01 +8.5181944e-01 +5.7743056e-01 +6.3936111e-02 +4.7451111e-02 +2.6610882e+04
9.6156500e-01 +1.0000000e-01 +1.3189550e+01 +5.1522333e-02 +7.0454333e-02 +4.8380556e+00 +3.6268611e-01 +8.4565000e-01 +5.7793333e-01 +7.5728056e-02 +4.5009444e-02 +2.7693146e+04
9.6326200e-01 +1.0000000e-01 +1.3007617e+01 +4.5522000e-02 +9.2126000e-02 +4.9761667e+00 +3.3871389e-01 +8.3905556e-01 +5.7633056e-01 +8.7551667e-02 +4.2536667e-02 +2.8787245e+04
9.6491600e-01 +1.0000000e-01 +1.2813300e+01 +3.9800167e-02 +1.1373000e-01 +5.1106389e+00 +3.1503056e-01 +8.3194167e-01 +5.7251111e-01 +9.9391667e-02 +4.0038889e-02 +2.9881530e+04
9.6652900e-01 +1.0000000e-01 +1.2605683e+01 +3.4384833e-02 +1.3509700e-01 +5.2394722e+00 +2.9175000e-01 +8.2416944e-01 +5.6637778e-01 +1.1123750e-01 +3.7516389e-02 +3.0960642e+04
9.6810200e-01 +1.0000000e-01 +1.2383833e+01 +2.9300500e-02 +1.5605200e-01 +5.3603056e+00 +2.6897389e-01 +8.1557500e-01 +5.5784167e-01 +1.2306167e-01 +3.4969722e-02 +3.2007414e+04
9.6963500e-01 +1.0000000e-01 +1.2146833e+01 +2.4569167e-02 +1.7641500e-01 +5.4704444e+00 +2.4680889e-01 +8.0596944e-01 +5.4683056e-01 +1.3480306e-01 +3.2405000e-02 +3.3003712e+04
9.7112900e-01 +1.0000000e-01 +1.1893800e+01 +2.0208000e-02 +1.9600000e-01 +5.5668056e+00 +2.2534944e-01 +7.9518056e-01 +5.3327778e-01 +1.4636361e-01 +2.9835556e-02 +3.3929026e+04
9.7258500e-01 +1.0000000e-01 +1.1623917e+01 +1.6229733e-02 +2.1462000e-01 +5.6459167e+00 +2.0468472e-01 +7.8305556e-01 +5.1714722e-01 +1.5761333e-01 +2.7282444e-02 +3.4763461e+04
9.7400400e-01 +1.0000000e-01 +1.1336433e+01 +1.2642417e-02 +2.3209000e-01 +5.7039722e+00 +1.8489444e-01 +7.6946667e-01 +4.9843333e-01 +1.6839194e-01 +2.4772194e-02 +3.5486113e+04
9.7538700e-01 +1.0000000e-01 +1.1030767e+01 +9.4488000e-03 +2.4822167e-01 +5.7369444e+00 +1.6604750e-01 +7.5428889e-01 +4.7717500e-01 +1.7850472e-01 +2.2332083e-02 +3.6078102e+04
9.7673400e-01 +1.0000000e-01 +1.0706400e+01 +6.6466167e-03 +2.6284000e-01 +5.7406389e+00 +1.4820056e-01 +7.3740556e-01 +4.5346389e-01 +1.8771833e-01 +1.9986667e-02 +3.6524864e+04
9.7804700e-01 +1.0000000e-01 +1.0363033e+01 +4.2285167e-03 +2.7577167e-01 +5.7109444e+00 +1.3139750e-01 +7.1870833e-01 +4.2745556e-01 +1.9576278e-01 +1.7755639e-02 +3.6817694e+04
9.7932500e-01 +1.0000000e-01 +1.0000567e+01 +2.1822667e-03 +2.8686000e-01 +5.6438889e+00 +1.1566917e-01 +6.9809167e-01 +3.9936944e-01 +2.0234139e-01 +1.5653139e-02 +3.6957414e+04
9.8057100e-01 +1.0000000e-01 +9.6191167e+00 +4.9090833e-04 +2.9596333e-01 +5.5360556e+00 +1.0103472e-01 +6.7547778e-01 +3.6949722e-01 +2.0714889e-01 +1.3688917e-02 +3.6953470e+04
9.8178500e-01 +1.0000000e-01 +9.2191000e+00 -8.6676000e-04 +3.0295167e-01 +5.3846667e+00 +8.7502222e-02 +6.5081389e-01 +3.3818611e-01 +2.0989000e-01 +1.1869694e-02 +3.6829184e+04
9.8296700e-01 +1.0000000e-01 +8.8011833e+00 -1.9157333e-03 +3.0772000e-01 +5.1880556e+00 +7.5070833e-02 +6.2408056e-01 +3.0585278e-01 +2.1029917e-01 +1.0200444e-02 +3.6618931e+04
9.8411800e-01 +1.0000000e-01 +8.3663333e+00 -2.6840500e-03 +3.1018333e-01 +4.9459722e+00 +6.3731667e-02 +5.9529167e-01 +2.7297389e-01 +2.0816167e-01 +8.6849444e-03 +3.6369266e+04
9.8524000e-01 +1.0000000e-01 +7.9158000e+00 -3.2020333e-03 +3.1028333e-01 +4.6598056e+00 +5.3469167e-02 +5.6448889e-01 +2.4006528e-01 +2.0333528e-01 +7.3253611e-03 +3.6134293e+04
9.8633200e-01 +1.0000000e-01 +7.4511833e+00 -3.5014167e-03 +3.0798333e-01 +4.3328056e+00 +4.4261667e-02 +5.3173056e-01 +2.0767889e-01 +1.9577250e-01 +6.1212500e-03 +3.5972524e+04
9.8739500e-01 +1.0000000e-01 +6.9742833e+00 -3.6144000e-03 +3.0327333e-01 +3.9703056e+00 +3.6082222e-02 +4.9710278e-01 +1.7637806e-01 +1.8553889e-01 +5.0686944e-03 +3.5938697e+04
9.8843100e-01 +1.0000000e-01 +6.4871833e+00 -3.5727500e-03 +2.9616500e-01 +3.5794722e+00 +2.8898889e-02 +4.6070556e-01 +1.4671472e-01 +1.7282750e-01 +4.1597778e-03 +3.6077463e+04
9.8943900e-01 +1.0000000e-01 +5.9921500e+00 -3.4071667e-03 +2.8669000e-01 +3.1693611e+00 +2.2673806e-02 +4.2265833e-01 +1.1920250e-01 +1.5795833e-01 +3.3828056e-03 +3.6415711e+04
9.9042000e-01 +1.0000000e-01 +5.4915833e+00 -3.1465333e-03 +2.7490000e-01 +2.7502722e+00 +1.7364083e-02 +3.8311667e-01 +9.4285556e-02 +1.4137222e-01 +2.7233389e-03 +3.6956386e+04
9.9137600e-01 +1.0000000e-01 +4.9879000e+00 -2.8176833e-03 +2.6085500e-01 +2.3332806e+00 +1.2919917e-02 +3.4229167e-01 +7.2311111e-02 +1.2360611e-01 +2.1656861e-03 +3.7675106e+04
9.9230600e-01 +1.0000000e-01 +4.4835667e+00 -2.4450000e-03 +2.4463000e-01 +1.9295417e+00 +9.2846389e-03 +3.0046944e-01 +5.3503889e-02 +1.0526333e-01 +1.6944806e-03 +3.8523177e+04
9.9321200e-01 +1.0000000e-01 +3.9808667e+00 -2.0504667e-03 +2.2631000e-01 +1.5494972e+00 +6.3937500e-03 +2.5805222e-01 +3.7947500e-02 +8.6973889e-02 +1.2962417e-03 +3.9436509e+04
9.9409400e-01 +1.0000000e-01 +3.4819667e+00 -1.6536350e-03 +2.0598333e-01 +1.2021722e+00 +4.1744444e-03 +2.1557917e-01 +2.5578556e-02 +6.9355000e-02 +9.6046111e-04 +4.0352055e+04
9.9495200e-01 +1.0000000e-01 +2.9887667e+00 -1.2717283e-03 +1.8374667e-01 +8.9460000e-01 +2.5456528e-03 +1.7376028e-01 +1.6191278e-02 +5.2972778e-02 +6.8005278e-04 +4.1224403e+04
9.9578700e-01 +1.0000000e-01 +2.5028500e+00 -9.1979333e-04 +1.5970167e-01 +6.3150833e-01 +1.4185639e-03 +1.3349417e-01 +9.4577222e-03 +3.8311111e-02 +4.5112222e-04 +4.2044257e+04
9.9660000e-01 +1.0000000e-01 +2.0254833e+00 -6.1084833e-04 +1.3395733e-01 +4.1528056e-01 +6.9838333e-04 +9.5883889e-02 +4.9590833e-03 +2.5751194e-02 +2.7201250e-04 +4.2848242e+04
9.9739200e-01 +1.0000000e-01 +1.5576250e+00 -3.5604833e-04 +1.0662567e-01 +2.4621833e-01 +2.8733056e-04 +6.2241944e-02 +2.2256500e-03 +1.5561250e-02 +1.4174417e-04 +4.3724514e+04
9.9816200e-01 +1.0000000e-01 +1.0998850e+00 -1.6484483e-04 +7.7824167e-02 +1.2303028e-01 +8.9412222e-05 +3.4098611e-02 +7.7899444e-04 +7.8985833e-03 +5.7996944e-05 +4.4809834e+04
9.9891100e-01 +1.0000000e-01 +6.5261000e-01 -4.5028667e-05 +4.7674667e-02 +4.3435556e-02 +1.7241639e-05 +1.3214139e-02 +1.7063278e-04 +2.8221667e-03 +1.4924861e-05 +4.6282839e+04
9.9964000e-01 +1.0000000e-01 +2.1591667e-01 +0.0000000e+00 +1.6314717e-02 +4.7795278e-03 +1.2277333e-06 +1.6120167e-03 +1.0993333e-05 +3.1316667e-04 +1.1508056e-06 +4.8188979e+04
1.0000000e+00 +1.0000000e-01 +0.0000000e+00 +0.0000000e+00 +0.0000000e+00 +0.0000000e+00 +0.0000000e+00 +0.0000000e+00 +0.0000000e+00 +0.0000000e+00 +0.0000000e+00 +4.8188056e+04
