#    y              z              <u>            <v>            <w>            <u'u'>         <v'v'>         <w'w'>         <u'v'>         <u'w'>         <v'w'>         <eps>         
#----------------------------------------------------------------------------------------------------------------------------------------------------------------------------------
0.0000000e+00 +8.0000000e-02 +0.0000000e+00 +0.0000000e+00 +0.0000000e+00 +0.0000000e+00 +0.0000000e+00 +0.0000000e+00 +0.0000000e+00 +0.0000000e+00 +0.0000000e+00 +4.4830833e+04
3.6000000e-04 +8.0000000e-02 +2.1692167e-01 -5.6813833e-05 +1.6309567e-02 +4.4891111e-03 +1.0298333e-06 +1.4451028e-03 -1.1036806e-05 +3.8651111e-04 -1.6340778e-06 +4.4831765e+04
1.0890000e-03 +8.0000000e-02 +6.5566167e-01 -2.2153667e-04 +4.7485333e-02 +4.0808611e-02 +1.4495750e-05 +1.1858222e-02 -1.6956944e-04 +3.4552222e-03 -2.1641583e-05 +4.3095695e+04
1.8380000e-03 +8.0000000e-02 +1.1050650e+00 -5.0834167e-04 +7.7241500e-02 +1.1560194e-01 +7.5317500e-05 +3.0606667e-02 -7.6785278e-04 +9.6024167e-03 -8.7130278e-05 +4.1705614e+04
2.6080000e-03 +8.0000000e-02 +1.5650200e+00 -9.2829500e-04 +1.0542967e-01 +2.3133250e-01 +2.4248639e-04 +5.5840833e-02 -2.1786833e-03 +1.8790222e-02 -2.2291139e-04 +4.0615244e+04
3.4000000e-03 +8.0000000e-02 +2.0351833e+00 -1.4927650e-03 +1.3191833e-01 +3.9005278e-01 +5.9045000e-04 +8.5917778e-02 -4.8262778e-03 +3.0890000e-02 -4.5177500e-04 +3.9659844e+04
4.2130000e-03 +8.0000000e-02 +2.5149333e+00 -2.2135667e-03 +1.5657933e-01 +5.9281111e-01 +1.2014444e-03 +1.1937972e-01 -9.1600000e-03 +4.5656389e-02 -7.9682222e-04 +3.8713207e+04
5.0480000e-03 +8.0000000e-02 +3.0033000e+00 -3.1030500e-03 +1.7928833e-01 +8.3905000e-01 +2.1597778e-03 +1.5495056e-01 -1.5618972e-02 +6.2709444e-02 -1.2831889e-03 +3.7699391e+04
5.9060000e-03 +8.0000000e-02 +3.4990000e+00 -4.1741500e-03 +1.9992333e-01 +1.1261472e+00 +3.5479167e-03 +1.9153917e-01 -2.4592278e-02 +8.1526111e-02 -1.9388556e-03 +3.6594806e+04
6.7880000e-03 +8.0000000e-02 +4.0004000e+00 -5.4404833e-03 +2.1837000e-01 +1.4491611e+00 +5.4441111e-03 +2.2824333e-01 -3.6380833e-02 +1.0145028e-01 -2.7943333e-03 +3.5425655e+04
7.6940000e-03 +8.0000000e-02 +4.5055667e+00 -6.9164833e-03 +2.3451500e-01 +1.8008778e+00 +7.9211389e-03 +2.6434806e-01 -5.1165833e-02 +1.2171944e-01 -3.8811667e-03 +3.4256741e+04
8.6240000e-03 +8.0000000e-02 +5.0122833e+00 -8.6172833e-03 +2.4825833e-01 +2.1721861e+00 +1.1046167e-02 +2.9931667e-01 -6.8988056e-02 +1.4151083e-01 -5.2297222e-03 +3.3171053e+04
9.5800000e-03 +8.0000000e-02 +5.5182000e+00 -1.0558700e-02 +2.5950833e-01 +2.5526694e+00 +1.4880972e-02 +3.3277778e-01 -8.9740833e-02 +1.6000250e-01 -6.8662222e-03 +3.2249827e+04
1.0561000e-02 +8.0000000e-02 +6.0207833e+00 -1.2756917e-02 +2.6818667e-01 +2.9313889e+00 +1.9482444e-02 +3.6449722e-01 -1.1317333e-01 +1.7643806e-01 -8.8102222e-03 +3.1553915e+04
1.1569000e-02 +8.0000000e-02 +6.5175333e+00 -1.5228117e-02 +2.7424167e-01 +3.2976389e+00 +2.4903222e-02 +3.9436667e-01 -1.3890806e-01 +1.9018583e-01 -1.1072389e-02 +3.1114037e+04
1.2605000e-02 +8.0000000e-02 +7.0060000e+00 -1.7987833e-02 +2.7764000e-01 +3.6417500e+00 +3.1191667e-02 +4.2235833e-01 -1.6646472e-01 +2.0078833e-01 -1.3653389e-02 +3.0926119e+04
1.3668000e-02 +8.0000000e-02 +7.4839000e+00 -2.1050667e-02 +2.7838333e-01 +3.9555833e+00 +3.8392222e-02 +4.4850833e-01 -1.9529056e-01 +2.0798583e-01 -1.6543500e-02 +3.0956059e+04
1.4760000e-02 +8.0000000e-02 +7.9490833e+00 -2.4429333e-02 +2.7650333e-01 +4.2329444e+00 +4.6544722e-02 +4.7289444e-01 -2.2479278e-01 +2.1172222e-01 -1.9723361e-02 +3.1148421e+04
1.5882000e-02 +8.0000000e-02 +8.3997500e+00 -2.8133500e-02 +2.7207000e-01 +4.4696944e+00 +5.5683611e-02 +4.9560000e-01 -2.5437028e-01 +2.1212722e-01 -2.3164972e-02 +3.1435761e+04
1.7033000e-02 +8.0000000e-02 +8.8343333e+00 -3.2170500e-02 +2.6518167e-01 +4.6638611e+00 +6.5837222e-02 +5.1671667e-01 -2.8344167e-01 +2.0948111e-01 -2.6833472e-02 +3.1749093e+04
1.8215000e-02 +8.0000000e-02 +9.2515833e+00 -3.6543167e-02 +2.5597167e-01 +4.8152222e+00 +7.7026389e-02 +5.3632222e-01 -3.1146667e-01 +2.0417167e-01 -3.0688889e-02 +3.2025511e+04
1.9429000e-02 +8.0000000e-02 +9.6505500e+00 -4.1250333e-02 +2.4460167e-01 +4.9251667e+00 +8.9263611e-02 +5.5448611e-01 -3.3796944e-01 +1.9664917e-01 -3.4687778e-02 +3.2213250e+04
2.0675000e-02 +8.0000000e-02 +1.0030617e+01 -4.6286167e-02 +2.3125000e-01 +4.9963611e+00 +1.0255194e-01 +5.7127778e-01 -3.6253889e-01 +1.8738250e-01 -3.8785556e-02 +3.2274638e+04
2.1953000e-02 +8.0000000e-02 +1.0391433e+01 -5.1640000e-02 +2.1611667e-01 +5.0322500e+00 +1.1688389e-01 +5.8675833e-01 -3.8484722e-01 +1.7682639e-01 -4.2937222e-02 +3.2186090e+04
2.3266000e-02 +8.0000000e-02 +1.0732867e+01 -5.7296667e-02 +1.9940667e-01 +5.0368333e+00 +1.3224111e-01 +6.0099722e-01 -4.0463611e-01 +1.6539472e-01 -4.7098889e-02 +3.1938975e+04
2.4613000e-02 +8.0000000e-02 +1.1055067e+01 -6.3236333e-02 +1.8133000e-01 +5.0143611e+00 +1.4859417e-01 +6.1406389e-01 -4.2174167e-01 +1.5344417e-01 -5.1229722e-02 +3.1535768e+04
2.5996000e-02 +8.0000000e-02 +1.1358333e+01 -6.9435167e-02 +1.6210200e-01 +4.9690000e+00 +1.6590306e-01 +6.2603333e-01 -4.3606944e-01 +1.4126528e-01 -5.5291111e-02 +3.0989017e+04
2.7415000e-02 +8.0000000e-02 +1.1643150e+01 -7.5865833e-02 +1.4193000e-01 +4.9047778e+00 +1.8411722e-01 +6.3698889e-01 -4.4759167e-01 +1.2907750e-01 -5.9248611e-02 +3.0317689e+04
2.8871000e-02 +8.0000000e-02 +1.1910117e+01 -8.2498333e-02 +1.2102067e-01 +4.8254167e+00 +2.0317917e-01 +6.4701389e-01 -4.5635000e-01 +1.1702833e-01 -6.3071111e-02 +2.9544238e+04
3.0365000e-02 +8.0000000e-02 +1.2159933e+01 -8.9300500e-02 +9.9575000e-02 +4.7343889e+00 +2.2302333e-01 +6.5618889e-01 -4.6242778e-01 +1.0519444e-01 -6.6731389e-02 +2.8690950e+04
3.1898000e-02 +8.0000000e-02 +1.2393367e+01 -9.6239167e-02 +7.7789000e-02 +4.6346389e+00 +2.4357972e-01 +6.6460278e-01 -4.6595000e-01 +9.3586944e-02 -7.0204444e-02 +2.7779705e+04
3.3471000e-02 +8.0000000e-02 +1.2611283e+01 -1.0327983e-01 +5.5852833e-02 +4.5288333e+00 +2.6477361e-01 +6.7234444e-01 -4.6706389e-01 +8.2160833e-02 -7.3469167e-02 +2.6830342e+04
3.5084000e-02 +8.0000000e-02 +1.2814533e+01 -1.1038767e-01 +3.3951333e-02 +4.4191667e+00 +2.8652500e-01 +6.7950833e-01 -4.6594167e-01 +7.0831944e-02 -7.6508333e-02 +2.5862578e+04
3.6738000e-02 +8.0000000e-02 +1.3004033e+01 -1.1752717e-01 +1.2261750e-02 +4.3074444e+00 +3.0874722e-01 +6.8617500e-01 -4.6278611e-01 +5.9500556e-02 -7.9309167e-02 +2.4894567e+04
3.8435000e-02 +8.0000000e-02 +1.3180650e+01 -1.2466183e-01 -9.0474833e-03 +4.1951944e+00 +3.3135278e-01 +6.9241667e-01 -4.5780556e-01 +4.8077778e-02 -8.1864722e-02 +2.3941113e+04
4.0176000e-02 +8.0000000e-02 +1.3345283e+01 -1.3175367e-01 -2.9820667e-02 +4.0836389e+00 +3.5424167e-01 +6.9829167e-01 -4.5122778e-01 +3.6507778e-02 -8.4172222e-02 +2.3012792e+04
4.1960000e-02 +8.0000000e-02 +1.3498783e+01 -1.3876350e-01 -4.9916333e-02 +3.9739167e+00 +3.7731389e-01 +7.0383611e-01 -4.4328333e-01 +2.4774500e-02 -8.6233611e-02 +2.2116282e+04
4.3790000e-02 +8.0000000e-02 +1.3641950e+01 -1.4565017e-01 -6.9208167e-02 +3.8669722e+00 +4.0047778e-01 +7.0906944e-01 -4.3419167e-01 +1.2883250e-02 -8.8055000e-02 +2.1255618e+04
4.5665000e-02 +8.0000000e-02 +1.3775533e+01 -1.5237167e-01 -8.7581333e-02 +3.7636111e+00 +4.2364167e-01 +7.1398056e-01 -4.2415000e-01 +8.2323889e-04 -8.9647500e-02 +2.0432896e+04
4.7588000e-02 +8.0000000e-02 +1.3900217e+01 -1.5888583e-01 -1.0492933e-01 +3.6645278e+00 +4.4673333e-01 +7.1854167e-01 -4.1333056e-01 -1.1460750e-02 -9.1024167e-02 +1.9650130e+04
4.9559000e-02 +8.0000000e-02 +1.4016617e+01 -1.6515000e-01 -1.2115050e-01 +3.5702500e+00 +4.6968889e-01 +7.2271389e-01 -4.0186944e-01 -2.4066000e-02 -9.2198333e-02 +1.8910476e+04
5.1579000e-02 +8.0000000e-02 +1.4125300e+01 -1.7112333e-01 -1.3614933e-01 +3.4810556e+00 +4.9246111e-01 +7.2647500e-01 -3.8988333e-01 -3.7098611e-02 -9.3181111e-02 +1.8217708e+04
5.3650000e-02 +8.0000000e-02 +1.4226783e+01 -1.7676333e-01 -1.4984117e-01 +3.3971944e+00 +5.1501389e-01 +7.2981111e-01 -3.7747500e-01 -5.0636111e-02 -9.3980000e-02 +1.7574322e+04
5.5771000e-02 +8.0000000e-02 +1.4321517e+01 -1.8203333e-01 -1.6216100e-01 +3.3188333e+00 +5.3731944e-01 +7.3270833e-01 -3.6473056e-01 -6.4718056e-02 -9.4595556e-02 +1.6981158e+04
5.7944000e-02 +8.0000000e-02 +1.4409917e+01 -1.8689833e-01 -1.7306500e-01 +3.2461111e+00 +5.5935833e-01 +7.3515556e-01 -3.5173333e-01 -7.9363056e-02 -9.5022222e-02 +1.6438157e+04
6.0170000e-02 +8.0000000e-02 +1.4492383e+01 -1.9132500e-01 -1.8253333e-01 +3.1791111e+00 +5.8113056e-01 +7.3714722e-01 -3.3855556e-01 -9.4590000e-02 -9.5251111e-02 +1.5944497e+04
6.2451000e-02 +8.0000000e-02 +1.4569283e+01 -1.9528500e-01 -1.9055500e-01 +3.1178056e+00 +6.0263611e-01 +7.3871389e-01 -3.2527500e-01 -1.1041639e-01 -9.5275556e-02 +1.5499827e+04
6.4786000e-02 +8.0000000e-02 +1.4640967e+01 -1.9874833e-01 -1.9713167e-01 +3.0621111e+00 +6.2388611e-01 +7.3993056e-01 -3.1198611e-01 -1.2684194e-01 -9.5093889e-02 +1.5104334e+04
6.7178000e-02 +8.0000000e-02 +1.4707700e+01 -2.0168500e-01 -2.0228000e-01 +3.0119444e+00 +6.4489444e-01 +7.4091944e-01 -2.9878333e-01 -1.4384750e-01 -9.4710833e-02 +1.4756462e+04
6.9627000e-02 +8.0000000e-02 +1.4769750e+01 -2.0406667e-01 -2.0601833e-01 +2.9673611e+00 +6.6567500e-01 +7.4182778e-01 -2.8577222e-01 -1.6141806e-01 -9.4140556e-02 +1.4451739e+04
7.2134000e-02 +8.0000000e-02 +1.4827283e+01 -2.0587500e-01 -2.0838333e-01 +2.9284167e+00 +6.8624167e-01 +7.4279444e-01 -2.7303722e-01 -1.7954806e-01 -9.3403611e-02 +1.4185706e+04
7.4701000e-02 +8.0000000e-02 +1.4880500e+01 -2.0709333e-01 -2.0941333e-01 +2.8951111e+00 +7.0661389e-01 +7.4391944e-01 -2.6062333e-01 -1.9822028e-01 -9.2521111e-02 +1.3957028e+04
7.7327000e-02 +8.0000000e-02 +1.4929567e+01 -2.0770667e-01 -2.0916167e-01 +2.8673611e+00 +7.2680833e-01 +7.4523889e-01 -2.4855639e-01 -2.1739667e-01 -9.1504167e-02 +1.3766793e+04
8.0015000e-02 +8.0000000e-02 +1.4974667e+01 -2.0770333e-01 -2.0769667e-01 +2.8451389e+00 +7.4685000e-01 +7.4674722e-01 -2.3686667e-01 -2.3704444e-01 -9.0345000e-02 +1.3614513e+04
8.2766000e-02 +8.0000000e-02 +1.5015967e+01 -2.0705833e-01 -2.0511333e-01 +2.8284722e+00 +7.6675833e-01 +7.4841111e-01 -2.2559361e-01 -2.5715417e-01 -8.9015000e-02 +1.3497728e+04
8.5579000e-02 +8.0000000e-02 +1.5053683e+01 -2.0575333e-01 -2.0151333e-01 +2.8173056e+00 +7.8654722e-01 +7.5020556e-01 -2.1477500e-01 -2.7773111e-01 -8.7471667e-02 +1.3415610e+04
8.8457000e-02 +8.0000000e-02 +1.5088050e+01 -2.0377500e-01 -1.9699167e-01 +2.8115556e+00 +8.0623056e-01 +7.5212500e-01 -2.0445000e-01 -2.9874722e-01 -8.5673889e-02 +1.3368818e+04
9.1401000e-02 +8.0000000e-02 +1.5119333e+01 -2.0111833e-01 -1.9165000e-01 +2.8110000e+00 +8.2581944e-01 +7.5419722e-01 -1.9467361e-01 -3.2008611e-01 -8.3602222e-02 +1.3356009e+04
9.4411000e-02 +8.0000000e-02 +1.5147783e+01 -1.9777833e-01 -1.8560333e-01 +2.8155833e+00 +8.4533889e-01 +7.5647222e-01 -1.8552111e-01 -3.4155278e-01 -8.1261111e-02 +1.3371890e+04
9.7488000e-02 +8.0000000e-02 +1.5173717e+01 -1.9374833e-01 -1.7898000e-01 +2.8251944e+00 +8.6481667e-01 +7.5898056e-01 -1.7706194e-01 -3.6295278e-01 -7.8655000e-02 +1.3410220e+04
1.0063400e-01 +8.0000000e-02 +1.5197400e+01 -1.8901833e-01 -1.7191167e-01 +2.8395833e+00 +8.8427778e-01 +7.6169167e-01 -1.6933250e-01 -3.8413333e-01 -7.5775556e-02 +1.3467658e+04
1.0384900e-01 +8.0000000e-02 +1.5219100e+01 -1.8358500e-01 -1.6453250e-01 +2.8583056e+00 +9.0373333e-01 +7.6450278e-01 -1.6233361e-01 -4.0502500e-01 -7.2611944e-02 +1.3543209e+04
1.0713400e-01 +8.0000000e-02 +1.5239050e+01 -1.7746167e-01 -1.5697267e-01 +2.8809444e+00 +9.2318889e-01 +7.6730000e-01 -1.5603500e-01 -4.2555556e-01 -6.9168333e-02 +1.3635561e+04
1.1049000e-01 +8.0000000e-02 +1.5257400e+01 -1.7068000e-01 -1.4936517e-01 +2.9070000e+00 +9.4265278e-01 +7.7000000e-01 -1.5036694e-01 -4.4561667e-01 -6.5461389e-02 +1.3743472e+04
1.1391900e-01 +8.0000000e-02 +1.5274217e+01 -1.6329500e-01 -1.4181783e-01 +2.9360278e+00 +9.6213889e-01 +7.7255556e-01 -1.4523333e-01 -4.6508889e-01 -6.1529444e-02 +1.3867742e+04
1.1742100e-01 +8.0000000e-02 +1.5289550e+01 -1.5536850e-01 -1.3438367e-01 +2.9675833e+00 +9.8168889e-01 +7.7500278e-01 -1.4053278e-01 -4.8393333e-01 -5.7453889e-02 +1.4007038e+04
1.2099600e-01 +8.0000000e-02 +1.5303483e+01 -1.4696183e-01 -1.2705600e-01 +3.0012222e+00 +1.0013500e+00 +7.7750556e-01 -1.3617194e-01 -5.0223889e-01 -5.3382222e-02 +1.4158308e+04
1.2464700e-01 +8.0000000e-02 +1.5316133e+01 -1.3812900e-01 -1.1981450e-01 +3.0364167e+00 +1.0211306e+00 +7.8027222e-01 -1.3207500e-01 -5.2010278e-01 -4.9508889e-02 +1.4324070e+04
1.2837200e-01 +8.0000000e-02 +1.5327683e+01 -1.2891117e-01 -1.1267417e-01 +3.0728611e+00 +1.0409917e+00 +7.8345556e-01 -1.2816056e-01 -5.3756389e-01 -4.6015000e-02 +1.4508309e+04
1.3217500e-01 +8.0000000e-02 +1.5338300e+01 -1.1934133e-01 -1.0568033e-01 +3.1105833e+00 +1.0608778e+00 +7.8714167e-01 -1.2429306e-01 -5.5474722e-01 -4.3027222e-02 +1.4707857e+04
1.3605400e-01 +8.0000000e-02 +1.5348183e+01 -1.0946533e-01 -9.8875333e-02 +3.1496111e+00 +1.0807222e+00 +7.9140833e-01 -1.2030861e-01 -5.7172222e-01 -4.0603611e-02 +1.4915601e+04
1.4001100e-01 +8.0000000e-02 +1.5357483e+01 -9.9347333e-02 -9.2268500e-02 +3.1894167e+00 +1.1004250e+00 +7.9616667e-01 -1.1608722e-01 -5.8836944e-01 -3.8714722e-02 +1.5127780e+04
1.4404700e-01 +8.0000000e-02 +1.5366283e+01 -8.9057667e-02 -8.5832833e-02 +3.2294722e+00 +1.1198667e+00 +8.0114167e-01 -1.1160000e-01 -6.0466389e-01 -3.7242778e-02 +1.5342330e+04
1.4816200e-01 +8.0000000e-02 +1.5374583e+01 -7.8660667e-02 -7.9550000e-02 +3.2692500e+00 +1.1389667e+00 +8.0607778e-01 -1.0694583e-01 -6.2068611e-01 -3.6028611e-02 +1.5560867e+04
1.5235700e-01 +8.0000000e-02 +1.5382350e+01 -6.8208500e-02 -7.3472167e-02 +3.3082500e+00 +1.1577278e+00 +8.1089444e-01 -1.0232361e-01 -6.3631944e-01 -3.4907778e-02 +1.5785601e+04
1.5663200e-01 +8.0000000e-02 +1.5389533e+01 -5.7739333e-02 -6.7745333e-02 +3.3461944e+00 +1.1762583e+00 +8.1567500e-01 -9.7882222e-02 -6.5132778e-01 -3.3742778e-02 +1.6014873e+04
1.6098800e-01 +8.0000000e-02 +1.5396150e+01 -4.7290000e-02 -6.2545167e-02 +3.3828056e+00 +1.1946889e+00 +8.2059444e-01 -9.3618056e-02 -6.6563056e-01 -3.2417778e-02 +1.6245923e+04
1.6542500e-01 +8.0000000e-02 +1.5402333e+01 -3.6903833e-02 -5.7976500e-02 +3.4177500e+00 +1.2131083e+00 +8.2586111e-01 -8.9462778e-02 -6.7934167e-01 -3.0860556e-02 +1.6476840e+04
1.6994400e-01 +8.0000000e-02 +1.5408300e+01 -2.6625167e-02 -5.4006000e-02 +3.4509167e+00 +1.2315611e+00 +8.3178611e-01 -8.5341389e-02 -6.9277500e-01 -2.9137500e-02 +1.6707488e+04
1.7454600e-01 +8.0000000e-02 +1.5414100e+01 -1.6502283e-02 -5.0489500e-02 +3.4825278e+00 +1.2500639e+00 +8.3857500e-01 -8.1222500e-02 -7.0611389e-01 -2.7401611e-02 +1.6934103e+04
1.7922900e-01 +8.0000000e-02 +1.5419683e+01 -6.5824167e-03 -4.7292833e-02 +3.5124167e+00 +1.2685778e+00 +8.4570556e-01 -7.7135833e-02 -7.1879167e-01 -2.5783528e-02 +1.7155928e+04
1.8399600e-01 +8.0000000e-02 +1.5424967e+01 +3.0844167e-03 -4.4320167e-02 +3.5399722e+00 +1.2870167e+00 +8.5245833e-01 -7.3035833e-02 -7.2995833e-01 -2.4530972e-02 +1.7380336e+04
1.8884500e-01 +8.0000000e-02 +1.5430033e+01 +1.2451417e-02 -4.1464167e-02 +3.5656944e+00 +1.3052000e+00 +8.5902500e-01 -6.8849722e-02 -7.3971389e-01 -2.3889944e-02 +1.7611915e+04
1.9377800e-01 +8.0000000e-02 +1.5434867e+01 +2.1460167e-02 -3.8611667e-02 +3.5909722e+00 +1.3229278e+00 +8.6599167e-01 -6.4478889e-02 -7.4897500e-01 -2.3860917e-02 +1.7845805e+04
1.9879400e-01 +8.0000000e-02 +1.5439450e+01 +3.0080500e-02 -3.5697167e-02 +3.6172222e+00 +1.3400389e+00 +8.7320833e-01 -5.9839167e-02 -7.5824722e-01 -2.4167806e-02 +1.8078732e+04
2.0389300e-01 +8.0000000e-02 +1.5443850e+01 +3.8288000e-02 -3.2722667e-02 +3.6453056e+00 +1.3564222e+00 +8.8046667e-01 -5.5012222e-02 -7.6778056e-01 -2.4382611e-02 +1.8286163e+04
2.0907500e-01 +8.0000000e-02 +1.5448117e+01 +4.6041833e-02 -2.9624500e-02 +3.6741944e+00 +1.3720083e+00 +8.8764722e-01 -5.0113889e-02 -7.7748611e-01 -2.4227778e-02 +1.8462745e+04
2.1433900e-01 +8.0000000e-02 +1.5452383e+01 +5.3327000e-02 -2.6335333e-02 +3.7012778e+00 +1.3868083e+00 +8.9410000e-01 -4.5296111e-02 -7.8635000e-01 -2.3853944e-02 +1.8633406e+04
2.1968700e-01 +8.0000000e-02 +1.5456667e+01 +6.0171333e-02 -2.2988167e-02 +3.7255278e+00 +1.4009083e+00 +8.9937500e-01 -4.0790556e-02 -7.9354167e-01 -2.3549306e-02 +1.8815200e+04
2.2511700e-01 +8.0000000e-02 +1.5460783e+01 +6.6581500e-02 -1.9727667e-02 +3.7484167e+00 +1.4143944e+00 +9.0372222e-01 -3.6464167e-02 -7.9952778e-01 -2.3303944e-02 +1.9012499e+04
2.3062900e-01 +8.0000000e-02 +1.5464633e+01 +7.2490500e-02 -1.6490533e-02 +3.7715556e+00 +1.4275333e+00 +9.0775000e-01 -3.1961111e-02 -8.0500000e-01 -2.3035028e-02 +1.9208039e+04
2.3622300e-01 +8.0000000e-02 +1.5468167e+01 +7.7916167e-02 -1.3250500e-02 +3.7960833e+00 +1.4407833e+00 +9.1182222e-01 -2.7242806e-02 -8.1021667e-01 -2.2740417e-02 +1.9376080e+04
2.4189800e-01 +8.0000000e-02 +1.5471533e+01 +8.2979000e-02 -1.0150417e-02 +3.8211111e+00 +1.4545417e+00 +9.1619722e-01 -2.2288111e-02 -8.1498056e-01 -2.2283194e-02 +1.9514844e+04
2.4765400e-01 +8.0000000e-02 +1.5474917e+01 +8.7758667e-02 -7.0890833e-03 +3.8446944e+00 +1.4689722e+00 +9.2112222e-01 -1.7241111e-02 -8.1934167e-01 -2.1285556e-02 +1.9631411e+04
2.5348900e-01 +8.0000000e-02 +1.5477983e+01 +9.2284167e-02 -3.8300833e-03 +3.8670278e+00 +1.4839556e+00 +9.2609722e-01 -1.2345222e-02 -8.2364444e-01 -1.9617167e-02 +1.9722090e+04
2.5940400e-01 +8.0000000e-02 +1.5480567e+01 +9.6557333e-02 -2.7892833e-04 +3.8876389e+00 +1.4990722e+00 +9.3043889e-01 -7.4828889e-03 -8.2749722e-01 -1.7716417e-02 +1.9801019e+04
2.6539600e-01 +8.0000000e-02 +1.5482433e+01 +1.0046133e-01 +3.4759167e-03 +3.9060278e+00 +1.5136972e+00 +9.3417222e-01 -2.5046361e-03 -8.3056111e-01 -1.6090389e-02 +1.9891431e+04
2.7146600e-01 +8.0000000e-02 +1.5483400e+01 +1.0388000e-01 +7.2532167e-03 +3.9227778e+00 +1.5272583e+00 +9.3743333e-01 +2.4573250e-03 -8.3303333e-01 -1.5031139e-02 +2.0005231e+04
2.7761200e-01 +8.0000000e-02 +1.5483833e+01 +1.0684833e-01 +1.1106200e-02 +3.9396667e+00 +1.5395000e+00 +9.4016944e-01 +7.1719167e-03 -8.3543056e-01 -1.4351722e-02 +2.0127544e+04
2.8383300e-01 +8.0000000e-02 +1.5484067e+01 +1.0944817e-01 +1.4967233e-02 +3.9567222e+00 +1.5505833e+00 +9.4237778e-01 +1.1491472e-02 -8.3785556e-01 -1.3735556e-02 +2.0225937e+04
2.9012800e-01 +8.0000000e-02 +1.5484050e+01 +1.1164600e-01 +1.8740833e-02 +3.9716111e+00 +1.5608917e+00 +9.4426389e-01 +1.5155667e-02 -8.3963611e-01 -1.3178639e-02 +2.0312949e+04
2.9649600e-01 +8.0000000e-02 +1.5483383e+01 +1.1338600e-01 +2.2403333e-02 +3.9843333e+00 +1.5706778e+00 +9.4573889e-01 +1.8083639e-02 -8.4089167e-01 -1.2673306e-02 +2.0426564e+04
3.0293400e-01 +8.0000000e-02 +1.5481750e+01 +1.1458467e-01 +2.5863500e-02 +3.9985278e+00 +1.5800472e+00 +9.4780278e-01 +2.0571194e-02 -8.4276667e-01 -1.2291750e-02 +2.0539437e+04
3.0944200e-01 +8.0000000e-02 +1.5478817e+01 +1.1514633e-01 +2.9095000e-02 +4.0161111e+00 +1.5890917e+00 +9.5108611e-01 +2.2918000e-02 -8.4561111e-01 -1.1671056e-02 +2.0629923e+04
3.1601900e-01 +8.0000000e-02 +1.5474400e+01 +1.1509267e-01 +3.2247333e-02 +4.0346667e+00 +1.5980139e+00 +9.5500833e-01 +2.5291028e-02 -8.4952778e-01 -1.0549139e-02 +2.0725090e+04
3.2266100e-01 +8.0000000e-02 +1.5468817e+01 +1.1452533e-01 +3.5716167e-02 +4.0535278e+00 +1.6070389e+00 +9.5888611e-01 +2.7775194e-02 -8.5483889e-01 -9.3419722e-03 +2.0831678e+04
3.2936900e-01 +8.0000000e-02 +1.5462867e+01 +1.1361117e-01 +3.9591500e-02 +4.0747500e+00 +1.6163417e+00 +9.6312500e-01 +3.0281667e-02 -8.6153056e-01 -8.0951667e-03 +2.0923913e+04
3.3613900e-01 +8.0000000e-02 +1.5456833e+01 +1.1256217e-01 +4.3471333e-02 +4.0978889e+00 +1.6261639e+00 +9.6725000e-01 +3.2129444e-02 -8.6845556e-01 -6.2991111e-03 +2.0995197e+04
3.4297000e-01 +8.0000000e-02 +1.5450650e+01 +1.1138450e-01 +4.7270667e-02 +4.1199444e+00 +1.6366722e+00 +9.7039167e-01 +3.3108056e-02 -8.7472222e-01 -3.9838889e-03 +2.1043381e+04
3.4985900e-01 +8.0000000e-02 +1.5444383e+01 +1.0993233e-01 +5.1129333e-02 +4.1379444e+00 +1.6476417e+00 +9.7361389e-01 +3.3753611e-02 -8.7937500e-01 -1.5911583e-03 +2.1099277e+04
3.5680600e-01 +8.0000000e-02 +1.5438000e+01 +1.0807883e-01 +5.5137000e-02 +4.1524167e+00 +1.6583278e+00 +9.7726667e-01 +3.4394722e-02 -8.8213611e-01 +2.8262500e-04 +2.1159351e+04
3.6380700e-01 +8.0000000e-02 +1.5431867e+01 +1.0584833e-01 +5.9151833e-02 +4.1610556e+00 +1.6679389e+00 +9.8020000e-01 +3.5220278e-02 -8.8333889e-01 +1.0902083e-03 +2.1207341e+04
3.7086000e-01 +8.0000000e-02 +1.5425767e+01 +1.0335000e-01 +6.2587167e-02 +4.1640278e+00 +1.6760139e+00 +9.8176944e-01 +3.6490278e-02 -8.8398611e-01 +7.5805556e-04 +2.1253874e+04
3.7796300e-01 +8.0000000e-02 +1.5419483e+01 +1.0037717e-01 +6.5259000e-02 +4.1610278e+00 +1.6827083e+00 +9.8342778e-01 +3.8290278e-02 -8.8473056e-01 +3.3797222e-04 +2.1292875e+04
3.8511300e-01 +8.0000000e-02 +1.5413233e+01 +9.6646833e-02 +6.7618167e-02 +4.1532222e+00 +1.6887583e+00 +9.8606111e-01 +3.9549722e-02 -8.8584722e-01 +6.7950556e-04 +2.1352459e+04
3.9230900e-01 +8.0000000e-02 +1.5407717e+01 +9.2109500e-02 +6.9564333e-02 +4.1422778e+00 +1.6947083e+00 +9.8896389e-01 +3.9783611e-02 -8.8613056e-01 +1.6403083e-03 +2.1418986e+04
3.9954700e-01 +8.0000000e-02 +1.5402933e+01 +8.6780667e-02 +7.0804833e-02 +4.1279167e+00 +1.7005167e+00 +9.9207222e-01 +3.8326111e-02 -8.8535833e-01 +3.2444722e-03 +2.1478222e+04
4.0682400e-01 +8.0000000e-02 +1.5397750e+01 +8.0659333e-02 +7.1670833e-02 +4.1154444e+00 +1.7058889e+00 +9.9441111e-01 +3.6051111e-02 -8.8439444e-01 +4.7996111e-03 +2.1536798e+04
4.1413900e-01 +8.0000000e-02 +1.5392033e+01 +7.3766167e-02 +7.2471667e-02 +4.1051944e+00 +1.7108667e+00 +9.9591111e-01 +3.4530556e-02 -8.8197778e-01 +5.4845000e-03 +2.1602671e+04
4.2148900e-01 +8.0000000e-02 +1.5386083e+01 +6.6371333e-02 +7.3294000e-02 +4.0939167e+00 +1.7158778e+00 +9.9680278e-01 +3.4168611e-02 -8.7712222e-01 +5.2052500e-03 +2.1699238e+04
4.2886900e-01 +8.0000000e-02 +1.5379950e+01 +5.8727000e-02 +7.4403000e-02 +4.0844722e+00 +1.7211639e+00 +9.9826389e-01 +3.5387222e-02 -8.7209167e-01 +3.8481111e-03 +2.1801959e+04
4.3627900e-01 +8.0000000e-02 +1.5373450e+01 +5.0997333e-02 +7.5738167e-02 +4.0781111e+00 +1.7266778e+00 +1.0000000e+00 +3.7992222e-02 -8.6876667e-01 +2.1391167e-03 +2.1909288e+04
4.4371400e-01 +8.0000000e-02 +1.5366483e+01 +4.3454667e-02 +7.7213167e-02 +4.0751111e+00 +1.7324694e+00 +1.0022639e+00 +4.0512778e-02 -8.6772500e-01 +4.8402778e-04 +2.2016802e+04
4.5117200e-01 +8.0000000e-02 +1.5359200e+01 +3.6396833e-02 +7.9014333e-02 +4.0753611e+00 +1.7384833e+00 +1.0065111e+00 +4.1443889e-02 -8.6905833e-01 -1.0485167e-03 +2.2125699e+04
4.5865000e-01 +8.0000000e-02 +1.5351550e+01 +2.9782833e-02 +8.1102333e-02 +4.0795000e+00 +1.7443333e+00 +1.0120472e+00 +3.9645833e-02 -8.7317778e-01 -2.0347472e-03 +2.2220996e+04
4.6614500e-01 +8.0000000e-02 +1.5343800e+01 +2.3408833e-02 +8.3485833e-02 +4.0898611e+00 +1.7496806e+00 +1.0167306e+00 +3.5523611e-02 -8.7999444e-01 -2.0745278e-03 +2.2277778e+04
4.7365400e-01 +8.0000000e-02 +1.5336583e+01 +1.7184000e-02 +8.6011333e-02 +4.1040000e+00 +1.7542528e+00 +1.0190250e+00 +2.9693889e-02 -8.8732500e-01 -1.7191917e-03 +2.2300148e+04
4.8117400e-01 +8.0000000e-02 +1.5330317e+01 +1.1218633e-02 +8.8610333e-02 +4.1154167e+00 +1.7577444e+00 +1.0204750e+00 +2.2207917e-02 -8.9368333e-01 -1.3212361e-03 +2.2330251e+04
4.8870100e-01 +8.0000000e-02 +1.5325467e+01 +5.5064667e-03 +9.1111833e-02 +4.1234167e+00 +1.7600528e+00 +1.0237056e+00 +1.3722750e-02 -8.9856667e-01 -8.7359444e-04 +2.2338774e+04
4.9623300e-01 +8.0000000e-02 +1.5322883e+01 +0.0000000e+00 +9.2755500e-02 +4.1284444e+00 +1.7611639e+00 +1.0263917e+00 +4.6045000e-03 -9.0114444e-01 -3.8810556e-04 +2.2323361e+04
5.0376700e-01 +8.0000000e-02 +1.5322883e+01 -5.5064667e-03 +9.2755500e-02 +4.1284444e+00 +1.7611639e+00 +1.0263917e+00 -4.6045000e-03 -9.0114444e-01 +3.8810556e-04 +2.2323361e+04
5.1129900e-01 +8.0000000e-02 +1.5325467e+01 -1.1218633e-02 +9.1111833e-02 +4.1234167e+00 +1.7600528e+00 +1.0237056e+00 -1.3722750e-02 -8.9856667e-01 +8.7359444e-04 +2.2338774e+04
5.1882600e-01 +8.0000000e-02 +1.5330317e+01 -1.7184000e-02 +8.8610333e-02 +4.1154167e+00 +1.7577444e+00 +1.0204750e+00 -2.2207917e-02 -8.9368333e-01 +1.3212361e-03 +2.2330251e+04
5.2634600e-01 +8.0000000e-02 +1.5336583e+01 -2.3408833e-02 +8.6011333e-02 +4.1040000e+00 +1.7542528e+00 +1.0190250e+00 -2.9693889e-02 -8.8732500e-01 +1.7191917e-03 +2.2300148e+04
5.3385500e-01 +8.0000000e-02 +1.5343800e+01 -2.9782833e-02 +8.3485833e-02 +4.0898611e+00 +1.7496806e+00 +1.0167306e+00 -3.5523611e-02 -8.7999444e-01 +2.0745278e-03 +2.2277778e+04
5.4135000e-01 +8.0000000e-02 +1.5351550e+01 -3.6396833e-02 +8.1102333e-02 +4.0795000e+00 +1.7443333e+00 +1.0120472e+00 -3.9645833e-02 -8.7317778e-01 +2.0347472e-03 +2.2220996e+04
5.4882800e-01 +8.0000000e-02 +1.5359200e+01 -4.3454667e-02 +7.9014333e-02 +4.0753611e+00 +1.7384833e+00 +1.0065111e+00 -4.1443889e-02 -8.6905833e-01 +1.0485167e-03 +2.2125699e+04
5.5628600e-01 +8.0000000e-02 +1.5366483e+01 -5.0997333e-02 +7.7213167e-02 +4.0751111e+00 +1.7324694e+00 +1.0022639e+00 -4.0512778e-02 -8.6772500e-01 -4.8402778e-04 +2.2016802e+04
5.6372100e-01 +8.0000000e-02 +1.5373450e+01 -5.8727000e-02 +7.5738167e-02 +4.0781111e+00 +1.7266778e+00 +1.0000000e+00 -3.7992222e-02 -8.6876667e-01 -2.1391167e-03 +2.1909288e+04
5.7113100e-01 +8.0000000e-02 +1.5379950e+01 -6.6371333e-02 +7.4403000e-02 +4.0844722e+00 +1.7211639e+00 +9.9826389e-01 -3.5387222e-02 -8.7209167e-01 -3.8481111e-03 +2.1801959e+04
5.7851100e-01 +8.0000000e-02 +1.5386083e+01 -7.3766167e-02 +7.3294000e-02 +4.0939167e+00 +1.7158778e+00 +9.9680278e-01 -3.4168611e-02 -8.7712222e-01 -5.2052500e-03 +2.1699238e+04
5.8586100e-01 +8.0000000e-02 +1.5392033e+01 -8.0659333e-02 +7.2471667e-02 +4.1051944e+00 +1.7108667e+00 +9.9591111e-01 -3.4530556e-02 -8.8197778e-01 -5.4845000e-03 +2.1602671e+04
5.9317600e-01 +8.0000000e-02 +1.5397750e+01 -8.6780667e-02 +7.1670833e-02 +4.1154444e+00 +1.7058889e+00 +9.9441111e-01 -3.6051111e-02 -8.8439444e-01 -4.7996111e-03 +2.1536798e+04
6.0045300e-01 +8.0000000e-02 +1.5402933e+01 -9.2109500e-02 +7.0804833e-02 +4.1279167e+00 +1.7005167e+00 +9.9207222e-01 -3.8326111e-02 -8.8535833e-01 -3.2444722e-03 +2.1478222e+04
6.0769100e-01 +8.0000000e-02 +1.5407717e+01 -9.6646833e-02 +6.9564333e-02 +4.1422778e+00 +1.6947083e+00 +9.8896389e-01 -3.9783611e-02 -8.8613056e-01 -1.6403083e-03 +2.1418986e+04
6.1488700e-01 +8.0000000e-02 +1.5413233e+01 -1.0037717e-01 +6.7618167e-02 +4.1532222e+00 +1.6887583e+00 +9.8606111e-01 -3.9549722e-02 -8.8584722e-01 -6.7950556e-04 +2.1352459e+04
6.2203700e-01 +8.0000000e-02 +1.5419483e+01 -1.0335000e-01 +6.5259000e-02 +4.1610278e+00 +1.6827083e+00 +9.8342778e-01 -3.8290278e-02 -8.8473056e-01 -3.3797222e-04 +2.1292875e+04
6.2914000e-01 +8.0000000e-02 +1.5425767e+01 -1.0584833e-01 +6.2587167e-02 +4.1640278e+00 +1.6760139e+00 +9.8176944e-01 -3.6490278e-02 -8.8398611e-01 -7.5805556e-04 +2.1253874e+04
6.3619300e-01 +8.0000000e-02 +1.5431867e+01 -1.0807883e-01 +5.9151833e-02 +4.1610556e+00 +1.6679389e+00 +9.8020000e-01 -3.5220278e-02 -8.8333889e-01 -1.0902083e-03 +2.1207341e+04
6.4319400e-01 +8.0000000e-02 +1.5438000e+01 -1.0993233e-01 +5.5137000e-02 +4.1524167e+00 +1.6583278e+00 +9.7726667e-01 -3.4394722e-02 -8.8213611e-01 -2.8262500e-04 +2.1159351e+04
6.5014100e-01 +8.0000000e-02 +1.5444383e+01 -1.1138450e-01 +5.1129333e-02 +4.1379444e+00 +1.6476417e+00 +9.7361389e-01 -3.3753611e-02 -8.7937500e-01 +1.5911583e-03 +2.1099277e+04
6.5703000e-01 +8.0000000e-02 +1.5450650e+01 -1.1256217e-01 +4.7270667e-02 +4.1199444e+00 +1.6366722e+00 +9.7039167e-01 -3.3108056e-02 -8.7472222e-01 +3.9838889e-03 +2.1043381e+04
6.6386100e-01 +8.0000000e-02 +1.5456833e+01 -1.1361117e-01 +4.3471333e-02 +4.0978889e+00 +1.6261639e+00 +9.6725000e-01 -3.2129444e-02 -8.6845556e-01 +6.2991111e-03 +2.0995197e+04
6.7063100e-01 +8.0000000e-02 +1.5462867e+01 -1.1452533e-01 +3.9591500e-02 +4.0747500e+00 +1.6163417e+00 +9.6312500e-01 -3.0281667e-02 -8.6153056e-01 +8.0951667e-03 +2.0923913e+04
6.7733900e-01 +8.0000000e-02 +1.5468817e+01 -1.1509267e-01 +3.5716167e-02 +4.0535278e+00 +1.6070389e+00 +9.5888611e-01 -2.7775194e-02 -8.5483889e-01 +9.3419722e-03 +2.0831678e+04
6.8398100e-01 +8.0000000e-02 +1.5474400e+01 -1.1514633e-01 +3.2247333e-02 +4.0346667e+00 +1.5980139e+00 +9.5500833e-01 -2.5291028e-02 -8.4952778e-01 +1.0549139e-02 +2.0725090e+04
6.9055800e-01 +8.0000000e-02 +1.5478817e+01 -1.1458467e-01 +2.9095000e-02 +4.0161111e+00 +1.5890917e+00 +9.5108611e-01 -2.2918000e-02 -8.4561111e-01 +1.1671056e-02 +2.0629923e+04
6.9706600e-01 +8.0000000e-02 +1.5481750e+01 -1.1338600e-01 +2.5863500e-02 +3.9985278e+00 +1.5800472e+00 +9.4780278e-01 -2.0571194e-02 -8.4276667e-01 +1.2291750e-02 +2.0539437e+04
7.0350400e-01 +8.0000000e-02 +1.5483383e+01 -1.1164600e-01 +2.2403333e-02 +3.9843333e+00 +1.5706778e+00 +9.4573889e-01 -1.8083639e-02 -8.4089167e-01 +1.2673306e-02 +2.0426564e+04
7.0987200e-01 +8.0000000e-02 +1.5484050e+01 -1.0944817e-01 +1.8740833e-02 +3.9716111e+00 +1.5608917e+00 +9.4426389e-01 -1.5155667e-02 -8.3963611e-01 +1.3178639e-02 +2.0312949e+04
7.1616700e-01 +8.0000000e-02 +1.5484067e+01 -1.0684833e-01 +1.4967233e-02 +3.9567222e+00 +1.5505833e+00 +9.4237778e-01 -1.1491472e-02 -8.3785556e-01 +1.3735556e-02 +2.0225937e+04
7.2238800e-01 +8.0000000e-02 +1.5483833e+01 -1.0388000e-01 +1.1106200e-02 +3.9396667e+00 +1.5395000e+00 +9.4016944e-01 -7.1719167e-03 -8.3543056e-01 +1.4351722e-02 +2.0127544e+04
7.2853400e-01 +8.0000000e-02 +1.5483400e+01 -1.0046133e-01 +7.2532167e-03 +3.9227778e+00 +1.5272583e+00 +9.3743333e-01 -2.4573250e-03 -8.3303333e-01 +1.5031139e-02 +2.0005231e+04
7.3460400e-01 +8.0000000e-02 +1.5482433e+01 -9.6557333e-02 +3.4759167e-03 +3.9060278e+00 +1.5136972e+00 +9.3417222e-01 +2.5046361e-03 -8.3056111e-01 +1.6090389e-02 +1.9891431e+04
7.4059600e-01 +8.0000000e-02 +1.5480567e+01 -9.2284167e-02 -2.7892833e-04 +3.8876389e+00 +1.4990722e+00 +9.3043889e-01 +7.4828889e-03 -8.2749722e-01 +1.7716417e-02 +1.9801019e+04
7.4651100e-01 +8.0000000e-02 +1.5477983e+01 -8.7758667e-02 -3.8300833e-03 +3.8670278e+00 +1.4839556e+00 +9.2609722e-01 +1.2345222e-02 -8.2364444e-01 +1.9617167e-02 +1.9722090e+04
7.5234600e-01 +8.0000000e-02 +1.5474917e+01 -8.2979000e-02 -7.0890833e-03 +3.8446944e+00 +1.4689722e+00 +9.2112222e-01 +1.7241111e-02 -8.1934167e-01 +2.1285556e-02 +1.9631411e+04
7.5810200e-01 +8.0000000e-02 +1.5471533e+01 -7.7916167e-02 -1.0150417e-02 +3.8211111e+00 +1.4545417e+00 +9.1619722e-01 +2.2288111e-02 -8.1498056e-01 +2.2283194e-02 +1.9514844e+04
7.6377700e-01 +8.0000000e-02 +1.5468167e+01 -7.2490500e-02 -1.3250500e-02 +3.7960833e+00 +1.4407833e+00 +9.1182222e-01 +2.7242806e-02 -8.1021667e-01 +2.2740417e-02 +1.9376080e+04
7.6937100e-01 +8.0000000e-02 +1.5464633e+01 -6.6581500e-02 -1.6490533e-02 +3.7715556e+00 +1.4275333e+00 +9.0775000e-01 +3.1961111e-02 -8.0500000e-01 +2.3035028e-02 +1.9208039e+04
7.7488300e-01 +8.0000000e-02 +1.5460783e+01 -6.0171333e-02 -1.9727667e-02 +3.7484167e+00 +1.4143944e+00 +9.0372222e-01 +3.6464167e-02 -7.9952778e-01 +2.3303944e-02 +1.9012499e+04
7.8031300e-01 +8.0000000e-02 +1.5456667e+01 -5.3327000e-02 -2.2988167e-02 +3.7255278e+00 +1.4009083e+00 +8.9937500e-01 +4.0790556e-02 -7.9354167e-01 +2.3549306e-02 +1.8815200e+04
7.8566100e-01 +8.0000000e-02 +1.5452383e+01 -4.6041833e-02 -2.6335333e-02 +3.7012778e+00 +1.3868083e+00 +8.9410000e-01 +4.5296111e-02 -7.8635000e-01 +2.3853944e-02 +1.8633406e+04
7.9092500e-01 +8.0000000e-02 +1.5448117e+01 -3.8288000e-02 -2.9624500e-02 +3.6741944e+00 +1.3720083e+00 +8.8764722e-01 +5.0113889e-02 -7.7748611e-01 +2.4227778e-02 +1.8462745e+04
7.9610700e-01 +8.0000000e-02 +1.5443850e+01 -3.0080500e-02 -3.2722667e-02 +3.6453056e+00 +1.3564222e+00 +8.8046667e-01 +5.5012222e-02 -7.6778056e-01 +2.4382611e-02 +1.8286163e+04
8.0120600e-01 +8.0000000e-02 +1.5439450e+01 -2.1460167e-02 -3.5697167e-02 +3.6172222e+00 +1.3400389e+00 +8.7320833e-01 +5.9839167e-02 -7.5824722e-01 +2.4167806e-02 +1.8078732e+04
8.0622200e-01 +8.0000000e-02 +1.5434867e+01 -1.2451417e-02 -3.8611667e-02 +3.5909722e+00 +1.3229278e+00 +8.6599167e-01 +6.4478889e-02 -7.4897500e-01 +2.3860917e-02 +1.7845805e+04
8.1115500e-01 +8.0000000e-02 +1.5430033e+01 -3.0844167e-03 -4.1464167e-02 +3.5656944e+00 +1.3052000e+00 +8.5902500e-01 +6.8849722e-02 -7.3971389e-01 +2.3889944e-02 +1.7611915e+04
8.1600400e-01 +8.0000000e-02 +1.5424967e+01 +6.5824167e-03 -4.4320167e-02 +3.5399722e+00 +1.2870167e+00 +8.5245833e-01 +7.3035833e-02 -7.2995833e-01 +2.4530972e-02 +1.7380336e+04
8.2077100e-01 +8.0000000e-02 +1.5419683e+01 +1.6502283e-02 -4.7292833e-02 +3.5124167e+00 +1.2685778e+00 +8.4570556e-01 +7.7135833e-02 -7.1879167e-01 +2.5783528e-02 +1.7155928e+04
8.2545400e-01 +8.0000000e-02 +1.5414100e+01 +2.6625167e-02 -5.0489500e-02 +3.4825278e+00 +1.2500639e+00 +8.3857500e-01 +8.1222500e-02 -7.0611389e-01 +2.7401611e-02 +1.6934103e+04
8.3005600e-01 +8.0000000e-02 +1.5408300e+01 +3.6903833e-02 -5.4006000e-02 +3.4509167e+00 +1.2315611e+00 +8.3178611e-01 +8.5341389e-02 -6.9277500e-01 +2.9137500e-02 +1.6707488e+04
8.3457500e-01 +8.0000000e-02 +1.5402333e+01 +4.7290000e-02 -5.7976500e-02 +3.4177500e+00 +1.2131083e+00 +8.2586111e-01 +8.9462778e-02 -6.7934167e-01 +3.0860556e-02 +1.6476840e+04
8.3901200e-01 +8.0000000e-02 +1.5396150e+01 +5.7739333e-02 -6.2545167e-02 +3.3828056e+00 +1.1946889e+00 +8.2059444e-01 +9.3618056e-02 -6.6563056e-01 +3.2417778e-02 +1.6245923e+04
8.4336800e-01 +8.0000000e-02 +1.5389533e+01 +6.8208500e-02 -6.7745333e-02 +3.3461944e+00 +1.1762583e+00 +8.1567500e-01 +9.7882222e-02 -6.5132778e-01 +3.3742778e-02 +1.6014873e+04
8.4764300e-01 +8.0000000e-02 +1.5382350e+01 +7.8660667e-02 -7.3472167e-02 +3.3082500e+00 +1.1577278e+00 +8.1089444e-01 +1.0232361e-01 -6.3631944e-01 +3.4907778e-02 +1.5785601e+04
8.5183800e-01 +8.0000000e-02 +1.5374583e+01 +8.9057667e-02 -7.9550000e-02 +3.2692500e+00 +1.1389667e+00 +8.0607778e-01 +1.0694583e-01 -6.2068611e-01 +3.6028611e-02 +1.5560867e+04
8.5595300e-01 +8.0000000e-02 +1.5366283e+01 +9.9347333e-02 -8.5832833e-02 +3.2294722e+00 +1.1198667e+00 +8.0114167e-01 +1.1160000e-01 -6.0466389e-01 +3.7242778e-02 +1.5342330e+04
8.5998900e-01 +8.0000000e-02 +1.5357483e+01 +1.0946533e-01 -9.2268500e-02 +3.1894167e+00 +1.1004250e+00 +7.9616667e-01 +1.1608722e-01 -5.8836944e-01 +3.8714722e-02 +1.5127780e+04
8.6394600e-01 +8.0000000e-02 +1.5348183e+01 +1.1934133e-01 -9.8875333e-02 +3.1496111e+00 +1.0807222e+00 +7.9140833e-01 +1.2030861e-01 -5.7172222e-01 +4.0603611e-02 +1.4915601e+04
8.6782500e-01 +8.0000000e-02 +1.5338300e+01 +1.2891117e-01 -1.0568033e-01 +3.1105833e+00 +1.0608778e+00 +7.8714167e-01 +1.2429306e-01 -5.5474722e-01 +4.3027222e-02 +1.4707857e+04
8.7162800e-01 +8.0000000e-02 +1.5327683e+01 +1.3812900e-01 -1.1267417e-01 +3.0728611e+00 +1.0409917e+00 +7.8345556e-01 +1.2816056e-01 -5.3756389e-01 +4.6015000e-02 +1.4508309e+04
8.7535300e-01 +8.0000000e-02 +1.5316133e+01 +1.4696183e-01 -1.1981450e-01 +3.0364167e+00 +1.0211306e+00 +7.8027222e-01 +1.3207500e-01 -5.2010278e-01 +4.9508889e-02 +1.4324070e+04
8.7900400e-01 +8.0000000e-02 +1.5303483e+01 +1.5536850e-01 -1.2705600e-01 +3.0012222e+00 +1.0013500e+00 +7.7750556e-01 +1.3617194e-01 -5.0223889e-01 +5.3382222e-02 +1.4158308e+04
8.8257900e-01 +8.0000000e-02 +1.5289550e+01 +1.6329500e-01 -1.3438367e-01 +2.9675833e+00 +9.8168889e-01 +7.7500278e-01 +1.4053278e-01 -4.8393333e-01 +5.7453889e-02 +1.4007038e+04
8.8608100e-01 +8.0000000e-02 +1.5274217e+01 +1.7068000e-01 -1.4181783e-01 +2.9360278e+00 +9.6213889e-01 +7.7255556e-01 +1.4523333e-01 -4.6508889e-01 +6.1529444e-02 +1.3867742e+04
8.8951000e-01 +8.0000000e-02 +1.5257400e+01 +1.7746167e-01 -1.4936517e-01 +2.9070000e+00 +9.4265278e-01 +7.7000000e-01 +1.5036694e-01 -4.4561667e-01 +6.5461389e-02 +1.3743472e+04
8.9286600e-01 +8.0000000e-02 +1.5239050e+01 +1.8358500e-01 -1.5697267e-01 +2.8809444e+00 +9.2318889e-01 +7.6730000e-01 +1.5603500e-01 -4.2555556e-01 +6.9168333e-02 +1.3635561e+04
8.9615100e-01 +8.0000000e-02 +1.5219100e+01 +1.8901833e-01 -1.6453250e-01 +2.8583056e+00 +9.0373333e-01 +7.6450278e-01 +1.6233361e-01 -4.0502500e-01 +7.2611944e-02 +1.3543209e+04
8.9936600e-01 +8.0000000e-02 +1.5197400e+01 +1.9374833e-01 -1.7191167e-01 +2.8395833e+00 +8.8427778e-01 +7.6169167e-01 +1.6933250e-01 -3.8413333e-01 +7.5775556e-02 +1.3467658e+04
9.0251200e-01 +8.0000000e-02 +1.5173717e+01 +1.9777833e-01 -1.7898000e-01 +2.8251944e+00 +8.6481667e-01 +7.5898056e-01 +1.7706194e-01 -3.6295278e-01 +7.8655000e-02 +1.3410220e+04
9.0558900e-01 +8.0000000e-02 +1.5147783e+01 +2.0111833e-01 -1.8560333e-01 +2.8155833e+00 +8.4533889e-01 +7.5647222e-01 +1.8552111e-01 -3.4155278e-01 +8.1261111e-02 +1.3371890e+04
9.0859900e-01 +8.0000000e-02 +1.5119333e+01 +2.0377500e-01 -1.9165000e-01 +2.8110000e+00 +8.2581944e-01 +7.5419722e-01 +1.9467361e-01 -3.2008611e-01 +8.3602222e-02 +1.3356009e+04
9.1154300e-01 +8.0000000e-02 +1.5088050e+01 +2.0575333e-01 -1.9699167e-01 +2.8115556e+00 +8.0623056e-01 +7.5212500e-01 +2.0445000e-01 -2.9874722e-01 +8.5673889e-02 +1.3368818e+04
9.1442100e-01 +8.0000000e-02 +1.5053683e+01 +2.0705833e-01 -2.0151333e-01 +2.8173056e+00 +7.8654722e-01 +7.5020556e-01 +2.1477500e-01 -2.7773111e-01 +8.7471667e-02 +1.3415610e+04
9.1723400e-01 +8.0000000e-02 +1.5015967e+01 +2.0770333e-01 -2.0511333e-01 +2.8284722e+00 +7.6675833e-01 +7.4841111e-01 +2.2559361e-01 -2.5715417e-01 +8.9015000e-02 +1.3497728e+04
9.1998500e-01 +8.0000000e-02 +1.4974667e+01 +2.0770667e-01 -2.0769667e-01 +2.8451389e+00 +7.4685000e-01 +7.4674722e-01 +2.3686667e-01 -2.3704444e-01 +9.0345000e-02 +1.3614513e+04
9.2267300e-01 +8.0000000e-02 +1.4929567e+01 +2.0709333e-01 -2.0916167e-01 +2.8673611e+00 +7.2680833e-01 +7.4523889e-01 +2.4855639e-01 -2.1739667e-01 +9.1504167e-02 +1.3766793e+04
9.2529900e-01 +8.0000000e-02 +1.4880500e+01 +2.0587500e-01 -2.0941333e-01 +2.8951111e+00 +7.0661389e-01 +7.4391944e-01 +2.6062333e-01 -1.9822028e-01 +9.2521111e-02 +1.3957028e+04
9.2786600e-01 +8.0000000e-02 +1.4827283e+01 +2.0406667e-01 -2.0838333e-01 +2.9284167e+00 +6.8624167e-01 +7.4279444e-01 +2.7303722e-01 -1.7954806e-01 +9.3403611e-02 +1.4185706e+04
9.3037300e-01 +8.0000000e-02 +1.4769750e+01 +2.0168500e-01 -2.0601833e-01 +2.9673611e+00 +6.6567500e-01 +7.4182778e-01 +2.8577222e-01 -1.6141806e-01 +9.4140556e-02 +1.4451739e+04
9.3282200e-01 +8.0000000e-02 +1.4707700e+01 +1.9874833e-01 -2.0228000e-01 +3.0119444e+00 +6.4489444e-01 +7.4091944e-01 +2.9878333e-01 -1.4384750e-01 +9.4710833e-02 +1.4756462e+04
9.3521400e-01 +8.0000000e-02 +1.4640967e+01 +1.9528500e-01 -1.9713167e-01 +3.0621111e+00 +6.2388611e-01 +7.3993056e-01 +3.1198611e-01 -1.2684194e-01 +9.5093889e-02 +1.5104334e+04
9.3754900e-01 +8.0000000e-02 +1.4569283e+01 +1.9132500e-01 -1.9055500e-01 +3.1178056e+00 +6.0263611e-01 +7.3871389e-01 +3.2527500e-01 -1.1041639e-01 +9.5275556e-02 +1.5499827e+04
9.3983000e-01 +8.0000000e-02 +1.4492383e+01 +1.8689833e-01 -1.8253333e-01 +3.1791111e+00 +5.8113056e-01 +7.3714722e-01 +3.3855556e-01 -9.4590000e-02 +9.5251111e-02 +1.5944497e+04
9.4205600e-01 +8.0000000e-02 +1.4409917e+01 +1.8203333e-01 -1.7306500e-01 +3.2461111e+00 +5.5935833e-01 +7.3515556e-01 +3.5173333e-01 -7.9363056e-02 +9.5022222e-02 +1.6438157e+04
9.4422900e-01 +8.0000000e-02 +1.4321517e+01 +1.7676333e-01 -1.6216100e-01 +3.3188333e+00 +5.3731944e-01 +7.3270833e-01 +3.6473056e-01 -6.4718056e-02 +9.4595556e-02 +1.6981158e+04
9.4635000e-01 +8.0000000e-02 +1.4226783e+01 +1.7112333e-01 -1.4984117e-01 +3.3971944e+00 +5.1501389e-01 +7.2981111e-01 +3.7747500e-01 -5.0636111e-02 +9.3980000e-02 +1.7574322e+04
9.4842100e-01 +8.0000000e-02 +1.4125300e+01 +1.6515000e-01 -1.3614933e-01 +3.4810556e+00 +4.9246111e-01 +7.2647500e-01 +3.8988333e-01 -3.7098611e-02 +9.3181111e-02 +1.8217708e+04
9.5044100e-01 +8.0000000e-02 +1.4016617e+01 +1.5888583e-01 -1.2115050e-01 +3.5702500e+00 +4.6968889e-01 +7.2271389e-01 +4.0186944e-01 -2.4066000e-02 +9.2198333e-02 +1.8910476e+04
9.5241200e-01 +8.0000000e-02 +1.3900217e+01 +1.5237167e-01 -1.0492933e-01 +3.6645278e+00 +4.4673333e-01 +7.1854167e-01 +4.1333056e-01 -1.1460750e-02 +9.1024167e-02 +1.9650130e+04
9.5433500e-01 +8.0000000e-02 +1.3775533e+01 +1.4565017e-01 -8.7581333e-02 +3.7636111e+00 +4.2364167e-01 +7.1398056e-01 +4.2415000e-01 +8.2323889e-04 +8.9647500e-02 +2.0432896e+04
9.5621000e-01 +8.0000000e-02 +1.3641950e+01 +1.3876350e-01 -6.9208167e-02 +3.8669722e+00 +4.0047778e-01 +7.0906944e-01 +4.3419167e-01 +1.2883250e-02 +8.8055000e-02 +2.1255618e+04
9.5804000e-01 +8.0000000e-02 +1.3498783e+01 +1.3175367e-01 -4.9916333e-02 +3.9739167e+00 +3.7731389e-01 +7.0383611e-01 +4.4328333e-01 +2.4774500e-02 +8.6233611e-02 +2.2116282e+04
9.5982400e-01 +8.0000000e-02 +1.3345283e+01 +1.2466183e-01 -2.9820667e-02 +4.0836389e+00 +3.5424167e-01 +6.9829167e-01 +4.5122778e-01 +3.6507778e-02 +8.4172222e-02 +2.3012792e+04
9.6156500e-01 +8.0000000e-02 +1.3180650e+01 +1.1752717e-01 -9.0474833e-03 +4.1951944e+00 +3.3135278e-01 +6.9241667e-01 +4.5780556e-01 +4.8077778e-02 +8.1864722e-02 +2.3941113e+04
9.6326200e-01 +8.0000000e-02 +1.3004033e+01 +1.1038767e-01 +1.2261750e-02 +4.3074444e+00 +3.0874722e-01 +6.8617500e-01 +4.6278611e-01 +5.9500556e-02 +7.9309167e-02 +2.4894567e+04
9.6491600e-01 +8.0000000e-02 +1.2814533e+01 +1.0327983e-01 +3.3951333e-02 +4.4191667e+00 +2.8652500e-01 +6.7950833e-01 +4.6594167e-01 +7.0831944e-02 +7.6508333e-02 +2.5862578e+04
9.6652900e-01 +8.0000000e-02 +1.2611283e+01 +9.6239167e-02 +5.5852833e-02 +4.5288333e+00 +2.6477361e-01 +6.7234444e-01 +4.6706389e-01 +8.2160833e-02 +7.3469167e-02 +2.6830342e+04
9.6810200e-01 +8.0000000e-02 +1.2393367e+01 +8.9300500e-02 +7.7789000e-02 +4.6346389e+00 +2.4357972e-01 +6.6460278e-01 +4.6595000e-01 +9.3586944e-02 +7.0204444e-02 +2.7779705e+04
9.6963500e-01 +8.0000000e-02 +1.2159933e+01 +8.2498333e-02 +9.9575000e-02 +4.7343889e+00 +2.2302333e-01 +6.5618889e-01 +4.6242778e-01 +1.0519444e-01 +6.6731389e-02 +2.8690950e+04
9.7112900e-01 +8.0000000e-02 +1.1910117e+01 +7.5865833e-02 +1.2102067e-01 +4.8254167e+00 +2.0317917e-01 +6.4701389e-01 +4.5635000e-01 +1.1702833e-01 +6.3071111e-02 +2.9544238e+04
9.7258500e-01 +8.0000000e-02 +1.1643150e+01 +6.9435167e-02 +1.4193000e-01 +4.9047778e+00 +1.8411722e-01 +6.3698889e-01 +4.4759167e-01 +1.2907750e-01 +5.9248611e-02 +3.0317689e+04
9.7400400e-01 +8.0000000e-02 +1.1358333e+01 +6.3236333e-02 +1.6210200e-01 +4.9690000e+00 +1.6590306e-01 +6.2603333e-01 +4.3606944e-01 +1.4126528e-01 +5.5291111e-02 +3.0989017e+04
9.7538700e-01 +8.0000000e-02 +1.1055067e+01 +5.7296667e-02 +1.8133000e-01 +5.0143611e+00 +1.4859417e-01 +6.1406389e-01 +4.2174167e-01 +1.5344417e-01 +5.1229722e-02 +3.1535768e+04
9.7673400e-01 +8.0000000e-02 +1.0732867e+01 +5.1640000e-02 +1.9940667e-01 +5.0368333e+00 +1.3224111e-01 +6.0099722e-01 +4.0463611e-01 +1.6539472e-01 +4.7098889e-02 +3.1938975e+04
9.7804700e-01 +8.0000000e-02 +1.0391433e+01 +4.6286167e-02 +2.1611667e-01 +5.0322500e+00 +1.1688389e-01 +5.8675833e-01 +3.8484722e-01 +1.7682639e-01 +4.2937222e-02 +3.2186090e+04
9.7932500e-01 +8.0000000e-02 +1.0030617e+01 +4.1250333e-02 +2.3125000e-01 +4.9963611e+00 +1.0255194e-01 +5.7127778e-01 +3.6253889e-01 +1.8738250e-01 +3.8785556e-02 +3.2274638e+04
9.8057100e-01 +8.0000000e-02 +9.6505500e+00 +3.6543167e-02 +2.4460167e-01 +4.9251667e+00 +8.9263611e-02 +5.5448611e-01 +3.3796944e-01 +1.9664917e-01 +3.4687778e-02 +3.2213250e+04
9.8178500e-01 +8.0000000e-02 +9.2515833e+00 +3.2170500e-02 +2.5597167e-01 +4.8152222e+00 +7.7026389e-02 +5.3632222e-01 +3.1146667e-01 +2.0417167e-01 +3.0688889e-02 +3.2025511e+04
9.8296700e-01 +8.0000000e-02 +8.8343333e+00 +2.8133500e-02 +2.6518167e-01 +4.6638611e+00 +6.5837222e-02 +5.1671667e-01 +2.8344167e-01 +2.0948111e-01 +2.6833472e-02 +3.1749093e+04
9.8411800e-01 +8.0000000e-02 +8.3997500e+00 +2.4429333e-02 +2.7207000e-01 +4.4696944e+00 +5.5683611e-02 +4.9560000e-01 +2.5437028e-01 +2.1212722e-01 +2.3164972e-02 +3.1435761e+04
9.8524000e-01 +8.0000000e-02 +7.9490833e+00 +2.1050667e-02 +2.7650333e-01 +4.2329444e+00 +4.6544722e-02 +4.7289444e-01 +2.2479278e-01 +2.1172222e-01 +1.9723361e-02 +3.1148421e+04
9.8633200e-01 +8.0000000e-02 +7.4839000e+00 +1.7987833e-02 +2.7838333e-01 +3.9555833e+00 +3.8392222e-02 +4.4850833e-01 +1.9529056e-01 +2.0798583e-01 +1.6543500e-02 +3.0956059e+04
9.8739500e-01 +8.0000000e-02 +7.0060000e+00 +1.5228117e-02 +2.7764000e-01 +3.6417500e+00 +3.1191667e-02 +4.2235833e-01 +1.6646472e-01 +2.0078833e-01 +1.3653389e-02 +3.0926119e+04
9.8843100e-01 +8.0000000e-02 +6.5175333e+00 +1.2756917e-02 +2.7424167e-01 +3.2976389e+00 +2.4903222e-02 +3.9436667e-01 +1.3890806e-01 +1.9018583e-01 +1.1072389e-02 +3.1114037e+04
9.8943900e-01 +8.0000000e-02 +6.0207833e+00 +1.0558700e-02 +2.6818667e-01 +2.9313889e+00 +1.9482444e-02 +3.6449722e-01 +1.1317333e-01 +1.7643806e-01 +8.8102222e-03 +3.1553915e+04
9.9042000e-01 +8.0000000e-02 +5.5182000e+00 +8.6172833e-03 +2.5950833e-01 +2.5526694e+00 +1.4880972e-02 +3.3277778e-01 +8.9740833e-02 +1.6000250e-01 +6.8662222e-03 +3.2249827e+04
9.9137600e-01 +8.0000000e-02 +5.0122833e+00 +6.9164833e-03 +2.4825833e-01 +2.1721861e+00 +1.1046167e-02 +2.9931667e-01 +6.8988056e-02 +1.4151083e-01 +5.2297222e-03 +3.3171053e+04
9.9230600e-01 +8.0000000e-02 +4.5055667e+00 +5.4404833e-03 +2.3451500e-01 +1.8008778e+00 +7.9211389e-03 +2.6434806e-01 +5.1165833e-02 +1.2171944e-01 +3.8811667e-03 +3.4256741e+04
9.9321200e-01 +8.0000000e-02 +4.0004000e+00 +4.1741500e-03 +2.1837000e-01 +1.4491611e+00 +5.4441111e-03 +2.2824333e-01 +3.6380833e-02 +1.0145028e-01 +2.7943333e-03 +3.5425655e+04
9.9409400e-01 +8.0000000e-02 +3.4990000e+00 +3.1030500e-03 +1.9992333e-01 +1.1261472e+00 +3.5479167e-03 +1.9153917e-01 +2.4592278e-02 +8.1526111e-02 +1.9388556e-03 +3.6594806e+04
9.9495200e-01 +8.0000000e-02 +3.0033000e+00 +2.2135667e-03 +1.7928833e-01 +8.3905000e-01 +2.1597778e-03 +1.5495056e-01 +1.5618972e-02 +6.2709444e-02 +1.2831889e-03 +3.7699391e+04
9.9578700e-01 +8.0000000e-02 +2.5149333e+00 +1.4927650e-03 +1.5657933e-01 +5.9281111e-01 +1.2014444e-03 +1.1937972e-01 +9.1600000e-03 +4.5656389e-02 +7.9682222e-04 +3.8713207e+04
9.9660000e-01 +8.0000000e-02 +2.0351833e+00 +9.2829500e-04 +1.3191833e-01 +3.9005278e-01 +5.9045000e-04 +8.5917778e-02 +4.8262778e-03 +3.0890000e-02 +4.5177500e-04 +3.9659844e+04
9.9739200e-01 +8.0000000e-02 +1.5650200e+00 +5.0834167e-04 +1.0542967e-01 +2.3133250e-01 +2.4248639e-04 +5.5840833e-02 +2.1786833e-03 +1.8790222e-02 +2.2291139e-04 +4.0615244e+04
9.9816200e-01 +8.0000000e-02 +1.1050650e+00 +2.2153667e-04 +7.7241500e-02 +1.1560194e-01 +7.5317500e-05 +3.0606667e-02 +7.6785278e-04 +9.6024167e-03 +8.7130278e-05 +4.1705614e+04
9.9891100e-01 +8.0000000e-02 +6.5566167e-01 +5.6813833e-05 +4.7485333e-02 +4.0808611e-02 +1.4495750e-05 +1.1858222e-02 +1.6956944e-04 +3.4552222e-03 +2.1641583e-05 +4.3095695e+04
9.9964000e-01 +8.0000000e-02 +2.1692167e-01 +0.0000000e+00 +1.6309567e-02 +4.4891111e-03 +1.0298333e-06 +1.4451028e-03 +1.1036806e-05 +3.8651111e-04 +1.6340778e-06 +4.4831765e+04
1.0000000e+00 +8.0000000e-02 +0.0000000e+00 +0.0000000e+00 +0.0000000e+00 +0.0000000e+00 +0.0000000e+00 +0.0000000e+00 +0.0000000e+00 +0.0000000e+00 +0.0000000e+00 +4.4830833e+04
