#    y              z              <u>            <v>            <w>            <u'u'>         <v'v'>         <w'w'>         <u'v'>         <u'w'>         <v'w'>         <eps>         
#----------------------------------------------------------------------------------------------------------------------------------------------------------------------------------
0.0000000e+00 +4.5000000e-01 +0.0000000e+00 +0.0000000e+00 +0.0000000e+00 +0.0000000e+00 +0.0000000e+00 +0.0000000e+00 +0.0000000e+00 +0.0000000e+00 +0.0000000e+00 +8.1948611e+04
3.6000000e-04 +4.5000000e-01 +2.3395000e-01 +2.4430500e-05 +1.9414000e-03 +8.1908889e-03 +2.9973889e-06 +2.8508611e-03 -2.5683139e-05 +3.3059444e-05 -1.0371194e-07 +8.1949690e+04
1.0890000e-03 +4.5000000e-01 +7.0718000e-01 +9.4418500e-05 +5.7498000e-03 +7.4391111e-02 +4.1603889e-05 +2.3017611e-02 -3.9309722e-04 +3.2433333e-04 -1.5423472e-06 +7.8612039e+04
1.8380000e-03 +4.5000000e-01 +1.1918200e+00 +2.1484000e-04 +9.5106667e-03 +2.1050389e-01 +2.1351972e-04 +5.8613889e-02 -1.7693639e-03 +9.6617778e-04 -6.8429444e-06 +7.5997457e+04
2.6080000e-03 +4.5000000e-01 +1.6874333e+00 +3.8897667e-04 +1.3216600e-02 +4.2036389e-01 +6.7889444e-04 +1.0563944e-01 -4.9771111e-03 +1.9987528e-03 -1.8847389e-05 +7.3908798e+04
3.4000000e-03 +4.5000000e-01 +2.1931500e+00 +6.1992333e-04 +1.6860833e-02 +7.0613333e-01 +1.6320917e-03 +1.6078056e-01 -1.0896639e-02 +3.4291111e-03 -3.9922778e-05 +7.1953048e+04
4.2130000e-03 +4.5000000e-01 +2.7076000e+00 +9.1056667e-04 +2.0435667e-02 +1.0668889e+00 +3.2780278e-03 +2.2133750e-01 -2.0373417e-02 +5.2258056e-03 -7.1143611e-05 +6.9894355e+04
5.0480000e-03 +4.5000000e-01 +3.2288500e+00 +1.2634900e-03 +2.3932833e-02 +1.4975861e+00 +5.8156944e-03 +2.8518056e-01 -3.4117500e-02 +7.3210833e-03 -1.1162167e-04 +6.7667986e+04
5.9060000e-03 +4.5000000e-01 +3.7545667e+00 +1.6808667e-03 +2.7342500e-02 +1.9887111e+00 +9.4277222e-03 +3.5071111e-01 -5.2616944e-02 +9.6186389e-03 -1.5813667e-04 +6.5349389e+04
6.7880000e-03 +4.5000000e-01 +4.2820000e+00 +2.1643333e-03 +3.0655167e-02 +2.5266833e+00 +1.4274750e-02 +4.1679167e-01 -7.6080833e-02 +1.2003944e-02 -2.0496667e-04 +6.3098430e+04
7.6940000e-03 +4.5000000e-01 +4.8081667e+00 +2.7149333e-03 +3.3860667e-02 +3.0949722e+00 +2.0493361e-02 +4.8268611e-01 -1.0442139e-01 +1.4354722e-02 -2.4375472e-04 +6.1090867e+04
8.6240000e-03 +4.5000000e-01 +5.3299667e+00 +3.3329667e-03 +3.6950000e-02 +3.6755833e+00 +2.8196389e-02 +5.4796111e-01 -1.3727333e-01 +1.6552111e-02 -2.6339972e-04 +5.9463681e+04
9.5800000e-03 +4.5000000e-01 +5.8443833e+00 +4.0180167e-03 +3.9915500e-02 +4.2506389e+00 +3.7473889e-02 +6.1239167e-01 -1.7404222e-01 +1.8492972e-02 -2.5020250e-04 +5.8285070e+04
1.0561000e-02 +4.5000000e-01 +6.3485500e+00 +4.7689667e-03 +4.2752500e-02 +4.8038056e+00 +4.8395833e-02 +6.7588611e-01 -2.1396917e-01 +2.0102278e-02 -1.8855194e-04 +5.7546658e+04
1.1569000e-02 +4.5000000e-01 +6.8399333e+00 +5.5839833e-03 +4.5459167e-02 +5.3212222e+00 +6.1012778e-02 +7.3841944e-01 -2.5620333e-01 +2.1343028e-02 -6.2294444e-05 +5.7180179e+04
1.2605000e-02 +4.5000000e-01 +7.3163500e+00 +6.4607333e-03 +4.8036833e-02 +5.7921667e+00 +7.5356944e-02 +7.9996389e-01 -2.9986944e-01 +2.2220389e-02 +1.4334306e-04 +5.7079630e+04
1.3668000e-02 +4.5000000e-01 +7.7760333e+00 +7.3964000e-03 +5.0488667e-02 +6.2092500e+00 +9.1442500e-02 +8.6047222e-01 -3.4412500e-01 +2.2779361e-02 +4.3960833e-04 +5.7127853e+04
1.4760000e-02 +4.5000000e-01 +8.2176833e+00 +8.3878667e-03 +5.2819333e-02 +6.5681389e+00 +1.0926528e-01 +9.1985278e-01 -3.8820000e-01 +2.3097111e-02 +8.3225833e-04 +5.7214718e+04
1.5882000e-02 +4.5000000e-01 +8.6403667e+00 +9.4320167e-03 +5.5032667e-02 +6.8673056e+00 +1.2880250e-01 +9.7797500e-01 -4.3143611e-01 +2.3271778e-02 +1.3201472e-03 +5.7251037e+04
1.7033000e-02 +4.5000000e-01 +9.0436000e+00 +1.0526000e-02 +5.7131333e-02 +7.1074167e+00 +1.5001250e-01 +1.0346639e+00 -4.7328056e-01 +2.3408861e-02 +1.8947056e-03 +5.7172239e+04
1.8215000e-02 +4.5000000e-01 +9.4271833e+00 +1.1667733e-02 +5.9115500e-02 +7.2909722e+00 +1.7283611e-01 +1.0897139e+00 -5.1331111e-01 +2.3606778e-02 +2.5403917e-03 +5.6938645e+04
1.9429000e-02 +4.5000000e-01 +9.7912500e+00 +1.2856283e-02 +6.0982500e-02 +7.4215833e+00 +1.9719556e-01 +1.1429111e+00 -5.5120556e-01 +2.3944417e-02 +3.2359444e-03 +5.6532208e+04
2.0675000e-02 +4.5000000e-01 +1.0136167e+01 +1.4092250e-02 +6.2727500e-02 +7.5037778e+00 +2.2299750e-01 +1.1940389e+00 -5.8675278e-01 +2.4475056e-02 +3.9560833e-03 +5.5950604e+04
2.1953000e-02 +4.5000000e-01 +1.0462483e+01 +1.5377867e-02 +6.4343833e-02 +7.5424167e+00 +2.5013250e-01 +1.2428944e+00 -6.1983056e-01 +2.5226694e-02 +4.6731389e-03 +5.5203361e+04
2.3266000e-02 +4.5000000e-01 +1.0770900e+01 +1.6716833e-02 +6.5822833e-02 +7.5426667e+00 +2.7847778e-01 +1.2893056e+00 -6.5037778e-01 +2.6206639e-02 +5.3587222e-03 +5.4306948e+04
2.4613000e-02 +4.5000000e-01 +1.1062233e+01 +1.8114000e-02 +6.7153833e-02 +7.5095000e+00 +3.0789722e-01 +1.3331250e+00 -6.7840278e-01 +2.7404889e-02 +5.9848333e-03 +5.3281337e+04
2.5996000e-02 +4.5000000e-01 +1.1337317e+01 +1.9574167e-02 +6.8324000e-02 +7.4478056e+00 +3.3824444e-01 +1.3742500e+00 -7.0394722e-01 +2.8795556e-02 +6.5246944e-03 +5.2147298e+04
2.7415000e-02 +4.5000000e-01 +1.1597050e+01 +2.1101833e-02 +6.9319667e-02 +7.3621389e+00 +3.6936667e-01 +1.4126194e+00 -7.2708056e-01 +3.0336667e-02 +6.9536667e-03 +5.0924820e+04
2.8871000e-02 +4.5000000e-01 +1.1842333e+01 +2.2699667e-02 +7.0126000e-02 +7.2567222e+00 +4.0110000e-01 +1.4482056e+00 -7.4790000e-01 +3.1971389e-02 +7.2512222e-03 +4.9633773e+04
3.0365000e-02 +4.5000000e-01 +1.2074083e+01 +2.4368833e-02 +7.0728500e-02 +7.1354167e+00 +4.3327778e-01 +1.4810333e+00 -7.6651667e-01 +3.3629167e-02 +7.4039722e-03 +4.8292832e+04
3.1898000e-02 +4.5000000e-01 +1.2293133e+01 +2.6108333e-02 +7.1114833e-02 +7.0016389e+00 +4.6573611e-01 +1.5111833e+00 -7.8306111e-01 +3.5229444e-02 +7.4094167e-03 +4.6918870e+04
3.3471000e-02 +4.5000000e-01 +1.2500367e+01 +2.7916333e-02 +7.1276500e-02 +6.8585278e+00 +4.9831389e-01 +1.5387806e+00 -7.9767778e-01 +3.6683333e-02 +7.2779444e-03 +4.5523708e+04
3.5084000e-02 +4.5000000e-01 +1.2696600e+01 +2.9790167e-02 +7.1209333e-02 +6.7088056e+00 +5.3084444e-01 +1.5640111e+00 -8.1052500e-01 +3.7900278e-02 +7.0326389e-03 +4.4115209e+04
3.6738000e-02 +4.5000000e-01 +1.2882617e+01 +3.1728000e-02 +7.0913167e-02 +6.5548611e+00 +5.6317222e-01 +1.5871083e+00 -8.2176389e-01 +3.8804167e-02 +6.7061389e-03 +4.2699829e+04
3.8435000e-02 +4.5000000e-01 +1.3059167e+01 +3.3729000e-02 +7.0391333e-02 +6.3986389e+00 +5.9515000e-01 +1.6083139e+00 -8.3155000e-01 +3.9356111e-02 +6.3361667e-03 +4.1284575e+04
4.0176000e-02 +4.5000000e-01 +1.3227000e+01 +3.5793000e-02 +6.9650333e-02 +6.2416667e+00 +6.2662778e-01 +1.6278722e+00 -8.4003333e-01 +3.9569167e-02 +5.9605833e-03 +3.9877784e+04
4.1960000e-02 +4.5000000e-01 +1.3386783e+01 +3.7921000e-02 +6.8699500e-02 +6.0853333e+00 +6.5747222e-01 +1.6459750e+00 -8.4735278e-01 +3.9513611e-02 +5.6116111e-03 +3.8487203e+04
4.3790000e-02 +4.5000000e-01 +1.3539183e+01 +4.0112333e-02 +6.7551500e-02 +5.9308056e+00 +6.8754722e-01 +1.6627528e+00 -8.5362500e-01 +3.9306667e-02 +5.3093056e-03 +3.7120537e+04
4.5665000e-02 +4.5000000e-01 +1.3684817e+01 +4.2365167e-02 +6.6222500e-02 +5.7790833e+00 +7.1673889e-01 +1.6782556e+00 -8.5896111e-01 +3.9096667e-02 +5.0574722e-03 +3.5783237e+04
4.7588000e-02 +4.5000000e-01 +1.3824233e+01 +4.4675167e-02 +6.4731667e-02 +5.6310000e+00 +7.4494444e-01 +1.6924722e+00 -8.6345000e-01 +3.9023611e-02 +4.8415556e-03 +3.4479124e+04
4.9559000e-02 +4.5000000e-01 +1.3957950e+01 +4.7036500e-02 +6.3099500e-02 +5.4871389e+00 +7.7207500e-01 +1.7053611e+00 -8.6717778e-01 +3.9166111e-02 +4.6295556e-03 +3.3212000e+04
5.1579000e-02 +4.5000000e-01 +1.4086483e+01 +4.9441167e-02 +6.1348833e-02 +5.3479722e+00 +7.9806667e-01 +1.7168722e+00 -8.7021389e-01 +3.9506667e-02 +4.3786944e-03 +3.1984015e+04
5.3650000e-02 +4.5000000e-01 +1.4210267e+01 +5.1881333e-02 +5.9505500e-02 +5.2137500e+00 +8.2285833e-01 +1.7269528e+00 -8.7262778e-01 +3.9937500e-02 +4.0471389e-03 +3.0792891e+04
5.5771000e-02 +4.5000000e-01 +1.4329733e+01 +5.4350500e-02 +5.7601333e-02 +5.0846111e+00 +8.4640000e-01 +1.7355278e+00 -8.7446667e-01 +4.0323611e-02 +3.6063056e-03 +2.9637134e+04
5.7944000e-02 +4.5000000e-01 +1.4445267e+01 +5.6844333e-02 +5.5672833e-02 +4.9605556e+00 +8.6864444e-01 +1.7425306e+00 -8.7577778e-01 +4.0590556e-02 +3.0495278e-03 +2.8519177e+04
6.0170000e-02 +4.5000000e-01 +1.4557217e+01 +5.9360000e-02 +5.3757167e-02 +4.8416667e+00 +8.8954167e-01 +1.7479333e+00 -8.7659444e-01 +4.0763611e-02 +2.3979111e-03 +2.7440485e+04
6.2451000e-02 +4.5000000e-01 +1.4665883e+01 +6.1895167e-02 +5.1888333e-02 +4.7280833e+00 +9.0905000e-01 +1.7517472e+00 -8.7695278e-01 +4.0947778e-02 +1.6983083e-03 +2.6398863e+04
6.4786000e-02 +4.5000000e-01 +1.4771583e+01 +6.4448500e-02 +5.0093167e-02 +4.6199722e+00 +9.2714167e-01 +1.7539944e+00 -8.7687222e-01 +4.1273333e-02 +1.0078861e-03 +2.5392355e+04
6.7178000e-02 +4.5000000e-01 +1.4874600e+01 +6.7020667e-02 +4.8390667e-02 +4.5171667e+00 +9.4380556e-01 +1.7546861e+00 -8.7635556e-01 +4.1804167e-02 +3.7658889e-04 +2.4423363e+04
6.9627000e-02 +4.5000000e-01 +1.4975300e+01 +6.9612167e-02 +4.6785333e-02 +4.4193889e+00 +9.5904167e-01 +1.7538472e+00 -8.7541389e-01 +4.2445000e-02 -1.5729611e-04 +2.3497499e+04
7.2134000e-02 +4.5000000e-01 +1.5074000e+01 +7.2219667e-02 +4.5265167e-02 +4.3263333e+00 +9.7285000e-01 +1.7515528e+00 -8.7409444e-01 +4.2937778e-02 -5.6064444e-04 +2.2616364e+04
7.4701000e-02 +4.5000000e-01 +1.5171000e+01 +7.4835000e-02 +4.3810333e-02 +4.2379167e+00 +9.8524167e-01 +1.7479417e+00 -8.7249167e-01 +4.2985556e-02 -8.0646111e-04 +2.1773902e+04
7.7327000e-02 +4.5000000e-01 +1.5266567e+01 +7.7447167e-02 +4.2402833e-02 +4.1541111e+00 +9.9624722e-01 +1.7431972e+00 -8.7071389e-01 +4.2421667e-02 -8.8550278e-04 +2.0963744e+04
8.0015000e-02 +4.5000000e-01 +1.5360883e+01 +8.0044667e-02 +4.1025667e-02 +4.0748889e+00 +1.0059000e+00 +1.7375056e+00 -8.6883611e-01 +4.1291111e-02 -8.0719444e-04 +2.0184254e+04
8.2766000e-02 +4.5000000e-01 +1.5454083e+01 +8.2616000e-02 +3.9660167e-02 +4.0002222e+00 +1.0142472e+00 +1.7309722e+00 -8.6690000e-01 +3.9776389e-02 -5.8985278e-04 +1.9434303e+04
8.5579000e-02 +4.5000000e-01 +1.5546317e+01 +8.5145833e-02 +3.8290500e-02 +3.9300556e+00 +1.0213417e+00 +1.7235611e+00 -8.6488611e-01 +3.8086111e-02 -2.5766139e-04 +1.8712409e+04
8.8457000e-02 +4.5000000e-01 +1.5637667e+01 +8.7612167e-02 +3.6908000e-02 +3.8642222e+00 +1.0272417e+00 +1.7151278e+00 -8.6275278e-01 +3.6393889e-02 +1.5122861e-04 +1.8019574e+04
9.1401000e-02 +4.5000000e-01 +1.5728250e+01 +8.9991167e-02 +3.5510500e-02 +3.8021389e+00 +1.0320306e+00 +1.7055639e+00 -8.6044444e-01 +3.4806944e-02 +5.8015278e-04 +1.7355505e+04
9.4411000e-02 +4.5000000e-01 +1.5818167e+01 +9.2264333e-02 +3.4088667e-02 +3.7432500e+00 +1.0357889e+00 +1.6949000e+00 -8.5791389e-01 +3.3397500e-02 +9.7174444e-04 +1.6716439e+04
9.7488000e-02 +4.5000000e-01 +1.5907467e+01 +9.4423000e-02 +3.2607500e-02 +3.6871111e+00 +1.0386111e+00 +1.6832972e+00 -8.5511111e-01 +3.2239167e-02 +1.2952694e-03 +1.6100043e+04
1.0063400e-01 +4.5000000e-01 +1.5996283e+01 +9.6465333e-02 +3.1006833e-02 +3.6333333e+00 +1.0405889e+00 +1.6709139e+00 -8.5200556e-01 +3.1366667e-02 +1.5617194e-03 +1.5507955e+04
1.0384900e-01 +4.5000000e-01 +1.6084717e+01 +9.8391167e-02 +2.9225167e-02 +3.5818611e+00 +1.0418083e+00 +1.6577750e+00 -8.4859444e-01 +3.0741111e-02 +1.8069444e-03 +1.4940461e+04
1.0713400e-01 +4.5000000e-01 +1.6172867e+01 +1.0019950e-01 +2.7229667e-02 +3.5327222e+00 +1.0423389e+00 +1.6437694e+00 -8.4486667e-01 +3.0227222e-02 +2.0558833e-03 +1.4393454e+04
1.1049000e-01 +4.5000000e-01 +1.6260817e+01 +1.0188583e-01 +2.5036000e-02 +3.4861111e+00 +1.0422278e+00 +1.6287917e+00 -8.4080000e-01 +2.9592222e-02 +2.3159750e-03 +1.3862457e+04
1.1391900e-01 +4.5000000e-01 +1.6348617e+01 +1.0344400e-01 +2.2710667e-02 +3.4422500e+00 +1.0414917e+00 +1.6128806e+00 -8.3638889e-01 +2.8633889e-02 +2.5765472e-03 +1.3346490e+04
1.1742100e-01 +4.5000000e-01 +1.6436283e+01 +1.0486683e-01 +2.0346000e-02 +3.4011667e+00 +1.0401306e+00 +1.5961917e+00 -8.3162778e-01 +2.7316611e-02 +2.7891667e-03 +1.2847785e+04
1.2099600e-01 +4.5000000e-01 +1.6523867e+01 +1.0614550e-01 +1.8017833e-02 +3.3625833e+00 +1.0381472e+00 +1.5788444e+00 -8.2653333e-01 +2.5754083e-02 +2.8892500e-03 +1.2370194e+04
1.2464700e-01 +4.5000000e-01 +1.6611400e+01 +1.0727483e-01 +1.5765250e-02 +3.3260000e+00 +1.0355556e+00 +1.5609194e+00 -8.2116111e-01 +2.4036694e-02 +2.8659167e-03 +1.1916174e+04
1.2837200e-01 +4.5000000e-01 +1.6698833e+01 +1.0825700e-01 +1.3610067e-02 +3.2912222e+00 +1.0323750e+00 +1.5425500e+00 -8.1556944e-01 +2.2181333e-02 +2.7719528e-03 +1.1481585e+04
1.3217500e-01 +4.5000000e-01 +1.6786333e+01 +1.0909917e-01 +1.1580433e-02 +3.2581667e+00 +1.0286278e+00 +1.5239000e+00 -8.0978056e-01 +2.0187083e-02 +2.6591306e-03 +1.1060968e+04
1.3605400e-01 +4.5000000e-01 +1.6873667e+01 +1.0980667e-01 +9.6966833e-03 +3.2265000e+00 +1.0243194e+00 +1.5051833e+00 -8.0377778e-01 +1.8076306e-02 +2.5439417e-03 +1.0654155e+04
1.4001100e-01 +4.5000000e-01 +1.6961000e+01 +1.1038317e-01 +7.9478333e-03 +3.1957778e+00 +1.0194556e+00 +1.4866361e+00 -7.9755556e-01 +1.5950500e-02 +2.4432222e-03 +1.0265280e+04
1.4404700e-01 +4.5000000e-01 +1.7048333e+01 +1.1083333e-01 +6.2854667e-03 +3.1656389e+00 +1.0140389e+00 +1.4683889e+00 -7.9115278e-01 +1.3954444e-02 +2.3782222e-03 +9.8969489e+03
1.4816200e-01 +4.5000000e-01 +1.7135667e+01 +1.1115483e-01 +4.6414833e-03 +3.1359167e+00 +1.0080750e+00 +1.4504306e+00 -7.8461111e-01 +1.2234361e-02 +2.3263083e-03 +9.5480507e+03
1.5235700e-01 +4.5000000e-01 +1.7223167e+01 +1.1133050e-01 +2.9708667e-03 +3.1065833e+00 +1.0015667e+00 +1.4325667e+00 -7.7794444e-01 +1.0911417e-02 +2.2353583e-03 +9.2163377e+03
1.5663200e-01 +4.5000000e-01 +1.7311000e+01 +1.1133100e-01 +1.2545483e-03 +3.0777778e+00 +9.9451667e-01 +1.4145000e+00 -7.7112222e-01 +9.9442500e-03 +2.0430056e-03 +8.8989463e+03
1.6098800e-01 +4.5000000e-01 +1.7399167e+01 +1.1111917e-01 -5.2846000e-04 +3.0496111e+00 +9.8693056e-01 +1.3960583e+00 -7.6405556e-01 +9.1258889e-03 +1.6720778e-03 +8.5930181e+03
1.6542500e-01 +4.5000000e-01 +1.7487500e+01 +1.1066000e-01 -2.3828833e-03 +3.0217222e+00 +9.7880278e-01 +1.3771306e+00 -7.5663889e-01 +8.3149167e-03 +1.0482722e-03 +8.2974353e+03
1.6994400e-01 +4.5000000e-01 +1.7576333e+01 +1.0992883e-01 -4.2491000e-03 +2.9938056e+00 +9.7012778e-01 +1.3575083e+00 -7.4876944e-01 +7.5378889e-03 +9.0070556e-05 +8.0116952e+03
1.7454600e-01 +4.5000000e-01 +1.7665500e+01 +1.0891650e-01 -6.0273500e-03 +2.9654167e+00 +9.6091111e-01 +1.3370111e+00 -7.4033056e-01 +6.9721667e-03 -1.2521722e-03 +7.7362311e+03
1.7922900e-01 +4.5000000e-01 +1.7754833e+01 +1.0763217e-01 -7.6806333e-03 +2.9362778e+00 +9.5116667e-01 +1.3155861e+00 -7.3124167e-01 +6.7749167e-03 -2.8889444e-03 +7.4730497e+03
1.8399600e-01 +4.5000000e-01 +1.7844333e+01 +1.0609917e-01 -9.2658333e-03 +2.9062222e+00 +9.4095000e-01 +1.2933972e+00 -7.2152222e-01 +6.8996111e-03 -4.5929722e-03 +7.2214693e+03
1.8884500e-01 +4.5000000e-01 +1.7934167e+01 +1.0434617e-01 -1.0888883e-02 +2.8750556e+00 +9.3035278e-01 +1.2706583e+00 -7.1126944e-01 +7.2017778e-03 -6.1687778e-03 +6.9799265e+03
1.9377800e-01 +4.5000000e-01 +1.8024333e+01 +1.0240400e-01 -1.2639183e-02 +2.8428333e+00 +9.1946389e-01 +1.2475250e+00 -7.0058611e-01 +7.5822778e-03 -7.5595556e-03 +6.7477082e+03
1.9879400e-01 +4.5000000e-01 +1.8114833e+01 +1.0029717e-01 -1.4504200e-02 +2.8099444e+00 +9.0837222e-01 +1.2241806e+00 -6.8948889e-01 +7.9393889e-03 -8.8254444e-03 +6.5229868e+03
2.0389300e-01 +4.5000000e-01 +1.8205500e+01 +9.8039167e-02 -1.6361317e-02 +2.7765111e+00 +8.9715278e-01 +1.2007917e+00 -6.7793333e-01 +8.2496111e-03 -1.0116694e-02 +6.3062693e+03
2.0907500e-01 +4.5000000e-01 +1.8296167e+01 +9.5633333e-02 -1.8110667e-02 +2.7425722e+00 +8.8585278e-01 +1.1773333e+00 -6.6589444e-01 +8.5580833e-03 -1.1536889e-02 +6.0975720e+03
2.1433900e-01 +4.5000000e-01 +1.8387000e+01 +9.3085833e-02 -1.9730167e-02 +2.7080778e+00 +8.7448611e-01 +1.1535500e+00 -6.5341944e-01 +8.7946667e-03 -1.3050722e-02 +5.8960499e+03
2.1968700e-01 +4.5000000e-01 +1.8478000e+01 +9.0408667e-02 -2.1207500e-02 +2.6724361e+00 +8.6304444e-01 +1.1293389e+00 -6.4056389e-01 +8.7420556e-03 -1.4572750e-02 +5.7013868e+03
2.2511700e-01 +4.5000000e-01 +1.8569000e+01 +8.7618500e-02 -2.2514333e-02 +2.6350639e+00 +8.5152500e-01 +1.1047361e+00 -6.2736389e-01 +8.2065278e-03 -1.6002472e-02 +5.5114963e+03
2.3062900e-01 +4.5000000e-01 +1.8660000e+01 +8.4743000e-02 -2.3611333e-02 +2.5960972e+00 +8.3991944e-01 +1.0798694e+00 -6.1381389e-01 +7.2228889e-03 -1.7265750e-02 +5.3255684e+03
2.3622300e-01 +4.5000000e-01 +1.8750833e+01 +8.1819000e-02 -2.4481333e-02 +2.5560583e+00 +8.2822778e-01 +1.0549750e+00 -5.9989722e-01 +5.8639167e-03 -1.8378111e-02 +5.1465967e+03
2.4189800e-01 +4.5000000e-01 +1.8841667e+01 +7.8886500e-02 -2.5217167e-02 +2.5151889e+00 +8.1648611e-01 +1.0302972e+00 -5.8569444e-01 +4.2399444e-03 -1.9411917e-02 +4.9759315e+03
2.4765400e-01 +4.5000000e-01 +1.8932333e+01 +7.5977167e-02 -2.5948500e-02 +2.4733472e+00 +8.0472778e-01 +1.0061222e+00 -5.7134722e-01 +2.5338583e-03 -2.0427417e-02 +4.8121569e+03
2.5348900e-01 +4.5000000e-01 +1.9022500e+01 +7.3090500e-02 -2.6739833e-02 +2.4305361e+00 +7.9293889e-01 +9.8254722e-01 -5.5685278e-01 +9.4968056e-04 -2.1458583e-02 +4.6542361e+03
2.5940400e-01 +4.5000000e-01 +1.9112167e+01 +7.0185000e-02 -2.7619667e-02 +2.3871944e+00 +7.8108611e-01 +9.5944722e-01 -5.4210556e-01 -4.8998333e-04 -2.2537139e-02 +4.5006633e+03
2.6539600e-01 +4.5000000e-01 +1.9200833e+01 +6.7207167e-02 -2.8571667e-02 +2.3437583e+00 +7.6916389e-01 +9.3651389e-01 -5.2703611e-01 -2.0243750e-03 -2.3662472e-02 +4.3510588e+03
2.7146600e-01 +4.5000000e-01 +1.9288333e+01 +6.4112667e-02 -2.9523667e-02 +2.3004611e+00 +7.5716667e-01 +9.1334722e-01 -5.1161389e-01 -3.8832778e-03 -2.4792833e-02 +4.2087390e+03
2.7761200e-01 +4.5000000e-01 +1.9374833e+01 +6.0866000e-02 -3.0398000e-02 +2.2575000e+00 +7.4506944e-01 +8.8986667e-01 -4.9578889e-01 -6.2115833e-03 -2.5920194e-02 +4.0747803e+03
2.8383300e-01 +4.5000000e-01 +1.9460167e+01 +5.7432167e-02 -3.1104500e-02 +2.2150472e+00 +7.3287500e-01 +8.6653333e-01 -4.7951944e-01 -9.1618889e-03 -2.7123417e-02 +3.9463777e+03
2.9012800e-01 +4.5000000e-01 +1.9544333e+01 +5.3796833e-02 -3.1544500e-02 +2.1734833e+00 +7.2063889e-01 +8.4376111e-01 -4.6284444e-01 -1.2797167e-02 -2.8528333e-02 +3.8200404e+03
2.9649600e-01 +4.5000000e-01 +1.9627167e+01 +4.9991167e-02 -3.1661333e-02 +2.1328278e+00 +7.0849722e-01 +8.2162778e-01 -4.4590000e-01 -1.6868806e-02 -3.0156111e-02 +3.6949222e+03
3.0293400e-01 +4.5000000e-01 +1.9708333e+01 +4.6064333e-02 -3.1523000e-02 +2.0927278e+00 +6.9656111e-01 +8.0026111e-01 -4.2887500e-01 -2.0811417e-02 -3.1814722e-02 +3.5717249e+03
3.0944200e-01 +4.5000000e-01 +1.9787667e+01 +4.2075667e-02 -3.1247833e-02 +2.0529333e+00 +6.8485833e-01 +7.7986944e-01 -4.1185556e-01 -2.4365833e-02 -3.3249444e-02 +3.4533311e+03
3.1601900e-01 +4.5000000e-01 +1.9865333e+01 +3.8077833e-02 -3.0897500e-02 +2.0135028e+00 +6.7335000e-01 +7.6046389e-01 -3.9481944e-01 -2.7814167e-02 -3.4307778e-02 +3.3416502e+03
3.2266100e-01 +4.5000000e-01 +1.9941000e+01 +3.4108000e-02 -3.0491333e-02 +1.9747139e+00 +6.6201944e-01 +7.4155278e-01 -3.7775000e-01 -3.1491389e-02 -3.4960000e-02 +3.2361009e+03
3.2936900e-01 +4.5000000e-01 +2.0014833e+01 +3.0210667e-02 -2.9968333e-02 +1.9364444e+00 +6.5093333e-01 +7.2266111e-01 -3.6068611e-01 -3.5397500e-02 -3.5286111e-02 +3.1351024e+03
3.3613900e-01 +4.5000000e-01 +2.0086500e+01 +2.6434667e-02 -2.9232000e-02 +1.8982806e+00 +6.4017778e-01 +7.0378056e-01 -3.4361111e-01 -3.9335556e-02 -3.5359167e-02 +3.0386887e+03
3.4297000e-01 +4.5000000e-01 +2.0156000e+01 +2.2812167e-02 -2.8259833e-02 +1.8602417e+00 +6.2975000e-01 +6.8509167e-01 -3.2648056e-01 -4.3140278e-02 -3.5162778e-02 +2.9465221e+03
3.4985900e-01 +4.5000000e-01 +2.0223333e+01 +1.9385000e-02 -2.7055333e-02 +1.8228611e+00 +6.1959722e-01 +6.6668333e-01 -3.0935556e-01 -4.6731944e-02 -3.4673333e-02 +2.8583324e+03
3.5680600e-01 +4.5000000e-01 +2.0288167e+01 +1.6204467e-02 -2.5641667e-02 +1.7863028e+00 +6.0965833e-01 +6.4881944e-01 -2.9228611e-01 -5.0112222e-02 -3.3970000e-02 +2.7754719e+03
3.6380700e-01 +4.5000000e-01 +2.0350500e+01 +1.3304550e-02 -2.4060833e-02 +1.7504194e+00 +5.9990000e-01 +6.3180278e-01 -2.7533306e-01 -5.3421667e-02 -3.3199167e-02 +2.6976807e+03
3.7086000e-01 +4.5000000e-01 +2.0410000e+01 +1.0672317e-02 -2.2394667e-02 +1.7152222e+00 +5.9031667e-01 +6.1589722e-01 -2.5853917e-01 -5.6708611e-02 -3.2472222e-02 +2.6223709e+03
3.7796300e-01 +4.5000000e-01 +2.0466833e+01 +8.2585500e-03 -2.0728000e-02 +1.6807389e+00 +5.8092222e-01 +6.0132222e-01 -2.4187944e-01 -6.0045000e-02 -3.1739167e-02 +2.5482809e+03
3.8511300e-01 +4.5000000e-01 +2.0520667e+01 +6.0238333e-03 -1.9029333e-02 +1.6470917e+00 +5.7174722e-01 +5.8800556e-01 -2.2533583e-01 -6.3539722e-02 -3.0864167e-02 +2.4767709e+03
3.9230900e-01 +4.5000000e-01 +2.0571833e+01 +3.9770667e-03 -1.7228333e-02 +1.6143750e+00 +5.6281389e-01 +5.7563889e-01 -2.0890917e-01 -6.7055000e-02 -2.9792222e-02 +2.4100650e+03
3.9954700e-01 +4.5000000e-01 +2.0620167e+01 +2.1693333e-03 -1.5344933e-02 +1.5826167e+00 +5.5415000e-01 +5.6411667e-01 -1.9259833e-01 -7.0388056e-02 -2.8573889e-02 +2.3496016e+03
4.0682400e-01 +4.5000000e-01 +2.0665833e+01 +6.4418500e-04 -1.3420383e-02 +1.5521583e+00 +5.4579167e-01 +5.5358056e-01 -1.7642194e-01 -7.3507500e-02 -2.7327167e-02 +2.2941964e+03
4.1413900e-01 +4.5000000e-01 +2.0708500e+01 -5.8846500e-04 -1.1450933e-02 +1.5236694e+00 +5.3780000e-01 +5.4386111e-01 -1.6042139e-01 -7.6358056e-02 -2.6100306e-02 +2.2421192e+03
4.2148900e-01 +4.5000000e-01 +2.0748167e+01 -1.5477667e-03 -9.4340667e-03 +1.4976028e+00 +5.3025556e-01 +5.3467500e-01 -1.4464389e-01 -7.8916944e-02 -2.4846750e-02 +2.1929575e+03
4.2886900e-01 +4.5000000e-01 +2.0784500e+01 -2.2519500e-03 -7.4463333e-03 +1.4740417e+00 +5.2321667e-01 +5.2611111e-01 -1.2914056e-01 -8.1310556e-02 -2.3471778e-02 +2.1470620e+03
4.3627900e-01 +4.5000000e-01 +2.0817500e+01 -2.7019667e-03 -5.6350333e-03 +1.4531306e+00 +5.1670000e-01 +5.1833889e-01 -1.1404389e-01 -8.3624722e-02 -2.1838833e-02 +2.1052292e+03
4.4371400e-01 +4.5000000e-01 +2.0847167e+01 -2.8979833e-03 -4.0576667e-03 +1.4351944e+00 +5.1069167e-01 +5.1133611e-01 -9.9466111e-02 -8.5814444e-02 -1.9821083e-02 +2.0683796e+03
4.5117200e-01 +4.5000000e-01 +2.0873333e+01 -2.8635333e-03 -2.6677000e-03 +1.4204361e+00 +5.0520278e-01 +5.0508056e-01 -8.5361944e-02 -8.7907778e-02 -1.7372056e-02 +2.0375582e+03
4.5865000e-01 +4.5000000e-01 +2.0895833e+01 -2.6473667e-03 -1.4201283e-03 +1.4087556e+00 +5.0030556e-01 +4.9954444e-01 -7.1625833e-02 -8.9943056e-02 -1.4603472e-02 +2.0133248e+03
4.6614500e-01 +4.5000000e-01 +2.0914500e+01 -2.3033833e-03 -3.2933667e-04 +1.3999778e+00 +4.9611111e-01 +4.9477500e-01 -5.8168889e-02 -9.1807500e-02 -1.1719500e-02 +1.9949899e+03
4.7365400e-01 +4.5000000e-01 +2.0929500e+01 -1.8649833e-03 +4.9816167e-04 +1.3938556e+00 +4.9271944e-01 +4.9113611e-01 -4.4942222e-02 -9.3367222e-02 -8.8942500e-03 +1.9800933e+03
4.8117400e-01 +4.5000000e-01 +2.0940667e+01 -1.3351050e-03 +9.4287833e-04 +1.3899278e+00 +4.9018333e-01 +4.8890000e-01 -3.1923611e-02 -9.4609722e-02 -6.1981667e-03 +1.9677251e+03
4.8870100e-01 +4.5000000e-01 +2.0948167e+01 -7.0569833e-04 +1.0573400e-03 +1.3877639e+00 +4.8850833e-01 +4.8784167e-01 -1.9081722e-02 -9.5572222e-02 -3.6284444e-03 +1.9594360e+03
4.9623300e-01 +4.5000000e-01 +2.0952000e+01 +0.0000000e+00 +1.0363867e-03 +1.3869222e+00 +4.8767222e-01 +4.8746944e-01 -6.3499444e-03 -9.6149722e-02 -1.1874139e-03 +1.9557000e+03
5.0376700e-01 +4.5000000e-01 +2.0952000e+01 +7.0569833e-04 +1.0363867e-03 +1.3869222e+00 +4.8767222e-01 +4.8746944e-01 +6.3499444e-03 -9.6149722e-02 +1.1874139e-03 +1.9557000e+03
5.1129900e-01 +4.5000000e-01 +2.0948167e+01 +1.3351050e-03 +1.0573400e-03 +1.3877639e+00 +4.8850833e-01 +4.8784167e-01 +1.9081722e-02 -9.5572222e-02 +3.6284444e-03 +1.9594360e+03
5.1882600e-01 +4.5000000e-01 +2.0940667e+01 +1.8649833e-03 +9.4287833e-04 +1.3899278e+00 +4.9018333e-01 +4.8890000e-01 +3.1923611e-02 -9.4609722e-02 +6.1981667e-03 +1.9677251e+03
5.2634600e-01 +4.5000000e-01 +2.0929500e+01 +2.3033833e-03 +4.9816167e-04 +1.3938556e+00 +4.9271944e-01 +4.9113611e-01 +4.4942222e-02 -9.3367222e-02 +8.8942500e-03 +1.9800933e+03
5.3385500e-01 +4.5000000e-01 +2.0914500e+01 +2.6473667e-03 -3.2933667e-04 +1.3999778e+00 +4.9611111e-01 +4.9477500e-01 +5.8168889e-02 -9.1807500e-02 +1.1719500e-02 +1.9949899e+03
5.4135000e-01 +4.5000000e-01 +2.0895833e+01 +2.8635333e-03 -1.4201283e-03 +1.4087556e+00 +5.0030556e-01 +4.9954444e-01 +7.1625833e-02 -8.9943056e-02 +1.4603472e-02 +2.0133248e+03
5.4882800e-01 +4.5000000e-01 +2.0873333e+01 +2.8979833e-03 -2.6677000e-03 +1.4204361e+00 +5.0520278e-01 +5.0508056e-01 +8.5361944e-02 -8.7907778e-02 +1.7372056e-02 +2.0375582e+03
5.5628600e-01 +4.5000000e-01 +2.0847167e+01 +2.7019667e-03 -4.0576667e-03 +1.4351944e+00 +5.1069167e-01 +5.1133611e-01 +9.9466111e-02 -8.5814444e-02 +1.9821083e-02 +2.0683796e+03
5.6372100e-01 +4.5000000e-01 +2.0817500e+01 +2.2519500e-03 -5.6350333e-03 +1.4531306e+00 +5.1670000e-01 +5.1833889e-01 +1.1404389e-01 -8.3624722e-02 +2.1838833e-02 +2.1052292e+03
5.7113100e-01 +4.5000000e-01 +2.0784500e+01 +1.5477667e-03 -7.4463333e-03 +1.4740417e+00 +5.2321667e-01 +5.2611111e-01 +1.2914056e-01 -8.1310556e-02 +2.3471778e-02 +2.1470620e+03
5.7851100e-01 +4.5000000e-01 +2.0748167e+01 +5.8846500e-04 -9.4340667e-03 +1.4976028e+00 +5.3025556e-01 +5.3467500e-01 +1.4464389e-01 -7.8916944e-02 +2.4846750e-02 +2.1929575e+03
5.8586100e-01 +4.5000000e-01 +2.0708500e+01 -6.4418500e-04 -1.1450933e-02 +1.5236694e+00 +5.3780000e-01 +5.4386111e-01 +1.6042139e-01 -7.6358056e-02 +2.6100306e-02 +2.2421192e+03
5.9317600e-01 +4.5000000e-01 +2.0665833e+01 -2.1693333e-03 -1.3420383e-02 +1.5521583e+00 +5.4579167e-01 +5.5358056e-01 +1.7642194e-01 -7.3507500e-02 +2.7327167e-02 +2.2941964e+03
6.0045300e-01 +4.5000000e-01 +2.0620167e+01 -3.9770667e-03 -1.5344933e-02 +1.5826167e+00 +5.5415000e-01 +5.6411667e-01 +1.9259833e-01 -7.0388056e-02 +2.8573889e-02 +2.3496016e+03
6.0769100e-01 +4.5000000e-01 +2.0571833e+01 -6.0238333e-03 -1.7228333e-02 +1.6143750e+00 +5.6281389e-01 +5.7563889e-01 +2.0890917e-01 -6.7055000e-02 +2.9792222e-02 +2.4100650e+03
6.1488700e-01 +4.5000000e-01 +2.0520667e+01 -8.2585500e-03 -1.9029333e-02 +1.6470917e+00 +5.7174722e-01 +5.8800556e-01 +2.2533583e-01 -6.3539722e-02 +3.0864167e-02 +2.4767709e+03
6.2203700e-01 +4.5000000e-01 +2.0466833e+01 -1.0672317e-02 -2.0728000e-02 +1.6807389e+00 +5.8092222e-01 +6.0132222e-01 +2.4187944e-01 -6.0045000e-02 +3.1739167e-02 +2.5482809e+03
6.2914000e-01 +4.5000000e-01 +2.0410000e+01 -1.3304550e-02 -2.2394667e-02 +1.7152222e+00 +5.9031667e-01 +6.1589722e-01 +2.5853917e-01 -5.6708611e-02 +3.2472222e-02 +2.6223709e+03
6.3619300e-01 +4.5000000e-01 +2.0350500e+01 -1.6204467e-02 -2.4060833e-02 +1.7504194e+00 +5.9990000e-01 +6.3180278e-01 +2.7533306e-01 -5.3421667e-02 +3.3199167e-02 +2.6976807e+03
6.4319400e-01 +4.5000000e-01 +2.0288167e+01 -1.9385000e-02 -2.5641667e-02 +1.7863028e+00 +6.0965833e-01 +6.4881944e-01 +2.9228611e-01 -5.0112222e-02 +3.3970000e-02 +2.7754719e+03
6.5014100e-01 +4.5000000e-01 +2.0223333e+01 -2.2812167e-02 -2.7055333e-02 +1.8228611e+00 +6.1959722e-01 +6.6668333e-01 +3.0935556e-01 -4.6731944e-02 +3.4673333e-02 +2.8583324e+03
6.5703000e-01 +4.5000000e-01 +2.0156000e+01 -2.6434667e-02 -2.8259833e-02 +1.8602417e+00 +6.2975000e-01 +6.8509167e-01 +3.2648056e-01 -4.3140278e-02 +3.5162778e-02 +2.9465221e+03
6.6386100e-01 +4.5000000e-01 +2.0086500e+01 -3.0210667e-02 -2.9232000e-02 +1.8982806e+00 +6.4017778e-01 +7.0378056e-01 +3.4361111e-01 -3.9335556e-02 +3.5359167e-02 +3.0386887e+03
6.7063100e-01 +4.5000000e-01 +2.0014833e+01 -3.4108000e-02 -2.9968333e-02 +1.9364444e+00 +6.5093333e-01 +7.2266111e-01 +3.6068611e-01 -3.5397500e-02 +3.5286111e-02 +3.1351024e+03
6.7733900e-01 +4.5000000e-01 +1.9941000e+01 -3.8077833e-02 -3.0491333e-02 +1.9747139e+00 +6.6201944e-01 +7.4155278e-01 +3.7775000e-01 -3.1491389e-02 +3.4960000e-02 +3.2361009e+03
6.8398100e-01 +4.5000000e-01 +1.9865333e+01 -4.2075667e-02 -3.0897500e-02 +2.0135028e+00 +6.7335000e-01 +7.6046389e-01 +3.9481944e-01 -2.7814167e-02 +3.4307778e-02 +3.3416502e+03
6.9055800e-01 +4.5000000e-01 +1.9787667e+01 -4.6064333e-02 -3.1247833e-02 +2.0529333e+00 +6.8485833e-01 +7.7986944e-01 +4.1185556e-01 -2.4365833e-02 +3.3249444e-02 +3.4533311e+03
6.9706600e-01 +4.5000000e-01 +1.9708333e+01 -4.9991167e-02 -3.1523000e-02 +2.0927278e+00 +6.9656111e-01 +8.0026111e-01 +4.2887500e-01 -2.0811417e-02 +3.1814722e-02 +3.5717249e+03
7.0350400e-01 +4.5000000e-01 +1.9627167e+01 -5.3796833e-02 -3.1661333e-02 +2.1328278e+00 +7.0849722e-01 +8.2162778e-01 +4.4590000e-01 -1.6868806e-02 +3.0156111e-02 +3.6949222e+03
7.0987200e-01 +4.5000000e-01 +1.9544333e+01 -5.7432167e-02 -3.1544500e-02 +2.1734833e+00 +7.2063889e-01 +8.4376111e-01 +4.6284444e-01 -1.2797167e-02 +2.8528333e-02 +3.8200404e+03
7.1616700e-01 +4.5000000e-01 +1.9460167e+01 -6.0866000e-02 -3.1104500e-02 +2.2150472e+00 +7.3287500e-01 +8.6653333e-01 +4.7951944e-01 -9.1618889e-03 +2.7123417e-02 +3.9463777e+03
7.2238800e-01 +4.5000000e-01 +1.9374833e+01 -6.4112667e-02 -3.0398000e-02 +2.2575000e+00 +7.4506944e-01 +8.8986667e-01 +4.9578889e-01 -6.2115833e-03 +2.5920194e-02 +4.0747803e+03
7.2853400e-01 +4.5000000e-01 +1.9288333e+01 -6.7207167e-02 -2.9523667e-02 +2.3004611e+00 +7.5716667e-01 +9.1334722e-01 +5.1161389e-01 -3.8832778e-03 +2.4792833e-02 +4.2087390e+03
7.3460400e-01 +4.5000000e-01 +1.9200833e+01 -7.0185000e-02 -2.8571667e-02 +2.3437583e+00 +7.6916389e-01 +9.3651389e-01 +5.2703611e-01 -2.0243750e-03 +2.3662472e-02 +4.3510588e+03
7.4059600e-01 +4.5000000e-01 +1.9112167e+01 -7.3090500e-02 -2.7619667e-02 +2.3871944e+00 +7.8108611e-01 +9.5944722e-01 +5.4210556e-01 -4.8998333e-04 +2.2537139e-02 +4.5006633e+03
7.4651100e-01 +4.5000000e-01 +1.9022500e+01 -7.5977167e-02 -2.6739833e-02 +2.4305361e+00 +7.9293889e-01 +9.8254722e-01 +5.5685278e-01 +9.4968056e-04 +2.1458583e-02 +4.6542361e+03
7.5234600e-01 +4.5000000e-01 +1.8932333e+01 -7.8886500e-02 -2.5948500e-02 +2.4733472e+00 +8.0472778e-01 +1.0061222e+00 +5.7134722e-01 +2.5338583e-03 +2.0427417e-02 +4.8121569e+03
7.5810200e-01 +4.5000000e-01 +1.8841667e+01 -8.1819000e-02 -2.5217167e-02 +2.5151889e+00 +8.1648611e-01 +1.0302972e+00 +5.8569444e-01 +4.2399444e-03 +1.9411917e-02 +4.9759315e+03
7.6377700e-01 +4.5000000e-01 +1.8750833e+01 -8.4743000e-02 -2.4481333e-02 +2.5560583e+00 +8.2822778e-01 +1.0549750e+00 +5.9989722e-01 +5.8639167e-03 +1.8378111e-02 +5.1465967e+03
7.6937100e-01 +4.5000000e-01 +1.8660000e+01 -8.7618500e-02 -2.3611333e-02 +2.5960972e+00 +8.3991944e-01 +1.0798694e+00 +6.1381389e-01 +7.2228889e-03 +1.7265750e-02 +5.3255684e+03
7.7488300e-01 +4.5000000e-01 +1.8569000e+01 -9.0408667e-02 -2.2514333e-02 +2.6350639e+00 +8.5152500e-01 +1.1047361e+00 +6.2736389e-01 +8.2065278e-03 +1.6002472e-02 +5.5114963e+03
7.8031300e-01 +4.5000000e-01 +1.8478000e+01 -9.3085833e-02 -2.1207500e-02 +2.6724361e+00 +8.6304444e-01 +1.1293389e+00 +6.4056389e-01 +8.7420556e-03 +1.4572750e-02 +5.7013868e+03
7.8566100e-01 +4.5000000e-01 +1.8387000e+01 -9.5633333e-02 -1.9730167e-02 +2.7080778e+00 +8.7448611e-01 +1.1535500e+00 +6.5341944e-01 +8.7946667e-03 +1.3050722e-02 +5.8960499e+03
7.9092500e-01 +4.5000000e-01 +1.8296167e+01 -9.8039167e-02 -1.8110667e-02 +2.7425722e+00 +8.8585278e-01 +1.1773333e+00 +6.6589444e-01 +8.5580833e-03 +1.1536889e-02 +6.0975720e+03
7.9610700e-01 +4.5000000e-01 +1.8205500e+01 -1.0029717e-01 -1.6361317e-02 +2.7765111e+00 +8.9715278e-01 +1.2007917e+00 +6.7793333e-01 +8.2496111e-03 +1.0116694e-02 +6.3062693e+03
8.0120600e-01 +4.5000000e-01 +1.8114833e+01 -1.0240400e-01 -1.4504200e-02 +2.8099444e+00 +9.0837222e-01 +1.2241806e+00 +6.8948889e-01 +7.9393889e-03 +8.8254444e-03 +6.5229868e+03
8.0622200e-01 +4.5000000e-01 +1.8024333e+01 -1.0434617e-01 -1.2639183e-02 +2.8428333e+00 +9.1946389e-01 +1.2475250e+00 +7.0058611e-01 +7.5822778e-03 +7.5595556e-03 +6.7477082e+03
8.1115500e-01 +4.5000000e-01 +1.7934167e+01 -1.0609917e-01 -1.0888883e-02 +2.8750556e+00 +9.3035278e-01 +1.2706583e+00 +7.1126944e-01 +7.2017778e-03 +6.1687778e-03 +6.9799264e+03
8.1600400e-01 +4.5000000e-01 +1.7844333e+01 -1.0763217e-01 -9.2658333e-03 +2.9062222e+00 +9.4095000e-01 +1.2933972e+00 +7.2152222e-01 +6.8996111e-03 +4.5929722e-03 +7.2214693e+03
8.2077100e-01 +4.5000000e-01 +1.7754833e+01 -1.0891650e-01 -7.6806333e-03 +2.9362778e+00 +9.5116667e-01 +1.3155861e+00 +7.3124167e-01 +6.7749167e-03 +2.8889444e-03 +7.4730497e+03
8.2545400e-01 +4.5000000e-01 +1.7665500e+01 -1.0992883e-01 -6.0273500e-03 +2.9654167e+00 +9.6091111e-01 +1.3370111e+00 +7.4033056e-01 +6.9721667e-03 +1.2521722e-03 +7.7362311e+03
8.3005600e-01 +4.5000000e-01 +1.7576333e+01 -1.1066000e-01 -4.2491000e-03 +2.9938056e+00 +9.7012778e-01 +1.3575083e+00 +7.4876944e-01 +7.5378889e-03 -9.0070556e-05 +8.0116952e+03
8.3457500e-01 +4.5000000e-01 +1.7487500e+01 -1.1111917e-01 -2.3828833e-03 +3.0217222e+00 +9.7880278e-01 +1.3771306e+00 +7.5663889e-01 +8.3149167e-03 -1.0482722e-03 +8.2974353e+03
8.3901200e-01 +4.5000000e-01 +1.7399167e+01 -1.1133100e-01 -5.2846000e-04 +3.0496111e+00 +9.8693056e-01 +1.3960583e+00 +7.6405556e-01 +9.1258889e-03 -1.6720778e-03 +8.5930181e+03
8.4336800e-01 +4.5000000e-01 +1.7311000e+01 -1.1133050e-01 +1.2545483e-03 +3.0777778e+00 +9.9451667e-01 +1.4145000e+00 +7.7112222e-01 +9.9442500e-03 -2.0430056e-03 +8.8989463e+03
8.4764300e-01 +4.5000000e-01 +1.7223167e+01 -1.1115483e-01 +2.9708667e-03 +3.1065833e+00 +1.0015667e+00 +1.4325667e+00 +7.7794444e-01 +1.0911417e-02 -2.2353583e-03 +9.2163377e+03
8.5183800e-01 +4.5000000e-01 +1.7135667e+01 -1.1083333e-01 +4.6414833e-03 +3.1359167e+00 +1.0080750e+00 +1.4504306e+00 +7.8461111e-01 +1.2234361e-02 -2.3263083e-03 +9.5480507e+03
8.5595300e-01 +4.5000000e-01 +1.7048333e+01 -1.1038317e-01 +6.2854667e-03 +3.1656389e+00 +1.0140389e+00 +1.4683889e+00 +7.9115278e-01 +1.3954444e-02 -2.3782222e-03 +9.8969489e+03
8.5998900e-01 +4.5000000e-01 +1.6961000e+01 -1.0980667e-01 +7.9478333e-03 +3.1957778e+00 +1.0194556e+00 +1.4866361e+00 +7.9755556e-01 +1.5950500e-02 -2.4432222e-03 +1.0265280e+04
8.6394600e-01 +4.5000000e-01 +1.6873667e+01 -1.0909917e-01 +9.6966833e-03 +3.2265000e+00 +1.0243194e+00 +1.5051833e+00 +8.0377778e-01 +1.8076306e-02 -2.5439417e-03 +1.0654155e+04
8.6782500e-01 +4.5000000e-01 +1.6786333e+01 -1.0825700e-01 +1.1580433e-02 +3.2581667e+00 +1.0286278e+00 +1.5239000e+00 +8.0978056e-01 +2.0187083e-02 -2.6591306e-03 +1.1060968e+04
8.7162800e-01 +4.5000000e-01 +1.6698833e+01 -1.0727483e-01 +1.3610067e-02 +3.2912222e+00 +1.0323750e+00 +1.5425500e+00 +8.1556944e-01 +2.2181333e-02 -2.7719528e-03 +1.1481585e+04
8.7535300e-01 +4.5000000e-01 +1.6611400e+01 -1.0614550e-01 +1.5765250e-02 +3.3260000e+00 +1.0355556e+00 +1.5609194e+00 +8.2116111e-01 +2.4036694e-02 -2.8659167e-03 +1.1916174e+04
8.7900400e-01 +4.5000000e-01 +1.6523867e+01 -1.0486683e-01 +1.8017833e-02 +3.3625833e+00 +1.0381472e+00 +1.5788444e+00 +8.2653333e-01 +2.5754083e-02 -2.8892500e-03 +1.2370194e+04
8.8257900e-01 +4.5000000e-01 +1.6436283e+01 -1.0344400e-01 +2.0346000e-02 +3.4011667e+00 +1.0401306e+00 +1.5961917e+00 +8.3162778e-01 +2.7316611e-02 -2.7891667e-03 +1.2847785e+04
8.8608100e-01 +4.5000000e-01 +1.6348617e+01 -1.0188583e-01 +2.2710667e-02 +3.4422500e+00 +1.0414917e+00 +1.6128806e+00 +8.3638889e-01 +2.8633889e-02 -2.5765472e-03 +1.3346490e+04
8.8951000e-01 +4.5000000e-01 +1.6260817e+01 -1.0019950e-01 +2.5036000e-02 +3.4861111e+00 +1.0422278e+00 +1.6287917e+00 +8.4080000e-01 +2.9592222e-02 -2.3159750e-03 +1.3862457e+04
8.9286600e-01 +4.5000000e-01 +1.6172867e+01 -9.8391167e-02 +2.7229667e-02 +3.5327222e+00 +1.0423389e+00 +1.6437694e+00 +8.4486667e-01 +3.0227222e-02 -2.0558833e-03 +1.4393454e+04
8.9615100e-01 +4.5000000e-01 +1.6084717e+01 -9.6465333e-02 +2.9225167e-02 +3.5818611e+00 +1.0418083e+00 +1.6577750e+00 +8.4859444e-01 +3.0741111e-02 -1.8069444e-03 +1.4940461e+04
8.9936600e-01 +4.5000000e-01 +1.5996283e+01 -9.4423000e-02 +3.1006833e-02 +3.6333333e+00 +1.0405889e+00 +1.6709139e+00 +8.5200556e-01 +3.1366667e-02 -1.5617194e-03 +1.5507955e+04
9.0251200e-01 +4.5000000e-01 +1.5907467e+01 -9.2264333e-02 +3.2607500e-02 +3.6871111e+00 +1.0386111e+00 +1.6832972e+00 +8.5511111e-01 +3.2239167e-02 -1.2952694e-03 +1.6100043e+04
9.0558900e-01 +4.5000000e-01 +1.5818167e+01 -8.9991167e-02 +3.4088667e-02 +3.7432500e+00 +1.0357889e+00 +1.6949000e+00 +8.5791389e-01 +3.3397500e-02 -9.7174444e-04 +1.6716439e+04
9.0859900e-01 +4.5000000e-01 +1.5728250e+01 -8.7612167e-02 +3.5510500e-02 +3.8021389e+00 +1.0320306e+00 +1.7055639e+00 +8.6044444e-01 +3.4806944e-02 -5.8015278e-04 +1.7355505e+04
9.1154300e-01 +4.5000000e-01 +1.5637667e+01 -8.5145833e-02 +3.6908000e-02 +3.8642222e+00 +1.0272417e+00 +1.7151278e+00 +8.6275278e-01 +3.6393889e-02 -1.5122861e-04 +1.8019574e+04
9.1442100e-01 +4.5000000e-01 +1.5546317e+01 -8.2616000e-02 +3.8290500e-02 +3.9300556e+00 +1.0213417e+00 +1.7235611e+00 +8.6488611e-01 +3.8086111e-02 +2.5766139e-04 +1.8712409e+04
9.1723400e-01 +4.5000000e-01 +1.5454083e+01 -8.0044667e-02 +3.9660167e-02 +4.0002222e+00 +1.0142472e+00 +1.7309722e+00 +8.6690000e-01 +3.9776389e-02 +5.8985278e-04 +1.9434303e+04
9.1998500e-01 +4.5000000e-01 +1.5360883e+01 -7.7447167e-02 +4.1025667e-02 +4.0748889e+00 +1.0059000e+00 +1.7375056e+00 +8.6883611e-01 +4.1291111e-02 +8.0719444e-04 +2.0184254e+04
9.2267300e-01 +4.5000000e-01 +1.5266567e+01 -7.4835000e-02 +4.2402833e-02 +4.1541111e+00 +9.9624722e-01 +1.7431972e+00 +8.7071389e-01 +4.2421667e-02 +8.8550278e-04 +2.0963744e+04
9.2529900e-01 +4.5000000e-01 +1.5171000e+01 -7.2219667e-02 +4.3810333e-02 +4.2379167e+00 +9.8524167e-01 +1.7479417e+00 +8.7249167e-01 +4.2985556e-02 +8.0646111e-04 +2.1773902e+04
9.2786600e-01 +4.5000000e-01 +1.5074000e+01 -6.9612167e-02 +4.5265167e-02 +4.3263333e+00 +9.7285000e-01 +1.7515528e+00 +8.7409444e-01 +4.2937778e-02 +5.6064444e-04 +2.2616364e+04
9.3037300e-01 +4.5000000e-01 +1.4975300e+01 -6.7020667e-02 +4.6785333e-02 +4.4193889e+00 +9.5904167e-01 +1.7538472e+00 +8.7541389e-01 +4.2445000e-02 +1.5729611e-04 +2.3497499e+04
9.3282200e-01 +4.5000000e-01 +1.4874600e+01 -6.4448500e-02 +4.8390667e-02 +4.5171667e+00 +9.4380556e-01 +1.7546861e+00 +8.7635556e-01 +4.1804167e-02 -3.7658889e-04 +2.4423363e+04
9.3521400e-01 +4.5000000e-01 +1.4771583e+01 -6.1895167e-02 +5.0093167e-02 +4.6199722e+00 +9.2714167e-01 +1.7539944e+00 +8.7687222e-01 +4.1273333e-02 -1.0078861e-03 +2.5392355e+04
9.3754900e-01 +4.5000000e-01 +1.4665883e+01 -5.9360000e-02 +5.1888333e-02 +4.7280833e+00 +9.0905000e-01 +1.7517472e+00 +8.7695278e-01 +4.0947778e-02 -1.6983083e-03 +2.6398863e+04
9.3983000e-01 +4.5000000e-01 +1.4557217e+01 -5.6844333e-02 +5.3757167e-02 +4.8416667e+00 +8.8954167e-01 +1.7479333e+00 +8.7659444e-01 +4.0763611e-02 -2.3979111e-03 +2.7440485e+04
9.4205600e-01 +4.5000000e-01 +1.4445267e+01 -5.4350500e-02 +5.5672833e-02 +4.9605556e+00 +8.6864444e-01 +1.7425306e+00 +8.7577778e-01 +4.0590556e-02 -3.0495278e-03 +2.8519177e+04
9.4422900e-01 +4.5000000e-01 +1.4329733e+01 -5.1881333e-02 +5.7601333e-02 +5.0846111e+00 +8.4640000e-01 +1.7355278e+00 +8.7446667e-01 +4.0323611e-02 -3.6063056e-03 +2.9637134e+04
9.4635000e-01 +4.5000000e-01 +1.4210267e+01 -4.9441167e-02 +5.9505500e-02 +5.2137500e+00 +8.2285833e-01 +1.7269528e+00 +8.7262778e-01 +3.9937500e-02 -4.0471389e-03 +3.0792891e+04
9.4842100e-01 +4.5000000e-01 +1.4086483e+01 -4.7036500e-02 +6.1348833e-02 +5.3479722e+00 +7.9806667e-01 +1.7168722e+00 +8.7021389e-01 +3.9506667e-02 -4.3786944e-03 +3.1984015e+04
9.5044100e-01 +4.5000000e-01 +1.3957950e+01 -4.4675167e-02 +6.3099500e-02 +5.4871389e+00 +7.7207500e-01 +1.7053611e+00 +8.6717778e-01 +3.9166111e-02 -4.6295556e-03 +3.3212000e+04
9.5241200e-01 +4.5000000e-01 +1.3824233e+01 -4.2365167e-02 +6.4731667e-02 +5.6310000e+00 +7.4494444e-01 +1.6924722e+00 +8.6345000e-01 +3.9023611e-02 -4.8415556e-03 +3.4479124e+04
9.5433500e-01 +4.5000000e-01 +1.3684817e+01 -4.0112333e-02 +6.6222500e-02 +5.7790833e+00 +7.1673889e-01 +1.6782556e+00 +8.5896111e-01 +3.9096667e-02 -5.0574722e-03 +3.5783237e+04
9.5621000e-01 +4.5000000e-01 +1.3539183e+01 -3.7921000e-02 +6.7551500e-02 +5.9308056e+00 +6.8754722e-01 +1.6627528e+00 +8.5362500e-01 +3.9306667e-02 -5.3093056e-03 +3.7120537e+04
9.5804000e-01 +4.5000000e-01 +1.3386783e+01 -3.5793000e-02 +6.8699500e-02 +6.0853333e+00 +6.5747222e-01 +1.6459750e+00 +8.4735278e-01 +3.9513611e-02 -5.6116111e-03 +3.8487203e+04
9.5982400e-01 +4.5000000e-01 +1.3227000e+01 -3.3729000e-02 +6.9650333e-02 +6.2416667e+00 +6.2662778e-01 +1.6278722e+00 +8.4003333e-01 +3.9569167e-02 -5.9605833e-03 +3.9877784e+04
9.6156500e-01 +4.5000000e-01 +1.3059167e+01 -3.1728000e-02 +7.0391333e-02 +6.3986389e+00 +5.9515000e-01 +1.6083139e+00 +8.3155000e-01 +3.9356111e-02 -6.3361667e-03 +4.1284575e+04
9.6326200e-01 +4.5000000e-01 +1.2882617e+01 -2.9790167e-02 +7.0913167e-02 +6.5548611e+00 +5.6317222e-01 +1.5871083e+00 +8.2176389e-01 +3.8804167e-02 -6.7061389e-03 +4.2699829e+04
9.6491600e-01 +4.5000000e-01 +1.2696600e+01 -2.7916333e-02 +7.1209333e-02 +6.7088056e+00 +5.3084444e-01 +1.5640111e+00 +8.1052500e-01 +3.7900278e-02 -7.0326389e-03 +4.4115209e+04
9.6652900e-01 +4.5000000e-01 +1.2500367e+01 -2.6108333e-02 +7.1276500e-02 +6.8585278e+00 +4.9831389e-01 +1.5387806e+00 +7.9767778e-01 +3.6683333e-02 -7.2779444e-03 +4.5523708e+04
9.6810200e-01 +4.5000000e-01 +1.2293133e+01 -2.4368833e-02 +7.1114833e-02 +7.0016389e+00 +4.6573611e-01 +1.5111833e+00 +7.8306111e-01 +3.5229444e-02 -7.4094167e-03 +4.6918870e+04
9.6963500e-01 +4.5000000e-01 +1.2074083e+01 -2.2699667e-02 +7.0728500e-02 +7.1354167e+00 +4.3327778e-01 +1.4810333e+00 +7.6651667e-01 +3.3629167e-02 -7.4039722e-03 +4.8292832e+04
9.7112900e-01 +4.5000000e-01 +1.1842333e+01 -2.1101833e-02 +7.0126000e-02 +7.2567222e+00 +4.0110000e-01 +1.4482056e+00 +7.4790000e-01 +3.1971389e-02 -7.2512222e-03 +4.9633773e+04
9.7258500e-01 +4.5000000e-01 +1.1597050e+01 -1.9574167e-02 +6.9319667e-02 +7.3621389e+00 +3.6936667e-01 +1.4126194e+00 +7.2708056e-01 +3.0336667e-02 -6.9536667e-03 +5.0924820e+04
9.7400400e-01 +4.5000000e-01 +1.1337317e+01 -1.8114000e-02 +6.8324000e-02 +7.4478056e+00 +3.3824444e-01 +1.3742500e+00 +7.0394722e-01 +2.8795556e-02 -6.5246944e-03 +5.2147298e+04
9.7538700e-01 +4.5000000e-01 +1.1062233e+01 -1.6716833e-02 +6.7153833e-02 +7.5095000e+00 +3.0789722e-01 +1.3331250e+00 +6.7840278e-01 +2.7404889e-02 -5.9848333e-03 +5.3281337e+04
9.7673400e-01 +4.5000000e-01 +1.0770900e+01 -1.5377867e-02 +6.5822833e-02 +7.5426667e+00 +2.7847778e-01 +1.2893056e+00 +6.5037778e-01 +2.6206639e-02 -5.3587222e-03 +5.4306948e+04
9.7804700e-01 +4.5000000e-01 +1.0462483e+01 -1.4092250e-02 +6.4343833e-02 +7.5424167e+00 +2.5013250e-01 +1.2428944e+00 +6.1983056e-01 +2.5226694e-02 -4.6731389e-03 +5.5203361e+04
9.7932500e-01 +4.5000000e-01 +1.0136167e+01 -1.2856283e-02 +6.2727500e-02 +7.5037778e+00 +2.2299750e-01 +1.1940389e+00 +5.8675278e-01 +2.4475056e-02 -3.9560833e-03 +5.5950604e+04
9.8057100e-01 +4.5000000e-01 +9.7912500e+00 -1.1667733e-02 +6.0982500e-02 +7.4215833e+00 +1.9719556e-01 +1.1429111e+00 +5.5120556e-01 +2.3944417e-02 -3.2359444e-03 +5.6532208e+04
9.8178500e-01 +4.5000000e-01 +9.4271833e+00 -1.0526000e-02 +5.9115500e-02 +7.2909722e+00 +1.7283611e-01 +1.0897139e+00 +5.1331111e-01 +2.3606778e-02 -2.5403917e-03 +5.6938645e+04
9.8296700e-01 +4.5000000e-01 +9.0436000e+00 -9.4320167e-03 +5.7131333e-02 +7.1074167e+00 +1.5001250e-01 +1.0346639e+00 +4.7328056e-01 +2.3408861e-02 -1.8947056e-03 +5.7172239e+04
9.8411800e-01 +4.5000000e-01 +8.6403667e+00 -8.3878667e-03 +5.5032667e-02 +6.8673056e+00 +1.2880250e-01 +9.7797500e-01 +4.3143611e-01 +2.3271778e-02 -1.3201472e-03 +5.7251037e+04
9.8524000e-01 +4.5000000e-01 +8.2176833e+00 -7.3964000e-03 +5.2819333e-02 +6.5681389e+00 +1.0926528e-01 +9.1985278e-01 +3.8820000e-01 +2.3097111e-02 -8.3225833e-04 +5.7214718e+04
9.8633200e-01 +4.5000000e-01 +7.7760333e+00 -6.4607333e-03 +5.0488667e-02 +6.2092500e+00 +9.1442500e-02 +8.6047222e-01 +3.4412500e-01 +2.2779361e-02 -4.3960833e-04 +5.7127853e+04
9.8739500e-01 +4.5000000e-01 +7.3163500e+00 -5.5839833e-03 +4.8036833e-02 +5.7921667e+00 +7.5356944e-02 +7.9996389e-01 +2.9986944e-01 +2.2220389e-02 -1.4334306e-04 +5.7079630e+04
9.8843100e-01 +4.5000000e-01 +6.8399333e+00 -4.7689667e-03 +4.5459167e-02 +5.3212222e+00 +6.1012778e-02 +7.3841944e-01 +2.5620333e-01 +2.1343028e-02 +6.2294444e-05 +5.7180179e+04
9.8943900e-01 +4.5000000e-01 +6.3485500e+00 -4.0180167e-03 +4.2752500e-02 +4.8038056e+00 +4.8395833e-02 +6.7588611e-01 +2.1396917e-01 +2.0102278e-02 +1.8855194e-04 +5.7546658e+04
9.9042000e-01 +4.5000000e-01 +5.8443833e+00 -3.3329667e-03 +3.9915500e-02 +4.2506389e+00 +3.7473889e-02 +6.1239167e-01 +1.7404222e-01 +1.8492972e-02 +2.5020250e-04 +5.8285070e+04
9.9137600e-01 +4.5000000e-01 +5.3299667e+00 -2.7149333e-03 +3.6950000e-02 +3.6755833e+00 +2.8196389e-02 +5.4796111e-01 +1.3727333e-01 +1.6552111e-02 +2.6339972e-04 +5.9463681e+04
9.9230600e-01 +4.5000000e-01 +4.8081667e+00 -2.1643333e-03 +3.3860667e-02 +3.0949722e+00 +2.0493361e-02 +4.8268611e-01 +1.0442139e-01 +1.4354722e-02 +2.4375472e-04 +6.1090867e+04
9.9321200e-01 +4.5000000e-01 +4.2820000e+00 -1.6808667e-03 +3.0655167e-02 +2.5266833e+00 +1.4274750e-02 +4.1679167e-01 +7.6080833e-02 +1.2003944e-02 +2.0496667e-04 +6.3098430e+04
9.9409400e-01 +4.5000000e-01 +3.7545667e+00 -1.2634900e-03 +2.7342500e-02 +1.9887111e+00 +9.4277222e-03 +3.5071111e-01 +5.2616944e-02 +9.6186389e-03 +1.5813667e-04 +6.5349389e+04
9.9495200e-01 +4.5000000e-01 +3.2288500e+00 -9.1056667e-04 +2.3932833e-02 +1.4975861e+00 +5.8156944e-03 +2.8518056e-01 +3.4117500e-02 +7.3210833e-03 +1.1162167e-04 +6.7667986e+04
9.9578700e-01 +4.5000000e-01 +2.7076000e+00 -6.1992333e-04 +2.0435667e-02 +1.0668889e+00 +3.2780278e-03 +2.2133750e-01 +2.0373417e-02 +5.2258056e-03 +7.1143611e-05 +6.9894355e+04
9.9660000e-01 +4.5000000e-01 +2.1931500e+00 -3.8897667e-04 +1.6860833e-02 +7.0613333e-01 +1.6320917e-03 +1.6078056e-01 +1.0896639e-02 +3.4291111e-03 +3.9922778e-05 +7.1953048e+04
9.9739200e-01 +4.5000000e-01 +1.6874333e+00 -2.1484000e-04 +1.3216600e-02 +4.2036389e-01 +6.7889444e-04 +1.0563944e-01 +4.9771111e-03 +1.9987528e-03 +1.8847389e-05 +7.3908798e+04
9.9816200e-01 +4.5000000e-01 +1.1918200e+00 -9.4418500e-05 +9.5106667e-03 +2.1050389e-01 +2.1351972e-04 +5.8613889e-02 +1.7693639e-03 +9.6617778e-04 +6.8429444e-06 +7.5997457e+04
9.9891100e-01 +4.5000000e-01 +7.0718000e-01 -2.4430500e-05 +5.7498000e-03 +7.4391111e-02 +4.1603889e-05 +2.3017611e-02 +3.9309722e-04 +3.2433333e-04 +1.5423472e-06 +7.8612039e+04
9.9964000e-01 +4.5000000e-01 +2.3395000e-01 +0.0000000e+00 +1.9414000e-03 +8.1908889e-03 +2.9973889e-06 +2.8508611e-03 +2.5683139e-05 +3.3059444e-05 +1.0371194e-07 +8.1949690e+04
1.0000000e+00 +4.5000000e-01 +0.0000000e+00 +0.0000000e+00 +0.0000000e+00 +0.0000000e+00 +0.0000000e+00 +0.0000000e+00 +0.0000000e+00 +0.0000000e+00 +0.0000000e+00 +8.1948611e+04
