#    y              z              <u>            <v>            <w>            <u'u'>         <v'v'>         <w'w'>         <u'v'>         <u'w'>         <v'w'>         <eps>         
#----------------------------------------------------------------------------------------------------------------------------------------------------------------------------------
0.0000000e+00 +2.0000000e-01 +0.0000000e+00 +0.0000000e+00 +0.0000000e+00 +0.0000000e+00 +0.0000000e+00 +0.0000000e+00 +0.0000000e+00 +0.0000000e+00 +0.0000000e+00 +7.0632500e+04
3.6000000e-04 +2.0000000e-01 +2.2031667e-01 +4.6575833e-05 +7.4056500e-03 +7.0066944e-03 +2.3732861e-06 +2.4422389e-03 -2.0104556e-05 -6.9696667e-05 -1.0748167e-06 +7.0633457e+04
1.0890000e-03 +2.0000000e-01 +6.6591833e-01 +1.7520667e-04 +2.1934500e-02 +6.3616944e-02 +3.3074444e-05 +1.9785139e-02 -3.0950556e-04 -5.8834167e-04 -1.4709583e-05 +6.7623153e+04
1.8380000e-03 +2.0000000e-01 +1.1222500e+00 +3.8875167e-04 +3.6274833e-02 +1.8001667e-01 +1.7032778e-04 +5.0534167e-02 -1.4001583e-03 -1.5554528e-03 -5.9445000e-05 +6.5294608e+04
2.6080000e-03 +2.0000000e-01 +1.5890267e+00 +6.8640167e-04 +5.0390333e-02 +3.5968611e-01 +5.4341667e-04 +9.1348611e-02 -3.9595556e-03 -2.9035000e-03 -1.5058111e-04 +6.3511225e+04
3.4000000e-03 +2.0000000e-01 +2.0656167e+00 +1.0665883e-03 +6.4248833e-02 +6.0503889e-01 +1.3109056e-03 +1.3943917e-01 -8.7203056e-03 -4.5694444e-03 -2.9843611e-04 +6.1945077e+04
4.2130000e-03 +2.0000000e-01 +2.5509833e+00 +1.5271267e-03 +7.7818167e-02 +9.1630556e-01 +2.6420056e-03 +1.9250694e-01 -1.6412806e-02 -6.4993056e-03 -5.0857778e-04 +6.0377485e+04
5.0480000e-03 +2.0000000e-01 +3.0436667e+00 +2.0652833e-03 +9.1065667e-02 +1.2906111e+00 +4.7032500e-03 +2.4870583e-01 -2.7686722e-02 -8.6531389e-03 -7.8220278e-04 +5.8712692e+04
5.9060000e-03 +2.0000000e-01 +3.5418167e+00 +2.6778167e-03 +1.0395800e-01 +1.7214833e+00 +7.6495833e-03 +3.0661111e-01 -4.3036667e-02 -1.1007806e-02 -1.1165528e-03 +5.6967186e+04
6.7880000e-03 +2.0000000e-01 +4.0432333e+00 +3.3611667e-03 +1.1646133e-01 +2.1989528e+00 +1.1619306e-02 +3.6517222e-01 -6.2745833e-02 -1.3555361e-02 -1.5054056e-03 +5.5235294e+04
7.6940000e-03 +2.0000000e-01 +4.5454333e+00 +4.1114000e-03 +1.2854200e-01 +2.7102000e+00 +1.6731611e-02 +4.2366389e-01 -8.6859444e-02 -1.6297806e-02 -1.9396417e-03 +5.3644459e+04
8.6240000e-03 +2.0000000e-01 +5.0458167e+00 +4.9244000e-03 +1.4016650e-01 +3.2406111e+00 +2.3086111e-02 +4.8160833e-01 -1.1518306e-01 -1.9238556e-02 -2.4078833e-03 +5.2310508e+04
9.5800000e-03 +2.0000000e-01 +5.5418000e+00 +5.7958000e-03 +1.5130267e-01 +3.7749444e+00 +3.0763611e-02 +5.3872500e-01 -1.4731222e-01 -2.2372861e-02 -2.8971389e-03 +5.1308057e+04
1.0561000e-02 +2.0000000e-01 +6.0308167e+00 +6.7209333e-03 +1.6192017e-01 +4.2986944e+00 +3.9827222e-02 +5.9485000e-01 -1.8267639e-01 -2.5679778e-02 -3.3935278e-03 +5.0656682e+04
1.1569000e-02 +2.0000000e-01 +6.5105333e+00 +7.6947333e-03 +1.7199000e-01 +4.7987778e+00 +5.0322778e-02 +6.4988889e-01 -2.2059444e-01 -2.9116944e-02 -3.8828889e-03 +5.0326080e+04
1.2605000e-02 +2.0000000e-01 +6.9788833e+00 +8.7115333e-03 +1.8148500e-01 +5.2644167e+00 +6.2280833e-02 +7.0377500e-01 -2.6033194e-01 -3.2620556e-02 -4.3518056e-03 +5.0248878e+04
1.3668000e-02 +2.0000000e-01 +7.4341167e+00 +9.7648167e-03 +1.9038000e-01 +5.6873333e+00 +7.5715556e-02 +7.5643333e-01 -3.0115000e-01 -3.6108889e-02 -4.7884722e-03 +5.0338895e+04
1.4760000e-02 +2.0000000e-01 +7.8747833e+00 +1.0846917e-02 +1.9865333e-01 +6.0618333e+00 +9.0625000e-02 +8.0776667e-01 -3.4235278e-01 -3.9488333e-02 -5.1834167e-03 +5.0507721e+04
1.5882000e-02 +2.0000000e-01 +8.2998000e+00 +1.1948767e-02 +2.0627833e-01 +6.3846667e+00 +1.0699194e-01 +8.5763333e-01 -3.8330833e-01 -4.2661111e-02 -5.5301389e-03 +5.0677302e+04
1.7033000e-02 +2.0000000e-01 +8.7084167e+00 +1.3059750e-02 +2.1323667e-01 +6.6546111e+00 +1.2478278e-01 +9.0586667e-01 -4.2347222e-01 -4.5530556e-02 -5.8252500e-03 +5.0784503e+04
1.8215000e-02 +2.0000000e-01 +9.1001500e+00 +1.4167567e-02 +2.1950667e-01 +6.8722222e+00 +1.4394861e-01 +9.5226667e-01 -4.6239167e-01 -4.8009167e-02 -6.0681667e-03 +5.0786406e+04
1.9429000e-02 +2.0000000e-01 +9.4748000e+00 +1.5258200e-02 +2.2506833e-01 +7.0393333e+00 +1.6442611e-01 +9.9661667e-01 -4.9970833e-01 -5.0025000e-02 -6.2603611e-03 +5.0656541e+04
2.0675000e-02 +2.0000000e-01 +9.8323667e+00 +1.6316050e-02 +2.2990333e-01 +7.1588611e+00 +1.8613917e-01 +1.0387083e+00 -5.3515000e-01 -5.1530278e-02 -6.4047222e-03 +5.0382304e+04
2.1953000e-02 +2.0000000e-01 +1.0173067e+01 +1.7324167e-02 +2.3399167e-01 +7.2343611e+00 +2.0899944e-01 +1.0783500e+00 -5.6852222e-01 -5.2507778e-02 -6.5050833e-03 +4.9960543e+04
2.3266000e-02 +2.0000000e-01 +1.0497233e+01 +1.8264667e-02 +2.3731667e-01 +7.2698333e+00 +2.3291028e-01 +1.1153861e+00 -5.9970556e-01 -5.2975000e-02 -6.5664444e-03 +4.9394326e+04
2.4613000e-02 +2.0000000e-01 +1.0805317e+01 +1.9119000e-02 +2.3985833e-01 +7.2694722e+00 +2.5776639e-01 +1.1497139e+00 -6.2862500e-01 -5.2984167e-02 -6.5953611e-03 +4.8691400e+04
2.5996000e-02 +2.0000000e-01 +1.1097883e+01 +1.9868000e-02 +2.4160000e-01 +7.2375000e+00 +2.8345833e-01 +1.1812861e+00 -6.5525556e-01 -5.2611667e-02 -6.6002778e-03 +4.7861807e+04
2.7415000e-02 +2.0000000e-01 +1.1375533e+01 +2.0493167e-02 +2.4252167e-01 +7.1780278e+00 +3.0986667e-01 +1.2101278e+00 -6.7960556e-01 -5.1944722e-02 -6.5916111e-03 +4.6919547e+04
2.8871000e-02 +2.0000000e-01 +1.1638917e+01 +2.0975667e-02 +2.4260833e-01 +7.0949444e+00 +3.3687500e-01 +1.2363167e+00 -7.0170278e-01 -5.1065833e-02 -6.5821667e-03 +4.5880505e+04
3.0365000e-02 +2.0000000e-01 +1.1888750e+01 +2.1297500e-02 +2.4184333e-01 +6.9918333e+00 +3.6435556e-01 +1.2599889e+00 -7.2159167e-01 -5.0039444e-02 -6.5870278e-03 +4.4760749e+04
3.1898000e-02 +2.0000000e-01 +1.2125733e+01 +2.1442000e-02 +2.4021667e-01 +6.8720556e+00 +3.9218333e-01 +1.2813000e+00 -7.3933611e-01 -4.8904444e-02 -6.6235000e-03 +4.3575125e+04
3.3471000e-02 +2.0000000e-01 +1.2350583e+01 +2.1392833e-02 +2.3772167e-01 +6.7386667e+00 +4.2023333e-01 +1.3004222e+00 -7.5500833e-01 -4.7678333e-02 -6.7096944e-03 +4.2336449e+04
3.5084000e-02 +2.0000000e-01 +1.2564050e+01 +2.1135667e-02 +2.3435833e-01 +6.5943889e+00 +4.4837222e-01 +1.3174917e+00 -7.6870000e-01 -4.6377222e-02 -6.8632222e-03 +4.1057163e+04
3.6738000e-02 +2.0000000e-01 +1.2766817e+01 +2.0656500e-02 +2.3013000e-01 +6.4417222e+00 +4.7647222e-01 +1.3326278e+00 -7.8051111e-01 -4.5034167e-02 -7.0990833e-03 +3.9749635e+04
3.8435000e-02 +2.0000000e-01 +1.2959600e+01 +1.9943333e-02 +2.2504667e-01 +6.2828889e+00 +5.0440556e-01 +1.3459083e+00 -7.9055000e-01 -4.3707222e-02 -7.4271389e-03 +3.8424812e+04
4.0176000e-02 +2.0000000e-01 +1.3143033e+01 +1.8986167e-02 +2.1912500e-01 +6.1198889e+00 +5.3204167e-01 +1.3574056e+00 -7.9893056e-01 -4.2465000e-02 -7.8497500e-03 +3.7089691e+04
4.1960000e-02 +2.0000000e-01 +1.3317783e+01 +1.7777667e-02 +2.1238167e-01 +5.9544167e+00 +5.5925833e-01 +1.3672028e+00 -8.0576389e-01 -4.1371389e-02 -8.3593889e-03 +3.5750639e+04
4.3790000e-02 +2.0000000e-01 +1.3484433e+01 +1.6312783e-02 +2.0484500e-01 +5.7879167e+00 +5.8594444e-01 +1.3753889e+00 -8.1115833e-01 -4.0473889e-02 -8.9380833e-03 +3.4414918e+04
4.5665000e-02 +2.0000000e-01 +1.3643583e+01 +1.4589133e-02 +1.9655000e-01 +5.6216667e+00 +6.1197778e-01 +1.3820472e+00 -8.1521667e-01 -3.9805000e-02 -9.5588611e-03 +3.3091111e+04
4.7588000e-02 +2.0000000e-01 +1.3795800e+01 +1.2605683e-02 +1.8754833e-01 +5.4568056e+00 +6.3725278e-01 +1.3872639e+00 -8.1803611e-01 -3.9378611e-02 -1.0189972e-02 +3.1785871e+04
4.9559000e-02 +2.0000000e-01 +1.3941567e+01 +1.0363617e-02 +1.7789667e-01 +5.2944167e+00 +6.6165833e-01 +1.3911306e+00 -8.1969167e-01 -3.9191944e-02 -1.0802167e-02 +3.0503053e+04
5.1579000e-02 +2.0000000e-01 +1.4081433e+01 +7.8676167e-03 +1.6766667e-01 +5.1354167e+00 +6.8510000e-01 +1.3937556e+00 -8.2025833e-01 -3.9241944e-02 -1.1377833e-02 +2.9245897e+04
5.3650000e-02 +2.0000000e-01 +1.4215817e+01 +5.1271500e-03 +1.5694050e-01 +4.9806389e+00 +7.0750556e-01 +1.3952333e+00 -8.1980278e-01 -3.9553333e-02 -1.1918611e-02 +2.8016773e+04
5.5771000e-02 +2.0000000e-01 +1.4345183e+01 +2.1557000e-03 +1.4580717e-01 +4.8306944e+00 +7.2880556e-01 +1.3956583e+00 -8.1838056e-01 -4.0177222e-02 -1.2448361e-02 +2.6818479e+04
5.7944000e-02 +2.0000000e-01 +1.4469950e+01 -1.0314283e-03 +1.3436083e-01 +4.6859167e+00 +7.4894722e-01 +1.3950833e+00 -8.1604722e-01 -4.1140278e-02 -1.3010306e-02 +2.5655366e+04
6.0170000e-02 +2.0000000e-01 +1.4590467e+01 -4.4192833e-03 +1.2269200e-01 +4.5465833e+00 +7.6789167e-01 +1.3935306e+00 -8.1284444e-01 -4.2409722e-02 -1.3657083e-02 +2.4531609e+04
6.2451000e-02 +2.0000000e-01 +1.4707100e+01 -7.9940167e-03 +1.1087867e-01 +4.4128611e+00 +7.8560833e-01 +1.3910028e+00 -8.0880278e-01 -4.3916944e-02 -1.4436667e-02 +2.3448267e+04
6.4786000e-02 +2.0000000e-01 +1.4820183e+01 -1.1742783e-02 +9.8983167e-02 +4.2847778e+00 +8.0208333e-01 +1.3874778e+00 -8.0396667e-01 -4.5610000e-02 -1.5382583e-02 +2.2405227e+04
6.7178000e-02 +2.0000000e-01 +1.4930050e+01 -1.5654050e-02 +8.7051833e-02 +4.1622500e+00 +8.1731111e-01 +1.3829139e+00 -7.9837500e-01 -4.7480833e-02 -1.6509889e-02 +2.1405363e+04
6.9627000e-02 +2.0000000e-01 +1.5036983e+01 -1.9718500e-02 +7.5115500e-02 +4.0449722e+00 +8.3129444e-01 +1.3772528e+00 -7.9206667e-01 -4.9533333e-02 -1.7814056e-02 +2.0453717e+04
7.2134000e-02 +2.0000000e-01 +1.5141300e+01 -2.3927833e-02 +6.3193833e-02 +3.9325556e+00 +8.4403611e-01 +1.3704667e+00 -7.8507222e-01 -5.1730833e-02 -1.9273222e-02 +1.9551958e+04
7.4701000e-02 +2.0000000e-01 +1.5243267e+01 -2.8272333e-02 +5.1306000e-02 +3.8248056e+00 +8.5554722e-01 +1.3625889e+00 -7.7743056e-01 -5.4001667e-02 -2.0853833e-02 +1.8695631e+04
7.7327000e-02 +2.0000000e-01 +1.5343117e+01 -3.2736833e-02 +3.9480667e-02 +3.7216944e+00 +8.6584722e-01 +1.3536972e+00 -7.6919444e-01 -5.6312778e-02 -2.2517250e-02 +1.7876601e+04
8.0015000e-02 +2.0000000e-01 +1.5441050e+01 -3.7301500e-02 +2.7760000e-02 +3.6233056e+00 +8.7497778e-01 +1.3438583e+00 -7.6045278e-01 -5.8710833e-02 -2.4228333e-02 +1.7088371e+04
8.2766000e-02 +2.0000000e-01 +1.5537150e+01 -4.1943500e-02 +1.6190417e-02 +3.5296389e+00 +8.8298889e-01 +1.3330972e+00 -7.5130556e-01 -6.1301944e-02 -2.5963222e-02 +1.6328506e+04
8.5579000e-02 +2.0000000e-01 +1.5631517e+01 -4.6639000e-02 +4.8098333e-03 +3.4405833e+00 +8.8995278e-01 +1.3214444e+00 -7.4181944e-01 -6.4222500e-02 -2.7713083e-02 +1.5597818e+04
8.8457000e-02 +2.0000000e-01 +1.5724217e+01 -5.1365833e-02 -6.3507333e-03 +3.3558889e+00 +8.9594444e-01 +1.3089722e+00 -7.3198611e-01 -6.7580833e-02 -2.9489722e-02 +1.4898947e+04
9.1401000e-02 +2.0000000e-01 +1.5815350e+01 -5.6108333e-02 -1.7253000e-02 +3.2753889e+00 +9.0104722e-01 +1.2957694e+00 -7.2174444e-01 -7.1396111e-02 -3.1327500e-02 +1.4235316e+04
9.4411000e-02 +2.0000000e-01 +1.5905033e+01 -6.0859833e-02 -2.7846000e-02 +3.1987778e+00 +9.0532778e-01 +1.2819778e+00 -7.1103333e-01 -7.5653889e-02 -3.3272500e-02 +1.3608999e+04
9.7488000e-02 +2.0000000e-01 +1.5993367e+01 -6.5616500e-02 -3.8073333e-02 +3.1258056e+00 +9.0887222e-01 +1.2677944e+00 -6.9982500e-01 -8.0403056e-02 -3.5359167e-02 +1.3019895e+04
1.0063400e-01 +2.0000000e-01 +1.6080450e+01 -7.0370167e-02 -4.7887500e-02 +3.0561667e+00 +9.1175833e-01 +1.2533639e+00 -6.8814167e-01 -8.5732778e-02 -3.7596944e-02 +1.2464769e+04
1.0384900e-01 +2.0000000e-01 +1.6166350e+01 -7.5108833e-02 -5.7261167e-02 +2.9896944e+00 +9.1406389e-01 +1.2386750e+00 -6.7600278e-01 -9.1636111e-02 -3.9973611e-02 +1.1939334e+04
1.0713400e-01 +2.0000000e-01 +1.6251067e+01 -7.9823167e-02 -6.6184167e-02 +2.9260556e+00 +9.1584444e-01 +1.2236250e+00 -6.6341111e-01 -9.7968889e-02 -4.2454722e-02 +1.1442506e+04
1.1049000e-01 +2.0000000e-01 +1.6334600e+01 -8.4507333e-02 -7.4657333e-02 +2.8650833e+00 +9.1715833e-01 +1.2081250e+00 -6.5037222e-01 -1.0450056e-01 -4.4985000e-02 +1.0975716e+04
1.1391900e-01 +2.0000000e-01 +1.6416933e+01 -8.9153500e-02 -8.2691500e-02 +2.8069167e+00 +9.1809167e-01 +1.1922083e+00 -6.3691111e-01 -1.1102083e-01 -4.7523611e-02 +1.0537916e+04
1.1742100e-01 +2.0000000e-01 +1.6498150e+01 -9.3749000e-02 -9.0301667e-02 +2.7514806e+00 +9.1873889e-01 +1.1760667e+00 -6.2302500e-01 -1.1741083e-01 -5.0067222e-02 +1.0125743e+04
1.2099600e-01 +2.0000000e-01 +1.6578300e+01 -9.8280000e-02 -9.7501500e-02 +2.6984639e+00 +9.1918611e-01 +1.1599500e+00 -6.0870278e-01 -1.2365139e-01 -5.2607500e-02 +9.7364544e+03
1.2464700e-01 +2.0000000e-01 +1.6657433e+01 -1.0273267e-01 -1.0429450e-01 +2.6476806e+00 +9.1947500e-01 +1.1439111e+00 -5.9395833e-01 -1.2982111e-01 -5.5100556e-02 +9.3696721e+03
1.2837200e-01 +2.0000000e-01 +1.6735500e+01 -1.0708883e-01 -1.1065583e-01 +2.5991944e+00 +9.1961944e-01 +1.1278250e+00 -5.7881389e-01 -1.3610778e-01 -5.7496111e-02 +9.0270579e+03
1.3217500e-01 +2.0000000e-01 +1.6812333e+01 -1.1132483e-01 -1.1653317e-01 +2.5531806e+00 +9.1962500e-01 +1.1116306e+00 -5.6328333e-01 -1.4273639e-01 -5.9761944e-02 +8.7069770e+03
1.3605400e-01 +2.0000000e-01 +1.6887833e+01 -1.1541300e-01 -1.2187583e-01 +2.5097722e+00 +9.1951389e-01 +1.0954694e+00 -5.4738889e-01 -1.4981472e-01 -6.1878889e-02 +8.4058639e+03
1.4001100e-01 +2.0000000e-01 +1.6961833e+01 -1.1932633e-01 -1.2666517e-01 +2.4688722e+00 +9.1932500e-01 +1.0796083e+00 -5.3115833e-01 -1.5731583e-01 -6.3832222e-02 +8.1242278e+03
1.4404700e-01 +2.0000000e-01 +1.7034333e+01 -1.2303850e-01 -1.3092333e-01 +2.4303472e+00 +9.1911389e-01 +1.0643111e+00 -5.1465556e-01 -1.6521278e-01 -6.5617500e-02 +7.8633116e+03
1.4816200e-01 +2.0000000e-01 +1.7105333e+01 -1.2652167e-01 -1.3470700e-01 +2.3942639e+00 +9.1893889e-01 +1.0496750e+00 -4.9799167e-01 -1.7359444e-01 -6.7238611e-02 +7.6223310e+03
1.5235700e-01 +2.0000000e-01 +1.7174833e+01 -1.2974383e-01 -1.3806250e-01 +2.3608750e+00 +9.1887222e-01 +1.0356528e+00 -4.8127500e-01 -1.8261306e-01 -6.8701944e-02 +7.3992797e+03
1.5663200e-01 +2.0000000e-01 +1.7242500e+01 -1.3267517e-01 -1.4098900e-01 +2.3304889e+00 +9.1896667e-01 +1.0222083e+00 -4.6456944e-01 -1.9238167e-01 -7.0024444e-02 +7.1919949e+03
1.6098800e-01 +2.0000000e-01 +1.7308167e+01 -1.3529650e-01 -1.4345583e-01 +2.3032194e+00 +9.1927222e-01 +1.0093472e+00 -4.4785556e-01 -2.0302333e-01 -7.1240278e-02 +7.0002502e+03
1.6542500e-01 +2.0000000e-01 +1.7371833e+01 -1.3761333e-01 -1.4545083e-01 +2.2789333e+00 +9.1981389e-01 +9.9713333e-01 -4.3106111e-01 -2.1462361e-01 -7.2408333e-02 +6.8237100e+03
1.6994400e-01 +2.0000000e-01 +1.7433333e+01 -1.3964783e-01 -1.4699450e-01 +2.2574083e+00 +9.2060000e-01 +9.8559722e-01 -4.1413333e-01 -2.2702167e-01 -7.3605556e-02 +6.6606680e+03
1.7454600e-01 +2.0000000e-01 +1.7493000e+01 -1.4139883e-01 -1.4810200e-01 +2.2382917e+00 +9.2165556e-01 +9.7470278e-01 -3.9710556e-01 -2.3994222e-01 -7.4885278e-02 +6.5124594e+03
1.7922900e-01 +2.0000000e-01 +1.7550500e+01 -1.4283350e-01 -1.4871683e-01 +2.2211944e+00 +9.2300556e-01 +9.6456944e-01 -3.8011389e-01 -2.5320583e-01 -7.6234167e-02 +6.3819703e+03
1.8399600e-01 +2.0000000e-01 +1.7606167e+01 -1.4392250e-01 -1.4874533e-01 +2.2060361e+00 +9.2466944e-01 +9.5546389e-01 -3.6331389e-01 -2.6665111e-01 -7.7584167e-02 +6.2697314e+03
1.8884500e-01 +2.0000000e-01 +1.7659333e+01 -1.4466483e-01 -1.4816833e-01 +2.1929389e+00 +9.2664444e-01 +9.4750278e-01 -3.4680833e-01 -2.8022500e-01 -7.8862778e-02 +6.1744460e+03
1.9377800e-01 +2.0000000e-01 +1.7710333e+01 -1.4507383e-01 -1.4707283e-01 +2.1821083e+00 +9.2893889e-01 +9.4043333e-01 -3.3065278e-01 -2.9396667e-01 -8.0005833e-02 +6.0953852e+03
1.9879400e-01 +2.0000000e-01 +1.7758833e+01 -1.4515217e-01 -1.4556883e-01 +2.1737500e+00 +9.3156944e-01 +9.3382222e-01 -3.1484167e-01 -3.0786944e-01 -8.0931944e-02 +6.0296098e+03
2.0389300e-01 +2.0000000e-01 +1.7805167e+01 -1.4489433e-01 -1.4372117e-01 +2.1679417e+00 +9.3454444e-01 +9.2727500e-01 -2.9931389e-01 -3.2181111e-01 -8.1577778e-02 +5.9720465e+03
2.0907500e-01 +2.0000000e-01 +1.7849167e+01 -1.4429917e-01 -1.4154150e-01 +2.1645333e+00 +9.3784444e-01 +9.2042500e-01 -2.8401389e-01 -3.3554722e-01 -8.1916944e-02 +5.9214773e+03
2.1433900e-01 +2.0000000e-01 +1.7891000e+01 -1.4336850e-01 -1.3901750e-01 +2.1631417e+00 +9.4145556e-01 +9.1306944e-01 -2.6886167e-01 -3.4886944e-01 -8.1910000e-02 +5.8811116e+03
2.1968700e-01 +2.0000000e-01 +1.7930500e+01 -1.4210983e-01 -1.3615300e-01 +2.1633917e+00 +9.4540833e-01 +9.0537778e-01 -2.5379028e-01 -3.6161111e-01 -8.1481389e-02 +5.8518153e+03
2.2511700e-01 +2.0000000e-01 +1.7967833e+01 -1.4055333e-01 -1.3294800e-01 +2.1650194e+00 +9.4973889e-01 +8.9775278e-01 -2.3879194e-01 -3.7377778e-01 -8.0544722e-02 +5.8319179e+03
2.3062900e-01 +2.0000000e-01 +1.8002833e+01 -1.3875083e-01 -1.2930883e-01 +2.1680639e+00 +9.5446944e-01 +8.9055000e-01 -2.2390167e-01 -3.8548889e-01 -7.9098333e-02 +5.8190653e+03
2.3622300e-01 +2.0000000e-01 +1.8035333e+01 -1.3673467e-01 -1.2508883e-01 +2.1726056e+00 +9.5965000e-01 +8.8416667e-01 -2.0915222e-01 -3.9689722e-01 -7.7274167e-02 +5.8105822e+03
2.4189800e-01 +2.0000000e-01 +1.8065333e+01 -1.3449800e-01 -1.2022333e-01 +2.1788333e+00 +9.6533889e-01 +8.7874722e-01 -1.9455583e-01 -4.0820278e-01 -7.5267778e-02 +5.8061281e+03
2.4765400e-01 +2.0000000e-01 +1.8092667e+01 -1.3202233e-01 -1.1474033e-01 +2.1872306e+00 +9.7151944e-01 +8.7385278e-01 -1.8014972e-01 -4.1951111e-01 -7.3285000e-02 +5.8074547e+03
2.5348900e-01 +2.0000000e-01 +1.8117167e+01 -1.2930683e-01 -1.0866650e-01 +2.1984639e+00 +9.7805833e-01 +8.6906944e-01 -1.6599583e-01 -4.3079444e-01 -7.1547500e-02 +5.8183284e+03
2.5940400e-01 +2.0000000e-01 +1.8138833e+01 -1.2637883e-01 -1.0201033e-01 +2.2127833e+00 +9.8486111e-01 +8.6467500e-01 -1.5209417e-01 -4.4200556e-01 -7.0126944e-02 +5.8403205e+03
2.6539600e-01 +2.0000000e-01 +1.8158000e+01 -1.2328467e-01 -9.4858167e-02 +2.2297167e+00 +9.9194722e-01 +8.6116111e-01 -1.3839000e-01 -4.5321111e-01 -6.8916944e-02 +5.8728352e+03
2.7146600e-01 +2.0000000e-01 +1.8174500e+01 -1.2007000e-01 -8.7365167e-02 +2.2487528e+00 +9.9941111e-01 +8.5856111e-01 -1.2497472e-01 -4.6456944e-01 -6.7808889e-02 +5.9132811e+03
2.7761200e-01 +2.0000000e-01 +1.8188833e+01 -1.1674150e-01 -7.9590667e-02 +2.2700000e+00 +1.0073778e+00 +8.5671667e-01 -1.1216361e-01 -4.7634722e-01 -6.6639722e-02 +5.9591529e+03
2.8383300e-01 +2.0000000e-01 +1.8200667e+01 -1.1325600e-01 -7.1440000e-02 +2.2935778e+00 +1.0159611e+00 +8.5560556e-01 -1.0026750e-01 -4.8865278e-01 -6.5217500e-02 +6.0070566e+03
2.9012800e-01 +2.0000000e-01 +1.8210167e+01 -1.0956000e-01 -6.2822667e-02 +2.3191250e+00 +1.0252417e+00 +8.5513333e-01 -8.9350278e-02 -5.0131111e-01 -6.3512778e-02 +6.0524619e+03
2.9649600e-01 +2.0000000e-01 +1.8217333e+01 -1.0560567e-01 -5.3810000e-02 +2.3460528e+00 +1.0352111e+00 +8.5507500e-01 -7.9255000e-02 -5.1405000e-01 -6.1631944e-02 +6.0944823e+03
3.0293400e-01 +2.0000000e-01 +1.8222500e+01 -1.0135517e-01 -4.4561167e-02 +2.3736611e+00 +1.0457417e+00 +8.5548889e-01 -6.9788333e-02 -5.2652500e-01 -5.9767778e-02 +6.1364390e+03
3.0944200e-01 +2.0000000e-01 +1.8226333e+01 -9.6790833e-02 -3.5293833e-02 +2.4010194e+00 +1.0565944e+00 +8.5660833e-01 -6.0867778e-02 -5.3839167e-01 -5.8026667e-02 +6.1806983e+03
3.1601900e-01 +2.0000000e-01 +1.8228500e+01 -9.1927000e-02 -2.6219833e-02 +2.4274861e+00 +1.0674750e+00 +8.5839167e-01 -5.2499167e-02 -5.4941944e-01 -5.6362500e-02 +6.2275699e+03
3.2266100e-01 +2.0000000e-01 +1.8229333e+01 -8.6821833e-02 -1.7519333e-02 +2.4531472e+00 +1.0781500e+00 +8.6039444e-01 -4.4685000e-02 -5.5946944e-01 -5.4664722e-02 +6.2786548e+03
3.2936900e-01 +2.0000000e-01 +1.8229167e+01 -8.1554167e-02 -9.3072500e-03 +2.4779111e+00 +1.0885417e+00 +8.6221111e-01 -3.7511111e-02 -5.6857778e-01 -5.2754722e-02 +6.3376432e+03
3.3613900e-01 +2.0000000e-01 +1.8228167e+01 -7.6212500e-02 -1.5835817e-03 +2.5014889e+00 +1.0987917e+00 +8.6372500e-01 -3.1148056e-02 -5.7695833e-01 -5.0495556e-02 +6.3986621e+03
3.4297000e-01 +2.0000000e-01 +1.8226500e+01 -7.0882333e-02 +5.6733667e-03 +2.5234944e+00 +1.1090694e+00 +8.6496944e-01 -2.5536694e-02 -5.8484167e-01 -4.7956667e-02 +6.4566552e+03
3.4985900e-01 +2.0000000e-01 +1.8224167e+01 -6.5648000e-02 +1.2460633e-02 +2.5436861e+00 +1.1193722e+00 +8.6590000e-01 -2.0358472e-02 -5.9206944e-01 -4.5301111e-02 +6.5118303e+03
3.5680600e-01 +2.0000000e-01 +1.8221000e+01 -6.0577833e-02 +1.8882500e-02 +2.5627528e+00 +1.1295194e+00 +8.6672500e-01 -1.5332167e-02 -5.9871111e-01 -4.2577500e-02 +6.5656215e+03
3.6380700e-01 +2.0000000e-01 +1.8217333e+01 -5.5721000e-02 +2.5231667e-02 +2.5818889e+00 +1.1393417e+00 +8.6768056e-01 -1.0483639e-02 -6.0519167e-01 -3.9732222e-02 +6.6222928e+03
3.7086000e-01 +2.0000000e-01 +1.8213000e+01 -5.1149833e-02 +3.1736167e-02 +2.6015000e+00 +1.1488000e+00 +8.6906111e-01 -6.0948611e-03 -6.1173889e-01 -3.6848333e-02 +6.6820775e+03
3.7796300e-01 +2.0000000e-01 +1.8207500e+01 -4.6928667e-02 +3.8448333e-02 +2.6213889e+00 +1.1578917e+00 +8.7099722e-01 -2.1977583e-03 -6.1825000e-01 -3.4147500e-02 +6.7394624e+03
3.8511300e-01 +2.0000000e-01 +1.8201000e+01 -4.3025333e-02 +4.5370000e-02 +2.6412806e+00 +1.1665667e+00 +8.7328056e-01 +1.2900667e-03 -6.2493333e-01 -3.1626667e-02 +6.7950798e+03
3.9230900e-01 +2.0000000e-01 +1.8193833e+01 -3.9373500e-02 +5.2478500e-02 +2.6605750e+00 +1.1747806e+00 +8.7598333e-01 +4.4140000e-03 -6.3219167e-01 -2.9158611e-02 +6.8516296e+03
3.9954700e-01 +2.0000000e-01 +1.8186333e+01 -3.5934000e-02 +5.9627667e-02 +2.6793444e+00 +1.1824889e+00 +8.7963333e-01 +7.1997500e-03 -6.4000833e-01 -2.6841028e-02 +6.9090626e+03
4.0682400e-01 +2.0000000e-01 +1.8178833e+01 -3.2697833e-02 +6.6630500e-02 +2.6988528e+00 +1.1896139e+00 +8.8401667e-01 +9.5071667e-03 -6.4816111e-01 -2.4753528e-02 +6.9582736e+03
4.1413900e-01 +2.0000000e-01 +1.8171333e+01 -2.9540667e-02 +7.3480667e-02 +2.7196278e+00 +1.1961056e+00 +8.8858889e-01 +1.1182083e-02 -6.5642500e-01 -2.2738194e-02 +6.9985419e+03
4.2148900e-01 +2.0000000e-01 +1.8164000e+01 -2.6268167e-02 +8.0114500e-02 +2.7408500e+00 +1.2019389e+00 +8.9308611e-01 +1.2149306e-02 -6.6435278e-01 -2.0639972e-02 +7.0362244e+03
4.2886900e-01 +2.0000000e-01 +1.8156833e+01 -2.2844167e-02 +8.6265000e-02 +2.7608028e+00 +1.2070722e+00 +8.9713889e-01 +1.2200611e-02 -6.7148056e-01 -1.8228139e-02 +7.0768260e+03
4.3627900e-01 +2.0000000e-01 +1.8149667e+01 -1.9375500e-02 +9.1857667e-02 +2.7778889e+00 +1.2115139e+00 +9.0068889e-01 +1.1205917e-02 -6.7756389e-01 -1.5306583e-02 +7.1221608e+03
4.4371400e-01 +2.0000000e-01 +1.8142333e+01 -1.6008700e-02 +9.6942000e-02 +2.7921667e+00 +1.2154861e+00 +9.0370278e-01 +9.5442222e-03 -6.8290000e-01 -1.1972778e-02 +7.1620367e+03
4.5117200e-01 +2.0000000e-01 +1.8135167e+01 -1.2903817e-02 +1.0157650e-01 +2.8038889e+00 +1.2192361e+00 +9.0609167e-01 +7.7271944e-03 -6.8747500e-01 -8.6009722e-03 +7.1920327e+03
4.5865000e-01 +2.0000000e-01 +1.8129000e+01 -1.0164533e-02 +1.0566550e-01 +2.8121667e+00 +1.2227278e+00 +9.0805556e-01 +6.0281111e-03 -6.9096944e-01 -5.8254167e-03 +7.2210846e+03
4.6614500e-01 +2.0000000e-01 +1.8124167e+01 -7.7777333e-03 +1.0928117e-01 +2.8170556e+00 +1.2257722e+00 +9.1020833e-01 +4.5929444e-03 -6.9338056e-01 -3.9765556e-03 +7.2520930e+03
4.7365400e-01 +2.0000000e-01 +1.8120333e+01 -5.6758167e-03 +1.1236850e-01 +2.8191389e+00 +1.2282361e+00 +9.1252778e-01 +3.4805000e-03 -6.9465000e-01 -2.9140556e-03 +7.2793662e+03
4.8117400e-01 +2.0000000e-01 +1.8117500e+01 -3.7468500e-03 +1.1468817e-01 +2.8192222e+00 +1.2301250e+00 +9.1433889e-01 +2.5446944e-03 -6.9501667e-01 -2.1863917e-03 +7.2962573e+03
4.8870100e-01 +2.0000000e-01 +1.8115333e+01 -1.8698667e-03 +1.1622117e-01 +2.8180556e+00 +1.2314972e+00 +9.1552500e-01 +1.5753944e-03 -6.9506111e-01 -1.3725833e-03 +7.3023585e+03
4.9623300e-01 +2.0000000e-01 +1.8114333e+01 +0.0000000e+00 +1.1698700e-01 +2.8168611e+00 +1.2322611e+00 +9.1615556e-01 +5.3213333e-04 -6.9511111e-01 -4.5731389e-04 +7.3021111e+03
5.0376700e-01 +2.0000000e-01 +1.8114333e+01 +1.8698667e-03 +1.1698700e-01 +2.8168611e+00 +1.2322611e+00 +9.1615556e-01 -5.3213333e-04 -6.9511111e-01 +4.5731389e-04 +7.3021111e+03
5.1129900e-01 +2.0000000e-01 +1.8115333e+01 +3.7468500e-03 +1.1622117e-01 +2.8180556e+00 +1.2314972e+00 +9.1552500e-01 -1.5753944e-03 -6.9506111e-01 +1.3725833e-03 +7.3023585e+03
5.1882600e-01 +2.0000000e-01 +1.8117500e+01 +5.6758167e-03 +1.1468817e-01 +2.8192222e+00 +1.2301250e+00 +9.1433889e-01 -2.5446944e-03 -6.9501667e-01 +2.1863917e-03 +7.2962573e+03
5.2634600e-01 +2.0000000e-01 +1.8120333e+01 +7.7777333e-03 +1.1236850e-01 +2.8191389e+00 +1.2282361e+00 +9.1252778e-01 -3.4805000e-03 -6.9465000e-01 +2.9140556e-03 +7.2793662e+03
5.3385500e-01 +2.0000000e-01 +1.8124167e+01 +1.0164533e-02 +1.0928117e-01 +2.8170556e+00 +1.2257722e+00 +9.1020833e-01 -4.5929444e-03 -6.9338056e-01 +3.9765556e-03 +7.2520930e+03
5.4135000e-01 +2.0000000e-01 +1.8129000e+01 +1.2903817e-02 +1.0566550e-01 +2.8121667e+00 +1.2227278e+00 +9.0805556e-01 -6.0281111e-03 -6.9096944e-01 +5.8254167e-03 +7.2210846e+03
5.4882800e-01 +2.0000000e-01 +1.8135167e+01 +1.6008700e-02 +1.0157650e-01 +2.8038889e+00 +1.2192361e+00 +9.0609167e-01 -7.7271944e-03 -6.8747500e-01 +8.6009722e-03 +7.1920327e+03
5.5628600e-01 +2.0000000e-01 +1.8142333e+01 +1.9375500e-02 +9.6942000e-02 +2.7921667e+00 +1.2154861e+00 +9.0370278e-01 -9.5442222e-03 -6.8290000e-01 +1.1972778e-02 +7.1620367e+03
5.6372100e-01 +2.0000000e-01 +1.8149667e+01 +2.2844167e-02 +9.1857667e-02 +2.7778889e+00 +1.2115139e+00 +9.0068889e-01 -1.1205917e-02 -6.7756389e-01 +1.5306583e-02 +7.1221608e+03
5.7113100e-01 +2.0000000e-01 +1.8156833e+01 +2.6268167e-02 +8.6265000e-02 +2.7608028e+00 +1.2070722e+00 +8.9713889e-01 -1.2200611e-02 -6.7148056e-01 +1.8228139e-02 +7.0768260e+03
5.7851100e-01 +2.0000000e-01 +1.8164000e+01 +2.9540667e-02 +8.0114500e-02 +2.7408500e+00 +1.2019389e+00 +8.9308611e-01 -1.2149306e-02 -6.6435278e-01 +2.0639972e-02 +7.0362244e+03
5.8586100e-01 +2.0000000e-01 +1.8171333e+01 +3.2697833e-02 +7.3480667e-02 +2.7196278e+00 +1.1961056e+00 +8.8858889e-01 -1.1182083e-02 -6.5642500e-01 +2.2738194e-02 +6.9985419e+03
5.9317600e-01 +2.0000000e-01 +1.8178833e+01 +3.5934000e-02 +6.6630500e-02 +2.6988528e+00 +1.1896139e+00 +8.8401667e-01 -9.5071667e-03 -6.4816111e-01 +2.4753528e-02 +6.9582736e+03
6.0045300e-01 +2.0000000e-01 +1.8186333e+01 +3.9373500e-02 +5.9627667e-02 +2.6793444e+00 +1.1824889e+00 +8.7963333e-01 -7.1997500e-03 -6.4000833e-01 +2.6841028e-02 +6.9090626e+03
6.0769100e-01 +2.0000000e-01 +1.8193833e+01 +4.3025333e-02 +5.2478500e-02 +2.6605750e+00 +1.1747806e+00 +8.7598333e-01 -4.4140000e-03 -6.3219167e-01 +2.9158611e-02 +6.8516296e+03
6.1488700e-01 +2.0000000e-01 +1.8201000e+01 +4.6928667e-02 +4.5370000e-02 +2.6412806e+00 +1.1665667e+00 +8.7328056e-01 -1.2900667e-03 -6.2493333e-01 +3.1626667e-02 +6.7950798e+03
6.2203700e-01 +2.0000000e-01 +1.8207500e+01 +5.1149833e-02 +3.8448333e-02 +2.6213889e+00 +1.1578917e+00 +8.7099722e-01 +2.1977583e-03 -6.1825000e-01 +3.4147500e-02 +6.7394624e+03
6.2914000e-01 +2.0000000e-01 +1.8213000e+01 +5.5721000e-02 +3.1736167e-02 +2.6015000e+00 +1.1488000e+00 +8.6906111e-01 +6.0948611e-03 -6.1173889e-01 +3.6848333e-02 +6.6820775e+03
6.3619300e-01 +2.0000000e-01 +1.8217333e+01 +6.0577833e-02 +2.5231667e-02 +2.5818889e+00 +1.1393417e+00 +8.6768056e-01 +1.0483639e-02 -6.0519167e-01 +3.9732222e-02 +6.6222928e+03
6.4319400e-01 +2.0000000e-01 +1.8221000e+01 +6.5648000e-02 +1.8882500e-02 +2.5627528e+00 +1.1295194e+00 +8.6672500e-01 +1.5332167e-02 -5.9871111e-01 +4.2577500e-02 +6.5656215e+03
6.5014100e-01 +2.0000000e-01 +1.8224167e+01 +7.0882333e-02 +1.2460633e-02 +2.5436861e+00 +1.1193722e+00 +8.6590000e-01 +2.0358472e-02 -5.9206944e-01 +4.5301111e-02 +6.5118303e+03
6.5703000e-01 +2.0000000e-01 +1.8226500e+01 +7.6212500e-02 +5.6733667e-03 +2.5234944e+00 +1.1090694e+00 +8.6496944e-01 +2.5536694e-02 -5.8484167e-01 +4.7956667e-02 +6.4566552e+03
6.6386100e-01 +2.0000000e-01 +1.8228167e+01 +8.1554167e-02 -1.5835817e-03 +2.5014889e+00 +1.0987917e+00 +8.6372500e-01 +3.1148056e-02 -5.7695833e-01 +5.0495556e-02 +6.3986620e+03
6.7063100e-01 +2.0000000e-01 +1.8229167e+01 +8.6821833e-02 -9.3072500e-03 +2.4779111e+00 +1.0885417e+00 +8.6221111e-01 +3.7511111e-02 -5.6857778e-01 +5.2754722e-02 +6.3376432e+03
6.7733900e-01 +2.0000000e-01 +1.8229333e+01 +9.1927000e-02 -1.7519333e-02 +2.4531472e+00 +1.0781500e+00 +8.6039444e-01 +4.4685000e-02 -5.5946944e-01 +5.4664722e-02 +6.2786548e+03
6.8398100e-01 +2.0000000e-01 +1.8228500e+01 +9.6790833e-02 -2.6219833e-02 +2.4274861e+00 +1.0674750e+00 +8.5839167e-01 +5.2499167e-02 -5.4941944e-01 +5.6362500e-02 +6.2275699e+03
6.9055800e-01 +2.0000000e-01 +1.8226333e+01 +1.0135517e-01 -3.5293833e-02 +2.4010194e+00 +1.0565944e+00 +8.5660833e-01 +6.0867778e-02 -5.3839167e-01 +5.8026667e-02 +6.1806983e+03
6.9706600e-01 +2.0000000e-01 +1.8222500e+01 +1.0560567e-01 -4.4561167e-02 +2.3736611e+00 +1.0457417e+00 +8.5548889e-01 +6.9788333e-02 -5.2652500e-01 +5.9767778e-02 +6.1364390e+03
7.0350400e-01 +2.0000000e-01 +1.8217333e+01 +1.0956000e-01 -5.3810000e-02 +2.3460528e+00 +1.0352111e+00 +8.5507500e-01 +7.9255000e-02 -5.1405000e-01 +6.1631944e-02 +6.0944823e+03
7.0987200e-01 +2.0000000e-01 +1.8210167e+01 +1.1325600e-01 -6.2822667e-02 +2.3191250e+00 +1.0252417e+00 +8.5513333e-01 +8.9350278e-02 -5.0131111e-01 +6.3512778e-02 +6.0524619e+03
7.1616700e-01 +2.0000000e-01 +1.8200667e+01 +1.1674150e-01 -7.1440000e-02 +2.2935778e+00 +1.0159611e+00 +8.5560556e-01 +1.0026750e-01 -4.8865278e-01 +6.5217500e-02 +6.0070566e+03
7.2238800e-01 +2.0000000e-01 +1.8188833e+01 +1.2007000e-01 -7.9590667e-02 +2.2700000e+00 +1.0073778e+00 +8.5671667e-01 +1.1216361e-01 -4.7634722e-01 +6.6639722e-02 +5.9591529e+03
7.2853400e-01 +2.0000000e-01 +1.8174500e+01 +1.2328467e-01 -8.7365167e-02 +2.2487528e+00 +9.9941111e-01 +8.5856111e-01 +1.2497472e-01 -4.6456944e-01 +6.7808889e-02 +5.9132811e+03
7.3460400e-01 +2.0000000e-01 +1.8158000e+01 +1.2637883e-01 -9.4858167e-02 +2.2297167e+00 +9.9194722e-01 +8.6116111e-01 +1.3839000e-01 -4.5321111e-01 +6.8916944e-02 +5.8728352e+03
7.4059600e-01 +2.0000000e-01 +1.8138833e+01 +1.2930683e-01 -1.0201033e-01 +2.2127833e+00 +9.8486111e-01 +8.6467500e-01 +1.5209417e-01 -4.4200556e-01 +7.0126944e-02 +5.8403205e+03
7.4651100e-01 +2.0000000e-01 +1.8117167e+01 +1.3202233e-01 -1.0866650e-01 +2.1984639e+00 +9.7805833e-01 +8.6906944e-01 +1.6599583e-01 -4.3079444e-01 +7.1547500e-02 +5.8183284e+03
7.5234600e-01 +2.0000000e-01 +1.8092667e+01 +1.3449800e-01 -1.1474033e-01 +2.1872306e+00 +9.7151944e-01 +8.7385278e-01 +1.8014972e-01 -4.1951111e-01 +7.3285000e-02 +5.8074547e+03
7.5810200e-01 +2.0000000e-01 +1.8065333e+01 +1.3673467e-01 -1.2022333e-01 +2.1788333e+00 +9.6533889e-01 +8.7874722e-01 +1.9455583e-01 -4.0820278e-01 +7.5267778e-02 +5.8061281e+03
7.6377700e-01 +2.0000000e-01 +1.8035333e+01 +1.3875083e-01 -1.2508883e-01 +2.1726056e+00 +9.5965000e-01 +8.8416667e-01 +2.0915222e-01 -3.9689722e-01 +7.7274167e-02 +5.8105822e+03
7.6937100e-01 +2.0000000e-01 +1.8002833e+01 +1.4055333e-01 -1.2930883e-01 +2.1680639e+00 +9.5446944e-01 +8.9055000e-01 +2.2390167e-01 -3.8548889e-01 +7.9098333e-02 +5.8190653e+03
7.7488300e-01 +2.0000000e-01 +1.7967833e+01 +1.4210983e-01 -1.3294800e-01 +2.1650194e+00 +9.4973889e-01 +8.9775278e-01 +2.3879194e-01 -3.7377778e-01 +8.0544722e-02 +5.8319179e+03
7.8031300e-01 +2.0000000e-01 +1.7930500e+01 +1.4336850e-01 -1.3615300e-01 +2.1633917e+00 +9.4540833e-01 +9.0537778e-01 +2.5379028e-01 -3.6161111e-01 +8.1481389e-02 +5.8518153e+03
7.8566100e-01 +2.0000000e-01 +1.7891000e+01 +1.4429917e-01 -1.3901750e-01 +2.1631417e+00 +9.4145556e-01 +9.1306944e-01 +2.6886167e-01 -3.4886944e-01 +8.1910000e-02 +5.8811116e+03
7.9092500e-01 +2.0000000e-01 +1.7849167e+01 +1.4489433e-01 -1.4154150e-01 +2.1645333e+00 +9.3784444e-01 +9.2042500e-01 +2.8401389e-01 -3.3554722e-01 +8.1916944e-02 +5.9214772e+03
7.9610700e-01 +2.0000000e-01 +1.7805167e+01 +1.4515217e-01 -1.4372117e-01 +2.1679417e+00 +9.3454444e-01 +9.2727500e-01 +2.9931389e-01 -3.2181111e-01 +8.1577778e-02 +5.9720465e+03
8.0120600e-01 +2.0000000e-01 +1.7758833e+01 +1.4507383e-01 -1.4556883e-01 +2.1737500e+00 +9.3156944e-01 +9.3382222e-01 +3.1484167e-01 -3.0786944e-01 +8.0931944e-02 +6.0296098e+03
8.0622200e-01 +2.0000000e-01 +1.7710333e+01 +1.4466483e-01 -1.4707283e-01 +2.1821083e+00 +9.2893889e-01 +9.4043333e-01 +3.3065278e-01 -2.9396667e-01 +8.0005833e-02 +6.0953852e+03
8.1115500e-01 +2.0000000e-01 +1.7659333e+01 +1.4392250e-01 -1.4816833e-01 +2.1929389e+00 +9.2664444e-01 +9.4750278e-01 +3.4680833e-01 -2.8022500e-01 +7.8862778e-02 +6.1744460e+03
8.1600400e-01 +2.0000000e-01 +1.7606167e+01 +1.4283350e-01 -1.4874533e-01 +2.2060361e+00 +9.2466944e-01 +9.5546389e-01 +3.6331389e-01 -2.6665111e-01 +7.7584167e-02 +6.2697314e+03
8.2077100e-01 +2.0000000e-01 +1.7550500e+01 +1.4139883e-01 -1.4871683e-01 +2.2211944e+00 +9.2300556e-01 +9.6456944e-01 +3.8011389e-01 -2.5320583e-01 +7.6234167e-02 +6.3819703e+03
8.2545400e-01 +2.0000000e-01 +1.7493000e+01 +1.3964783e-01 -1.4810200e-01 +2.2382917e+00 +9.2165556e-01 +9.7470278e-01 +3.9710556e-01 -2.3994222e-01 +7.4885278e-02 +6.5124594e+03
8.3005600e-01 +2.0000000e-01 +1.7433333e+01 +1.3761333e-01 -1.4699450e-01 +2.2574083e+00 +9.2060000e-01 +9.8559722e-01 +4.1413333e-01 -2.2702167e-01 +7.3605556e-02 +6.6606680e+03
8.3457500e-01 +2.0000000e-01 +1.7371833e+01 +1.3529650e-01 -1.4545083e-01 +2.2789333e+00 +9.1981389e-01 +9.9713333e-01 +4.3106111e-01 -2.1462361e-01 +7.2408333e-02 +6.8237100e+03
8.3901200e-01 +2.0000000e-01 +1.7308167e+01 +1.3267517e-01 -1.4345583e-01 +2.3032194e+00 +9.1927222e-01 +1.0093472e+00 +4.4785556e-01 -2.0302333e-01 +7.1240278e-02 +7.0002502e+03
8.4336800e-01 +2.0000000e-01 +1.7242500e+01 +1.2974383e-01 -1.4098900e-01 +2.3304889e+00 +9.1896667e-01 +1.0222083e+00 +4.6456944e-01 -1.9238167e-01 +7.0024444e-02 +7.1919949e+03
8.4764300e-01 +2.0000000e-01 +1.7174833e+01 +1.2652167e-01 -1.3806250e-01 +2.3608750e+00 +9.1887222e-01 +1.0356528e+00 +4.8127500e-01 -1.8261306e-01 +6.8701944e-02 +7.3992797e+03
8.5183800e-01 +2.0000000e-01 +1.7105333e+01 +1.2303850e-01 -1.3470700e-01 +2.3942639e+00 +9.1893889e-01 +1.0496750e+00 +4.9799167e-01 -1.7359444e-01 +6.7238611e-02 +7.6223310e+03
8.5595300e-01 +2.0000000e-01 +1.7034333e+01 +1.1932633e-01 -1.3092333e-01 +2.4303472e+00 +9.1911389e-01 +1.0643111e+00 +5.1465556e-01 -1.6521278e-01 +6.5617500e-02 +7.8633116e+03
8.5998900e-01 +2.0000000e-01 +1.6961833e+01 +1.1541300e-01 -1.2666517e-01 +2.4688722e+00 +9.1932500e-01 +1.0796083e+00 +5.3115833e-01 -1.5731583e-01 +6.3832222e-02 +8.1242278e+03
8.6394600e-01 +2.0000000e-01 +1.6887833e+01 +1.1132483e-01 -1.2187583e-01 +2.5097722e+00 +9.1951389e-01 +1.0954694e+00 +5.4738889e-01 -1.4981472e-01 +6.1878889e-02 +8.4058639e+03
8.6782500e-01 +2.0000000e-01 +1.6812333e+01 +1.0708883e-01 -1.1653317e-01 +2.5531806e+00 +9.1962500e-01 +1.1116306e+00 +5.6328333e-01 -1.4273639e-01 +5.9761944e-02 +8.7069770e+03
8.7162800e-01 +2.0000000e-01 +1.6735500e+01 +1.0273267e-01 -1.1065583e-01 +2.5991944e+00 +9.1961944e-01 +1.1278250e+00 +5.7881389e-01 -1.3610778e-01 +5.7496111e-02 +9.0270579e+03
8.7535300e-01 +2.0000000e-01 +1.6657433e+01 +9.8280000e-02 -1.0429450e-01 +2.6476806e+00 +9.1947500e-01 +1.1439111e+00 +5.9395833e-01 -1.2982111e-01 +5.5100556e-02 +9.3696721e+03
8.7900400e-01 +2.0000000e-01 +1.6578300e+01 +9.3749000e-02 -9.7501500e-02 +2.6984639e+00 +9.1918611e-01 +1.1599500e+00 +6.0870278e-01 -1.2365139e-01 +5.2607500e-02 +9.7364544e+03
8.8257900e-01 +2.0000000e-01 +1.6498150e+01 +8.9153500e-02 -9.0301667e-02 +2.7514806e+00 +9.1873889e-01 +1.1760667e+00 +6.2302500e-01 -1.1741083e-01 +5.0067222e-02 +1.0125743e+04
8.8608100e-01 +2.0000000e-01 +1.6416933e+01 +8.4507333e-02 -8.2691500e-02 +2.8069167e+00 +9.1809167e-01 +1.1922083e+00 +6.3691111e-01 -1.1102083e-01 +4.7523611e-02 +1.0537916e+04
8.8951000e-01 +2.0000000e-01 +1.6334600e+01 +7.9823167e-02 -7.4657333e-02 +2.8650833e+00 +9.1715833e-01 +1.2081250e+00 +6.5037222e-01 -1.0450056e-01 +4.4985000e-02 +1.0975716e+04
8.9286600e-01 +2.0000000e-01 +1.6251067e+01 +7.5108833e-02 -6.6184167e-02 +2.9260556e+00 +9.1584444e-01 +1.2236250e+00 +6.6341111e-01 -9.7968889e-02 +4.2454722e-02 +1.1442506e+04
8.9615100e-01 +2.0000000e-01 +1.6166350e+01 +7.0370167e-02 -5.7261167e-02 +2.9896944e+00 +9.1406389e-01 +1.2386750e+00 +6.7600278e-01 -9.1636111e-02 +3.9973611e-02 +1.1939334e+04
8.9936600e-01 +2.0000000e-01 +1.6080450e+01 +6.5616500e-02 -4.7887500e-02 +3.0561667e+00 +9.1175833e-01 +1.2533639e+00 +6.8814167e-01 -8.5732778e-02 +3.7596944e-02 +1.2464769e+04
9.0251200e-01 +2.0000000e-01 +1.5993367e+01 +6.0859833e-02 -3.8073333e-02 +3.1258056e+00 +9.0887222e-01 +1.2677944e+00 +6.9982500e-01 -8.0403056e-02 +3.5359167e-02 +1.3019895e+04
9.0558900e-01 +2.0000000e-01 +1.5905033e+01 +5.6108333e-02 -2.7846000e-02 +3.1987778e+00 +9.0532778e-01 +1.2819778e+00 +7.1103333e-01 -7.5653889e-02 +3.3272500e-02 +1.3608999e+04
9.0859900e-01 +2.0000000e-01 +1.5815350e+01 +5.1365833e-02 -1.7253000e-02 +3.2753889e+00 +9.0104722e-01 +1.2957694e+00 +7.2174444e-01 -7.1396111e-02 +3.1327500e-02 +1.4235316e+04
9.1154300e-01 +2.0000000e-01 +1.5724217e+01 +4.6639000e-02 -6.3507333e-03 +3.3558889e+00 +8.9594444e-01 +1.3089722e+00 +7.3198611e-01 -6.7580833e-02 +2.9489722e-02 +1.4898947e+04
9.1442100e-01 +2.0000000e-01 +1.5631517e+01 +4.1943500e-02 +4.8098333e-03 +3.4405833e+00 +8.8995278e-01 +1.3214444e+00 +7.4181944e-01 -6.4222500e-02 +2.7713083e-02 +1.5597818e+04
9.1723400e-01 +2.0000000e-01 +1.5537150e+01 +3.7301500e-02 +1.6190417e-02 +3.5296389e+00 +8.8298889e-01 +1.3330972e+00 +7.5130556e-01 -6.1301944e-02 +2.5963222e-02 +1.6328506e+04
9.1998500e-01 +2.0000000e-01 +1.5441050e+01 +3.2736833e-02 +2.7760000e-02 +3.6233056e+00 +8.7497778e-01 +1.3438583e+00 +7.6045278e-01 -5.8710833e-02 +2.4228333e-02 +1.7088371e+04
9.2267300e-01 +2.0000000e-01 +1.5343117e+01 +2.8272333e-02 +3.9480667e-02 +3.7216944e+00 +8.6584722e-01 +1.3536972e+00 +7.6919444e-01 -5.6312778e-02 +2.2517250e-02 +1.7876601e+04
9.2529900e-01 +2.0000000e-01 +1.5243267e+01 +2.3927833e-02 +5.1306000e-02 +3.8248056e+00 +8.5554722e-01 +1.3625889e+00 +7.7743056e-01 -5.4001667e-02 +2.0853833e-02 +1.8695631e+04
9.2786600e-01 +2.0000000e-01 +1.5141300e+01 +1.9718500e-02 +6.3193833e-02 +3.9325556e+00 +8.4403611e-01 +1.3704667e+00 +7.8507222e-01 -5.1730833e-02 +1.9273222e-02 +1.9551958e+04
9.3037300e-01 +2.0000000e-01 +1.5036983e+01 +1.5654050e-02 +7.5115500e-02 +4.0449722e+00 +8.3129444e-01 +1.3772528e+00 +7.9206667e-01 -4.9533333e-02 +1.7814056e-02 +2.0453717e+04
9.3282200e-01 +2.0000000e-01 +1.4930050e+01 +1.1742783e-02 +8.7051833e-02 +4.1622500e+00 +8.1731111e-01 +1.3829139e+00 +7.9837500e-01 -4.7480833e-02 +1.6509889e-02 +2.1405363e+04
9.3521400e-01 +2.0000000e-01 +1.4820183e+01 +7.9940167e-03 +9.8983167e-02 +4.2847778e+00 +8.0208333e-01 +1.3874778e+00 +8.0396667e-01 -4.5610000e-02 +1.5382583e-02 +2.2405227e+04
9.3754900e-01 +2.0000000e-01 +1.4707100e+01 +4.4192833e-03 +1.1087867e-01 +4.4128611e+00 +7.8560833e-01 +1.3910028e+00 +8.0880278e-01 -4.3916944e-02 +1.4436667e-02 +2.3448267e+04
9.3983000e-01 +2.0000000e-01 +1.4590467e+01 +1.0314283e-03 +1.2269200e-01 +4.5465833e+00 +7.6789167e-01 +1.3935306e+00 +8.1284444e-01 -4.2409722e-02 +1.3657083e-02 +2.4531609e+04
9.4205600e-01 +2.0000000e-01 +1.4469950e+01 -2.1557000e-03 +1.3436083e-01 +4.6859167e+00 +7.4894722e-01 +1.3950833e+00 +8.1604722e-01 -4.1140278e-02 +1.3010306e-02 +2.5655366e+04
9.4422900e-01 +2.0000000e-01 +1.4345183e+01 -5.1271500e-03 +1.4580717e-01 +4.8306944e+00 +7.2880556e-01 +1.3956583e+00 +8.1838056e-01 -4.0177222e-02 +1.2448361e-02 +2.6818479e+04
9.4635000e-01 +2.0000000e-01 +1.4215817e+01 -7.8676167e-03 +1.5694050e-01 +4.9806389e+00 +7.0750556e-01 +1.3952333e+00 +8.1980278e-01 -3.9553333e-02 +1.1918611e-02 +2.8016773e+04
9.4842100e-01 +2.0000000e-01 +1.4081433e+01 -1.0363617e-02 +1.6766667e-01 +5.1354167e+00 +6.8510000e-01 +1.3937556e+00 +8.2025833e-01 -3.9241944e-02 +1.1377833e-02 +2.9245897e+04
9.5044100e-01 +2.0000000e-01 +1.3941567e+01 -1.2605683e-02 +1.7789667e-01 +5.2944167e+00 +6.6165833e-01 +1.3911306e+00 +8.1969167e-01 -3.9191944e-02 +1.0802167e-02 +3.0503053e+04
9.5241200e-01 +2.0000000e-01 +1.3795800e+01 -1.4589133e-02 +1.8754833e-01 +5.4568056e+00 +6.3725278e-01 +1.3872639e+00 +8.1803611e-01 -3.9378611e-02 +1.0189972e-02 +3.1785871e+04
9.5433500e-01 +2.0000000e-01 +1.3643583e+01 -1.6312783e-02 +1.9655000e-01 +5.6216667e+00 +6.1197778e-01 +1.3820472e+00 +8.1521667e-01 -3.9805000e-02 +9.5588611e-03 +3.3091111e+04
9.5621000e-01 +2.0000000e-01 +1.3484433e+01 -1.7777667e-02 +2.0484500e-01 +5.7879167e+00 +5.8594444e-01 +1.3753889e+00 +8.1115833e-01 -4.0473889e-02 +8.9380833e-03 +3.4414918e+04
9.5804000e-01 +2.0000000e-01 +1.3317783e+01 -1.8986167e-02 +2.1238167e-01 +5.9544167e+00 +5.5925833e-01 +1.3672028e+00 +8.0576389e-01 -4.1371389e-02 +8.3593889e-03 +3.5750639e+04
9.5982400e-01 +2.0000000e-01 +1.3143033e+01 -1.9943333e-02 +2.1912500e-01 +6.1198889e+00 +5.3204167e-01 +1.3574056e+00 +7.9893056e-01 -4.2465000e-02 +7.8497500e-03 +3.7089691e+04
9.6156500e-01 +2.0000000e-01 +1.2959600e+01 -2.0656500e-02 +2.2504667e-01 +6.2828889e+00 +5.0440556e-01 +1.3459083e+00 +7.9055000e-01 -4.3707222e-02 +7.4271389e-03 +3.8424812e+04
9.6326200e-01 +2.0000000e-01 +1.2766817e+01 -2.1135667e-02 +2.3013000e-01 +6.4417222e+00 +4.7647222e-01 +1.3326278e+00 +7.8051111e-01 -4.5034167e-02 +7.0990833e-03 +3.9749635e+04
9.6491600e-01 +2.0000000e-01 +1.2564050e+01 -2.1392833e-02 +2.3435833e-01 +6.5943889e+00 +4.4837222e-01 +1.3174917e+00 +7.6870000e-01 -4.6377222e-02 +6.8632222e-03 +4.1057163e+04
9.6652900e-01 +2.0000000e-01 +1.2350583e+01 -2.1442000e-02 +2.3772167e-01 +6.7386667e+00 +4.2023333e-01 +1.3004222e+00 +7.5500833e-01 -4.7678333e-02 +6.7096944e-03 +4.2336449e+04
9.6810200e-01 +2.0000000e-01 +1.2125733e+01 -2.1297500e-02 +2.4021667e-01 +6.8720556e+00 +3.9218333e-01 +1.2813000e+00 +7.3933611e-01 -4.8904444e-02 +6.6235000e-03 +4.3575125e+04
9.6963500e-01 +2.0000000e-01 +1.1888750e+01 -2.0975667e-02 +2.4184333e-01 +6.9918333e+00 +3.6435556e-01 +1.2599889e+00 +7.2159167e-01 -5.0039444e-02 +6.5870278e-03 +4.4760749e+04
9.7112900e-01 +2.0000000e-01 +1.1638917e+01 -2.0493167e-02 +2.4260833e-01 +7.0949444e+00 +3.3687500e-01 +1.2363167e+00 +7.0170278e-01 -5.1065833e-02 +6.5821667e-03 +4.5880505e+04
9.7258500e-01 +2.0000000e-01 +1.1375533e+01 -1.9868000e-02 +2.4252167e-01 +7.1780278e+00 +3.0986667e-01 +1.2101278e+00 +6.7960556e-01 -5.1944722e-02 +6.5916111e-03 +4.6919547e+04
9.7400400e-01 +2.0000000e-01 +1.1097883e+01 -1.9119000e-02 +2.4160000e-01 +7.2375000e+00 +2.8345833e-01 +1.1812861e+00 +6.5525556e-01 -5.2611667e-02 +6.6002778e-03 +4.7861807e+04
9.7538700e-01 +2.0000000e-01 +1.0805317e+01 -1.8264667e-02 +2.3985833e-01 +7.2694722e+00 +2.5776639e-01 +1.1497139e+00 +6.2862500e-01 -5.2984167e-02 +6.5953611e-03 +4.8691400e+04
9.7673400e-01 +2.0000000e-01 +1.0497233e+01 -1.7324167e-02 +2.3731667e-01 +7.2698333e+00 +2.3291028e-01 +1.1153861e+00 +5.9970556e-01 -5.2975000e-02 +6.5664444e-03 +4.9394326e+04
9.7804700e-01 +2.0000000e-01 +1.0173067e+01 -1.6316050e-02 +2.3399167e-01 +7.2343611e+00 +2.0899944e-01 +1.0783500e+00 +5.6852222e-01 -5.2507778e-02 +6.5050833e-03 +4.9960543e+04
9.7932500e-01 +2.0000000e-01 +9.8323667e+00 -1.5258200e-02 +2.2990333e-01 +7.1588611e+00 +1.8613917e-01 +1.0387083e+00 +5.3515000e-01 -5.1530278e-02 +6.4047222e-03 +5.0382304e+04
9.8057100e-01 +2.0000000e-01 +9.4748000e+00 -1.4167567e-02 +2.2506833e-01 +7.0393333e+00 +1.6442611e-01 +9.9661667e-01 +4.9970833e-01 -5.0025000e-02 +6.2603611e-03 +5.0656541e+04
9.8178500e-01 +2.0000000e-01 +9.1001500e+00 -1.3059750e-02 +2.1950667e-01 +6.8722222e+00 +1.4394861e-01 +9.5226667e-01 +4.6239167e-01 -4.8009167e-02 +6.0681667e-03 +5.0786406e+04
9.8296700e-01 +2.0000000e-01 +8.7084167e+00 -1.1948767e-02 +2.1323667e-01 +6.6546111e+00 +1.2478278e-01 +9.0586667e-01 +4.2347222e-01 -4.5530556e-02 +5.8252500e-03 +5.0784503e+04
9.8411800e-01 +2.0000000e-01 +8.2998000e+00 -1.0846917e-02 +2.0627833e-01 +6.3846667e+00 +1.0699194e-01 +8.5763333e-01 +3.8330833e-01 -4.2661111e-02 +5.5301389e-03 +5.0677302e+04
9.8524000e-01 +2.0000000e-01 +7.8747833e+00 -9.7648167e-03 +1.9865333e-01 +6.0618333e+00 +9.0625000e-02 +8.0776667e-01 +3.4235278e-01 -3.9488333e-02 +5.1834167e-03 +5.0507721e+04
9.8633200e-01 +2.0000000e-01 +7.4341167e+00 -8.7115333e-03 +1.9038000e-01 +5.6873333e+00 +7.5715556e-02 +7.5643333e-01 +3.0115000e-01 -3.6108889e-02 +4.7884722e-03 +5.0338895e+04
9.8739500e-01 +2.0000000e-01 +6.9788833e+00 -7.6947333e-03 +1.8148500e-01 +5.2644167e+00 +6.2280833e-02 +7.0377500e-01 +2.6033194e-01 -3.2620556e-02 +4.3518056e-03 +5.0248878e+04
9.8843100e-01 +2.0000000e-01 +6.5105333e+00 -6.7209333e-03 +1.7199000e-01 +4.7987778e+00 +5.0322778e-02 +6.4988889e-01 +2.2059444e-01 -2.9116944e-02 +3.8828889e-03 +5.0326080e+04
9.8943900e-01 +2.0000000e-01 +6.0308167e+00 -5.7958000e-03 +1.6192017e-01 +4.2986944e+00 +3.9827222e-02 +5.9485000e-01 +1.8267639e-01 -2.5679778e-02 +3.3935278e-03 +5.0656682e+04
9.9042000e-01 +2.0000000e-01 +5.5418000e+00 -4.9244000e-03 +1.5130267e-01 +3.7749444e+00 +3.0763611e-02 +5.3872500e-01 +1.4731222e-01 -2.2372861e-02 +2.8971389e-03 +5.1308057e+04
9.9137600e-01 +2.0000000e-01 +5.0458167e+00 -4.1114000e-03 +1.4016650e-01 +3.2406111e+00 +2.3086111e-02 +4.8160833e-01 +1.1518306e-01 -1.9238556e-02 +2.4078833e-03 +5.2310508e+04
9.9230600e-01 +2.0000000e-01 +4.5454333e+00 -3.3611667e-03 +1.2854200e-01 +2.7102000e+00 +1.6731611e-02 +4.2366389e-01 +8.6859444e-02 -1.6297806e-02 +1.9396417e-03 +5.3644459e+04
9.9321200e-01 +2.0000000e-01 +4.0432333e+00 -2.6778167e-03 +1.1646133e-01 +2.1989528e+00 +1.1619306e-02 +3.6517222e-01 +6.2745833e-02 -1.3555361e-02 +1.5054056e-03 +5.5235294e+04
9.9409400e-01 +2.0000000e-01 +3.5418167e+00 -2.0652833e-03 +1.0395800e-01 +1.7214833e+00 +7.6495833e-03 +3.0661111e-01 +4.3036667e-02 -1.1007806e-02 +1.1165528e-03 +5.6967186e+04
9.9495200e-01 +2.0000000e-01 +3.0436667e+00 -1.5271267e-03 +9.1065667e-02 +1.2906111e+00 +4.7032500e-03 +2.4870583e-01 +2.7686722e-02 -8.6531389e-03 +7.8220278e-04 +5.8712692e+04
9.9578700e-01 +2.0000000e-01 +2.5509833e+00 -1.0665883e-03 +7.7818167e-02 +9.1630556e-01 +2.6420056e-03 +1.9250694e-01 +1.6412806e-02 -6.4993056e-03 +5.0857778e-04 +6.0377485e+04
9.9660000e-01 +2.0000000e-01 +2.0656167e+00 -6.8640167e-04 +6.4248833e-02 +6.0503889e-01 +1.3109056e-03 +1.3943917e-01 +8.7203056e-03 -4.5694444e-03 +2.9843611e-04 +6.1945077e+04
9.9739200e-01 +2.0000000e-01 +1.5890267e+00 -3.8875167e-04 +5.0390333e-02 +3.5968611e-01 +5.4341667e-04 +9.1348611e-02 +3.9595556e-03 -2.9035000e-03 +1.5058111e-04 +6.3511225e+04
9.9816200e-01 +2.0000000e-01 +1.1222500e+00 -1.7520667e-04 +3.6274833e-02 +1.8001667e-01 +1.7032778e-04 +5.0534167e-02 +1.4001583e-03 -1.5554528e-03 +5.9445000e-05 +6.5294608e+04
9.9891100e-01 +2.0000000e-01 +6.6591833e-01 -4.6575833e-05 +2.1934500e-02 +6.3616944e-02 +3.3074444e-05 +1.9785139e-02 +3.0950556e-04 -5.8834167e-04 +1.4709583e-05 +6.7623153e+04
9.9964000e-01 +2.0000000e-01 +2.2031667e-01 +0.0000000e+00 +7.4056500e-03 +7.0066944e-03 +2.3732861e-06 +2.4422389e-03 +2.0104556e-05 -6.9696667e-05 +1.0748167e-06 +7.0633457e+04
1.0000000e+00 +2.0000000e-01 +0.0000000e+00 +0.0000000e+00 +0.0000000e+00 +0.0000000e+00 +0.0000000e+00 +0.0000000e+00 +0.0000000e+00 +0.0000000e+00 +0.0000000e+00 +7.0632500e+04
