#    y              z              <u>            <v>            <w>            <u'u'>         <v'v'>         <w'w'>         <u'v'>         <u'w'>         <v'w'>         <eps>         
#----------------------------------------------------------------------------------------------------------------------------------------------------------------------------------
0.0000000e+00 +1.5000000e-01 +0.0000000e+00 +0.0000000e+00 +0.0000000e+00 +0.0000000e+00 +0.0000000e+00 +0.0000000e+00 +0.0000000e+00 +0.0000000e+00 +0.0000000e+00 +5.8400833e+04
3.6000000e-04 +1.5000000e-01 +2.1311833e-01 +7.7959333e-05 +1.1407383e-02 +5.7611944e-03 +1.8092889e-06 +2.0252278e-03 -1.5156111e-05 +7.2330556e-05 -1.1140778e-06 +5.8401730e+04
1.0890000e-03 +1.5000000e-01 +6.4413167e-01 +2.9431500e-04 +3.3579333e-02 +5.2320556e-02 +2.5328556e-05 +1.6488444e-02 -2.3443500e-04 +6.6630556e-04 -1.4719639e-05 +5.5956214e+04
1.8380000e-03 +1.5000000e-01 +1.0855317e+00 +6.5523833e-04 +5.5203167e-02 +1.4811028e-01 +1.3097500e-04 +4.2310278e-02 -1.0657806e-03 +1.8946111e-03 -5.7939167e-05 +5.4101943e+04
2.6080000e-03 +1.5000000e-01 +1.5371333e+00 +1.1608183e-03 +7.6202167e-02 +2.9617778e-01 +4.1965000e-04 +7.6848056e-02 -3.0301944e-03 +3.7790833e-03 -1.4305667e-04 +5.2754271e+04
3.4000000e-03 +1.5000000e-01 +1.9984833e+00 +1.8098000e-03 +9.6508667e-02 +4.9893611e-01 +1.0168194e-03 +1.1787833e-01 -6.7134444e-03 +6.3122500e-03 -2.7619861e-04 +5.1663390e+04
4.2130000e-03 +1.5000000e-01 +2.4688167e+00 +2.5996667e-03 +1.1605583e-01 +7.5733056e-01 +2.0586139e-03 +1.6354361e-01 -1.2719417e-02 +9.4531944e-03 -4.5795556e-04 +5.0649389e+04
5.0480000e-03 +1.5000000e-01 +2.9470000e+00 +3.5265167e-03 +1.3477867e-01 +1.0700861e+00 +3.6815556e-03 +2.1232250e-01 -2.1612361e-02 +1.3129028e-02 -6.8423333e-04 +4.9614817e+04
5.9060000e-03 +1.5000000e-01 +3.4315667e+00 +4.5850000e-03 +1.5261350e-01 +1.4332000e+00 +6.0154444e-03 +2.6300833e-01 -3.3858056e-02 +1.7242722e-02 -9.4727222e-04 +4.8541783e+04
6.7880000e-03 +1.5000000e-01 +3.9207167e+00 +5.7681667e-03 +1.6949833e-01 +1.8398417e+00 +9.1788889e-03 +3.1467778e-01 -4.9775000e-02 +2.1685528e-02 -1.2368417e-03 +4.7474442e+04
7.6940000e-03 +1.5000000e-01 +4.4124167e+00 +7.0673833e-03 +1.8537500e-01 +2.2806639e+00 +1.3276889e-02 +3.6665833e-01 -6.9503333e-02 +2.6349944e-02 -1.5414750e-03 +4.6490908e+04
8.6240000e-03 +1.5000000e-01 +4.9044000e+00 +8.4722333e-03 +2.0018500e-01 +2.7444750e+00 +1.8399944e-02 +4.1846944e-01 -9.2995278e-02 +3.1139722e-02 -1.8496611e-03 +4.5671772e+04
9.5800000e-03 +1.5000000e-01 +5.3943667e+00 +9.9704167e-03 +2.1387500e-01 +3.2190833e+00 +2.4624250e-02 +4.6978889e-01 -1.2002583e-01 +3.5973889e-02 -2.1508750e-03 +4.5075447e+04
1.0561000e-02 +1.5000000e-01 +5.8799667e+00 +1.1547767e-02 +2.2639667e-01 +3.6922500e+00 +3.2012500e-02 +5.2038611e-01 -1.5021861e-01 +4.0785278e-02 -2.4363917e-03 +4.4724863e+04
1.1569000e-02 +1.5000000e-01 +6.3589833e+00 +1.3188183e-02 +2.3770333e-01 +4.1524167e+00 +4.0613889e-02 +5.7010000e-01 -1.8308139e-01 +4.5514444e-02 -2.6999167e-03 +4.4606782e+04
1.2605000e-02 +1.5000000e-01 +6.8293167e+00 +1.4873750e-02 +2.4775167e-01 +4.5893611e+00 +5.0466111e-02 +6.1878889e-01 -2.1804611e-01 +5.0102500e-02 -2.9380278e-03 +4.4679619e+04
1.3668000e-02 +1.5000000e-01 +7.2890667e+00 +1.6584750e-02 +2.5650333e-01 +4.9945278e+00 +6.1594722e-02 +6.6631944e-01 -2.5450833e-01 +5.4485000e-02 -3.1505278e-03 +4.4884259e+04
1.4760000e-02 +1.5000000e-01 +7.7366333e+00 +1.8299833e-02 +2.6392333e-01 +5.3613889e+00 +7.4012778e-02 +7.1254444e-01 -2.9186111e-01 +5.8590000e-02 -3.3405278e-03 +4.5155413e+04
1.5882000e-02 +1.5000000e-01 +8.1706333e+00 +1.9996000e-02 +2.6998667e-01 +5.6852778e+00 +8.7721944e-02 +7.5729167e-01 -3.2952222e-01 +6.2338611e-02 -3.5144444e-03 +4.5431475e+04
1.7033000e-02 +1.5000000e-01 +8.5899667e+00 +2.1648833e-02 +2.7467000e-01 +5.9633333e+00 +1.0271194e-01 +8.0037778e-01 -3.6695556e-01 +6.5649722e-02 -3.6814444e-03 +4.5659412e+04
1.8215000e-02 +1.5000000e-01 +8.9937667e+00 +2.3232833e-02 +2.7795667e-01 +6.1944167e+00 +1.1896000e-01 +8.4159444e-01 -4.0367778e-01 +6.8443611e-02 -3.8527222e-03 +4.5798458e+04
1.9429000e-02 +1.5000000e-01 +9.3814833e+00 +2.4721667e-02 +2.7983833e-01 +6.3787500e+00 +1.3643194e-01 +8.8073056e-01 -4.3927778e-01 +7.0645278e-02 -4.0404444e-03 +4.5819946e+04
2.0675000e-02 +1.5000000e-01 +9.7527167e+00 +2.6087500e-02 +2.8031500e-01 +6.5176944e+00 +1.5508250e-01 +9.1758889e-01 -4.7340556e-01 +7.2186389e-02 -4.2567222e-03 +4.5705858e+04
2.1953000e-02 +1.5000000e-01 +1.0107300e+01 +2.7302667e-02 +2.7939333e-01 +6.6135833e+00 +1.7485444e-01 +9.5199444e-01 -5.0577222e-01 +7.3006111e-02 -4.5126667e-03 +4.5447162e+04
2.3266000e-02 +1.5000000e-01 +1.0445267e+01 +2.8338500e-02 +2.7708500e-01 +6.6693333e+00 +1.9568167e-01 +9.8381389e-01 -5.3615833e-01 +7.3053333e-02 -4.8176944e-03 +4.5041996e+04
2.4613000e-02 +1.5000000e-01 +1.0766767e+01 +2.9166000e-02 +2.7341500e-01 +6.6883611e+00 +2.1748750e-01 +1.0129639e+00 -5.6439722e-01 +7.2290556e-02 -5.1789722e-03 +4.4493764e+04
2.5996000e-02 +1.5000000e-01 +1.1072050e+01 +2.9756833e-02 +2.6841167e-01 +6.6743333e+00 +2.4018583e-01 +1.0394056e+00 -5.9037778e-01 +7.0693889e-02 -5.6013889e-03 +4.3811278e+04
2.7415000e-02 +1.5000000e-01 +1.1361533e+01 +3.0082333e-02 +2.6211333e-01 +6.6310000e+00 +2.6368278e-01 +1.0631583e+00 -6.1403611e-01 +6.8257778e-02 -6.0872222e-03 +4.3005942e+04
2.8871000e-02 +1.5000000e-01 +1.1635683e+01 +3.0115000e-02 +2.5457000e-01 +6.5621944e+00 +2.8787778e-01 +1.0842917e+00 -6.3535000e-01 +6.4998889e-02 -6.6361111e-03 +4.2091905e+04
3.0365000e-02 +1.5000000e-01 +1.1895017e+01 +2.9828167e-02 +2.4583667e-01 +6.4715556e+00 +3.1265833e-01 +1.1029306e+00 -6.5431667e-01 +6.0962500e-02 -7.2444167e-03 +4.1083489e+04
3.1898000e-02 +1.5000000e-01 +1.2140167e+01 +2.9197833e-02 +2.3598167e-01 +6.3626111e+00 +3.3791667e-01 +1.1192444e+00 -6.7097222e-01 +5.6226111e-02 -7.9048889e-03 +3.9995783e+04
3.3471000e-02 +1.5000000e-01 +1.2371750e+01 +2.8201833e-02 +2.2507833e-01 +6.2386389e+00 +3.6352778e-01 +1.1334417e+00 -6.8536389e-01 +5.0892222e-02 -8.6069444e-03 +3.8844051e+04
3.5084000e-02 +1.5000000e-01 +1.2590500e+01 +2.6822167e-02 +2.1321333e-01 +6.1026389e+00 +3.8937222e-01 +1.1457389e+00 -6.9755556e-01 +4.5073611e-02 -9.3381667e-03 +3.7642335e+04
3.6738000e-02 +1.5000000e-01 +1.2797133e+01 +2.5044833e-02 +2.0048167e-01 +5.9573333e+00 +4.1532222e-01 +1.1563556e+00 -7.0764167e-01 +3.8871389e-02 -1.0086583e-02 +3.6404316e+04
3.8435000e-02 +1.5000000e-01 +1.2992417e+01 +2.2860833e-02 +1.8698833e-01 +5.8052222e+00 +4.4124167e-01 +1.1654694e+00 -7.1572500e-01 +3.2363333e-02 -1.0843583e-02 +3.5141632e+04
4.0176000e-02 +1.5000000e-01 +1.3177100e+01 +2.0265167e-02 +1.7285167e-01 +5.6484722e+00 +4.6700556e-01 +1.1732167e+00 -7.2192500e-01 +2.5607167e-02 -1.1607306e-02 +3.3865231e+04
4.1960000e-02 +1.5000000e-01 +1.3351933e+01 +1.7258167e-02 +1.5818867e-01 +5.4890556e+00 +4.9247500e-01 +1.1796917e+00 -7.2636389e-01 +1.8654000e-02 -1.2385639e-02 +3.2585394e+04
4.3790000e-02 +1.5000000e-01 +1.3517633e+01 +1.3843417e-02 +1.4312300e-01 +5.3286667e+00 +5.1752778e-01 +1.1849472e+00 -7.2915556e-01 +1.1551194e-02 -1.3194000e-02 +3.1311879e+04
4.5665000e-02 +1.5000000e-01 +1.3674900e+01 +1.0027767e-02 +1.2777317e-01 +5.1688056e+00 +5.4205000e-01 +1.1890389e+00 -7.3040278e-01 +4.3291944e-03 -1.4047444e-02 +3.0053238e+04
4.7588000e-02 +1.5000000e-01 +1.3824417e+01 +5.8205167e-03 +1.1225350e-01 +5.0107500e+00 +5.6593056e-01 +1.1920111e+00 -7.3020000e-01 -3.0077778e-03 -1.4952556e-02 +2.8816065e+04
4.9559000e-02 +1.5000000e-01 +1.3966817e+01 +1.2332983e-03 +9.6674333e-02 +4.8556944e+00 +5.8908611e-01 +1.1939194e+00 -7.2864444e-01 -1.0466111e-02 -1.5908472e-02 +2.7602387e+04
5.1579000e-02 +1.5000000e-01 +1.4102683e+01 -3.7192833e-03 +8.1139167e-02 +4.7046944e+00 +6.1143889e-01 +1.1948500e+00 -7.2583611e-01 -1.8026500e-02 -1.6917083e-02 +2.6413042e+04
5.3650000e-02 +1.5000000e-01 +1.4232567e+01 -9.0182333e-03 +6.5740167e-02 +4.5584722e+00 +6.3293889e-01 +1.1949000e+00 -7.2188889e-01 -2.5624444e-02 -1.7991472e-02 +2.5248426e+04
5.5771000e-02 +1.5000000e-01 +1.4356933e+01 -1.4638467e-02 +5.0552333e-02 +4.4175000e+00 +6.5355556e-01 +1.1941694e+00 -7.1691111e-01 -3.3181667e-02 -1.9153917e-02 +2.4112866e+04
5.7944000e-02 +1.5000000e-01 +1.4476233e+01 -2.0548167e-02 +3.5634000e-02 +4.2818333e+00 +6.7326667e-01 +1.1927167e+00 -7.1101389e-01 -4.0660000e-02 -2.0425333e-02 +2.3014938e+04
6.0170000e-02 +1.5000000e-01 +1.4590933e+01 -2.6710000e-02 +2.1033500e-02 +4.1513056e+00 +6.9205833e-01 +1.1905472e+00 -7.0430000e-01 -4.8069167e-02 -2.1813806e-02 +2.1962344e+04
6.2451000e-02 +1.5000000e-01 +1.4701367e+01 -3.3083667e-02 +6.7953833e-03 +4.0258611e+00 +7.0991944e-01 +1.1876222e+00 -6.9686111e-01 -5.5419444e-02 -2.3309861e-02 +2.0957371e+04
6.4786000e-02 +1.5000000e-01 +1.4807883e+01 -3.9627667e-02 -7.0379167e-03 +3.9054167e+00 +7.2684167e-01 +1.1838917e+00 -6.8877222e-01 -6.2686389e-02 -2.4894222e-02 +1.9997666e+04
6.7178000e-02 +1.5000000e-01 +1.4910750e+01 -4.6301333e-02 -2.0429500e-02 +3.7900000e+00 +7.4281667e-01 +1.1793611e+00 -6.8007778e-01 -6.9831389e-02 -2.6551167e-02 +1.9079595e+04
6.9627000e-02 +1.5000000e-01 +1.5010250e+01 -5.3066000e-02 -3.3346667e-02 +3.6795556e+00 +7.5783889e-01 +1.1741167e+00 -6.7077500e-01 -7.6841111e-02 -2.8270556e-02 +1.8201588e+04
7.2134000e-02 +1.5000000e-01 +1.5106550e+01 -5.9885667e-02 -4.5750500e-02 +3.5740278e+00 +7.7189167e-01 +1.1682694e+00 -6.6085556e-01 -8.3762500e-02 -3.0039722e-02 +1.7366097e+04
7.4701000e-02 +1.5000000e-01 +1.5199917e+01 -6.6724167e-02 -5.7587333e-02 +3.4733056e+00 +7.8497222e-01 +1.1618667e+00 -6.5031111e-01 -9.0700833e-02 -3.1843611e-02 +1.6577231e+04
7.7327000e-02 +1.5000000e-01 +1.5290500e+01 -7.3544000e-02 -6.8794167e-02 +3.3772778e+00 +7.9708333e-01 +1.1548528e+00 -6.3917222e-01 -9.7756944e-02 -3.3676944e-02 +1.5837362e+04
8.0015000e-02 +1.5000000e-01 +1.5378483e+01 -8.0305500e-02 -7.9319167e-02 +3.2858056e+00 +8.0825278e-01 +1.1471417e+00 -6.2746944e-01 -1.0496139e-01 -3.5548056e-02 +1.5147012e+04
8.2766000e-02 +1.5000000e-01 +1.5464017e+01 -8.6970667e-02 -8.9139833e-02 +3.1986389e+00 +8.1851944e-01 +1.1387083e+00 -6.1523611e-01 -1.1228389e-01 -3.7473889e-02 +1.4504459e+04
8.5579000e-02 +1.5000000e-01 +1.5547250e+01 -9.3506667e-02 -9.8258667e-02 +3.1154444e+00 +8.2795556e-01 +1.1295972e+00 -6.0248333e-01 -1.1969389e-01 -3.9476667e-02 +1.3904993e+04
8.8457000e-02 +1.5000000e-01 +1.5628300e+01 -9.9887667e-02 -1.0669100e-01 +3.0360000e+00 +8.3663333e-01 +1.1198944e+00 -5.8920833e-01 -1.2723194e-01 -4.1581667e-02 +1.3341777e+04
9.1401000e-02 +1.5000000e-01 +1.5707250e+01 -1.0608933e-01 -1.1445533e-01 +2.9602778e+00 +8.4464167e-01 +1.1097028e+00 -5.7542222e-01 -1.3504028e-01 -4.3799167e-02 +1.2810335e+04
9.4411000e-02 +1.5000000e-01 +1.5784167e+01 -1.1208517e-01 -1.2157233e-01 +2.8881111e+00 +8.5206944e-01 +1.0991056e+00 -5.6112222e-01 -1.4328944e-01 -4.6106389e-02 +1.2311848e+04
9.7488000e-02 +1.5000000e-01 +1.5859167e+01 -1.1784267e-01 -1.2806217e-01 +2.8194167e+00 +8.5901389e-01 +1.0881139e+00 -5.4631667e-01 -1.5207667e-01 -4.8458333e-02 +1.1849658e+04
1.0063400e-01 +1.5000000e-01 +1.5932283e+01 -1.2332567e-01 -1.3393717e-01 +2.7543139e+00 +8.6556389e-01 +1.0767333e+00 -5.3104444e-01 -1.6136556e-01 -5.0816944e-02 +1.1422857e+04
1.0384900e-01 +1.5000000e-01 +1.6003550e+01 -1.2849917e-01 -1.3920233e-01 +2.6931278e+00 +8.7180278e-01 +1.0650583e+00 -5.1536667e-01 -1.7100639e-01 -5.3166111e-02 +1.1026471e+04
1.0713400e-01 +1.5000000e-01 +1.6072933e+01 -1.3333500e-01 -1.4386250e-01 +2.6362639e+00 +8.7779444e-01 +1.0532306e+00 -4.9936111e-01 -1.8087972e-01 -5.5494167e-02 +1.0657205e+04
1.1049000e-01 +1.5000000e-01 +1.6140450e+01 -1.3781300e-01 -1.4792450e-01 +2.5839556e+00 +8.8358889e-01 +1.0414056e+00 -4.8310000e-01 -1.9099972e-01 -5.7773889e-02 +1.0314984e+04
1.1391900e-01 +1.5000000e-01 +1.6206133e+01 -1.4191850e-01 -1.5139550e-01 +2.5362472e+00 +8.8925833e-01 +1.0297528e+00 -4.6666111e-01 -2.0144667e-01 -5.9970000e-02 +9.9989574e+03
1.1742100e-01 +1.5000000e-01 +1.6269983e+01 -1.4563933e-01 -1.5429367e-01 +2.4930972e+00 +8.9487778e-01 +1.0184306e+00 -4.5015556e-01 -2.1223806e-01 -6.2048889e-02 +9.7065764e+03
1.2099600e-01 +1.5000000e-01 +1.6332033e+01 -1.4896183e-01 -1.5665933e-01 +2.4544833e+00 +9.0053611e-01 +1.0076000e+00 -4.3370556e-01 -2.2335139e-01 -6.3989722e-02 +9.4363423e+03
1.2464700e-01 +1.5000000e-01 +1.6392283e+01 -1.5186583e-01 -1.5854517e-01 +2.4202639e+00 +9.0632500e-01 +9.9743889e-01 -4.1741111e-01 -2.3482667e-01 -6.5810556e-02 +9.1891388e+03
1.2837200e-01 +1.5000000e-01 +1.6450667e+01 -1.5432833e-01 -1.5999100e-01 +2.3900778e+00 +9.1233056e-01 +9.8812778e-01 -4.0131111e-01 -2.4674833e-01 -6.7555000e-02 +8.9669662e+03
1.3217500e-01 +1.5000000e-01 +1.6507233e+01 -1.5633350e-01 -1.6100350e-01 +2.3636250e+00 +9.1861389e-01 +9.7970833e-01 -3.8541667e-01 -2.5914111e-01 -6.9232500e-02 +8.7699691e+03
1.3605400e-01 +1.5000000e-01 +1.6561967e+01 -1.5787850e-01 -1.6155817e-01 +2.3408972e+00 +9.2518611e-01 +9.7205833e-01 -3.6972500e-01 -2.7191000e-01 -7.0813056e-02 +8.5962997e+03
1.4001100e-01 +1.5000000e-01 +1.6614850e+01 -1.5896917e-01 -1.6162317e-01 +2.3220806e+00 +9.3204722e-01 +9.6500000e-01 -3.5424444e-01 -2.8491667e-01 -7.2276111e-02 +8.4442893e+03
1.4404700e-01 +1.5000000e-01 +1.6665950e+01 -1.5961267e-01 -1.6119983e-01 +2.3073083e+00 +9.3918611e-01 +9.5845000e-01 -3.3899444e-01 -2.9809167e-01 -7.3615833e-02 +8.3118118e+03
1.4816200e-01 +1.5000000e-01 +1.6715167e+01 -1.5980800e-01 -1.6033817e-01 +2.2966611e+00 +9.4658333e-01 +9.5239444e-01 -3.2402500e-01 -3.1151667e-01 -7.4821389e-02 +8.1957053e+03
1.5235700e-01 +1.5000000e-01 +1.6762667e+01 -1.5955300e-01 -1.5910267e-01 +2.2901556e+00 +9.5421389e-01 +9.4676389e-01 -3.0938611e-01 -3.2542222e-01 -7.5860833e-02 +8.0939137e+03
1.5663200e-01 +1.5000000e-01 +1.6808167e+01 -1.5885833e-01 -1.5751367e-01 +2.2875222e+00 +9.6201944e-01 +9.4148056e-01 -2.9507778e-01 -3.4007500e-01 -7.6657500e-02 +8.0069301e+03
1.6098800e-01 +1.5000000e-01 +1.6851833e+01 -1.5774767e-01 -1.5553800e-01 +2.2882500e+00 +9.6994722e-01 +9.3653611e-01 -2.8104722e-01 -3.5548333e-01 -7.7111111e-02 +7.9369638e+03
1.6542500e-01 +1.5000000e-01 +1.6893500e+01 -1.5623817e-01 -1.5314683e-01 +2.2918611e+00 +9.7800556e-01 +9.3196944e-01 -2.6726667e-01 -3.7139444e-01 -7.7158056e-02 +7.8844194e+03
1.6994400e-01 +1.5000000e-01 +1.6933167e+01 -1.5433200e-01 -1.5035100e-01 +2.2980056e+00 +9.8626389e-01 +9.2793889e-01 -2.5377694e-01 -3.8758611e-01 -7.6803056e-02 +7.8466079e+03
1.7454600e-01 +1.5000000e-01 +1.6970833e+01 -1.5202567e-01 -1.4720683e-01 +2.3065194e+00 +9.9480556e-01 +9.2460000e-01 -2.4064806e-01 -4.0398333e-01 -7.6082500e-02 +7.8198706e+03
1.7922900e-01 +1.5000000e-01 +1.7006667e+01 -1.4933017e-01 -1.4379367e-01 +2.3173167e+00 +1.0036667e+00 +9.2205000e-01 -2.2793500e-01 -4.2064167e-01 -7.5020278e-02 +7.8011860e+03
1.8399600e-01 +1.5000000e-01 +1.7040333e+01 -1.4627167e-01 -1.4015017e-01 +2.3301667e+00 +1.0128111e+00 +9.2038611e-01 -2.1562667e-01 -4.3756944e-01 -7.3630556e-02 +7.7886278e+03
1.8884500e-01 +1.5000000e-01 +1.7072167e+01 -1.4287317e-01 -1.3625000e-01 +2.3445611e+00 +1.0221722e+00 +9.1951944e-01 -2.0363472e-01 -4.5459167e-01 -7.1963611e-02 +7.7847699e+03
1.9377800e-01 +1.5000000e-01 +1.7101833e+01 -1.3914967e-01 -1.3203333e-01 +2.3599111e+00 +1.0316694e+00 +9.1912500e-01 -1.9186944e-01 -4.7129167e-01 -7.0144722e-02 +7.7950723e+03
1.9879400e-01 +1.5000000e-01 +1.7129667e+01 -1.3512500e-01 -1.2746700e-01 +2.3757972e+00 +1.0412500e+00 +9.1893611e-01 -1.8026083e-01 -4.8720000e-01 -6.8303056e-02 +7.8211156e+03
2.0389300e-01 +1.5000000e-01 +1.7155500e+01 -1.3084983e-01 -1.2262300e-01 +2.3920139e+00 +1.0508917e+00 +9.1882222e-01 -1.6878639e-01 -5.0185278e-01 -6.6514167e-02 +7.8587246e+03
2.0907500e-01 +1.5000000e-01 +1.7179500e+01 -1.2636917e-01 -1.1765567e-01 +2.4088056e+00 +1.0606000e+00 +9.1853611e-01 -1.5753111e-01 -5.1498611e-01 -6.4797500e-02 +7.9051699e+03
2.1433900e-01 +1.5000000e-01 +1.7201667e+01 -1.2170267e-01 -1.1267183e-01 +2.4266167e+00 +1.0703972e+00 +9.1801389e-01 -1.4662361e-01 -5.2685278e-01 -6.3091667e-02 +7.9585180e+03
2.1968700e-01 +1.5000000e-01 +1.7222000e+01 -1.1687233e-01 -1.0769233e-01 +2.4456167e+00 +1.0803361e+00 +9.1735556e-01 -1.3612889e-01 -5.3791111e-01 -6.1299722e-02 +8.0158728e+03
2.2511700e-01 +1.5000000e-01 +1.7240500e+01 -1.1190400e-01 -1.0266383e-01 +2.4659444e+00 +1.0904722e+00 +9.1650833e-01 -1.2594000e-01 -5.4848889e-01 -5.9360000e-02 +8.0772633e+03
2.3062900e-01 +1.5000000e-01 +1.7257333e+01 -1.0680883e-01 -9.7494333e-02 +2.4877167e+00 +1.1008611e+00 +9.1531111e-01 -1.1589583e-01 -5.5867500e-01 -5.7303056e-02 +8.1444515e+03
2.3622300e-01 +1.5000000e-01 +1.7272333e+01 -1.0159467e-01 -9.2110667e-02 +2.5108944e+00 +1.1116028e+00 +9.1386667e-01 -1.0588556e-01 -5.6855000e-01 -5.5211944e-02 +8.2163214e+03
2.4189800e-01 +1.5000000e-01 +1.7285500e+01 -9.6294000e-02 -8.6426000e-02 +2.5350917e+00 +1.1228389e+00 +9.1274722e-01 -9.5861944e-02 -5.7830278e-01 -5.3184444e-02 +8.2884570e+03
2.4765400e-01 +1.5000000e-01 +1.7297000e+01 -9.0937000e-02 -8.0304500e-02 +2.5598306e+00 +1.1346833e+00 +9.1232500e-01 -8.5965556e-02 -5.8803611e-01 -5.1293611e-02 +8.3573250e+03
2.5348900e-01 +1.5000000e-01 +1.7306500e+01 -8.5555333e-02 -7.3688500e-02 +2.5847833e+00 +1.1471361e+00 +9.1248611e-01 -7.6374167e-02 -5.9762778e-01 -4.9448333e-02 +8.4222040e+03
2.5940400e-01 +1.5000000e-01 +1.7314167e+01 -8.0189167e-02 -6.6640167e-02 +2.6097556e+00 +1.1600417e+00 +9.1297778e-01 -6.7122222e-02 -6.0686111e-01 -4.7426389e-02 +8.4857691e+03
2.6539600e-01 +1.5000000e-01 +1.7320167e+01 -7.4864667e-02 -5.9265333e-02 +2.6348361e+00 +1.1731861e+00 +9.1374167e-01 -5.8221111e-02 -6.1561667e-01 -4.5170278e-02 +8.5529613e+03
2.7146600e-01 +1.5000000e-01 +1.7324667e+01 -6.9590167e-02 -5.1643833e-02 +2.6599444e+00 +1.1864028e+00 +9.1466944e-01 -4.9661111e-02 -6.2396389e-01 -4.2946389e-02 +8.6271323e+03
2.7761200e-01 +1.5000000e-01 +1.7327667e+01 -6.4373167e-02 -4.3786333e-02 +2.6849278e+00 +1.1996528e+00 +9.1569722e-01 -4.1386389e-02 -6.3226667e-01 -4.0980833e-02 +8.7061599e+03
2.8383300e-01 +1.5000000e-01 +1.7329333e+01 -5.9276000e-02 -3.5691500e-02 +2.7099722e+00 +1.2129722e+00 +9.1716944e-01 -3.3305278e-02 -6.4099722e-01 -3.9268333e-02 +8.7860655e+03
2.9012800e-01 +1.5000000e-01 +1.7329667e+01 -5.4374333e-02 -2.7372000e-02 +2.7351167e+00 +1.2263750e+00 +9.1965833e-01 -2.5405167e-02 -6.5048611e-01 -3.7722222e-02 +8.8709516e+03
2.9649600e-01 +1.5000000e-01 +1.7328833e+01 -4.9707667e-02 -1.8870000e-02 +2.7606222e+00 +1.2398139e+00 +9.2291667e-01 -1.7646917e-02 -6.6071944e-01 -3.6208889e-02 +8.9585829e+03
3.0293400e-01 +1.5000000e-01 +1.7326667e+01 -4.5289667e-02 -1.0341800e-02 +2.7872778e+00 +1.2531250e+00 +9.2623056e-01 -1.0041306e-02 -6.7126389e-01 -3.4580000e-02 +9.0417114e+03
3.0944200e-01 +1.5000000e-01 +1.7323500e+01 -4.1149000e-02 -1.9371500e-03 +2.8152222e+00 +1.2661222e+00 +9.2967778e-01 -2.6779833e-03 -6.8170833e-01 -3.2765000e-02 +9.1214412e+03
3.1601900e-01 +1.5000000e-01 +1.7319333e+01 -3.7324833e-02 +6.2868333e-03 +2.8436111e+00 +1.2787972e+00 +9.3363056e-01 +4.2856389e-03 -6.9166389e-01 -3.1000556e-02 +9.2011181e+03
3.2266100e-01 +1.5000000e-01 +1.7314000e+01 -3.3775333e-02 +1.4302167e-02 +2.8712778e+00 +1.2912361e+00 +9.3804444e-01 +1.0559972e-02 -7.0042778e-01 -2.9566944e-02 +9.2799730e+03
3.2936900e-01 +1.5000000e-01 +1.7307833e+01 -3.0386833e-02 +2.2013167e-02 +2.8968611e+00 +1.3034111e+00 +9.4236944e-01 +1.5926306e-02 -7.0780833e-01 -2.8502500e-02 +9.3614201e+03
3.3613900e-01 +1.5000000e-01 +1.7300833e+01 -2.7102167e-02 +2.9344333e-02 +2.9203333e+00 +1.3152389e+00 +9.4611944e-01 +2.0177500e-02 -7.1426667e-01 -2.7591083e-02 +9.4469646e+03
3.4297000e-01 +1.5000000e-01 +1.7293667e+01 -2.3894833e-02 +3.6285167e-02 +2.9421667e+00 +1.3267861e+00 +9.4911389e-01 +2.3201139e-02 -7.2004167e-01 -2.6499611e-02 +9.5295415e+03
3.4985900e-01 +1.5000000e-01 +1.7286000e+01 -2.0768000e-02 +4.2902333e-02 +2.9623611e+00 +1.3381306e+00 +9.5168333e-01 +2.5318778e-02 -7.2544722e-01 -2.5065639e-02 +9.6102805e+03
3.5680600e-01 +1.5000000e-01 +1.7278167e+01 -1.7678500e-02 +4.9306167e-02 +2.9818333e+00 +1.3491917e+00 +9.5459444e-01 +2.6882806e-02 -7.3114722e-01 -2.3235722e-02 +9.6955372e+03
3.6380700e-01 +1.5000000e-01 +1.7269833e+01 -1.4535867e-02 +5.5496167e-02 +3.0023889e+00 +1.3599028e+00 +9.5816389e-01 +2.7885278e-02 -7.3746111e-01 -2.1045194e-02 +9.7737889e+03
3.7086000e-01 +1.5000000e-01 +1.7261333e+01 -1.1363800e-02 +6.1255333e-02 +3.0232778e+00 +1.3703000e+00 +9.6193333e-01 +2.8198611e-02 -7.4352222e-01 -1.8594833e-02 +9.8421698e+03
3.7796300e-01 +1.5000000e-01 +1.7253333e+01 -8.2635667e-03 +6.6395667e-02 +3.0421111e+00 +1.3803889e+00 +9.6504444e-01 +2.7653222e-02 -7.4853611e-01 -1.5819056e-02 +9.9059905e+03
3.8511300e-01 +1.5000000e-01 +1.7245500e+01 -5.3271167e-03 +7.1192833e-02 +3.0580833e+00 +1.3899500e+00 +9.6761389e-01 +2.6177028e-02 -7.5253056e-01 -1.2698583e-02 +9.9622387e+03
3.9230900e-01 +1.5000000e-01 +1.7237833e+01 -2.6394667e-03 +7.6075000e-02 +3.0715556e+00 +1.3986861e+00 +9.7050278e-01 +2.4124167e-02 -7.5572222e-01 -9.3868333e-03 +1.0019784e+04
3.9954700e-01 +1.5000000e-01 +1.7230167e+01 -3.0594333e-04 +8.1138833e-02 +3.0816944e+00 +1.4065528e+00 +9.7394167e-01 +2.1789000e-02 -7.5863333e-01 -6.1593611e-03 +1.0087320e+04
4.0682400e-01 +1.5000000e-01 +1.7222167e+01 +1.5407900e-03 +8.6267667e-02 +3.0894722e+00 +1.4136500e+00 +9.7822222e-01 +1.9411528e-02 -7.6211667e-01 -3.5239444e-03 +1.0161239e+04
4.1413900e-01 +1.5000000e-01 +1.7213833e+01 +2.8881167e-03 +9.1523333e-02 +3.0969722e+00 +1.4200694e+00 +9.8371944e-01 +1.7227472e-02 -7.6703611e-01 -1.6478361e-03 +1.0229897e+04
4.2148900e-01 +1.5000000e-01 +1.7204833e+01 +3.8024500e-03 +9.6699000e-02 +3.1051944e+00 +1.4259556e+00 +9.8993611e-01 +1.5354861e-02 -7.7305000e-01 -1.1204889e-04 +1.0279910e+04
4.2886900e-01 +1.5000000e-01 +1.7196000e+01 +4.2959500e-03 +1.0140150e-01 +3.1131389e+00 +1.4313583e+00 +9.9579722e-01 +1.3894111e-02 -7.7813056e-01 +1.2183222e-03 +1.0317920e+04
4.3627900e-01 +1.5000000e-01 +1.7187667e+01 +4.3619167e-03 +1.0537100e-01 +3.1181944e+00 +1.4361111e+00 +1.0004861e+00 +1.2899417e-02 -7.8074167e-01 +2.1728194e-03 +1.0352356e+04
4.4371400e-01 +1.5000000e-01 +1.7180000e+01 +4.0770500e-03 +1.0872600e-01 +3.1207500e+00 +1.4399889e+00 +1.0036750e+00 +1.2266500e-02 -7.8150833e-01 +2.4983472e-03 +1.0397388e+04
4.5117200e-01 +1.5000000e-01 +1.7172833e+01 +3.5885000e-03 +1.1158567e-01 +3.1235000e+00 +1.4430917e+00 +1.0055111e+00 +1.1540583e-02 -7.8172222e-01 +2.2469417e-03 +1.0452155e+04
4.5865000e-01 +1.5000000e-01 +1.7166000e+01 +3.0211833e-03 +1.1394267e-01 +3.1279722e+00 +1.4457472e+00 +1.0062167e+00 +1.0521972e-02 -7.8200833e-01 +1.8915417e-03 +1.0498979e+04
4.6614500e-01 +1.5000000e-01 +1.7159333e+01 +2.4524500e-03 +1.1587800e-01 +3.1334722e+00 +1.4481417e+00 +1.0057583e+00 +9.2062222e-03 -7.8199722e-01 +1.5632611e-03 +1.0533846e+04
4.7365400e-01 +1.5000000e-01 +1.7153000e+01 +1.9245833e-03 +1.1751433e-01 +3.1380000e+00 +1.4503361e+00 +1.0050361e+00 +7.7316111e-03 -7.8111389e-01 +1.2906500e-03 +1.0562367e+04
4.8117400e-01 +1.5000000e-01 +1.7147667e+01 +1.3807267e-03 +1.1893017e-01 +3.1409722e+00 +1.4522361e+00 +1.0057250e+00 +6.0486667e-03 -7.8025278e-01 +1.0785750e-03 +1.0587591e+04
4.8870100e-01 +1.5000000e-01 +1.7143833e+01 +7.2763000e-04 +1.2018917e-01 +3.1434167e+00 +1.4535111e+00 +1.0080694e+00 +3.9761389e-03 -7.8086389e-01 +7.5383056e-04 +1.0605220e+04
4.9623300e-01 +1.5000000e-01 +1.7142000e+01 +0.0000000e+00 +1.2109683e-01 +3.1453889e+00 +1.4540472e+00 +1.0102278e+00 +1.3977861e-03 -7.8198889e-01 +2.7597361e-04 +1.0614000e+04
5.0376700e-01 +1.5000000e-01 +1.7142000e+01 -7.2763000e-04 +1.2109683e-01 +3.1453889e+00 +1.4540472e+00 +1.0102278e+00 -1.3977861e-03 -7.8198889e-01 -2.7597361e-04 +1.0614000e+04
5.1129900e-01 +1.5000000e-01 +1.7143833e+01 -1.3807267e-03 +1.2018917e-01 +3.1434167e+00 +1.4535111e+00 +1.0080694e+00 -3.9761389e-03 -7.8086389e-01 -7.5383056e-04 +1.0605220e+04
5.1882600e-01 +1.5000000e-01 +1.7147667e+01 -1.9245833e-03 +1.1893017e-01 +3.1409722e+00 +1.4522361e+00 +1.0057250e+00 -6.0486667e-03 -7.8025278e-01 -1.0785750e-03 +1.0587591e+04
5.2634600e-01 +1.5000000e-01 +1.7153000e+01 -2.4524500e-03 +1.1751433e-01 +3.1380000e+00 +1.4503361e+00 +1.0050361e+00 -7.7316111e-03 -7.8111389e-01 -1.2906500e-03 +1.0562367e+04
5.3385500e-01 +1.5000000e-01 +1.7159333e+01 -3.0211833e-03 +1.1587800e-01 +3.1334722e+00 +1.4481417e+00 +1.0057583e+00 -9.2062222e-03 -7.8199722e-01 -1.5632611e-03 +1.0533846e+04
5.4135000e-01 +1.5000000e-01 +1.7166000e+01 -3.5885000e-03 +1.1394267e-01 +3.1279722e+00 +1.4457472e+00 +1.0062167e+00 -1.0521972e-02 -7.8200833e-01 -1.8915417e-03 +1.0498979e+04
5.4882800e-01 +1.5000000e-01 +1.7172833e+01 -4.0770500e-03 +1.1158567e-01 +3.1235000e+00 +1.4430917e+00 +1.0055111e+00 -1.1540583e-02 -7.8172222e-01 -2.2469417e-03 +1.0452155e+04
5.5628600e-01 +1.5000000e-01 +1.7180000e+01 -4.3619167e-03 +1.0872600e-01 +3.1207500e+00 +1.4399889e+00 +1.0036750e+00 -1.2266500e-02 -7.8150833e-01 -2.4983472e-03 +1.0397388e+04
5.6372100e-01 +1.5000000e-01 +1.7187667e+01 -4.2959500e-03 +1.0537100e-01 +3.1181944e+00 +1.4361111e+00 +1.0004861e+00 -1.2899417e-02 -7.8074167e-01 -2.1728194e-03 +1.0352356e+04
5.7113100e-01 +1.5000000e-01 +1.7196000e+01 -3.8024500e-03 +1.0140150e-01 +3.1131389e+00 +1.4313583e+00 +9.9579722e-01 -1.3894111e-02 -7.7813056e-01 -1.2183222e-03 +1.0317920e+04
5.7851100e-01 +1.5000000e-01 +1.7204833e+01 -2.8881167e-03 +9.6699000e-02 +3.1051944e+00 +1.4259556e+00 +9.8993611e-01 -1.5354861e-02 -7.7305000e-01 +1.1204889e-04 +1.0279910e+04
5.8586100e-01 +1.5000000e-01 +1.7213833e+01 -1.5407900e-03 +9.1523333e-02 +3.0969722e+00 +1.4200694e+00 +9.8371944e-01 -1.7227472e-02 -7.6703611e-01 +1.6478361e-03 +1.0229897e+04
5.9317600e-01 +1.5000000e-01 +1.7222167e+01 +3.0594333e-04 +8.6267667e-02 +3.0894722e+00 +1.4136500e+00 +9.7822222e-01 -1.9411528e-02 -7.6211667e-01 +3.5239444e-03 +1.0161239e+04
6.0045300e-01 +1.5000000e-01 +1.7230167e+01 +2.6394667e-03 +8.1138833e-02 +3.0816944e+00 +1.4065528e+00 +9.7394167e-01 -2.1789000e-02 -7.5863333e-01 +6.1593611e-03 +1.0087320e+04
6.0769100e-01 +1.5000000e-01 +1.7237833e+01 +5.3271167e-03 +7.6075000e-02 +3.0715556e+00 +1.3986861e+00 +9.7050278e-01 -2.4124167e-02 -7.5572222e-01 +9.3868333e-03 +1.0019784e+04
6.1488700e-01 +1.5000000e-01 +1.7245500e+01 +8.2635667e-03 +7.1192833e-02 +3.0580833e+00 +1.3899500e+00 +9.6761389e-01 -2.6177028e-02 -7.5253056e-01 +1.2698583e-02 +9.9622387e+03
6.2203700e-01 +1.5000000e-01 +1.7253333e+01 +1.1363800e-02 +6.6395667e-02 +3.0421111e+00 +1.3803889e+00 +9.6504444e-01 -2.7653222e-02 -7.4853611e-01 +1.5819056e-02 +9.9059905e+03
6.2914000e-01 +1.5000000e-01 +1.7261333e+01 +1.4535867e-02 +6.1255333e-02 +3.0232778e+00 +1.3703000e+00 +9.6193333e-01 -2.8198611e-02 -7.4352222e-01 +1.8594833e-02 +9.8421698e+03
6.3619300e-01 +1.5000000e-01 +1.7269833e+01 +1.7678500e-02 +5.5496167e-02 +3.0023889e+00 +1.3599028e+00 +9.5816389e-01 -2.7885278e-02 -7.3746111e-01 +2.1045194e-02 +9.7737889e+03
6.4319400e-01 +1.5000000e-01 +1.7278167e+01 +2.0768000e-02 +4.9306167e-02 +2.9818333e+00 +1.3491917e+00 +9.5459444e-01 -2.6882806e-02 -7.3114722e-01 +2.3235722e-02 +9.6955372e+03
6.5014100e-01 +1.5000000e-01 +1.7286000e+01 +2.3894833e-02 +4.2902333e-02 +2.9623611e+00 +1.3381306e+00 +9.5168333e-01 -2.5318778e-02 -7.2544722e-01 +2.5065639e-02 +9.6102805e+03
6.5703000e-01 +1.5000000e-01 +1.7293667e+01 +2.7102167e-02 +3.6285167e-02 +2.9421667e+00 +1.3267861e+00 +9.4911389e-01 -2.3201139e-02 -7.2004167e-01 +2.6499611e-02 +9.5295415e+03
6.6386100e-01 +1.5000000e-01 +1.7300833e+01 +3.0386833e-02 +2.9344333e-02 +2.9203333e+00 +1.3152389e+00 +9.4611944e-01 -2.0177500e-02 -7.1426667e-01 +2.7591083e-02 +9.4469646e+03
6.7063100e-01 +1.5000000e-01 +1.7307833e+01 +3.3775333e-02 +2.2013167e-02 +2.8968611e+00 +1.3034111e+00 +9.4236944e-01 -1.5926306e-02 -7.0780833e-01 +2.8502500e-02 +9.3614201e+03
6.7733900e-01 +1.5000000e-01 +1.7314000e+01 +3.7324833e-02 +1.4302167e-02 +2.8712778e+00 +1.2912361e+00 +9.3804444e-01 -1.0559972e-02 -7.0042778e-01 +2.9566944e-02 +9.2799730e+03
6.8398100e-01 +1.5000000e-01 +1.7319333e+01 +4.1149000e-02 +6.2868333e-03 +2.8436111e+00 +1.2787972e+00 +9.3363056e-01 -4.2856389e-03 -6.9166389e-01 +3.1000556e-02 +9.2011181e+03
6.9055800e-01 +1.5000000e-01 +1.7323500e+01 +4.5289667e-02 -1.9371500e-03 +2.8152222e+00 +1.2661222e+00 +9.2967778e-01 +2.6779833e-03 -6.8170833e-01 +3.2765000e-02 +9.1214412e+03
6.9706600e-01 +1.5000000e-01 +1.7326667e+01 +4.9707667e-02 -1.0341800e-02 +2.7872778e+00 +1.2531250e+00 +9.2623056e-01 +1.0041306e-02 -6.7126389e-01 +3.4580000e-02 +9.0417114e+03
7.0350400e-01 +1.5000000e-01 +1.7328833e+01 +5.4374333e-02 -1.8870000e-02 +2.7606222e+00 +1.2398139e+00 +9.2291667e-01 +1.7646917e-02 -6.6071944e-01 +3.6208889e-02 +8.9585829e+03
7.0987200e-01 +1.5000000e-01 +1.7329667e+01 +5.9276000e-02 -2.7372000e-02 +2.7351167e+00 +1.2263750e+00 +9.1965833e-01 +2.5405167e-02 -6.5048611e-01 +3.7722222e-02 +8.8709516e+03
7.1616700e-01 +1.5000000e-01 +1.7329333e+01 +6.4373167e-02 -3.5691500e-02 +2.7099722e+00 +1.2129722e+00 +9.1716944e-01 +3.3305278e-02 -6.4099722e-01 +3.9268333e-02 +8.7860655e+03
7.2238800e-01 +1.5000000e-01 +1.7327667e+01 +6.9590167e-02 -4.3786333e-02 +2.6849278e+00 +1.1996528e+00 +9.1569722e-01 +4.1386389e-02 -6.3226667e-01 +4.0980833e-02 +8.7061599e+03
7.2853400e-01 +1.5000000e-01 +1.7324667e+01 +7.4864667e-02 -5.1643833e-02 +2.6599444e+00 +1.1864028e+00 +9.1466944e-01 +4.9661111e-02 -6.2396389e-01 +4.2946389e-02 +8.6271323e+03
7.3460400e-01 +1.5000000e-01 +1.7320167e+01 +8.0189167e-02 -5.9265333e-02 +2.6348361e+00 +1.1731861e+00 +9.1374167e-01 +5.8221111e-02 -6.1561667e-01 +4.5170278e-02 +8.5529613e+03
7.4059600e-01 +1.5000000e-01 +1.7314167e+01 +8.5555333e-02 -6.6640167e-02 +2.6097556e+00 +1.1600417e+00 +9.1297778e-01 +6.7122222e-02 -6.0686111e-01 +4.7426389e-02 +8.4857691e+03
7.4651100e-01 +1.5000000e-01 +1.7306500e+01 +9.0937000e-02 -7.3688500e-02 +2.5847833e+00 +1.1471361e+00 +9.1248611e-01 +7.6374167e-02 -5.9762778e-01 +4.9448333e-02 +8.4222040e+03
7.5234600e-01 +1.5000000e-01 +1.7297000e+01 +9.6294000e-02 -8.0304500e-02 +2.5598306e+00 +1.1346833e+00 +9.1232500e-01 +8.5965556e-02 -5.8803611e-01 +5.1293611e-02 +8.3573250e+03
7.5810200e-01 +1.5000000e-01 +1.7285500e+01 +1.0159467e-01 -8.6426000e-02 +2.5350917e+00 +1.1228389e+00 +9.1274722e-01 +9.5861944e-02 -5.7830278e-01 +5.3184444e-02 +8.2884570e+03
7.6377700e-01 +1.5000000e-01 +1.7272333e+01 +1.0680883e-01 -9.2110667e-02 +2.5108944e+00 +1.1116028e+00 +9.1386667e-01 +1.0588556e-01 -5.6855000e-01 +5.5211944e-02 +8.2163214e+03
7.6937100e-01 +1.5000000e-01 +1.7257333e+01 +1.1190400e-01 -9.7494333e-02 +2.4877167e+00 +1.1008611e+00 +9.1531111e-01 +1.1589583e-01 -5.5867500e-01 +5.7303056e-02 +8.1444515e+03
7.7488300e-01 +1.5000000e-01 +1.7240500e+01 +1.1687233e-01 -1.0266383e-01 +2.4659444e+00 +1.0904722e+00 +9.1650833e-01 +1.2594000e-01 -5.4848889e-01 +5.9360000e-02 +8.0772633e+03
7.8031300e-01 +1.5000000e-01 +1.7222000e+01 +1.2170267e-01 -1.0769233e-01 +2.4456167e+00 +1.0803361e+00 +9.1735556e-01 +1.3612889e-01 -5.3791111e-01 +6.1299722e-02 +8.0158728e+03
7.8566100e-01 +1.5000000e-01 +1.7201667e+01 +1.2636917e-01 -1.1267183e-01 +2.4266167e+00 +1.0703972e+00 +9.1801389e-01 +1.4662361e-01 -5.2685278e-01 +6.3091667e-02 +7.9585180e+03
7.9092500e-01 +1.5000000e-01 +1.7179500e+01 +1.3084983e-01 -1.1765567e-01 +2.4088056e+00 +1.0606000e+00 +9.1853611e-01 +1.5753111e-01 -5.1498611e-01 +6.4797500e-02 +7.9051699e+03
7.9610700e-01 +1.5000000e-01 +1.7155500e+01 +1.3512500e-01 -1.2262300e-01 +2.3920139e+00 +1.0508917e+00 +9.1882222e-01 +1.6878639e-01 -5.0185278e-01 +6.6514167e-02 +7.8587246e+03
8.0120600e-01 +1.5000000e-01 +1.7129667e+01 +1.3914967e-01 -1.2746700e-01 +2.3757972e+00 +1.0412500e+00 +9.1893611e-01 +1.8026083e-01 -4.8720000e-01 +6.8303056e-02 +7.8211156e+03
8.0622200e-01 +1.5000000e-01 +1.7101833e+01 +1.4287317e-01 -1.3203333e-01 +2.3599111e+00 +1.0316694e+00 +9.1912500e-01 +1.9186944e-01 -4.7129167e-01 +7.0144722e-02 +7.7950723e+03
8.1115500e-01 +1.5000000e-01 +1.7072167e+01 +1.4627167e-01 -1.3625000e-01 +2.3445611e+00 +1.0221722e+00 +9.1951944e-01 +2.0363472e-01 -4.5459167e-01 +7.1963611e-02 +7.7847699e+03
8.1600400e-01 +1.5000000e-01 +1.7040333e+01 +1.4933017e-01 -1.4015017e-01 +2.3301667e+00 +1.0128111e+00 +9.2038611e-01 +2.1562667e-01 -4.3756944e-01 +7.3630556e-02 +7.7886278e+03
8.2077100e-01 +1.5000000e-01 +1.7006667e+01 +1.5202567e-01 -1.4379367e-01 +2.3173167e+00 +1.0036667e+00 +9.2205000e-01 +2.2793500e-01 -4.2064167e-01 +7.5020278e-02 +7.8011860e+03
8.2545400e-01 +1.5000000e-01 +1.6970833e+01 +1.5433200e-01 -1.4720683e-01 +2.3065194e+00 +9.9480556e-01 +9.2460000e-01 +2.4064806e-01 -4.0398333e-01 +7.6082500e-02 +7.8198706e+03
8.3005600e-01 +1.5000000e-01 +1.6933167e+01 +1.5623817e-01 -1.5035100e-01 +2.2980056e+00 +9.8626389e-01 +9.2793889e-01 +2.5377694e-01 -3.8758611e-01 +7.6803056e-02 +7.8466079e+03
8.3457500e-01 +1.5000000e-01 +1.6893500e+01 +1.5774767e-01 -1.5314683e-01 +2.2918611e+00 +9.7800556e-01 +9.3196944e-01 +2.6726667e-01 -3.7139444e-01 +7.7158056e-02 +7.8844194e+03
8.3901200e-01 +1.5000000e-01 +1.6851833e+01 +1.5885833e-01 -1.5553800e-01 +2.2882500e+00 +9.6994722e-01 +9.3653611e-01 +2.8104722e-01 -3.5548333e-01 +7.7111111e-02 +7.9369638e+03
8.4336800e-01 +1.5000000e-01 +1.6808167e+01 +1.5955300e-01 -1.5751367e-01 +2.2875222e+00 +9.6201944e-01 +9.4148056e-01 +2.9507778e-01 -3.4007500e-01 +7.6657500e-02 +8.0069301e+03
8.4764300e-01 +1.5000000e-01 +1.6762667e+01 +1.5980800e-01 -1.5910267e-01 +2.2901556e+00 +9.5421389e-01 +9.4676389e-01 +3.0938611e-01 -3.2542222e-01 +7.5860833e-02 +8.0939137e+03
8.5183800e-01 +1.5000000e-01 +1.6715167e+01 +1.5961267e-01 -1.6033817e-01 +2.2966611e+00 +9.4658333e-01 +9.5239444e-01 +3.2402500e-01 -3.1151667e-01 +7.4821389e-02 +8.1957053e+03
8.5595300e-01 +1.5000000e-01 +1.6665950e+01 +1.5896917e-01 -1.6119983e-01 +2.3073083e+00 +9.3918611e-01 +9.5845000e-01 +3.3899444e-01 -2.9809167e-01 +7.3615833e-02 +8.3118118e+03
8.5998900e-01 +1.5000000e-01 +1.6614850e+01 +1.5787850e-01 -1.6162317e-01 +2.3220806e+00 +9.3204722e-01 +9.6500000e-01 +3.5424444e-01 -2.8491667e-01 +7.2276111e-02 +8.4442893e+03
8.6394600e-01 +1.5000000e-01 +1.6561967e+01 +1.5633350e-01 -1.6155817e-01 +2.3408972e+00 +9.2518611e-01 +9.7205833e-01 +3.6972500e-01 -2.7191000e-01 +7.0813056e-02 +8.5962997e+03
8.6782500e-01 +1.5000000e-01 +1.6507233e+01 +1.5432833e-01 -1.6100350e-01 +2.3636250e+00 +9.1861389e-01 +9.7970833e-01 +3.8541667e-01 -2.5914111e-01 +6.9232500e-02 +8.7699691e+03
8.7162800e-01 +1.5000000e-01 +1.6450667e+01 +1.5186583e-01 -1.5999100e-01 +2.3900778e+00 +9.1233056e-01 +9.8812778e-01 +4.0131111e-01 -2.4674833e-01 +6.7555000e-02 +8.9669662e+03
8.7535300e-01 +1.5000000e-01 +1.6392283e+01 +1.4896183e-01 -1.5854517e-01 +2.4202639e+00 +9.0632500e-01 +9.9743889e-01 +4.1741111e-01 -2.3482667e-01 +6.5810556e-02 +9.1891388e+03
8.7900400e-01 +1.5000000e-01 +1.6332033e+01 +1.4563933e-01 -1.5665933e-01 +2.4544833e+00 +9.0053611e-01 +1.0076000e+00 +4.3370556e-01 -2.2335139e-01 +6.3989722e-02 +9.4363423e+03
8.8257900e-01 +1.5000000e-01 +1.6269983e+01 +1.4191850e-01 -1.5429367e-01 +2.4930972e+00 +8.9487778e-01 +1.0184306e+00 +4.5015556e-01 -2.1223806e-01 +6.2048889e-02 +9.7065764e+03
8.8608100e-01 +1.5000000e-01 +1.6206133e+01 +1.3781300e-01 -1.5139550e-01 +2.5362472e+00 +8.8925833e-01 +1.0297528e+00 +4.6666111e-01 -2.0144667e-01 +5.9970000e-02 +9.9989574e+03
8.8951000e-01 +1.5000000e-01 +1.6140450e+01 +1.3333500e-01 -1.4792450e-01 +2.5839556e+00 +8.8358889e-01 +1.0414056e+00 +4.8310000e-01 -1.9099972e-01 +5.7773889e-02 +1.0314984e+04
8.9286600e-01 +1.5000000e-01 +1.6072933e+01 +1.2849917e-01 -1.4386250e-01 +2.6362639e+00 +8.7779444e-01 +1.0532306e+00 +4.9936111e-01 -1.8087972e-01 +5.5494167e-02 +1.0657205e+04
8.9615100e-01 +1.5000000e-01 +1.6003550e+01 +1.2332567e-01 -1.3920233e-01 +2.6931278e+00 +8.7180278e-01 +1.0650583e+00 +5.1536667e-01 -1.7100639e-01 +5.3166111e-02 +1.1026471e+04
8.9936600e-01 +1.5000000e-01 +1.5932283e+01 +1.1784267e-01 -1.3393717e-01 +2.7543139e+00 +8.6556389e-01 +1.0767333e+00 +5.3104444e-01 -1.6136556e-01 +5.0816944e-02 +1.1422857e+04
9.0251200e-01 +1.5000000e-01 +1.5859167e+01 +1.1208517e-01 -1.2806217e-01 +2.8194167e+00 +8.5901389e-01 +1.0881139e+00 +5.4631667e-01 -1.5207667e-01 +4.8458333e-02 +1.1849658e+04
9.0558900e-01 +1.5000000e-01 +1.5784167e+01 +1.0608933e-01 -1.2157233e-01 +2.8881111e+00 +8.5206944e-01 +1.0991056e+00 +5.6112222e-01 -1.4328944e-01 +4.6106389e-02 +1.2311848e+04
9.0859900e-01 +1.5000000e-01 +1.5707250e+01 +9.9887667e-02 -1.1445533e-01 +2.9602778e+00 +8.4464167e-01 +1.1097028e+00 +5.7542222e-01 -1.3504028e-01 +4.3799167e-02 +1.2810335e+04
9.1154300e-01 +1.5000000e-01 +1.5628300e+01 +9.3506667e-02 -1.0669100e-01 +3.0360000e+00 +8.3663333e-01 +1.1198944e+00 +5.8920833e-01 -1.2723194e-01 +4.1581667e-02 +1.3341777e+04
9.1442100e-01 +1.5000000e-01 +1.5547250e+01 +8.6970667e-02 -9.8258667e-02 +3.1154444e+00 +8.2795556e-01 +1.1295972e+00 +6.0248333e-01 -1.1969389e-01 +3.9476667e-02 +1.3904993e+04
9.1723400e-01 +1.5000000e-01 +1.5464017e+01 +8.0305500e-02 -8.9139833e-02 +3.1986389e+00 +8.1851944e-01 +1.1387083e+00 +6.1523611e-01 -1.1228389e-01 +3.7473889e-02 +1.4504459e+04
9.1998500e-01 +1.5000000e-01 +1.5378483e+01 +7.3544000e-02 -7.9319167e-02 +3.2858056e+00 +8.0825278e-01 +1.1471417e+00 +6.2746944e-01 -1.0496139e-01 +3.5548056e-02 +1.5147012e+04
9.2267300e-01 +1.5000000e-01 +1.5290500e+01 +6.6724167e-02 -6.8794167e-02 +3.3772778e+00 +7.9708333e-01 +1.1548528e+00 +6.3917222e-01 -9.7756944e-02 +3.3676944e-02 +1.5837362e+04
9.2529900e-01 +1.5000000e-01 +1.5199917e+01 +5.9885667e-02 -5.7587333e-02 +3.4733056e+00 +7.8497222e-01 +1.1618667e+00 +6.5031111e-01 -9.0700833e-02 +3.1843611e-02 +1.6577231e+04
9.2786600e-01 +1.5000000e-01 +1.5106550e+01 +5.3066000e-02 -4.5750500e-02 +3.5740278e+00 +7.7189167e-01 +1.1682694e+00 +6.6085556e-01 -8.3762500e-02 +3.0039722e-02 +1.7366097e+04
9.3037300e-01 +1.5000000e-01 +1.5010250e+01 +4.6301333e-02 -3.3346667e-02 +3.6795556e+00 +7.5783889e-01 +1.1741167e+00 +6.7077500e-01 -7.6841111e-02 +2.8270556e-02 +1.8201588e+04
9.3282200e-01 +1.5000000e-01 +1.4910750e+01 +3.9627667e-02 -2.0429500e-02 +3.7900000e+00 +7.4281667e-01 +1.1793611e+00 +6.8007778e-01 -6.9831389e-02 +2.6551167e-02 +1.9079595e+04
9.3521400e-01 +1.5000000e-01 +1.4807883e+01 +3.3083667e-02 -7.0379167e-03 +3.9054167e+00 +7.2684167e-01 +1.1838917e+00 +6.8877222e-01 -6.2686389e-02 +2.4894222e-02 +1.9997666e+04
9.3754900e-01 +1.5000000e-01 +1.4701367e+01 +2.6710000e-02 +6.7953833e-03 +4.0258611e+00 +7.0991944e-01 +1.1876222e+00 +6.9686111e-01 -5.5419444e-02 +2.3309861e-02 +2.0957371e+04
9.3983000e-01 +1.5000000e-01 +1.4590933e+01 +2.0548167e-02 +2.1033500e-02 +4.1513056e+00 +6.9205833e-01 +1.1905472e+00 +7.0430000e-01 -4.8069167e-02 +2.1813806e-02 +2.1962344e+04
9.4205600e-01 +1.5000000e-01 +1.4476233e+01 +1.4638467e-02 +3.5634000e-02 +4.2818333e+00 +6.7326667e-01 +1.1927167e+00 +7.1101389e-01 -4.0660000e-02 +2.0425333e-02 +2.3014938e+04
9.4422900e-01 +1.5000000e-01 +1.4356933e+01 +9.0182333e-03 +5.0552333e-02 +4.4175000e+00 +6.5355556e-01 +1.1941694e+00 +7.1691111e-01 -3.3181667e-02 +1.9153917e-02 +2.4112866e+04
9.4635000e-01 +1.5000000e-01 +1.4232567e+01 +3.7192833e-03 +6.5740167e-02 +4.5584722e+00 +6.3293889e-01 +1.1949000e+00 +7.2188889e-01 -2.5624444e-02 +1.7991472e-02 +2.5248426e+04
9.4842100e-01 +1.5000000e-01 +1.4102683e+01 -1.2332983e-03 +8.1139167e-02 +4.7046944e+00 +6.1143889e-01 +1.1948500e+00 +7.2583611e-01 -1.8026500e-02 +1.6917083e-02 +2.6413042e+04
9.5044100e-01 +1.5000000e-01 +1.3966817e+01 -5.8205167e-03 +9.6674333e-02 +4.8556944e+00 +5.8908611e-01 +1.1939194e+00 +7.2864444e-01 -1.0466111e-02 +1.5908472e-02 +2.7602387e+04
9.5241200e-01 +1.5000000e-01 +1.3824417e+01 -1.0027767e-02 +1.1225350e-01 +5.0107500e+00 +5.6593056e-01 +1.1920111e+00 +7.3020000e-01 -3.0077778e-03 +1.4952556e-02 +2.8816065e+04
9.5433500e-01 +1.5000000e-01 +1.3674900e+01 -1.3843417e-02 +1.2777317e-01 +5.1688056e+00 +5.4205000e-01 +1.1890389e+00 +7.3040278e-01 +4.3291944e-03 +1.4047444e-02 +3.0053238e+04
9.5621000e-01 +1.5000000e-01 +1.3517633e+01 -1.7258167e-02 +1.4312300e-01 +5.3286667e+00 +5.1752778e-01 +1.1849472e+00 +7.2915556e-01 +1.1551194e-02 +1.3194000e-02 +3.1311879e+04
9.5804000e-01 +1.5000000e-01 +1.3351933e+01 -2.0265167e-02 +1.5818867e-01 +5.4890556e+00 +4.9247500e-01 +1.1796917e+00 +7.2636389e-01 +1.8654000e-02 +1.2385639e-02 +3.2585394e+04
9.5982400e-01 +1.5000000e-01 +1.3177100e+01 -2.2860833e-02 +1.7285167e-01 +5.6484722e+00 +4.6700556e-01 +1.1732167e+00 +7.2192500e-01 +2.5607167e-02 +1.1607306e-02 +3.3865231e+04
9.6156500e-01 +1.5000000e-01 +1.2992417e+01 -2.5044833e-02 +1.8698833e-01 +5.8052222e+00 +4.4124167e-01 +1.1654694e+00 +7.1572500e-01 +3.2363333e-02 +1.0843583e-02 +3.5141632e+04
9.6326200e-01 +1.5000000e-01 +1.2797133e+01 -2.6822167e-02 +2.0048167e-01 +5.9573333e+00 +4.1532222e-01 +1.1563556e+00 +7.0764167e-01 +3.8871389e-02 +1.0086583e-02 +3.6404316e+04
9.6491600e-01 +1.5000000e-01 +1.2590500e+01 -2.8201833e-02 +2.1321333e-01 +6.1026389e+00 +3.8937222e-01 +1.1457389e+00 +6.9755556e-01 +4.5073611e-02 +9.3381667e-03 +3.7642335e+04
9.6652900e-01 +1.5000000e-01 +1.2371750e+01 -2.9197833e-02 +2.2507833e-01 +6.2386389e+00 +3.6352778e-01 +1.1334417e+00 +6.8536389e-01 +5.0892222e-02 +8.6069444e-03 +3.8844051e+04
9.6810200e-01 +1.5000000e-01 +1.2140167e+01 -2.9828167e-02 +2.3598167e-01 +6.3626111e+00 +3.3791667e-01 +1.1192444e+00 +6.7097222e-01 +5.6226111e-02 +7.9048889e-03 +3.9995783e+04
9.6963500e-01 +1.5000000e-01 +1.1895017e+01 -3.0115000e-02 +2.4583667e-01 +6.4715556e+00 +3.1265833e-01 +1.1029306e+00 +6.5431667e-01 +6.0962500e-02 +7.2444167e-03 +4.1083489e+04
9.7112900e-01 +1.5000000e-01 +1.1635683e+01 -3.0082333e-02 +2.5457000e-01 +6.5621944e+00 +2.8787778e-01 +1.0842917e+00 +6.3535000e-01 +6.4998889e-02 +6.6361111e-03 +4.2091905e+04
9.7258500e-01 +1.5000000e-01 +1.1361533e+01 -2.9756833e-02 +2.6211333e-01 +6.6310000e+00 +2.6368278e-01 +1.0631583e+00 +6.1403611e-01 +6.8257778e-02 +6.0872222e-03 +4.3005942e+04
9.7400400e-01 +1.5000000e-01 +1.1072050e+01 -2.9166000e-02 +2.6841167e-01 +6.6743333e+00 +2.4018583e-01 +1.0394056e+00 +5.9037778e-01 +7.0693889e-02 +5.6013889e-03 +4.3811278e+04
9.7538700e-01 +1.5000000e-01 +1.0766767e+01 -2.8338500e-02 +2.7341500e-01 +6.6883611e+00 +2.1748750e-01 +1.0129639e+00 +5.6439722e-01 +7.2290556e-02 +5.1789722e-03 +4.4493764e+04
9.7673400e-01 +1.5000000e-01 +1.0445267e+01 -2.7302667e-02 +2.7708500e-01 +6.6693333e+00 +1.9568167e-01 +9.8381389e-01 +5.3615833e-01 +7.3053333e-02 +4.8176944e-03 +4.5041996e+04
9.7804700e-01 +1.5000000e-01 +1.0107300e+01 -2.6087500e-02 +2.7939333e-01 +6.6135833e+00 +1.7485444e-01 +9.5199444e-01 +5.0577222e-01 +7.3006111e-02 +4.5126667e-03 +4.5447162e+04
9.7932500e-01 +1.5000000e-01 +9.7527167e+00 -2.4721667e-02 +2.8031500e-01 +6.5176944e+00 +1.5508250e-01 +9.1758889e-01 +4.7340556e-01 +7.2186389e-02 +4.2567222e-03 +4.5705858e+04
9.8057100e-01 +1.5000000e-01 +9.3814833e+00 -2.3232833e-02 +2.7983833e-01 +6.3787500e+00 +1.3643194e-01 +8.8073056e-01 +4.3927778e-01 +7.0645278e-02 +4.0404444e-03 +4.5819946e+04
9.8178500e-01 +1.5000000e-01 +8.9937667e+00 -2.1648833e-02 +2.7795667e-01 +6.1944167e+00 +1.1896000e-01 +8.4159444e-01 +4.0367778e-01 +6.8443611e-02 +3.8527222e-03 +4.5798458e+04
9.8296700e-01 +1.5000000e-01 +8.5899667e+00 -1.9996000e-02 +2.7467000e-01 +5.9633333e+00 +1.0271194e-01 +8.0037778e-01 +3.6695556e-01 +6.5649722e-02 +3.6814444e-03 +4.5659412e+04
9.8411800e-01 +1.5000000e-01 +8.1706333e+00 -1.8299833e-02 +2.6998667e-01 +5.6852778e+00 +8.7721944e-02 +7.5729167e-01 +3.2952222e-01 +6.2338611e-02 +3.5144444e-03 +4.5431475e+04
9.8524000e-01 +1.5000000e-01 +7.7366333e+00 -1.6584750e-02 +2.6392333e-01 +5.3613889e+00 +7.4012778e-02 +7.1254444e-01 +2.9186111e-01 +5.8590000e-02 +3.3405278e-03 +4.5155413e+04
9.8633200e-01 +1.5000000e-01 +7.2890667e+00 -1.4873750e-02 +2.5650333e-01 +4.9945278e+00 +6.1594722e-02 +6.6631944e-01 +2.5450833e-01 +5.4485000e-02 +3.1505278e-03 +4.4884259e+04
9.8739500e-01 +1.5000000e-01 +6.8293167e+00 -1.3188183e-02 +2.4775167e-01 +4.5893611e+00 +5.0466111e-02 +6.1878889e-01 +2.1804611e-01 +5.0102500e-02 +2.9380278e-03 +4.4679619e+04
9.8843100e-01 +1.5000000e-01 +6.3589833e+00 -1.1547767e-02 +2.3770333e-01 +4.1524167e+00 +4.0613889e-02 +5.7010000e-01 +1.8308139e-01 +4.5514444e-02 +2.6999167e-03 +4.4606782e+04
9.8943900e-01 +1.5000000e-01 +5.8799667e+00 -9.9704167e-03 +2.2639667e-01 +3.6922500e+00 +3.2012500e-02 +5.2038611e-01 +1.5021861e-01 +4.0785278e-02 +2.4363917e-03 +4.4724863e+04
9.9042000e-01 +1.5000000e-01 +5.3943667e+00 -8.4722333e-03 +2.1387500e-01 +3.2190833e+00 +2.4624250e-02 +4.6978889e-01 +1.2002583e-01 +3.5973889e-02 +2.1508750e-03 +4.5075447e+04
9.9137600e-01 +1.5000000e-01 +4.9044000e+00 -7.0673833e-03 +2.0018500e-01 +2.7444750e+00 +1.8399944e-02 +4.1846944e-01 +9.2995278e-02 +3.1139722e-02 +1.8496611e-03 +4.5671772e+04
9.9230600e-01 +1.5000000e-01 +4.4124167e+00 -5.7681667e-03 +1.8537500e-01 +2.2806639e+00 +1.3276889e-02 +3.6665833e-01 +6.9503333e-02 +2.6349944e-02 +1.5414750e-03 +4.6490908e+04
9.9321200e-01 +1.5000000e-01 +3.9207167e+00 -4.5850000e-03 +1.6949833e-01 +1.8398417e+00 +9.1788889e-03 +3.1467778e-01 +4.9775000e-02 +2.1685528e-02 +1.2368417e-03 +4.7474442e+04
9.9409400e-01 +1.5000000e-01 +3.4315667e+00 -3.5265167e-03 +1.5261350e-01 +1.4332000e+00 +6.0154444e-03 +2.6300833e-01 +3.3858056e-02 +1.7242722e-02 +9.4727222e-04 +4.8541783e+04
9.9495200e-01 +1.5000000e-01 +2.9470000e+00 -2.5996667e-03 +1.3477867e-01 +1.0700861e+00 +3.6815556e-03 +2.1232250e-01 +2.1612361e-02 +1.3129028e-02 +6.8423333e-04 +4.9614817e+04
9.9578700e-01 +1.5000000e-01 +2.4688167e+00 -1.8098000e-03 +1.1605583e-01 +7.5733056e-01 +2.0586139e-03 +1.6354361e-01 +1.2719417e-02 +9.4531944e-03 +4.5795556e-04 +5.0649389e+04
9.9660000e-01 +1.5000000e-01 +1.9984833e+00 -1.1608183e-03 +9.6508667e-02 +4.9893611e-01 +1.0168194e-03 +1.1787833e-01 +6.7134444e-03 +6.3122500e-03 +2.7619861e-04 +5.1663390e+04
9.9739200e-01 +1.5000000e-01 +1.5371333e+00 -6.5523833e-04 +7.6202167e-02 +2.9617778e-01 +4.1965000e-04 +7.6848056e-02 +3.0301944e-03 +3.7790833e-03 +1.4305667e-04 +5.2754271e+04
9.9816200e-01 +1.5000000e-01 +1.0855317e+00 -2.9431500e-04 +5.5203167e-02 +1.4811028e-01 +1.3097500e-04 +4.2310278e-02 +1.0657806e-03 +1.8946111e-03 +5.7939167e-05 +5.4101943e+04
9.9891100e-01 +1.5000000e-01 +6.4413167e-01 -7.7959333e-05 +3.3579333e-02 +5.2320556e-02 +2.5328556e-05 +1.6488444e-02 +2.3443500e-04 +6.6630556e-04 +1.4719639e-05 +5.5956214e+04
9.9964000e-01 +1.5000000e-01 +2.1311833e-01 +0.0000000e+00 +1.1407383e-02 +5.7611944e-03 +1.8092889e-06 +2.0252278e-03 +1.5156111e-05 +7.2330556e-05 +1.1140778e-06 +5.8401730e+04
1.0000000e+00 +1.5000000e-01 +0.0000000e+00 +0.0000000e+00 +0.0000000e+00 +0.0000000e+00 +0.0000000e+00 +0.0000000e+00 +0.0000000e+00 +0.0000000e+00 +0.0000000e+00 +5.8400833e+04
