#    y              z              <u>            <v>            <w>            <u'u'>         <v'v'>         <w'w'>         <u'v'>         <u'w'>         <v'w'>         <eps>         
#----------------------------------------------------------------------------------------------------------------------------------------------------------------------------------
0.0000000e+00 +2.5000000e-01 +0.0000000e+00 +0.0000000e+00 +0.0000000e+00 +0.0000000e+00 +0.0000000e+00 +0.0000000e+00 +0.0000000e+00 +0.0000000e+00 +0.0000000e+00 +1.8503580e+05
2.3900000e-04 +2.5000000e-01 +2.3158333e-01 -1.5458111e-05 +7.4525222e-03 +7.8763951e-03 +3.0720988e-06 +3.1725309e-03 -1.8841605e-05 +6.8461605e-05 -5.6588272e-07 +1.8503686e+05
7.2200000e-04 +2.5000000e-01 +6.9824778e-01 -5.6037333e-05 +2.2169444e-02 +7.1025802e-02 +4.1996543e-05 +2.5529136e-02 -2.8675062e-04 +6.5653580e-04 -7.8631111e-06 +1.7635033e+05
1.2140000e-03 +2.5000000e-01 +1.1723111e+00 -1.2007222e-04 +3.6766111e-02 +1.9914938e-01 +2.1249753e-04 +6.4670741e-02 -1.2783457e-03 +1.9262346e-03 -3.2648395e-05 +1.6950225e+05
1.7150000e-03 +2.5000000e-01 +1.6532444e+00 -2.0479889e-04 +5.1217778e-02 +3.9406296e-01 +6.6622099e-04 +1.1597506e-01 -3.5569753e-03 +3.9535679e-03 -8.5631358e-05 +1.6409276e+05
2.2250000e-03 +2.5000000e-01 +2.1401556e+00 -3.0737222e-04 +6.5498222e-02 +6.5615309e-01 +1.5798765e-03 +1.7570864e-01 -7.6998765e-03 +6.7790247e-03 -1.7684568e-04 +1.5922414e+05
2.7450000e-03 +2.5000000e-01 +2.6317333e+00 -4.2490667e-04 +7.9576556e-02 +9.8329877e-01 +3.1318642e-03 +2.4089136e-01 -1.4235556e-02 +1.0396827e-02 -3.1552963e-04 +1.5434033e+05
3.2740000e-03 +2.5000000e-01 +3.1262778e+00 -5.5445222e-04 +9.3417778e-02 +1.3701728e+00 +5.4877407e-03 +3.0920617e-01 -2.3582099e-02 +1.4748889e-02 -5.0971235e-04 +1.4924507e+05
3.8120000e-03 +2.5000000e-01 +3.6217667e+00 -6.9297667e-04 +1.0698333e-01 +1.8081235e+00 +8.7920123e-03 +3.7891728e-01 -3.6000864e-02 +1.9725185e-02 -7.6567037e-04 +1.4402434e+05
4.3610000e-03 +2.5000000e-01 +4.1159556e+00 -8.3733778e-04 +1.2023222e-01 +2.2856420e+00 +1.3164815e-02 +4.4877284e-01 -5.1573086e-02 +2.5170988e-02 -1.0874580e-03 +1.3894422e+05
4.9190000e-03 +2.5000000e-01 +4.6064444e+00 -9.8426667e-04 +1.3312222e-01 +2.7892963e+00 +1.8701605e-02 +5.1792593e-01 -7.0201975e-02 +3.0901481e-02 -1.4766914e-03 +1.3431567e+05
5.4880000e-03 +2.5000000e-01 +5.0908444e+00 -1.1303667e-03 +1.4561333e-01 +3.3048519e+00 +2.5474198e-02 +5.8583333e-01 -9.1633827e-02 +3.6719259e-02 -1.9326049e-03 +1.3040072e+05
6.0670000e-03 +2.5000000e-01 +5.5668667e+00 -1.2721444e-03 +1.5766556e-01 +3.8184198e+00 +3.3533210e-02 +6.5217531e-01 -1.1549383e-01 +4.2434074e-02 -2.4523210e-03 +1.2734386e+05
6.6570000e-03 +2.5000000e-01 +6.0323889e+00 -1.4060444e-03 +1.6924333e-01 +4.3173704e+00 +4.2910864e-02 +7.1678519e-01 -1.4132593e-01 +4.7877531e-02 -3.0313704e-03 +1.2516422e+05
7.2570000e-03 +2.5000000e-01 +6.4855667e+00 -1.5285000e-03 +1.8031778e-01 +4.7910247e+00 +5.3622593e-02 +7.7958765e-01 -1.6863333e-01 +5.2914198e-02 -3.6641605e-03 +1.2377148e+05
7.8680000e-03 +2.5000000e-01 +6.9248333e+00 -1.6360333e-03 +1.9086333e-01 +5.2309506e+00 +6.5669506e-02 +8.4055556e-01 -1.9691358e-01 +5.7444321e-02 -4.3444568e-03 +1.2300453e+05
8.4910000e-03 +2.5000000e-01 +7.3489333e+00 -1.7253556e-03 +2.0086222e-01 +5.6311235e+00 +7.9039630e-02 +8.9968148e-01 -2.2568642e-01 +6.1401852e-02 -5.0657160e-03 +1.2266795e+05
9.1240000e-03 +2.5000000e-01 +7.7569556e+00 -1.7933333e-03 +2.1029889e-01 +5.9877284e+00 +9.3709753e-02 +9.5695185e-01 -2.5451358e-01 +6.4749259e-02 -5.8209506e-03 +1.2256587e+05
9.7690000e-03 +2.5000000e-01 +8.1482556e+00 -1.8371222e-03 +2.1916778e-01 +6.2989506e+00 +1.0964556e-01 +1.0123469e+00 -2.8301728e-01 +6.7469877e-02 -6.6025679e-03 +1.2252500e+05
1.0426000e-02 +2.5000000e-01 +8.5225111e+00 -1.8541111e-03 +2.2746444e-01 +6.5646049e+00 +1.2680370e-01 +1.0658247e+00 -3.1088272e-01 +6.9561975e-02 -7.4018395e-03 +1.2240650e+05
1.1094000e-02 +2.5000000e-01 +8.8796222e+00 -1.8418778e-03 +2.3519111e-01 +6.7858519e+00 +1.4513086e-01 +1.1173284e+00 -3.3785679e-01 +7.1034321e-02 -8.2083086e-03 +1.2211049e+05
1.1775000e-02 +2.5000000e-01 +9.2197000e+00 -1.7982333e-03 +2.4235222e-01 +6.9647531e+00 +1.6456914e-01 +1.1667914e+00 -3.6375432e-01 +7.1903827e-02 -9.0091728e-03 +1.2157461e+05
1.2467000e-02 +2.5000000e-01 +9.5430556e+00 -1.7211222e-03 +2.4895778e-01 +7.1040741e+00 +1.8504938e-01 +1.2141333e+00 -3.8843827e-01 +7.2195309e-02 -9.7888642e-03 +1.2076876e+05
1.3172000e-02 +2.5000000e-01 +9.8501333e+00 -1.6087111e-03 +2.5501667e-01 +7.2069506e+00 +2.0650000e-01 +1.2592716e+00 -4.1182840e-01 +7.1942840e-02 -1.0528679e-02 +1.1968845e+05
1.3890000e-02 +2.5000000e-01 +1.0141467e+01 -1.4594222e-03 +2.6054111e-01 +7.2767407e+00 +2.2884198e-01 +1.3021481e+00 -4.3387654e-01 +7.1189630e-02 -1.1206889e-02 +1.1834653e+05
1.4621000e-02 +2.5000000e-01 +1.0417689e+01 -1.2721667e-03 +2.6554444e-01 +7.3168642e+00 +2.5199012e-01 +1.3426667e+00 -4.5457284e-01 +6.9988889e-02 -1.1799012e-02 +1.1676737e+05
1.5365000e-02 +2.5000000e-01 +1.0679478e+01 -1.0464478e-03 +2.7003889e-01 +7.3306420e+00 +2.7585802e-01 +1.3808272e+00 -4.7392963e-01 +6.8401358e-02 -1.2278753e-02 +1.1497967e+05
1.6122000e-02 +2.5000000e-01 +1.0927556e+01 -7.8263333e-04 +2.7403889e-01 +7.3212963e+00 +3.0035062e-01 +1.4165926e+00 -4.9197654e-01 +6.6493210e-02 -1.2619506e-02 +1.1301376e+05
1.6892000e-02 +2.5000000e-01 +1.1162667e+01 -4.8209444e-04 +2.7755889e-01 +7.2918272e+00 +3.2537284e-01 +1.4499877e+00 -5.0876173e-01 +6.4332222e-02 -1.2796420e-02 +1.1089887e+05
1.7676000e-02 +2.5000000e-01 +1.1385444e+01 -1.4729222e-04 +2.8061000e-01 +7.2450247e+00 +3.5082963e-01 +1.4810494e+00 -5.2433704e-01 +6.1983827e-02 -1.2788395e-02 +1.0866222e+05
1.8474000e-02 +2.5000000e-01 +1.1596778e+01 +2.1827667e-04 +2.8320667e-01 +7.1834198e+00 +3.7662469e-01 +1.5098642e+00 -5.3876296e-01 +5.9507531e-02 -1.2580741e-02 +1.0632903e+05
1.9286000e-02 +2.5000000e-01 +1.1797222e+01 +6.1028444e-04 +2.8536000e-01 +7.1092716e+00 +4.0266543e-01 +1.5365062e+00 -5.5210494e-01 +5.6954074e-02 -1.2167333e-02 +1.0392286e+05
2.0113000e-02 +2.5000000e-01 +1.1987444e+01 +1.0238989e-03 +2.8708000e-01 +7.0246667e+00 +4.2886173e-01 +1.5610741e+00 -5.6442716e-01 +5.4364568e-02 -1.1552605e-02 +1.0146428e+05
2.0954000e-02 +2.5000000e-01 +1.2168222e+01 +1.4541889e-03 +2.8837556e-01 +6.9314198e+00 +4.5512716e-01 +1.5836420e+00 -5.7579753e-01 +5.1770617e-02 -1.0751790e-02 +9.8970759e+04
2.1810000e-02 +2.5000000e-01 +1.2340222e+01 +1.8964778e-03 +2.8925000e-01 +6.8311605e+00 +4.8138148e-01 +1.6043210e+00 -5.8628519e-01 +4.9196420e-02 -9.7899753e-03 +9.6456480e+04
2.2681000e-02 +2.5000000e-01 +1.2503778e+01 +2.3467111e-03 +2.8971222e-01 +6.7253827e+00 +5.0754444e-01 +1.6231728e+00 -5.9595309e-01 +4.6660000e-02 -8.6990864e-03 +9.3933834e+04
2.3568000e-02 +2.5000000e-01 +1.2659778e+01 +2.8015111e-03 +2.8976667e-01 +6.6153457e+00 +5.3354198e-01 +1.6402469e+00 -6.0486420e-01 +4.4176420e-02 -7.5141852e-03 +9.1415311e+04
2.4470000e-02 +2.5000000e-01 +1.2808556e+01 +3.2582333e-03 +2.8942333e-01 +6.5022222e+00 +5.5929877e-01 +1.6556173e+00 -6.1307160e-01 +4.1761481e-02 -6.2700988e-03 +8.8912234e+04
2.5388000e-02 +2.5000000e-01 +1.2950667e+01 +3.7146889e-03 +2.8869444e-01 +6.3870370e+00 +5.8474938e-01 +1.6693086e+00 -6.2062222e-01 +3.9437037e-02 -4.9995926e-03 +8.6433113e+04
2.6321000e-02 +2.5000000e-01 +1.3086556e+01 +4.1688556e-03 +2.8760111e-01 +6.2706914e+00 +6.0982716e-01 +1.6813951e+00 -6.2755926e-01 +3.7232346e-02 -3.7325432e-03 +8.3982816e+04
2.7271000e-02 +2.5000000e-01 +1.3216778e+01 +4.6185000e-03 +2.8616444e-01 +6.1540123e+00 +6.3447284e-01 +1.6919383e+00 -6.3391852e-01 +3.5179012e-02 -2.4954568e-03 +8.1564912e+04
2.8238000e-02 +2.5000000e-01 +1.3341667e+01 +5.0610222e-03 +2.8441333e-01 +6.0376914e+00 +6.5863457e-01 +1.7010617e+00 -6.3973333e-01 +3.3301975e-02 -1.3103951e-03 +7.9184030e+04
2.9221000e-02 +2.5000000e-01 +1.3461667e+01 +5.4935889e-03 +2.8237444e-01 +5.9222963e+00 +6.8226420e-01 +1.7089012e+00 -6.4503827e-01 +3.1610000e-02 -1.9389630e-04 +7.6845516e+04
3.0222000e-02 +2.5000000e-01 +1.3577000e+01 +5.9135111e-03 +2.8007778e-01 +5.8083333e+00 +7.0532222e-01 +1.7156173e+00 -6.4986790e-01 +3.0091605e-02 +8.4373704e-04 +7.4551938e+04
3.1239000e-02 +2.5000000e-01 +1.3688111e+01 +6.3187111e-03 +2.7755111e-01 +5.6961975e+00 +7.2777531e-01 +1.7213580e+00 -6.5425556e-01 +2.8720370e-02 +1.7980123e-03 +7.2302585e+04
3.2275000e-02 +2.5000000e-01 +1.3795222e+01 +6.7080889e-03 +2.7481778e-01 +5.5862099e+00 +7.4959383e-01 +1.7262716e+00 -6.5823333e-01 +2.7463580e-02 +2.6686667e-03 +7.0096715e+04
3.3328000e-02 +2.5000000e-01 +1.3898667e+01 +7.0814778e-03 +2.7189778e-01 +5.4786173e+00 +7.7074815e-01 +1.7304568e+00 -6.6183333e-01 +2.6287284e-02 +3.4569630e-03 +6.7937961e+04
3.4399000e-02 +2.5000000e-01 +1.3998778e+01 +7.4392111e-03 +2.6880667e-01 +5.3735926e+00 +7.9121358e-01 +1.7340123e+00 -6.6507901e-01 +2.5156667e-02 +4.1624691e-03 +6.5833707e+04
3.5489000e-02 +2.5000000e-01 +1.4095778e+01 +7.7814444e-03 +2.6555111e-01 +5.2712469e+00 +8.1096420e-01 +1.7369877e+00 -6.6799753e-01 +2.4037407e-02 +4.7805556e-03 +6.3789984e+04
3.6597000e-02 +2.5000000e-01 +1.4189778e+01 +8.1077111e-03 +2.6213667e-01 +5.1716667e+00 +8.2997407e-01 +1.7394444e+00 -6.7061358e-01 +2.2905432e-02 +5.3009136e-03 +6.1807613e+04
3.7724000e-02 +2.5000000e-01 +1.4281111e+01 +8.4163556e-03 +2.5855778e-01 +5.0749506e+00 +8.4822222e-01 +1.7414444e+00 -6.7295185e-01 +2.1761605e-02 +5.7078148e-03 +5.9883624e+04
3.8870000e-02 +2.5000000e-01 +1.4370000e+01 +8.7043667e-03 +2.5480556e-01 +4.9810988e+00 +8.6569630e-01 +1.7429877e+00 -6.7503457e-01 +2.0638519e-02 +5.9831481e-03 +5.8017003e+04
4.0036000e-02 +2.5000000e-01 +1.4456556e+01 +8.9674889e-03 +2.5086556e-01 +4.8900864e+00 +8.8238765e-01 +1.7440247e+00 -6.7688395e-01 +1.9586790e-02 +6.1126790e-03 +5.6210477e+04
4.1221000e-02 +2.5000000e-01 +1.4541111e+01 +9.2009556e-03 +2.4672000e-01 +4.8018519e+00 +8.9829012e-01 +1.7445062e+00 -6.7852593e-01 +1.8652840e-02 +6.0920123e-03 +5.4467719e+04
4.2426000e-02 +2.5000000e-01 +1.4623778e+01 +9.4005556e-03 +2.4235333e-01 +4.7163951e+00 +9.1340123e-01 +1.7443086e+00 -6.7999259e-01 +1.7863457e-02 +5.9290617e-03 +5.2789064e+04
4.3652000e-02 +2.5000000e-01 +1.4704667e+01 +9.5636111e-03 +2.3775667e-01 +4.6337654e+00 +9.2771728e-01 +1.7433704e+00 -6.8131111e-01 +1.7224938e-02 +5.6432222e-03 +5.1166692e+04
4.4899000e-02 +2.5000000e-01 +1.4784000e+01 +9.6892444e-03 +2.3292667e-01 +4.5541111e+00 +9.4123457e-01 +1.7415926e+00 -6.8250247e-01 +1.6736296e-02 +5.2631235e-03 +4.9587670e+04
4.6166000e-02 +2.5000000e-01 +1.4862000e+01 +9.7774556e-03 +2.2787111e-01 +4.4775926e+00 +9.5394815e-01 +1.7389136e+00 -6.8358025e-01 +1.6410370e-02 +4.8230247e-03 +4.8042522e+04
4.7454000e-02 +2.5000000e-01 +1.4938556e+01 +9.8276222e-03 +2.2259889e-01 +4.4041975e+00 +9.6585062e-01 +1.7353086e+00 -6.8453951e-01 +1.6285802e-02 +4.3582840e-03 +4.6533411e+04
4.8764000e-02 +2.5000000e-01 +1.5013778e+01 +9.8371889e-03 +2.1712000e-01 +4.3338025e+00 +9.7693580e-01 +1.7307407e+00 -6.8536173e-01 +1.6404938e-02 +3.9012099e-03 +4.5069089e+04
5.0095000e-02 +2.5000000e-01 +1.5087889e+01 +9.8015111e-03 +2.1144111e-01 +4.2661852e+00 +9.8720000e-01 +1.7253086e+00 -6.8602963e-01 +1.6776790e-02 +3.4776543e-03 +4.3655716e+04
5.1449000e-02 +2.5000000e-01 +1.5160778e+01 +9.7146889e-03 +2.0557444e-01 +4.2011481e+00 +9.9664815e-01 +1.7191235e+00 -6.8652716e-01 +1.7370741e-02 +3.1057284e-03 +4.2294323e+04
5.2825000e-02 +2.5000000e-01 +1.5232667e+01 +9.5709889e-03 +1.9953667e-01 +4.1385556e+00 +1.0052938e+00 +1.7123333e+00 -6.8684815e-01 +1.8131728e-02 +2.7968148e-03 +4.0984455e+04
5.4223000e-02 +2.5000000e-01 +1.5303444e+01 +9.3658111e-03 +1.9335000e-01 +4.0783333e+00 +1.0131580e+00 +1.7050988e+00 -6.8699012e-01 +1.8988025e-02 +2.5562346e-03 +3.9724015e+04
5.5645000e-02 +2.5000000e-01 +1.5373444e+01 +9.0960333e-03 +1.8704222e-01 +4.0205062e+00 +1.0202704e+00 +1.6975432e+00 -6.8693704e-01 +1.9855556e-02 +2.3824815e-03 +3.8505973e+04
5.7090000e-02 +2.5000000e-01 +1.5442556e+01 +8.7598333e-03 +1.8064333e-01 +3.9650741e+00 +1.0266617e+00 +1.6897407e+00 -6.8665802e-01 +2.0648642e-02 +2.2670247e-03 +3.7320818e+04
5.8558000e-02 +2.5000000e-01 +1.5510889e+01 +8.3558000e-03 +1.7417778e-01 +3.9119383e+00 +1.0323605e+00 +1.6817407e+00 -6.8610741e-01 +2.1295309e-02 +2.1946790e-03 +3.6164634e+04
6.0050000e-02 +2.5000000e-01 +1.5578556e+01 +7.8819333e-03 +1.6766667e-01 +3.8608765e+00 +1.0373889e+00 +1.6735185e+00 -6.8522963e-01 +2.1756049e-02 +2.1425432e-03 +3.5043968e+04
6.1566000e-02 +2.5000000e-01 +1.5645667e+01 +7.3352222e-03 +1.6112444e-01 +3.8116173e+00 +1.0417679e+00 +1.6650123e+00 -6.8399012e-01 +2.2032716e-02 +2.0810370e-03 +3.3968647e+04
6.3107000e-02 +2.5000000e-01 +1.5712222e+01 +6.7123111e-03 +1.5456000e-01 +3.7639506e+00 +1.0455160e+00 +1.6561728e+00 -6.8238642e-01 +2.2161481e-02 +1.9772840e-03 +3.2941140e+04
6.4672000e-02 +2.5000000e-01 +1.5778444e+01 +6.0102111e-03 +1.4797889e-01 +3.7178148e+00 +1.0486556e+00 +1.6469259e+00 -6.8044444e-01 +2.2202222e-02 +1.7958025e-03 +3.1959425e+04
6.6263000e-02 +2.5000000e-01 +1.5844333e+01 +5.2262889e-03 +1.4137889e-01 +3.6731358e+00 +1.0512173e+00 +1.6372099e+00 -6.7819877e-01 +2.2218395e-02 +1.4998148e-03 +3.1021454e+04
6.7879000e-02 +2.5000000e-01 +1.5910000e+01 +4.3580889e-03 +1.3475333e-01 +3.6298765e+00 +1.0532420e+00 +1.6269506e+00 -6.7569259e-01 +2.2254198e-02 +1.0586827e-03 +3.0122213e+04
6.9520000e-02 +2.5000000e-01 +1.5975444e+01 +3.4040222e-03 +1.2808444e-01 +3.5879753e+00 +1.0547728e+00 +1.6161605e+00 -6.7297160e-01 +2.2330123e-02 +4.5864198e-04 +2.9253598e+04
7.1188000e-02 +2.5000000e-01 +1.6040778e+01 +2.3642000e-03 +1.2135556e-01 +3.5472840e+00 +1.0558556e+00 +1.6048519e+00 -6.7007407e-01 +2.2452469e-02 -2.9001728e-04 +2.8409650e+04
7.2882000e-02 +2.5000000e-01 +1.6105778e+01 +1.2403222e-03 +1.1455222e-01 +3.5076420e+00 +1.0565247e+00 +1.5931235e+00 -6.6701975e-01 +2.2621852e-02 -1.1567975e-03 +2.7589719e+04
7.4602000e-02 +2.5000000e-01 +1.6170556e+01 +3.4686778e-05 +1.0767467e-01 +3.4689136e+00 +1.0567963e+00 +1.5810494e+00 -6.6381605e-01 +2.2835802e-02 -2.1061605e-03 +2.6791303e+04
7.6350000e-02 +2.5000000e-01 +1.6235222e+01 -1.2501222e-03 +1.0073722e-01 +3.4310617e+00 +1.0566691e+00 +1.5686790e+00 -6.6045802e-01 +2.3081235e-02 -3.1096173e-03 +2.6009425e+04
7.8124000e-02 +2.5000000e-01 +1.6299556e+01 -2.6117889e-03 +9.3761111e-02 +3.3941111e+00 +1.0561247e+00 +1.5559877e+00 -6.5691975e-01 +2.3319259e-02 -4.1422099e-03 +2.5243916e+04
7.9926000e-02 +2.5000000e-01 +1.6363778e+01 -4.0491111e-03 +8.6766222e-02 +3.3580000e+00 +1.0551309e+00 +1.5429012e+00 -6.5316667e-01 +2.3486420e-02 -5.1727654e-03 +2.4500745e+04
8.1756000e-02 +2.5000000e-01 +1.6427778e+01 -5.5614556e-03 +7.9770000e-02 +3.3226420e+00 +1.0536654e+00 +1.5294198e+00 -6.4916049e-01 +2.3520000e-02 -6.1667037e-03 +2.3786940e+04
8.3615000e-02 +2.5000000e-01 +1.6491778e+01 -7.1475444e-03 +7.2786889e-02 +3.2879259e+00 +1.0517309e+00 +1.5155432e+00 -6.4488519e-01 +2.3385185e-02 -7.1007901e-03 +2.3103909e+04
8.5501000e-02 +2.5000000e-01 +1.6555556e+01 -8.8055222e-03 +6.5825111e-02 +3.2537901e+00 +1.0493593e+00 +1.5013951e+00 -6.4034815e-01 +2.3095679e-02 -7.9670123e-03 +2.2446231e+04
8.7416000e-02 +2.5000000e-01 +1.6619222e+01 -1.0534233e-02 +5.8881667e-02 +3.2202469e+00 +1.0466086e+00 +1.4870741e+00 -6.3556667e-01 +2.2715062e-02 -8.7629506e-03 +2.1803980e+04
8.9361000e-02 +2.5000000e-01 +1.6682778e+01 -1.2333444e-02 +5.1946556e-02 +3.1872840e+00 +1.0435370e+00 +1.4727037e+00 -6.3055679e-01 +2.2332840e-02 -9.4910864e-03 +2.1171006e+04
9.1335000e-02 +2.5000000e-01 +1.6746000e+01 -1.4203000e-02 +4.5011444e-02 +3.1547654e+00 +1.0402037e+00 +1.4582593e+00 -6.2532222e-01 +2.2029753e-02 -1.0171741e-02 +2.0550626e+04
9.3338000e-02 +2.5000000e-01 +1.6808889e+01 -1.6142444e-02 +3.8074333e-02 +3.1224691e+00 +1.0366519e+00 +1.4437284e+00 -6.1987407e-01 +2.1846667e-02 -1.0851247e-02 +1.9951046e+04
9.5371000e-02 +2.5000000e-01 +1.6871444e+01 -1.8151889e-02 +3.1137222e-02 +3.0902222e+00 +1.0329198e+00 +1.4291111e+00 -6.1424444e-01 +2.1765062e-02 -1.1588864e-02 +1.9376231e+04
9.7435000e-02 +2.5000000e-01 +1.6933778e+01 -2.0229667e-02 +2.4205333e-02 +3.0579630e+00 +1.0290420e+00 +1.4145062e+00 -6.0848642e-01 +2.1723827e-02 -1.2433086e-02 +1.8824548e+04
9.9529000e-02 +2.5000000e-01 +1.6995778e+01 -2.2370111e-02 +1.7287556e-02 +3.0257407e+00 +1.0250580e+00 +1.4000370e+00 -6.0265062e-01 +2.1660617e-02 -1.3410864e-02 +1.8292001e+04
1.0165400e-01 +2.5000000e-01 +1.7057556e+01 -2.4564444e-02 +1.0397433e-02 +2.9936173e+00 +1.0210062e+00 +1.3858272e+00 -5.9678395e-01 +2.1520988e-02 -1.4526049e-02 +1.7773622e+04
1.0381000e-01 +2.5000000e-01 +1.7118889e+01 -2.6806889e-02 +3.5564889e-03 +2.9616296e+00 +1.0169099e+00 +1.3720370e+00 -5.9090000e-01 +2.1262963e-02 -1.5758765e-02 +1.7267617e+04
1.0599800e-01 +2.5000000e-01 +1.7179778e+01 -2.9099889e-02 -3.2018222e-03 +2.9296914e+00 +1.0127802e+00 +1.3587284e+00 -5.8497407e-01 +2.0887531e-02 -1.7080247e-02 +1.6776571e+04
1.0821700e-01 +2.5000000e-01 +1.7240222e+01 -3.1451333e-02 -9.8371889e-03 +2.8977037e+00 +1.0086111e+00 +1.3458889e+00 -5.7897407e-01 +2.0435802e-02 -1.8477407e-02 +1.6303428e+04
1.1046800e-01 +2.5000000e-01 +1.7300222e+01 -3.3869222e-02 -1.6316778e-02 +2.8655679e+00 +1.0044000e+00 +1.3332840e+00 -5.7287654e-01 +1.9923210e-02 -1.9958272e-02 +1.5850768e+04
1.1275100e-01 +2.5000000e-01 +1.7359667e+01 -3.6357667e-02 -2.2626667e-02 +2.8333086e+00 +1.0001481e+00 +1.3206914e+00 -5.6667160e-01 +1.9316667e-02 -2.1536420e-02 +1.5419571e+04
1.1506700e-01 +2.5000000e-01 +1.7418889e+01 -3.8916222e-02 -2.8778667e-02 +2.8010864e+00 +9.9587654e-01 +1.3079012e+00 -5.6036543e-01 +1.8588025e-02 -2.3208148e-02 +1.5004944e+04
1.1741600e-01 +2.5000000e-01 +1.7477667e+01 -4.1539889e-02 -3.4807778e-02 +2.7691111e+00 +9.9161235e-01 +1.2949012e+00 -5.5398889e-01 +1.7746914e-02 -2.4932593e-02 +1.4600871e+04
1.1979700e-01 +2.5000000e-01 +1.7536222e+01 -4.4221111e-02 -4.0757778e-02 +2.7376049e+00 +9.8738148e-01 +1.2817531e+00 -5.4756173e-01 +1.6839383e-02 -2.6636667e-02 +1.4203372e+04
1.2221200e-01 +2.5000000e-01 +1.7594556e+01 -4.6951444e-02 -4.6658333e-02 +2.7068148e+00 +9.8318148e-01 +1.2686914e+00 -5.4106296e-01 +1.5933827e-02 -2.8248395e-02 +1.3808582e+04
1.2466000e-01 +2.5000000e-01 +1.7652556e+01 -4.9722556e-02 -5.2521556e-02 +2.6769012e+00 +9.7899630e-01 +1.2559259e+00 -5.3444938e-01 +1.5112222e-02 -2.9731728e-02 +1.3419258e+04
1.2714300e-01 +2.5000000e-01 +1.7710111e+01 -5.2524889e-02 -5.8358000e-02 +2.6478395e+00 +9.7480123e-01 +1.2435802e+00 -5.2768272e-01 +1.4434938e-02 -3.1096543e-02 +1.3043725e+04
1.2965900e-01 +2.5000000e-01 +1.7767333e+01 -5.5351444e-02 -6.4182222e-02 +2.6194198e+00 +9.7058148e-01 +1.2317099e+00 -5.2074568e-01 +1.3874568e-02 -3.2374444e-02 +1.2688997e+04
1.3220900e-01 +2.5000000e-01 +1.7824111e+01 -5.8202222e-02 -7.0008444e-02 +2.5914568e+00 +9.6633580e-01 +1.2202840e+00 -5.1363827e-01 +1.3343210e-02 -3.3606667e-02 +1.2355869e+04
1.3479400e-01 +2.5000000e-01 +1.7880556e+01 -6.1088000e-02 -7.5850778e-02 +2.5638765e+00 +9.6206420e-01 +1.2092049e+00 -5.0637037e-01 +1.2785556e-02 -3.4857778e-02 +1.2040118e+04
1.3741400e-01 +2.5000000e-01 +1.7936556e+01 -6.4025778e-02 -8.1726222e-02 +2.5367284e+00 +9.5776420e-01 +1.1983914e+00 -4.9893704e-01 +1.2174481e-02 -3.6202346e-02 +1.1737192e+04
1.4006800e-01 +2.5000000e-01 +1.7992111e+01 -6.7028556e-02 -8.7645778e-02 +2.5101358e+00 +9.5343951e-01 +1.1877802e+00 -4.9131235e-01 +1.1444543e-02 -3.7683827e-02 +1.1444465e+04
1.4275700e-01 +2.5000000e-01 +1.8047111e+01 -7.0101667e-02 -9.3595556e-02 +2.4841728e+00 +9.4909753e-01 +1.1773630e+00 -4.8346420e-01 +1.0536222e-02 -3.9295185e-02 +1.1158059e+04
1.4548200e-01 +2.5000000e-01 +1.8101667e+01 -7.3245000e-02 -9.9529444e-02 +2.4587778e+00 +9.4475679e-01 +1.1671815e+00 -4.7535679e-01 +9.4436049e-03 -4.0978025e-02 +1.0876117e+04
1.4824300e-01 +2.5000000e-01 +1.8155556e+01 -7.6453667e-02 -1.0537856e-01 +2.4337284e+00 +9.4043951e-01 +1.1572173e+00 -4.6694444e-01 +8.1538765e-03 -4.2627778e-02 +1.0601470e+04
1.5103800e-01 +2.5000000e-01 +1.8208889e+01 -7.9719556e-02 -1.1106289e-01 +2.4087160e+00 +9.3614938e-01 +1.1473556e+00 -4.5820864e-01 +6.6454691e-03 -4.4137901e-02 +1.0337859e+04
1.5387000e-01 +2.5000000e-01 +1.8261778e+01 -8.3034778e-02 -1.1651000e-01 +2.3834938e+00 +9.3186790e-01 +1.1374136e+00 -4.4915802e-01 +4.9429877e-03 -4.5449630e-02 +1.0088414e+04
1.5673800e-01 +2.5000000e-01 +1.8314222e+01 -8.6388778e-02 -1.2167889e-01 +2.3578395e+00 +9.2757407e-01 +1.1271580e+00 -4.3982963e-01 +3.0765185e-03 -4.6568395e-02 +9.8569029e+03
1.5964200e-01 +2.5000000e-01 +1.8366333e+01 -8.9765000e-02 -1.2656444e-01 +2.3317531e+00 +9.2325185e-01 +1.1163889e+00 -4.3029136e-01 +1.0305531e-03 -4.7537531e-02 +9.6440727e+03
1.6258200e-01 +2.5000000e-01 +1.8418000e+01 -9.3138556e-02 -1.3117778e-01 +2.3055432e+00 +9.1890000e-01 +1.1049988e+00 -4.2063086e-01 -1.2306988e-03 -4.8409136e-02 +9.4433398e+03
1.6555900e-01 +2.5000000e-01 +1.8469111e+01 -9.6481444e-02 -1.3553889e-01 +2.2796049e+00 +9.1453457e-01 +1.0929790e+00 -4.1090247e-01 -3.7425185e-03 -4.9251235e-02 +9.2453172e+03
1.6857200e-01 +2.5000000e-01 +1.8519667e+01 -9.9772556e-02 -1.3967111e-01 +2.2541481e+00 +9.1017407e-01 +1.0804704e+00 -4.0109136e-01 -6.5090000e-03 -5.0144815e-02 +9.0470243e+03
1.7162200e-01 +2.5000000e-01 +1.8569556e+01 -1.0299867e-01 -1.4360000e-01 +2.2292346e+00 +9.0584691e-01 +1.0677605e+00 -3.9115309e-01 -9.5193704e-03 -5.1163086e-02 +8.8500063e+03
1.7470800e-01 +2.5000000e-01 +1.8618778e+01 -1.0614733e-01 -1.4736667e-01 +2.2049506e+00 +9.0157778e-01 +1.0551111e+00 -3.8107654e-01 -1.2772840e-02 -5.2359136e-02 +8.6563617e+03
1.7783200e-01 +2.5000000e-01 +1.8667444e+01 -1.0920111e-01 -1.5101556e-01 +2.1812963e+00 +8.9739012e-01 +1.0426000e+00 -3.7087778e-01 -1.6238642e-02 -5.3743951e-02 +8.4715013e+03
1.8099200e-01 +2.5000000e-01 +1.8715444e+01 -1.1214778e-01 -1.5455333e-01 +2.1581975e+00 +8.9328889e-01 +1.0301889e+00 -3.6057531e-01 -1.9843704e-02 -5.5255556e-02 +8.3006250e+03
1.8419000e-01 +2.5000000e-01 +1.8762889e+01 -1.1500222e-01 -1.5792111e-01 +2.1355926e+00 +8.8927778e-01 +1.0178420e+00 -3.5016049e-01 -2.3501235e-02 -5.6781358e-02 +8.1453243e+03
1.8742400e-01 +2.5000000e-01 +1.8809556e+01 -1.1780333e-01 -1.6103444e-01 +2.1134938e+00 +8.8536914e-01 +1.0056370e+00 -3.3959506e-01 -2.7130123e-02 -5.8225185e-02 +8.0033951e+03
1.9069600e-01 +2.5000000e-01 +1.8855556e+01 -1.2058778e-01 -1.6382111e-01 +2.0920000e+00 +8.8159506e-01 +9.9379136e-01 -3.2884321e-01 -3.0615432e-02 -5.9529012e-02 +7.8723002e+03
1.9400400e-01 +2.5000000e-01 +1.8900667e+01 -1.2336778e-01 -1.6622778e-01 +2.0711481e+00 +8.7798765e-01 +9.8260864e-01 -3.1788025e-01 -3.3853086e-02 -6.0661235e-02 +7.7496399e+03
1.9735000e-01 +2.5000000e-01 +1.8944889e+01 -1.2613667e-01 -1.6822778e-01 +2.0509877e+00 +8.7458148e-01 +9.7227284e-01 -3.0665679e-01 -3.6876667e-02 -6.1632593e-02 +7.6323563e+03
2.0073300e-01 +2.5000000e-01 +1.8988222e+01 -1.2886333e-01 -1.6983333e-01 +2.0316543e+00 +8.7139877e-01 +9.6270864e-01 -2.9514568e-01 -3.9798765e-02 -6.2484198e-02 +7.5200493e+03
2.0415300e-01 +2.5000000e-01 +1.9030556e+01 -1.3150778e-01 -1.7111333e-01 +2.0133210e+00 +8.6844938e-01 +9.5370370e-01 -2.8336790e-01 -4.2675556e-02 -6.3217901e-02 +7.4137990e+03
2.0761100e-01 +2.5000000e-01 +1.9071778e+01 -1.3403889e-01 -1.7215889e-01 +1.9960741e+00 +8.6572716e-01 +9.4496914e-01 -2.7139383e-01 -4.5516543e-02 -6.3766049e-02 +7.3160175e+03
2.1110500e-01 +2.5000000e-01 +1.9112000e+01 -1.3644222e-01 -1.7301889e-01 +1.9799383e+00 +8.6325185e-01 +9.3627531e-01 -2.5929012e-01 -4.8389012e-02 -6.4069753e-02 +7.2278921e+03
2.1463600e-01 +2.5000000e-01 +1.9151111e+01 -1.3870333e-01 -1.7364667e-01 +1.9648025e+00 +8.6109259e-01 +9.2761975e-01 -2.4709136e-01 -5.1470000e-02 -6.4173580e-02 +7.1468011e+03
2.1820500e-01 +2.5000000e-01 +1.9189000e+01 -1.4081111e-01 -1.7394444e-01 +1.9503704e+00 +8.5933210e-01 +9.1908148e-01 -2.3478765e-01 -5.4962469e-02 -6.4219259e-02 +7.0735393e+03
2.2181000e-01 +2.5000000e-01 +1.9225889e+01 -1.4277000e-01 -1.7384333e-01 +1.9365309e+00 +8.5803086e-01 +9.1071235e-01 -2.2237778e-01 -5.8956173e-02 -6.4362593e-02 +7.0084274e+03
2.2545200e-01 +2.5000000e-01 +1.9261667e+01 -1.4459333e-01 -1.7334778e-01 +1.9234815e+00 +8.5721235e-01 +9.0256296e-01 -2.0992593e-01 -6.3366049e-02 -6.4703580e-02 +6.9455444e+03
2.2913100e-01 +2.5000000e-01 +1.9296333e+01 -1.4630111e-01 -1.7251222e-01 +1.9115432e+00 +8.5687531e-01 +8.9461852e-01 -1.9750370e-01 -6.8037531e-02 -6.5220988e-02 +6.8807916e+03
2.3284600e-01 +2.5000000e-01 +1.9329889e+01 -1.4790333e-01 -1.7141556e-01 +1.9009259e+00 +8.5701111e-01 +8.8667778e-01 -1.8512840e-01 -7.2907901e-02 -6.5780617e-02 +6.8171672e+03
2.3659700e-01 +2.5000000e-01 +1.9361889e+01 -1.4941556e-01 -1.7010000e-01 +1.8918025e+00 +8.5762593e-01 +8.7859506e-01 -1.7275309e-01 -7.7986173e-02 -6.6263827e-02 +6.7567705e+03
2.4038500e-01 +2.5000000e-01 +1.9392667e+01 -1.5085444e-01 -1.6856556e-01 +1.8842346e+00 +8.5873457e-01 +8.7044568e-01 -1.6033580e-01 -8.3201728e-02 -6.6650000e-02 +6.6993556e+03
2.4420900e-01 +2.5000000e-01 +1.9421889e+01 -1.5224111e-01 -1.6677667e-01 +1.8780247e+00 +8.6031728e-01 +8.6247037e-01 -1.4788272e-01 -8.8415802e-02 -6.6971852e-02 +6.6458599e+03
2.4806900e-01 +2.5000000e-01 +1.9449889e+01 -1.5358444e-01 -1.6465333e-01 +1.8729259e+00 +8.6229753e-01 +8.5488148e-01 -1.3541728e-01 -9.3517037e-02 -6.7272346e-02 +6.5974963e+03
2.5196400e-01 +2.5000000e-01 +1.9476333e+01 -1.5487889e-01 -1.6213333e-01 +1.8689136e+00 +8.6454444e-01 +8.4774938e-01 -1.2293259e-01 -9.8492346e-02 -6.7573580e-02 +6.5549762e+03
2.5589500e-01 +2.5000000e-01 +1.9501556e+01 -1.5609667e-01 -1.5922667e-01 +1.8661235e+00 +8.6692840e-01 +8.4092716e-01 -1.1043901e-01 -1.0343074e-01 -6.7838395e-02 +6.5196860e+03
2.5986100e-01 +2.5000000e-01 +1.9525444e+01 -1.5718889e-01 -1.5600333e-01 +1.8646667e+00 +8.6936173e-01 +8.3424691e-01 -9.8003457e-02 -1.0842926e-01 -6.8013333e-02 +6.4899050e+03
2.6386200e-01 +2.5000000e-01 +1.9547778e+01 -1.5811778e-01 -1.5253111e-01 +1.8647778e+00 +8.7179630e-01 +8.2770988e-01 -8.5686790e-02 -1.1350272e-01 -6.8076790e-02 +6.4636295e+03
2.6789700e-01 +2.5000000e-01 +1.9568778e+01 -1.5887222e-01 -1.4882889e-01 +1.8666296e+00 +8.7421481e-01 +8.2139753e-01 -7.3513086e-02 -1.1856580e-01 -6.8049877e-02 +6.4436333e+03
2.7196700e-01 +2.5000000e-01 +1.9588333e+01 -1.5944222e-01 -1.4485222e-01 +1.8700494e+00 +8.7666543e-01 +8.1547284e-01 -6.1502840e-02 -1.2344988e-01 -6.7962593e-02 +6.4327766e+03
2.7607100e-01 +2.5000000e-01 +1.9606222e+01 -1.5979889e-01 -1.4053444e-01 +1.8748148e+00 +8.7925185e-01 +8.1008025e-01 -4.9698889e-02 -1.2801235e-01 -6.7802840e-02 +6.4302052e+03
2.8020900e-01 +2.5000000e-01 +1.9622556e+01 -1.5990778e-01 -1.3588222e-01 +1.8808889e+00 +8.8208519e-01 +8.0533086e-01 -3.8145062e-02 -1.3231111e-01 -6.7543210e-02 +6.4327680e+03
2.8438000e-01 +2.5000000e-01 +1.9637333e+01 -1.5975222e-01 -1.3097444e-01 +1.8883457e+00 +8.8525802e-01 +8.0146173e-01 -2.6876543e-02 -1.3655679e-01 -6.7166543e-02 +6.4357802e+03
2.8858300e-01 +2.5000000e-01 +1.9650333e+01 -1.5932333e-01 -1.2589444e-01 +1.8971605e+00 +8.8880864e-01 +7.9861358e-01 -1.5953580e-02 -1.4091975e-01 -6.6627531e-02 +6.4375279e+03
2.9282000e-01 +2.5000000e-01 +1.9661778e+01 -1.5861667e-01 -1.2067778e-01 +1.9071111e+00 +8.9270494e-01 +7.9661605e-01 -5.4501605e-03 -1.4543827e-01 -6.5833210e-02 +6.4387103e+03
2.9708800e-01 +2.5000000e-01 +1.9671556e+01 -1.5764778e-01 -1.1533444e-01 +1.9178395e+00 +8.9688519e-01 +7.9505309e-01 +4.6114198e-03 -1.5010123e-01 -6.4750617e-02 +6.4411236e+03
3.0138800e-01 +2.5000000e-01 +1.9679667e+01 -1.5643333e-01 -1.0987856e-01 +1.9292469e+00 +9.0127160e-01 +7.9351235e-01 +1.4252840e-02 -1.5488642e-01 -6.3464815e-02 +6.4485728e+03
3.0572000e-01 +2.5000000e-01 +1.9686444e+01 -1.5499556e-01 -1.0432989e-01 +1.9414568e+00 +9.0579259e-01 +7.9184815e-01 +2.3469383e-02 -1.5979506e-01 -6.2044691e-02 +6.4634250e+03
3.1008200e-01 +2.5000000e-01 +1.9691889e+01 -1.5336778e-01 -9.8690778e-02 +1.9543333e+00 +9.1041605e-01 +7.9029136e-01 +3.2195309e-02 -1.6473827e-01 -6.0482222e-02 +6.4831933e+03
3.1447500e-01 +2.5000000e-01 +1.9695889e+01 -1.5159667e-01 -9.2943333e-02 +1.9675185e+00 +9.1514568e-01 +7.8919630e-01 +4.0435679e-02 -1.6955432e-01 -5.8774198e-02 +6.5064961e+03
3.1889700e-01 +2.5000000e-01 +1.9698556e+01 -1.4971556e-01 -8.7011667e-02 +1.9807654e+00 +9.2000494e-01 +7.8876543e-01 +4.8295926e-02 -1.7416914e-01 -5.6982469e-02 +6.5322338e+03
3.2334900e-01 +2.5000000e-01 +1.9699667e+01 -1.4775667e-01 -8.0752667e-02 +1.9940247e+00 +9.2503704e-01 +7.8892593e-01 +5.5800370e-02 -1.7851111e-01 -5.5165185e-02 +6.5592258e+03
3.2783000e-01 +2.5000000e-01 +1.9699333e+01 -1.4574778e-01 -7.4008111e-02 +2.0069383e+00 +9.3028889e-01 +7.8953333e-01 +6.2872346e-02 -1.8244691e-01 -5.3323704e-02 +6.5878911e+03
3.3233800e-01 +2.5000000e-01 +1.9697778e+01 -1.4370111e-01 -6.6704444e-02 +2.0191111e+00 +9.3577160e-01 +7.9058025e-01 +6.9392222e-02 -1.8592963e-01 -5.1464444e-02 +6.6191426e+03
3.3687500e-01 +2.5000000e-01 +1.9695000e+01 -1.4161889e-01 -5.8869889e-02 +2.0303333e+00 +9.4144691e-01 +7.9205432e-01 +7.5273704e-02 -1.8902963e-01 -4.9614321e-02 +6.6559220e+03
3.4143800e-01 +2.5000000e-01 +1.9691000e+01 -1.3947333e-01 -5.0567222e-02 +2.0408642e+00 +9.4727654e-01 +7.9383210e-01 +8.0497901e-02 -1.9197284e-01 -4.7790494e-02 +6.6979835e+03
3.4602800e-01 +2.5000000e-01 +1.9686000e+01 -1.3720444e-01 -4.1839000e-02 +2.0510000e+00 +9.5327531e-01 +7.9574938e-01 +8.5022469e-02 -1.9501358e-01 -4.5968642e-02 +6.7414749e+03
3.5064400e-01 +2.5000000e-01 +1.9680111e+01 -1.3475222e-01 -3.2682222e-02 +2.0608765e+00 +9.5947407e-01 +7.9776173e-01 +8.8750864e-02 -1.9820864e-01 -4.4077407e-02 +6.7857075e+03
3.5528600e-01 +2.5000000e-01 +1.9673667e+01 -1.3209889e-01 -2.3150556e-02 +2.0704691e+00 +9.6589136e-01 +7.9988519e-01 +9.1647407e-02 -2.0152963e-01 -4.2129012e-02 +6.8301900e+03
3.5995100e-01 +2.5000000e-01 +1.9666556e+01 -1.2926889e-01 -1.3503556e-02 +2.0797407e+00 +9.7252840e-01 +8.0187654e-01 +9.3772099e-02 -2.0487654e-01 -4.0229383e-02 +6.8734363e+03
3.6464100e-01 +2.5000000e-01 +1.9659111e+01 -1.2628444e-01 -4.0309889e-03 +2.0887654e+00 +9.7935062e-01 +8.0337284e-01 +9.5149012e-02 -2.0807531e-01 -3.8423333e-02 +6.9171409e+03
3.6935400e-01 +2.5000000e-01 +1.9651000e+01 -1.2315778e-01 +5.1189444e-03 +2.0974568e+00 +9.8627407e-01 +8.0404815e-01 +9.5831111e-02 -2.1102840e-01 -3.6663086e-02 +6.9634365e+03
3.7408900e-01 +2.5000000e-01 +1.9642333e+01 -1.1989111e-01 +1.3930778e-02 +2.1056296e+00 +9.9321605e-01 +8.0393704e-01 +9.5933086e-02 -2.1375802e-01 -3.4911111e-02 +7.0107631e+03
3.7884600e-01 +2.5000000e-01 +1.9633222e+01 -1.1643444e-01 +2.2535556e-02 +2.1135556e+00 +1.0001235e+00 +8.0350741e-01 +9.5510741e-02 -2.1635309e-01 -3.3184568e-02 +7.0574611e+03
3.8362400e-01 +2.5000000e-01 +1.9623667e+01 -1.1272333e-01 +3.1086667e-02 +2.1219506e+00 +1.0069728e+00 +8.0321358e-01 +9.4578519e-02 -2.1891605e-01 -3.1579383e-02 +7.1038158e+03
3.8842300e-01 +2.5000000e-01 +1.9613667e+01 -1.0872433e-01 +3.9582778e-02 +2.1312346e+00 +1.0137556e+00 +8.0328148e-01 +9.3159506e-02 -2.2154321e-01 -3.0244815e-02 +7.1501831e+03
3.9324100e-01 +2.5000000e-01 +1.9603444e+01 -1.0445200e-01 +4.7985667e-02 +2.1413580e+00 +1.0204802e+00 +8.0383210e-01 +9.1220864e-02 -2.2409506e-01 -2.9198025e-02 +7.1984816e+03
3.9807800e-01 +2.5000000e-01 +1.9593222e+01 -9.9961333e-02 +5.6267111e-02 +2.1519383e+00 +1.0271877e+00 +8.0497037e-01 +8.8658889e-02 -2.2622963e-01 -2.8337284e-02 +7.2473298e+03
4.0293300e-01 +2.5000000e-01 +1.9583222e+01 -9.5295000e-02 +6.4358222e-02 +2.1622469e+00 +1.0339617e+00 +8.0669506e-01 +8.5395432e-02 -2.2782469e-01 -2.7553580e-02 +7.2963573e+03
4.0780500e-01 +2.5000000e-01 +1.9573222e+01 -9.0460444e-02 +7.2155000e-02 +2.1720000e+00 +1.0408284e+00 +8.0873457e-01 +8.1453086e-02 -2.2911111e-01 -2.6779877e-02 +7.3450155e+03
4.1269400e-01 +2.5000000e-01 +1.9563333e+01 -8.5449333e-02 +7.9510667e-02 +2.1815679e+00 +1.0477383e+00 +8.1088642e-01 +7.7070000e-02 -2.3044691e-01 -2.5912716e-02 +7.3914995e+03
4.1759800e-01 +2.5000000e-01 +1.9553556e+01 -8.0291556e-02 +8.6306111e-02 +2.1910370e+00 +1.0546420e+00 +8.1336790e-01 +7.2541235e-02 -2.3212099e-01 -2.4891111e-02 +7.4294173e+03
4.2251700e-01 +2.5000000e-01 +1.9544222e+01 -7.5054333e-02 +9.2532333e-02 +2.1997037e+00 +1.0614975e+00 +8.1628642e-01 +6.8081852e-02 -2.3428765e-01 -2.3801111e-02 +7.4581381e+03
4.2745000e-01 +2.5000000e-01 +1.9535556e+01 -6.9772778e-02 +9.8190556e-02 +2.2071728e+00 +1.0682284e+00 +8.1934321e-01 +6.3805432e-02 -2.3688272e-01 -2.2756173e-02 +7.4865868e+03
4.3239600e-01 +2.5000000e-01 +1.9527889e+01 -6.4416778e-02 +1.0317689e-01 +2.2139136e+00 +1.0747309e+00 +8.2226296e-01 +5.9678519e-02 -2.3972346e-01 -2.1773951e-02 +7.5184342e+03
4.3735400e-01 +2.5000000e-01 +1.9521333e+01 -5.8942778e-02 +1.0734111e-01 +2.2204691e+00 +1.0808494e+00 +8.2509506e-01 +5.5539136e-02 -2.4263951e-01 -2.0738642e-02 +7.5474638e+03
4.4232400e-01 +2.5000000e-01 +1.9515778e+01 -5.3388778e-02 +1.1060667e-01 +2.2269877e+00 +1.0863593e+00 +8.2787778e-01 +5.1268395e-02 -2.4544321e-01 -1.9584815e-02 +7.5709019e+03
4.4730400e-01 +2.5000000e-01 +1.9511000e+01 -4.7855444e-02 +1.1292000e-01 +2.2332963e+00 +1.0910975e+00 +8.3029259e-01 +4.6942593e-02 -2.4790617e-01 -1.8363951e-02 +7.5921932e+03
4.5229300e-01 +2.5000000e-01 +1.9507222e+01 -4.2424444e-02 +1.1427444e-01 +2.2392593e+00 +1.0950728e+00 +8.3202469e-01 +4.2626667e-02 -2.4987778e-01 -1.7077654e-02 +7.6138176e+03
4.5729200e-01 +2.5000000e-01 +1.9504222e+01 -3.7143667e-02 +1.1478222e-01 +2.2450000e+00 +1.0984099e+00 +8.3336049e-01 +3.8274074e-02 -2.5130494e-01 -1.5630617e-02 +7.6347589e+03
4.6229800e-01 +2.5000000e-01 +1.9502000e+01 -3.1993889e-02 +1.1465333e-01 +2.2507901e+00 +1.1012395e+00 +8.3460494e-01 +3.3838395e-02 -2.5225802e-01 -1.3994691e-02 +7.6561341e+03
4.6731100e-01 +2.5000000e-01 +1.9500333e+01 -2.6947667e-02 +1.1406000e-01 +2.2566914e+00 +1.1036037e+00 +8.3563333e-01 +2.9207654e-02 -2.5294444e-01 -1.2165704e-02 +7.6740949e+03
4.7233000e-01 +2.5000000e-01 +1.9498889e+01 -2.2041333e-02 +1.1317889e-01 +2.2624321e+00 +1.1054753e+00 +8.3626420e-01 +2.4315926e-02 -2.5351605e-01 -1.0197444e-02 +7.6901358e+03
4.7735400e-01 +2.5000000e-01 +1.9497444e+01 -1.7325000e-02 +1.1204556e-01 +2.2676173e+00 +1.1068568e+00 +8.3656914e-01 +1.9337284e-02 -2.5390864e-01 -8.2348148e-03 +7.7069580e+03
4.8238200e-01 +2.5000000e-01 +1.9495889e+01 -1.2790444e-02 +1.1069956e-01 +2.2719259e+00 +1.1078185e+00 +8.3673210e-01 +1.4482716e-02 -2.5412963e-01 -6.3701728e-03 +7.7217286e+03
4.8741300e-01 +2.5000000e-01 +1.9494556e+01 -8.4110889e-03 +1.0934800e-01 +2.2753704e+00 +1.1084222e+00 +8.3663827e-01 +9.8093827e-03 -2.5425185e-01 -4.6158889e-03 +7.7313640e+03
4.9244700e-01 +2.5000000e-01 +1.9493444e+01 -4.1642333e-03 +1.0816189e-01 +2.2779259e+00 +1.1086951e+00 +8.3618765e-01 +5.2287654e-03 -2.5423827e-01 -2.8675556e-03 +7.7377769e+03
4.9748200e-01 +2.5000000e-01 +1.9492778e+01 +0.0000000e+00 +1.0719089e-01 +2.2793827e+00 +1.1087420e+00 +8.3554568e-01 +6.8560123e-04 -2.5389259e-01 -9.8340370e-04 +7.7437407e+03
5.0251800e-01 +2.5000000e-01 +1.9492778e+01 +4.1642333e-03 +1.0641967e-01 +2.2793827e+00 +1.1087420e+00 +8.3510988e-01 -3.8832593e-03 -2.5290617e-01 +9.8340370e-04 +7.7437407e+03
5.0755300e-01 +2.5000000e-01 +1.9493444e+01 +8.4110889e-03 +1.0581444e-01 +2.2779259e+00 +1.1086951e+00 +8.3495309e-01 -8.5611358e-03 -2.5122469e-01 +2.8675556e-03 +7.7377769e+03
5.1258700e-01 +2.5000000e-01 +1.9494556e+01 +1.2790444e-02 +1.0536222e-01 +2.2753704e+00 +1.1084222e+00 +8.3458025e-01 -1.3378642e-02 -2.4913951e-01 +4.6158889e-03 +7.7313640e+03
5.1761800e-01 +2.5000000e-01 +1.9495889e+01 +1.7325000e-02 +1.0508322e-01 +2.2719259e+00 +1.1078185e+00 +8.3370000e-01 -1.8357654e-02 -2.4696790e-01 +6.3701728e-03 +7.7217286e+03
5.2264600e-01 +2.5000000e-01 +1.9497444e+01 +2.2041333e-02 +1.0492411e-01 +2.2676173e+00 +1.1068568e+00 +8.3245679e-01 -2.3558765e-02 -2.4480247e-01 +8.2348148e-03 +7.7069580e+03
5.2767000e-01 +2.5000000e-01 +1.9498889e+01 +2.6947667e-02 +1.0475000e-01 +2.2624321e+00 +1.1054753e+00 +8.3111605e-01 -2.8967654e-02 -2.4263580e-01 +1.0197444e-02 +7.6901358e+03
5.3268900e-01 +2.5000000e-01 +1.9500333e+01 +3.1993889e-02 +1.0456644e-01 +2.2566914e+00 +1.1036037e+00 +8.2983457e-01 -3.4444321e-02 -2.4059877e-01 +1.2165704e-02 +7.6740949e+03
5.3770200e-01 +2.5000000e-01 +1.9502000e+01 +3.7143667e-02 +1.0437144e-01 +2.2507901e+00 +1.1012395e+00 +8.2865556e-01 -3.9771481e-02 -2.3888272e-01 +1.3994691e-02 +7.6561341e+03
5.4270800e-01 +2.5000000e-01 +1.9504222e+01 +4.2424444e-02 +1.0399500e-01 +2.2450000e+00 +1.0984099e+00 +8.2752840e-01 -4.4902222e-02 -2.3730864e-01 +1.5630617e-02 +7.6347589e+03
5.4770700e-01 +2.5000000e-01 +1.9507222e+01 +4.7855444e-02 +1.0330833e-01 +2.2392593e+00 +1.0950728e+00 +8.2645432e-01 -4.9974198e-02 -2.3561852e-01 +1.7077654e-02 +7.6138176e+03
5.5269600e-01 +2.5000000e-01 +1.9511000e+01 +5.3388778e-02 +1.0213967e-01 +2.2332963e+00 +1.0910975e+00 +8.2522840e-01 -5.5048025e-02 -2.3369136e-01 +1.8363951e-02 +7.5921932e+03
5.5767600e-01 +2.5000000e-01 +1.9515778e+01 +5.8942778e-02 +1.0032956e-01 +2.2269877e+00 +1.0863593e+00 +8.2363333e-01 -6.0096543e-02 -2.3142222e-01 +1.9584815e-02 +7.5709019e+03
5.6264600e-01 +2.5000000e-01 +1.9521333e+01 +6.4416778e-02 +9.7743222e-02 +2.2204691e+00 +1.0808494e+00 +8.2188272e-01 -6.5032099e-02 -2.2877778e-01 +2.0738642e-02 +7.5474638e+03
5.6760400e-01 +2.5000000e-01 +1.9527889e+01 +6.9772778e-02 +9.4243000e-02 +2.2139136e+00 +1.0747309e+00 +8.2002346e-01 -6.9801852e-02 -2.2562716e-01 +2.1773951e-02 +7.5184342e+03
5.7255000e-01 +2.5000000e-01 +1.9535556e+01 +7.5054333e-02 +8.9810556e-02 +2.2071728e+00 +1.0682284e+00 +8.1768272e-01 -7.4522222e-02 -2.2184074e-01 +2.2756173e-02 +7.4865868e+03
5.7748300e-01 +2.5000000e-01 +1.9544222e+01 +8.0291556e-02 +8.4571778e-02 +2.1997037e+00 +1.0614975e+00 +8.1449259e-01 -7.9341111e-02 -2.1757778e-01 +2.3801111e-02 +7.4581381e+03
5.8240200e-01 +2.5000000e-01 +1.9553556e+01 +8.5449333e-02 +7.8654667e-02 +2.1910370e+00 +1.0546420e+00 +8.1090988e-01 -8.4257284e-02 -2.1330988e-01 +2.4891111e-02 +7.4294173e+03
5.8730600e-01 +2.5000000e-01 +1.9563333e+01 +9.0460444e-02 +7.2181667e-02 +2.1815679e+00 +1.0477383e+00 +8.0767037e-01 -8.9145185e-02 -2.0956420e-01 +2.5912716e-02 +7.3914995e+03
5.9219500e-01 +2.5000000e-01 +1.9573222e+01 +9.5295000e-02 +6.5323556e-02 +2.1720000e+00 +1.0408284e+00 +8.0485802e-01 -9.3806667e-02 -2.0657037e-01 +2.6779877e-02 +7.3450155e+03
5.9706700e-01 +2.5000000e-01 +1.9583222e+01 +9.9961333e-02 +5.8254111e-02 +2.1622469e+00 +1.0339617e+00 +8.0243580e-01 -9.7922593e-02 -2.0424321e-01 +2.7553580e-02 +7.2963573e+03
6.0192200e-01 +2.5000000e-01 +1.9593222e+01 +1.0445200e-01 +5.1046222e-02 +2.1519383e+00 +1.0271877e+00 +8.0070494e-01 -1.0125877e-01 -2.0235309e-01 +2.8337284e-02 +7.2473298e+03
6.0675900e-01 +2.5000000e-01 +1.9603444e+01 +1.0872433e-01 +4.3726222e-02 +2.1413580e+00 +1.0204802e+00 +7.9982099e-01 -1.0384284e-01 -2.0051481e-01 +2.9198025e-02 +7.1984816e+03
6.1157700e-01 +2.5000000e-01 +1.9613667e+01 +1.1272333e-01 +3.6326222e-02 +2.1312346e+00 +1.0137556e+00 +7.9956543e-01 -1.0575457e-01 -1.9839506e-01 +3.0244815e-02 +7.1501831e+03
6.1637600e-01 +2.5000000e-01 +1.9623667e+01 +1.1643444e-01 +2.8864444e-02 +2.1219506e+00 +1.0069728e+00 +7.9963951e-01 -1.0703877e-01 -1.9599136e-01 +3.1579383e-02 +7.1038158e+03
6.2115400e-01 +2.5000000e-01 +1.9633222e+01 +1.1989111e-01 +2.1359667e-02 +2.1135556e+00 +1.0001235e+00 +7.9984691e-01 -1.0764802e-01 -1.9347284e-01 +3.3184568e-02 +7.0574611e+03
6.2591100e-01 +2.5000000e-01 +1.9642333e+01 +1.2315778e-01 +1.3790000e-02 +2.1056296e+00 +9.9321605e-01 +7.9995309e-01 -1.0751469e-01 -1.9096420e-01 +3.4911111e-02 +7.0107631e+03
6.3064600e-01 +2.5000000e-01 +1.9651000e+01 +1.2628444e-01 +6.0213667e-03 +2.0974568e+00 +9.8627407e-01 +7.9971358e-01 -1.0664519e-01 -1.8849506e-01 +3.6663086e-02 +6.9634365e+03
6.3535900e-01 +2.5000000e-01 +1.9659111e+01 +1.2926889e-01 -2.0419111e-03 +2.0887654e+00 +9.7935062e-01 +7.9905679e-01 -1.0503975e-01 -1.8604568e-01 +3.8423333e-02 +6.9171409e+03
6.4004900e-01 +2.5000000e-01 +1.9666556e+01 +1.3209889e-01 -1.0382956e-02 +2.0797407e+00 +9.7252840e-01 +7.9808765e-01 -1.0266086e-01 -1.8366914e-01 +4.0229383e-02 +6.8734363e+03
6.4471400e-01 +2.5000000e-01 +1.9673667e+01 +1.3475222e-01 -1.8912222e-02 +2.0704691e+00 +9.6589136e-01 +7.9691975e-01 -9.9516667e-02 -1.8144938e-01 +4.2129012e-02 +6.8301900e+03
6.4935600e-01 +2.5000000e-01 +1.9680111e+01 +1.3720444e-01 -2.7436556e-02 +2.0608765e+00 +9.5947407e-01 +7.9570988e-01 -9.5623210e-02 -1.7934198e-01 +4.4077407e-02 +6.7857075e+03
6.5397200e-01 +2.5000000e-01 +1.9686000e+01 +1.3947333e-01 -3.5780333e-02 +2.0510000e+00 +9.5327531e-01 +7.9460000e-01 -9.0952469e-02 -1.7718025e-01 +4.5968642e-02 +6.7414749e+03
6.5856200e-01 +2.5000000e-01 +1.9691000e+01 +1.4161889e-01 -4.3928889e-02 +2.0408642e+00 +9.4727654e-01 +7.9354321e-01 -8.5510123e-02 -1.7494074e-01 +4.7790494e-02 +6.6979835e+03
6.6312500e-01 +2.5000000e-01 +1.9695000e+01 +1.4370111e-01 -5.1904778e-02 +2.0303333e+00 +9.4144691e-01 +7.9266049e-01 -7.9352840e-02 -1.7273210e-01 +4.9614321e-02 +6.6559220e+03
6.6766200e-01 +2.5000000e-01 +1.9697778e+01 +1.4574778e-01 -5.9634444e-02 +2.0191111e+00 +9.3577160e-01 +7.9218025e-01 -7.2502469e-02 -1.7052963e-01 +5.1464444e-02 +6.6191426e+03
6.7217000e-01 +2.5000000e-01 +1.9699333e+01 +1.4775667e-01 -6.7000111e-02 +2.0069383e+00 +9.3028889e-01 +7.9216049e-01 -6.4958765e-02 -1.6813827e-01 +5.3323704e-02 +6.5878911e+03
6.7665100e-01 +2.5000000e-01 +1.9699667e+01 +1.4971556e-01 -7.3956556e-02 +1.9940247e+00 +9.2503704e-01 +7.9249383e-01 -5.6820988e-02 -1.6541728e-01 +5.5165185e-02 +6.5592258e+03
6.8110300e-01 +2.5000000e-01 +1.9698556e+01 +1.5159667e-01 -8.0542556e-02 +1.9807654e+00 +9.2000494e-01 +7.9312346e-01 -4.8260494e-02 -1.6239877e-01 +5.6982469e-02 +6.5322338e+03
6.8552500e-01 +2.5000000e-01 +1.9695889e+01 +1.5336778e-01 -8.6787778e-02 +1.9675185e+00 +9.1514568e-01 +7.9422593e-01 -3.9387284e-02 -1.5914691e-01 +5.8774198e-02 +6.5064961e+03
6.8991800e-01 +2.5000000e-01 +1.9691889e+01 +1.5499556e-01 -9.2725667e-02 +1.9543333e+00 +9.1041605e-01 +7.9589383e-01 -3.0180123e-02 -1.5562346e-01 +6.0482222e-02 +6.4831933e+03
6.9428000e-01 +2.5000000e-01 +1.9686444e+01 +1.5643333e-01 -9.8450556e-02 +1.9414568e+00 +9.0579259e-01 +7.9788148e-01 -2.0543086e-02 -1.5180494e-01 +6.2044691e-02 +6.4634250e+03
6.9861200e-01 +2.5000000e-01 +1.9679667e+01 +1.5764778e-01 -1.0407000e-01 +1.9292469e+00 +9.0127160e-01 +7.9978889e-01 -1.0467938e-02 -1.4774074e-01 +6.3464815e-02 +6.4485728e+03
7.0291200e-01 +2.5000000e-01 +1.9671556e+01 +1.5861667e-01 -1.0964411e-01 +1.9178395e+00 +8.9688519e-01 +8.0140247e-01 +3.6296790e-05 -1.4346914e-01 +6.4750617e-02 +6.4411236e+03
7.0718000e-01 +2.5000000e-01 +1.9661778e+01 +1.5932333e-01 -1.1517222e-01 +1.9071111e+00 +8.9270494e-01 +8.0296420e-01 +1.1042864e-02 -1.3910123e-01 +6.5833210e-02 +6.4387103e+03
7.1141700e-01 +2.5000000e-01 +1.9650333e+01 +1.5975222e-01 -1.2065667e-01 +1.8971605e+00 +8.8880864e-01 +8.0487778e-01 +2.2615185e-02 -1.3478148e-01 +6.6627531e-02 +6.4375279e+03
7.1562000e-01 +2.5000000e-01 +1.9637333e+01 +1.5990778e-01 -1.2610333e-01 +1.8883457e+00 +8.8525802e-01 +8.0743827e-01 +3.4713827e-02 -1.3053210e-01 +6.7166543e-02 +6.4357802e+03
7.1979100e-01 +2.5000000e-01 +1.9622556e+01 +1.5979889e-01 -1.3144889e-01 +1.8808889e+00 +8.8208519e-01 +8.1083951e-01 +4.7208642e-02 -1.2626420e-01 +6.7543210e-02 +6.4327680e+03
7.2392900e-01 +2.5000000e-01 +1.9606222e+01 +1.5944222e-01 -1.3654778e-01 +1.8748148e+00 +8.7925185e-01 +8.1508395e-01 +6.0005679e-02 -1.2184370e-01 +6.7802840e-02 +6.4302052e+03
7.2803300e-01 +2.5000000e-01 +1.9588333e+01 +1.5887222e-01 -1.4125778e-01 +1.8700494e+00 +8.7666543e-01 +8.1987901e-01 +7.3067778e-02 -1.1720926e-01 +6.7962593e-02 +6.4327766e+03
7.3210300e-01 +2.5000000e-01 +1.9568778e+01 +1.5811778e-01 -1.4552556e-01 +1.8666296e+00 +8.7421481e-01 +8.2486790e-01 +8.6330247e-02 -1.1241148e-01 +6.8049877e-02 +6.4436333e+03
7.3613800e-01 +2.5000000e-01 +1.9547778e+01 +1.5718889e-01 -1.4937000e-01 +1.8647778e+00 +8.7179630e-01 +8.2979753e-01 +9.9706914e-02 -1.0757975e-01 +6.8076790e-02 +6.4636295e+03
7.4013900e-01 +2.5000000e-01 +1.9525444e+01 +1.5609667e-01 -1.5280889e-01 +1.8646667e+00 +8.6936173e-01 +8.3457160e-01 +1.1315173e-01 -1.0282444e-01 +6.8013333e-02 +6.4899050e+03
7.4410500e-01 +2.5000000e-01 +1.9501556e+01 +1.5487889e-01 -1.5585000e-01 +1.8661235e+00 +8.6692840e-01 +8.3919630e-01 +1.2664815e-01 -9.8163580e-02 +6.7838395e-02 +6.5196860e+03
7.4803600e-01 +2.5000000e-01 +1.9476333e+01 +1.5358444e-01 -1.5849000e-01 +1.8689136e+00 +8.6454444e-01 +8.4378148e-01 +1.4016296e-01 -9.3577654e-02 +6.7573580e-02 +6.5549762e+03
7.5193100e-01 +2.5000000e-01 +1.9449889e+01 +1.5224111e-01 -1.6070000e-01 +1.8729259e+00 +8.6229753e-01 +8.4862840e-01 +1.5364815e-01 -8.9020370e-02 +6.7272346e-02 +6.5974963e+03
7.5579100e-01 +2.5000000e-01 +1.9421889e+01 +1.5085444e-01 -1.6245333e-01 +1.8780247e+00 +8.6031728e-01 +8.5405432e-01 +1.6709630e-01 -8.4430494e-02 +6.6971852e-02 +6.6458599e+03
7.5961500e-01 +2.5000000e-01 +1.9392667e+01 +1.4941556e-01 -1.6378556e-01 +1.8842346e+00 +8.5873457e-01 +8.6007901e-01 +1.8050370e-01 -7.9855926e-02 +6.6650000e-02 +6.6993556e+03
7.6340300e-01 +2.5000000e-01 +1.9361889e+01 +1.4790333e-01 -1.6479000e-01 +1.8918025e+00 +8.5762593e-01 +8.6646543e-01 +1.9385926e-01 -7.5411852e-02 +6.6263827e-02 +6.7567705e+03
7.6715400e-01 +2.5000000e-01 +1.9329889e+01 +1.4630111e-01 -1.6552667e-01 +1.9009259e+00 +8.5701111e-01 +8.7296420e-01 +2.0719012e-01 -7.1211605e-02 +6.5780617e-02 +6.8171672e+03
7.7086900e-01 +2.5000000e-01 +1.9296333e+01 +1.4459333e-01 -1.6600667e-01 +1.9115432e+00 +8.5687531e-01 +8.7946667e-01 +2.2054815e-01 -6.7346790e-02 +6.5220988e-02 +6.8807916e+03
7.7454800e-01 +2.5000000e-01 +1.9261667e+01 +1.4277000e-01 -1.6620333e-01 +1.9234815e+00 +8.5721235e-01 +8.8606173e-01 +2.3394568e-01 -6.3746296e-02 +6.4703580e-02 +6.9455444e+03
7.7819000e-01 +2.5000000e-01 +1.9225889e+01 +1.4081111e-01 -1.6605333e-01 +1.9365309e+00 +8.5803086e-01 +8.9291481e-01 +2.4733951e-01 -6.0249136e-02 +6.4362593e-02 +7.0084274e+03
7.8179500e-01 +2.5000000e-01 +1.9189000e+01 +1.3870333e-01 -1.6551667e-01 +1.9503704e+00 +8.5933210e-01 +9.0002222e-01 +2.6064568e-01 -5.6774938e-02 +6.4219259e-02 +7.0735393e+03
7.8536400e-01 +2.5000000e-01 +1.9151111e+01 +1.3644222e-01 -1.6459556e-01 +1.9648025e+00 +8.6109259e-01 +9.0733333e-01 +2.7377901e-01 -5.3349259e-02 +6.4173580e-02 +7.1468011e+03
7.8889500e-01 +2.5000000e-01 +1.9112000e+01 +1.3403889e-01 -1.6334111e-01 +1.9799383e+00 +8.6325185e-01 +9.1483210e-01 +2.8670370e-01 -5.0059753e-02 +6.4069753e-02 +7.2278921e+03
7.9238900e-01 +2.5000000e-01 +1.9071778e+01 +1.3150778e-01 -1.6185222e-01 +1.9960741e+00 +8.6572716e-01 +9.2257901e-01 +2.9941852e-01 -4.7004815e-02 +6.3766049e-02 +7.3160175e+03
7.9584700e-01 +2.5000000e-01 +1.9030556e+01 +1.2886333e-01 -1.6019778e-01 +2.0133210e+00 +8.6844938e-01 +9.3072469e-01 +3.1191481e-01 -4.4195185e-02 +6.3217901e-02 +7.4137990e+03
7.9926700e-01 +2.5000000e-01 +1.8988222e+01 +1.2613667e-01 -1.5836667e-01 +2.0316543e+00 +8.7139877e-01 +9.3943580e-01 +3.2416049e-01 -4.1592963e-02 +6.2484198e-02 +7.5200493e+03
8.0265000e-01 +2.5000000e-01 +1.8944889e+01 +1.2336778e-01 -1.5631000e-01 +2.0509877e+00 +8.7458148e-01 +9.4878272e-01 +3.3613333e-01 -3.9152593e-02 +6.1632593e-02 +7.6323563e+03
8.0599600e-01 +2.5000000e-01 +1.8900667e+01 +1.2058778e-01 -1.5399000e-01 +2.0711481e+00 +8.7798765e-01 +9.5879259e-01 +3.4785062e-01 -3.6780370e-02 +6.0661235e-02 +7.7496399e+03
8.0930400e-01 +2.5000000e-01 +1.8855556e+01 +1.1780333e-01 -1.5139444e-01 +2.0920000e+00 +8.8159506e-01 +9.6948765e-01 +3.5935185e-01 -3.4356049e-02 +5.9529012e-02 +7.8723002e+03
8.1257600e-01 +2.5000000e-01 +1.8809556e+01 +1.1500222e-01 -1.4851222e-01 +2.1134938e+00 +8.8536914e-01 +9.8074568e-01 +3.7066173e-01 -3.1816914e-02 +5.8225185e-02 +8.0033951e+03
8.1581000e-01 +2.5000000e-01 +1.8762889e+01 +1.1214778e-01 -1.4533222e-01 +2.1355926e+00 +8.8927778e-01 +9.9235062e-01 +3.8176296e-01 -2.9186667e-02 +5.6781358e-02 +8.1453243e+03
8.1900800e-01 +2.5000000e-01 +1.8715444e+01 +1.0920111e-01 -1.4185222e-01 +2.1581975e+00 +8.9328889e-01 +1.0041198e+00 +3.9263704e-01 -2.6499136e-02 +5.5255556e-02 +8.3006250e+03
8.2216800e-01 +2.5000000e-01 +1.8667444e+01 +1.0614733e-01 -1.3809889e-01 +2.1812963e+00 +8.9739012e-01 +1.0159037e+00 +4.0328642e-01 -2.3802593e-02 +5.3743951e-02 +8.4715013e+03
8.2529200e-01 +2.5000000e-01 +1.8618778e+01 +1.0299867e-01 -1.3411889e-01 +2.2049506e+00 +9.0157778e-01 +1.0276556e+00 +4.1371852e-01 -2.1192222e-02 +5.2359136e-02 +8.6563617e+03
8.2837800e-01 +2.5000000e-01 +1.8569556e+01 +9.9772556e-02 -1.2995333e-01 +2.2292346e+00 +9.0584691e-01 +1.0394444e+00 +4.2392963e-01 -1.8720864e-02 +5.1163086e-02 +8.8500063e+03
8.3142800e-01 +2.5000000e-01 +1.8519667e+01 +9.6481444e-02 -1.2561556e-01 +2.2541481e+00 +9.1017407e-01 +1.0513210e+00 +4.3391852e-01 -1.6336420e-02 +5.0144815e-02 +9.0470243e+03
8.3444100e-01 +2.5000000e-01 +1.8469111e+01 +9.3138556e-02 -1.2110222e-01 +2.2796049e+00 +9.1453457e-01 +1.0631691e+00 +4.4371481e-01 -1.3972469e-02 +4.9251235e-02 +9.2453172e+03
8.3741800e-01 +2.5000000e-01 +1.8418000e+01 +8.9765000e-02 -1.1639778e-01 +2.3055432e+00 +9.1890000e-01 +1.0747901e+00 +4.5336543e-01 -1.1644395e-02 +4.8409136e-02 +9.4433398e+03
8.4035800e-01 +2.5000000e-01 +1.8366333e+01 +8.6388778e-02 -1.1147222e-01 +2.3317531e+00 +9.2325185e-01 +1.0860494e+00 +4.6288889e-01 -9.4340247e-03 +4.7537531e-02 +9.6440727e+03
8.4326200e-01 +2.5000000e-01 +1.8314222e+01 +8.3034778e-02 -1.0629244e-01 +2.3578395e+00 +9.2757407e-01 +1.0969247e+00 +4.7224568e-01 -7.3954198e-03 +4.6568395e-02 +9.8569029e+03
8.4613000e-01 +2.5000000e-01 +1.8261778e+01 +7.9719556e-02 -1.0085456e-01 +2.3834938e+00 +9.3186790e-01 +1.1074543e+00 +4.8137160e-01 -5.5103827e-03 +4.5449630e-02 +1.0088414e+04
8.4896200e-01 +2.5000000e-01 +1.8208889e+01 +7.6453667e-02 -9.5191333e-02 +2.4087160e+00 +9.3614938e-01 +1.1177654e+00 +4.9021111e-01 -3.7342716e-03 +4.4137901e-02 +1.0337859e+04
8.5175700e-01 +2.5000000e-01 +1.8155556e+01 +7.3245000e-02 -8.9367778e-02 +2.4337284e+00 +9.4043951e-01 +1.1280469e+00 +4.9871852e-01 -2.0479877e-03 +4.2627778e-02 +1.0601470e+04
8.5451800e-01 +2.5000000e-01 +1.8101667e+01 +7.0101667e-02 -8.3449556e-02 +2.4587778e+00 +9.4475679e-01 +1.1384198e+00 +5.0685062e-01 -4.3908642e-04 +4.0978025e-02 +1.0876117e+04
8.5724300e-01 +2.5000000e-01 +1.8047111e+01 +6.7028556e-02 -7.7482667e-02 +2.4841728e+00 +9.4909753e-01 +1.1489062e+00 +5.1459506e-01 +1.1022691e-03 +3.9295185e-02 +1.1158059e+04
8.5993200e-01 +2.5000000e-01 +1.7992111e+01 +6.4025778e-02 -7.1502111e-02 +2.5101358e+00 +9.5343951e-01 +1.1594765e+00 +5.2197037e-01 +2.5390988e-03 +3.7683827e-02 +1.1444465e+04
8.6258600e-01 +2.5000000e-01 +1.7936556e+01 +6.1088000e-02 -6.5535778e-02 +2.5367284e+00 +9.5776420e-01 +1.1701284e+00 +5.2900494e-01 +3.8162593e-03 +3.6202346e-02 +1.1737192e+04
8.6520600e-01 +2.5000000e-01 +1.7880556e+01 +5.8202222e-02 -5.9590111e-02 +2.5638765e+00 +9.6206420e-01 +1.1809704e+00 +5.3571481e-01 +4.9599753e-03 +3.4857778e-02 +1.2040118e+04
8.6779100e-01 +2.5000000e-01 +1.7824111e+01 +5.5351444e-02 -5.3648889e-02 +2.5914568e+00 +9.6633580e-01 +1.1921753e+00 +5.4211235e-01 +6.0741235e-03 +3.3606667e-02 +1.2355869e+04
8.7034100e-01 +2.5000000e-01 +1.7767333e+01 +5.2524889e-02 -4.7692111e-02 +2.6194198e+00 +9.7058148e-01 +1.2038654e+00 +5.4820617e-01 +7.2444691e-03 +3.2374444e-02 +1.2688997e+04
8.7285700e-01 +2.5000000e-01 +1.7710111e+01 +4.9722556e-02 -4.1708222e-02 +2.6478395e+00 +9.7480123e-01 +1.2160852e+00 +5.5401852e-01 +8.5096173e-03 +3.1096543e-02 +1.3043725e+04
8.7534000e-01 +2.5000000e-01 +1.7652556e+01 +4.6951444e-02 -3.5691778e-02 +2.6769012e+00 +9.7899630e-01 +1.2288111e+00 +5.5958519e-01 +9.8578148e-03 +2.9731728e-02 +1.3419258e+04
8.7778800e-01 +2.5000000e-01 +1.7594556e+01 +4.4221111e-02 -2.9639889e-02 +2.7068148e+00 +9.8318148e-01 +1.2419630e+00 +5.6494938e-01 +1.1205198e-02 +2.8248395e-02 +1.3808582e+04
8.8020300e-01 +2.5000000e-01 +1.7536222e+01 +4.1539889e-02 -2.3558111e-02 +2.7376049e+00 +9.8738148e-01 +1.2554321e+00 +5.7015556e-01 +1.2417284e-02 +2.6636667e-02 +1.4203372e+04
8.8258400e-01 +2.5000000e-01 +1.7477667e+01 +3.8916222e-02 -1.7454778e-02 +2.7691111e+00 +9.9161235e-01 +1.2690617e+00 +5.7525556e-01 +1.3368395e-02 +2.4932593e-02 +1.4600871e+04
8.8493300e-01 +2.5000000e-01 +1.7418889e+01 +3.6357667e-02 -1.1323000e-02 +2.8010864e+00 +9.9587654e-01 +1.2827037e+00 +5.8030370e-01 +1.3989753e-02 +2.3208148e-02 +1.5004944e+04
8.8724900e-01 +2.5000000e-01 +1.7359667e+01 +3.3869222e-02 -5.1360000e-03 +2.8333086e+00 +1.0001481e+00 +1.2963210e+00 +5.8530617e-01 +1.4297778e-02 +2.1536420e-02 +1.5419571e+04
8.8953200e-01 +2.5000000e-01 +1.7300222e+01 +3.1451333e-02 +1.1347667e-03 +2.8655679e+00 +1.0044000e+00 +1.3099383e+00 +5.9023704e-01 +1.4371481e-02 +1.9958272e-02 +1.5850768e+04
8.9178300e-01 +2.5000000e-01 +1.7240222e+01 +2.9099889e-02 +7.5015000e-03 +2.8977037e+00 +1.0086111e+00 +1.3236173e+00 +5.9507778e-01 +1.4284568e-02 +1.8477407e-02 +1.6303428e+04
8.9400200e-01 +2.5000000e-01 +1.7179778e+01 +2.6806889e-02 +1.3949444e-02 +2.9296914e+00 +1.0127802e+00 +1.3375062e+00 +5.9983333e-01 +1.4082222e-02 +1.7080247e-02 +1.6776571e+04
8.9619000e-01 +2.5000000e-01 +1.7118889e+01 +2.4564444e-02 +2.0443111e-02 +2.9616296e+00 +1.0169099e+00 +1.3517037e+00 +6.0451235e-01 +1.3793210e-02 +1.5758765e-02 +1.7267617e+04
8.9834600e-01 +2.5000000e-01 +1.7057556e+01 +2.2370111e-02 +2.6945111e-02 +2.9936173e+00 +1.0210062e+00 +1.3661481e+00 +6.0913951e-01 +1.3419259e-02 +1.4526049e-02 +1.7773622e+04
9.0047100e-01 +2.5000000e-01 +1.6995778e+01 +2.0229667e-02 +3.3432333e-02 +3.0257407e+00 +1.0250580e+00 +1.3807160e+00 +6.1373580e-01 +1.2931852e-02 +1.3410864e-02 +1.8292001e+04
9.0256500e-01 +2.5000000e-01 +1.6933778e+01 +1.8151889e-02 +3.9897222e-02 +3.0579630e+00 +1.0290420e+00 +1.3952716e+00 +6.1829630e-01 +1.2306086e-02 +1.2433086e-02 +1.8824548e+04
9.0462900e-01 +2.5000000e-01 +1.6871444e+01 +1.6142444e-02 +4.6339667e-02 +3.0902222e+00 +1.0329198e+00 +1.4097531e+00 +6.2279136e-01 +1.1582333e-02 +1.1588864e-02 +1.9376231e+04
9.0666200e-01 +2.5000000e-01 +1.6808889e+01 +1.4203000e-02 +5.2765778e-02 +3.1224691e+00 +1.0366519e+00 +1.4240988e+00 +6.2718889e-01 +1.0891617e-02 +1.0851247e-02 +1.9951046e+04
9.0866500e-01 +2.5000000e-01 +1.6746000e+01 +1.2333444e-02 +5.9186778e-02 +3.1547654e+00 +1.0402037e+00 +1.4383086e+00 +6.3146543e-01 +1.0404975e-02 +1.0171741e-02 +2.0550626e+04
9.1063900e-01 +2.5000000e-01 +1.6682778e+01 +1.0534233e-02 +6.5614111e-02 +3.1872840e+00 +1.0435370e+00 +1.4524815e+00 +6.3561111e-01 +1.0244914e-02 +9.4910864e-03 +2.1171006e+04
9.1258400e-01 +2.5000000e-01 +1.6619222e+01 +8.8055222e-03 +7.2056444e-02 +3.2202469e+00 +1.0466086e+00 +1.4667654e+00 +6.3962222e-01 +1.0430370e-02 +8.7629506e-03 +2.1803980e+04
9.1449900e-01 +2.5000000e-01 +1.6555556e+01 +7.1475444e-03 +7.8521667e-02 +3.2537901e+00 +1.0493593e+00 +1.4812346e+00 +6.4349506e-01 +1.0878481e-02 +7.9670123e-03 +2.2446231e+04
9.1638500e-01 +2.5000000e-01 +1.6491778e+01 +5.5614556e-03 +8.5016444e-02 +3.2879259e+00 +1.0517309e+00 +1.4958272e+00 +6.4720864e-01 +1.1450198e-02 +7.1007901e-03 +2.3103909e+04
9.1824400e-01 +2.5000000e-01 +1.6427778e+01 +4.0491111e-03 +9.1538556e-02 +3.3226420e+00 +1.0536654e+00 +1.5103704e+00 +6.5074321e-01 +1.2025222e-02 +6.1667037e-03 +2.3786940e+04
9.2007400e-01 +2.5000000e-01 +1.6363778e+01 +2.6117889e-03 +9.8073000e-02 +3.3580000e+00 +1.0551309e+00 +1.5247160e+00 +6.5409506e-01 +1.2564568e-02 +5.1727654e-03 +2.4500745e+04
9.2187600e-01 +2.5000000e-01 +1.6299556e+01 +1.2501222e-03 +1.0459978e-01 +3.3941111e+00 +1.0561247e+00 +1.5387778e+00 +6.5729136e-01 +1.3113210e-02 +4.1422099e-03 +2.5243916e+04
9.2365000e-01 +2.5000000e-01 +1.6235222e+01 -3.4686778e-05 +1.1110467e-01 +3.4310617e+00 +1.0566691e+00 +1.5525185e+00 +6.6037160e-01 +1.3740370e-02 +3.1096173e-03 +2.6009425e+04
9.2539800e-01 +2.5000000e-01 +1.6170556e+01 -1.2403222e-03 +1.1758222e-01 +3.4689136e+00 +1.0567963e+00 +1.5659259e+00 +6.6336914e-01 +1.4472716e-02 +2.1061605e-03 +2.6791303e+04
9.2711800e-01 +2.5000000e-01 +1.6105778e+01 -2.3642000e-03 +1.2402778e-01 +3.5076420e+00 +1.0565247e+00 +1.5789506e+00 +6.6629259e-01 +1.5266173e-02 +1.1567975e-03 +2.7589719e+04
9.2881200e-01 +2.5000000e-01 +1.6040778e+01 -3.4040222e-03 +1.3044333e-01 +3.5472840e+00 +1.0558556e+00 +1.5915802e+00 +6.6912716e-01 +1.6042469e-02 +2.9001728e-04 +2.8409650e+04
9.3048000e-01 +2.5000000e-01 +1.5975444e+01 -4.3580889e-03 +1.3682778e-01 +3.5879753e+00 +1.0547728e+00 +1.6037778e+00 +6.7184568e-01 +1.6751975e-02 -4.5864198e-04 +2.9253598e+04
9.3212100e-01 +2.5000000e-01 +1.5910000e+01 -5.2262889e-03 +1.4318333e-01 +3.6298765e+00 +1.0532420e+00 +1.6155556e+00 +6.7441605e-01 +1.7391235e-02 -1.0586827e-03 +3.0122213e+04
9.3373700e-01 +2.5000000e-01 +1.5844333e+01 -6.0102111e-03 +1.4951111e-01 +3.6731358e+00 +1.0512173e+00 +1.6268889e+00 +6.7679259e-01 +1.7971481e-02 -1.4998148e-03 +3.1021454e+04
9.3532800e-01 +2.5000000e-01 +1.5778444e+01 -6.7123111e-03 +1.5581000e-01 +3.7178148e+00 +1.0486556e+00 +1.6378272e+00 +6.7893580e-01 +1.8485926e-02 -1.7958025e-03 +3.1959425e+04
9.3689300e-01 +2.5000000e-01 +1.5712222e+01 -7.3352222e-03 +1.6206889e-01 +3.7639506e+00 +1.0455160e+00 +1.6483704e+00 +6.8081235e-01 +1.8900123e-02 -1.9772840e-03 +3.2941140e+04
9.3843400e-01 +2.5000000e-01 +1.5645667e+01 -7.8819333e-03 +1.6827667e-01 +3.8116173e+00 +1.0417679e+00 +1.6585679e+00 +6.8239877e-01 +1.9169877e-02 -2.0810370e-03 +3.3968647e+04
9.3995000e-01 +2.5000000e-01 +1.5578556e+01 -8.3558000e-03 +1.7441889e-01 +3.8608765e+00 +1.0373889e+00 +1.6684074e+00 +6.8368519e-01 +1.9266049e-02 -2.1425432e-03 +3.5043968e+04
9.4144200e-01 +2.5000000e-01 +1.5510889e+01 -8.7598333e-03 +1.8048556e-01 +3.9119383e+00 +1.0323605e+00 +1.6779136e+00 +6.8468395e-01 +1.9190494e-02 -2.1946790e-03 +3.6164634e+04
9.4291000e-01 +2.5000000e-01 +1.5442556e+01 -9.0960333e-03 +1.8646556e-01 +3.9650741e+00 +1.0266617e+00 +1.6870494e+00 +6.8542716e-01 +1.8982346e-02 -2.2670247e-03 +3.7320818e+04
9.4435500e-01 +2.5000000e-01 +1.5373444e+01 -9.3658111e-03 +1.9235000e-01 +4.0205062e+00 +1.0202704e+00 +1.6957901e+00 +6.8595432e-01 +1.8719383e-02 -2.3824815e-03 +3.8505973e+04
9.4577700e-01 +2.5000000e-01 +1.5303444e+01 -9.5709889e-03 +1.9813000e-01 +4.0783333e+00 +1.0131580e+00 +1.7040494e+00 +6.8630000e-01 +1.8499506e-02 -2.5562346e-03 +3.9724015e+04
9.4717500e-01 +2.5000000e-01 +1.5232667e+01 -9.7146889e-03 +2.0379444e-01 +4.1385556e+00 +1.0052938e+00 +1.7117284e+00 +6.8649136e-01 +1.8409630e-02 -2.7968148e-03 +4.0984455e+04
9.4855100e-01 +2.5000000e-01 +1.5160778e+01 -9.8015111e-03 +2.0932889e-01 +4.2011481e+00 +9.9664815e-01 +1.7187284e+00 +6.8655309e-01 +1.8503457e-02 -3.1057284e-03 +4.2294323e+04
9.4990500e-01 +2.5000000e-01 +1.5087889e+01 -9.8371889e-03 +2.1471778e-01 +4.2661852e+00 +9.8720000e-01 +1.7249630e+00 +6.8649753e-01 +1.8805062e-02 -3.4776543e-03 +4.3655716e+04
9.5123600e-01 +2.5000000e-01 +1.5013778e+01 -9.8276222e-03 +2.1994667e-01 +4.3338025e+00 +9.7693580e-01 +1.7303333e+00 +6.8632963e-01 +1.9324321e-02 -3.9012099e-03 +4.5069089e+04
9.5254600e-01 +2.5000000e-01 +1.4938556e+01 -9.7774556e-03 +2.2500556e-01 +4.4041975e+00 +9.6585062e-01 +1.7348148e+00 +6.8605556e-01 +2.0061975e-02 -4.3582840e-03 +4.6533411e+04
9.5383400e-01 +2.5000000e-01 +1.4862000e+01 -9.6892444e-03 +2.2988444e-01 +4.4775926e+00 +9.5394815e-01 +1.7384198e+00 +6.8567901e-01 +2.1001111e-02 -4.8230247e-03 +4.8042522e+04
9.5510100e-01 +2.5000000e-01 +1.4784000e+01 -9.5636111e-03 +2.3457667e-01 +4.5541111e+00 +9.4123457e-01 +1.7411605e+00 +6.8519877e-01 +2.2104691e-02 -5.2631235e-03 +4.9587670e+04
9.5634800e-01 +2.5000000e-01 +1.4704667e+01 -9.4005556e-03 +2.3907667e-01 +4.6337654e+00 +9.2771728e-01 +1.7430988e+00 +6.8460247e-01 +2.3330000e-02 -5.6432222e-03 +5.1166692e+04
9.5757400e-01 +2.5000000e-01 +1.4623778e+01 -9.2009556e-03 +2.4337556e-01 +4.7163951e+00 +9.1340123e-01 +1.7442840e+00 +6.8386173e-01 +2.4638765e-02 -5.9290617e-03 +5.2789064e+04
9.5877900e-01 +2.5000000e-01 +1.4541111e+01 -8.9674889e-03 +2.4747222e-01 +4.8018519e+00 +8.9829012e-01 +1.7447778e+00 +6.8293827e-01 +2.5998025e-02 -6.0920123e-03 +5.4467719e+04
9.5996400e-01 +2.5000000e-01 +1.4456556e+01 -8.7043667e-03 +2.5137000e-01 +4.8900864e+00 +8.8238765e-01 +1.7446049e+00 +6.8178889e-01 +2.7381111e-02 -6.1126790e-03 +5.6210477e+04
9.6113000e-01 +2.5000000e-01 +1.4370000e+01 -8.4163556e-03 +2.5507778e-01 +4.9810988e+00 +8.6569630e-01 +1.7438395e+00 +6.8037654e-01 +2.8770000e-02 -5.9831481e-03 +5.8017003e+04
9.6227600e-01 +2.5000000e-01 +1.4281111e+01 -8.1077111e-03 +2.5860667e-01 +5.0749506e+00 +8.4822222e-01 +1.7425185e+00 +6.7866296e-01 +3.0151728e-02 -5.7078148e-03 +5.9883624e+04
9.6340300e-01 +2.5000000e-01 +1.4189778e+01 -7.7814444e-03 +2.6197000e-01 +5.1716667e+00 +8.2997407e-01 +1.7406914e+00 +6.7661975e-01 +3.1515062e-02 -5.3009136e-03 +6.1807613e+04
9.6451100e-01 +2.5000000e-01 +1.4095778e+01 -7.4392111e-03 +2.6517778e-01 +5.2712469e+00 +8.1096420e-01 +1.7383457e+00 +6.7421481e-01 +3.2852469e-02 -4.7805556e-03 +6.3789984e+04
9.6560100e-01 +2.5000000e-01 +1.3998778e+01 -7.0814778e-03 +2.6823333e-01 +5.3735926e+00 +7.9121358e-01 +1.7354321e+00 +6.7141728e-01 +3.4163333e-02 -4.1624691e-03 +6.5833707e+04
9.6667200e-01 +2.5000000e-01 +1.3898667e+01 -6.7080889e-03 +2.7113889e-01 +5.4786173e+00 +7.7074815e-01 +1.7318642e+00 +6.6819753e-01 +3.5450617e-02 -3.4569630e-03 +6.7937961e+04
9.6772500e-01 +2.5000000e-01 +1.3795222e+01 -6.3187111e-03 +2.7388667e-01 +5.5862099e+00 +7.4959383e-01 +1.7275556e+00 +6.6452469e-01 +3.6716914e-02 -2.6686667e-03 +7.0096715e+04
9.6876100e-01 +2.5000000e-01 +1.3688111e+01 -5.9135111e-03 +2.7646444e-01 +5.6961975e+00 +7.2777531e-01 +1.7223951e+00 +6.6037901e-01 +3.7966296e-02 -1.7980123e-03 +7.2302585e+04
9.6977800e-01 +2.5000000e-01 +1.3577000e+01 -5.4935889e-03 +2.7885778e-01 +5.8083333e+00 +7.0532222e-01 +1.7162716e+00 +6.5573827e-01 +3.9210617e-02 -8.4373704e-04 +7.4551938e+04
9.7077900e-01 +2.5000000e-01 +1.3461667e+01 -5.0610222e-03 +2.8104111e-01 +5.9222963e+00 +6.8226420e-01 +1.7090617e+00 +6.5058395e-01 +4.0475432e-02 +1.9389630e-04 +7.6845516e+04
9.7176200e-01 +2.5000000e-01 +1.3341667e+01 -4.6185000e-03 +2.8298889e-01 +6.0376914e+00 +6.5863457e-01 +1.7005926e+00 +6.4489877e-01 +4.1796296e-02 +1.3103951e-03 +7.9184030e+04
9.7272900e-01 +2.5000000e-01 +1.3216778e+01 -4.1688556e-03 +2.8467333e-01 +6.1540123e+00 +6.3447284e-01 +1.6907654e+00 +6.3866790e-01 +4.3208395e-02 +2.4954568e-03 +8.1564912e+04
9.7367900e-01 +2.5000000e-01 +1.3086556e+01 -3.7146889e-03 +2.8606444e-01 +6.2706914e+00 +6.0982716e-01 +1.6794444e+00 +6.3187284e-01 +4.4735432e-02 +3.7325432e-03 +8.3982816e+04
9.7461200e-01 +2.5000000e-01 +1.2950667e+01 -3.2582333e-03 +2.8713667e-01 +6.3870370e+00 +5.8474938e-01 +1.6665432e+00 +6.2449630e-01 +4.6385556e-02 +4.9995926e-03 +8.6433113e+04
9.7553000e-01 +2.5000000e-01 +1.2808556e+01 -2.8015111e-03 +2.8786667e-01 +6.5022222e+00 +5.5929877e-01 +1.6520000e+00 +6.1650988e-01 +4.8156173e-02 +6.2700988e-03 +8.8912234e+04
9.7643200e-01 +2.5000000e-01 +1.2659778e+01 -2.3467111e-03 +2.8823222e-01 +6.6153457e+00 +5.3354198e-01 +1.6357901e+00 +6.0788148e-01 +5.0040988e-02 +7.5141852e-03 +9.1415311e+04
9.7731900e-01 +2.5000000e-01 +1.2503778e+01 -1.8964778e-03 +2.8822111e-01 +6.7253827e+00 +5.0754444e-01 +1.6178765e+00 +5.9856914e-01 +5.2032840e-02 +8.6990864e-03 +9.3933834e+04
9.7819000e-01 +2.5000000e-01 +1.2340222e+01 -1.4541889e-03 +2.8781778e-01 +6.8311605e+00 +4.8138148e-01 +1.5982222e+00 +5.8852346e-01 +5.4124198e-02 +9.7899753e-03 +9.6456480e+04
9.7904600e-01 +2.5000000e-01 +1.2168222e+01 -1.0238989e-03 +2.8701444e-01 +6.9314198e+00 +4.5512716e-01 +1.5767901e+00 +5.7768519e-01 +5.6303333e-02 +1.0751790e-02 +9.8970759e+04
9.7988700e-01 +2.5000000e-01 +1.1987444e+01 -6.1028444e-04 +2.8580111e-01 +7.0246667e+00 +4.2886173e-01 +1.5535185e+00 +5.6599383e-01 +5.8552099e-02 +1.1552605e-02 +1.0146428e+05
9.8071400e-01 +2.5000000e-01 +1.1797222e+01 -2.1827667e-04 +2.8416444e-01 +7.1092716e+00 +4.0266543e-01 +1.5283333e+00 +5.5338272e-01 +6.0843704e-02 +1.2167333e-02 +1.0392286e+05
9.8152600e-01 +2.5000000e-01 +1.1596778e+01 +1.4729222e-04 +2.8209333e-01 +7.1834198e+00 +3.7662469e-01 +1.5011481e+00 +5.3978765e-01 +6.3141852e-02 +1.2580741e-02 +1.0632903e+05
9.8232400e-01 +2.5000000e-01 +1.1385444e+01 +4.8209444e-04 +2.7957000e-01 +7.2450247e+00 +3.5082963e-01 +1.4718889e+00 +5.2514691e-01 +6.5397778e-02 +1.2788395e-02 +1.0866222e+05
9.8310800e-01 +2.5000000e-01 +1.1162667e+01 +7.8263333e-04 +2.7658000e-01 +7.2918272e+00 +3.2537284e-01 +1.4404568e+00 +5.0939877e-01 +6.7549506e-02 +1.2796420e-02 +1.1089887e+05
9.8387800e-01 +2.5000000e-01 +1.0927556e+01 +1.0464478e-03 +2.7310556e-01 +7.3212963e+00 +3.0035062e-01 +1.4067901e+00 +4.9248272e-01 +6.9522469e-02 +1.2619506e-02 +1.1301376e+05
9.8463500e-01 +2.5000000e-01 +1.0679478e+01 +1.2721667e-03 +2.6913111e-01 +7.3306420e+00 +2.7585802e-01 +1.3708395e+00 +4.7434815e-01 +7.1234815e-02 +1.2278753e-02 +1.1497967e+05
9.8537900e-01 +2.5000000e-01 +1.0417689e+01 +1.4594222e-03 +2.6464111e-01 +7.3168642e+00 +2.5199012e-01 +1.3325679e+00 +4.5494568e-01 +7.2602716e-02 +1.1799012e-02 +1.1676737e+05
9.8611000e-01 +2.5000000e-01 +1.0141467e+01 +1.6087111e-03 +2.5962000e-01 +7.2767407e+00 +2.2884198e-01 +1.2919753e+00 +4.3424074e-01 +7.3545802e-02 +1.1206889e-02 +1.1834653e+05
9.8682800e-01 +2.5000000e-01 +9.8501333e+00 +1.7211222e-03 +2.5405444e-01 +7.2069506e+00 +2.0650000e-01 +1.2490988e+00 +4.1221728e-01 +7.3991975e-02 +1.0528679e-02 +1.1968845e+05
9.8753300e-01 +2.5000000e-01 +9.5430556e+00 +1.7982333e-03 +2.4793111e-01 +7.1040741e+00 +1.8504938e-01 +1.2039988e+00 +3.8887901e-01 +7.3880617e-02 +9.7888642e-03 +1.2076876e+05
9.8822500e-01 +2.5000000e-01 +9.2197000e+00 +1.8418778e-03 +2.4124111e-01 +6.9647531e+00 +1.6456914e-01 +1.1567346e+00 +3.6426173e-01 +7.3165556e-02 +9.0091728e-03 +1.2157461e+05
9.8890600e-01 +2.5000000e-01 +8.8796222e+00 +1.8541111e-03 +2.3397667e-01 +6.7858519e+00 +1.4513086e-01 +1.1073975e+00 +3.3844198e-01 +7.1816173e-02 +8.2083086e-03 +1.2211049e+05
9.8957400e-01 +2.5000000e-01 +8.5225111e+00 +1.8371222e-03 +2.2613222e-01 +6.5646049e+00 +1.2680370e-01 +1.0560741e+00 +3.1153951e-01 +6.9818889e-02 +7.4018395e-03 +1.2240650e+05
9.9023100e-01 +2.5000000e-01 +8.1482556e+00 +1.7933333e-03 +2.1770778e-01 +6.2989506e+00 +1.0964556e-01 +1.0028395e+00 +2.8373457e-01 +6.7176049e-02 +6.6025679e-03 +1.2252500e+05
9.9087600e-01 +2.5000000e-01 +7.7569556e+00 +1.7253556e-03 +2.0870778e-01 +5.9877284e+00 +9.3709753e-02 +9.4775802e-01 +2.5526914e-01 +6.3905062e-02 +5.8209506e-03 +1.2256587e+05
9.9150900e-01 +2.5000000e-01 +7.3489333e+00 +1.6360333e-03 +1.9914111e-01 +5.6311235e+00 +7.9039630e-02 +8.9087037e-01 +2.2645309e-01 +6.0038025e-02 +5.0657160e-03 +1.2266795e+05
9.9213200e-01 +2.5000000e-01 +6.9248333e+00 +1.5285000e-03 +1.8902111e-01 +5.2309506e+00 +6.5669506e-02 +8.3219753e-01 +1.9766049e-01 +5.5622963e-02 +4.3444568e-03 +1.2300453e+05
9.9274300e-01 +2.5000000e-01 +6.4855667e+00 +1.4060444e-03 +1.7836889e-01 +4.7910247e+00 +5.3622593e-02 +7.7174568e-01 +1.6932963e-01 +5.0726543e-02 +3.6641605e-03 +1.2377148e+05
9.9334300e-01 +2.5000000e-01 +6.0323889e+00 +1.2721444e-03 +1.6720778e-01 +4.3173704e+00 +4.2910864e-02 +7.0951728e-01 +1.4194568e-01 +4.5437407e-02 +3.0313704e-03 +1.2516422e+05
9.9393300e-01 +2.5000000e-01 +5.5668667e+00 +1.1303667e-03 +1.5556889e-01 +3.8184198e+00 +3.3533210e-02 +6.4553333e-01 +1.1601938e-01 +3.9869259e-02 +2.4523210e-03 +1.2734386e+05
9.9451200e-01 +2.5000000e-01 +5.0908444e+00 +9.8426667e-04 +1.4348778e-01 +3.3048519e+00 +2.5474198e-02 +5.7986296e-01 +9.2056543e-02 +3.4160370e-02 +1.9326049e-03 +1.3040072e+05
9.9508100e-01 +2.5000000e-01 +4.6064444e+00 +8.3733778e-04 +1.3100222e-01 +2.7892963e+00 +1.8701605e-02 +5.1266790e-01 +7.0522963e-02 +2.8470123e-02 +1.4766914e-03 +1.3431567e+05
9.9563900e-01 +2.5000000e-01 +4.1159556e+00 +6.9297667e-04 +1.1815556e-01 +2.2856420e+00 +1.3164815e-02 +4.4425802e-01 +5.1802099e-02 +2.2969383e-02 +1.0874580e-03 +1.3894422e+05
9.9618800e-01 +2.5000000e-01 +3.6217667e+00 +5.5445222e-04 +1.0499022e-01 +1.8081235e+00 +8.7920123e-03 +3.7516049e-01 +3.6153333e-02 +1.7828395e-02 +7.6567037e-04 +1.4402434e+05
9.9672600e-01 +2.5000000e-01 +3.1262778e+00 +4.2490667e-04 +9.1550444e-02 +1.3701728e+00 +5.4877407e-03 +3.0620741e-01 +2.3676173e-02 +1.3201111e-02 +5.0971235e-04 +1.4924507e+05
9.9725500e-01 +2.5000000e-01 +2.6317333e+00 +3.0737222e-04 +7.7878222e-02 +9.8329877e-01 +3.1318642e-03 +2.3862099e-01 +1.4288765e-02 +9.2110247e-03 +3.1552963e-04 +1.5434033e+05
9.9777500e-01 +2.5000000e-01 +2.1401556e+00 +2.0479889e-04 +6.4012778e-02 +6.5615309e-01 +1.5798765e-03 +1.7411111e-01 +7.7268148e-03 +5.9396173e-03 +1.7684568e-04 +1.5922414e+05
9.9828500e-01 +2.5000000e-01 +1.6532444e+00 +1.2007222e-04 +4.9989000e-02 +3.9406296e-01 +6.6622099e-04 +1.1496679e-01 +3.5686790e-03 +3.4212593e-03 +8.5631358e-05 +1.6409276e+05
9.9878600e-01 +2.5000000e-01 +1.1723111e+00 +5.6037333e-05 +3.5836889e-02 +1.9914938e-01 +2.1249753e-04 +6.4136790e-02 +1.2823086e-03 +1.6431235e-03 +3.2648395e-05 +1.6950225e+05
9.9927800e-01 +2.5000000e-01 +6.9824778e-01 +1.5458111e-05 +2.1581444e-02 +7.1025802e-02 +4.1996543e-05 +2.5330370e-02 +2.8757531e-04 +5.5052222e-04 +7.8631111e-06 +1.7635033e+05
9.9976100e-01 +2.5000000e-01 +2.3158333e-01 +0.0000000e+00 +7.2449111e-03 +7.8763951e-03 +3.0720988e-06 +3.1495309e-03 +1.8884815e-05 +5.6093827e-05 +5.6588272e-07 +1.8503686e+05
1.0000000e+00 +2.5000000e-01 +0.0000000e+00 +0.0000000e+00 +0.0000000e+00 +0.0000000e+00 +0.0000000e+00 +0.0000000e+00 +0.0000000e+00 +0.0000000e+00 +0.0000000e+00 +1.8503580e+05
