#    y              z              <u>            <v>            <w>            <u'u'>         <v'v'>         <w'w'>         <u'v'>         <u'w'>         <v'w'>         <eps>         
#----------------------------------------------------------------------------------------------------------------------------------------------------------------------------------
0.0000000e+00 +1.0000000e-02 +0.0000000e+00 +0.0000000e+00 +0.0000000e+00 +0.0000000e+00 +0.0000000e+00 +0.0000000e+00 +0.0000000e+00 +0.0000000e+00 +0.0000000e+00 +1.0903333e+04
2.3900000e-04 +1.0000000e-02 +7.0201444e-02 -5.6304667e-05 +4.6146222e-04 +5.9877654e-04 +3.5460123e-07 +7.7261605e-05 +1.8692840e-08 -6.7913457e-06 -2.8517160e-06 +1.0903430e+04
7.2200000e-04 +1.0000000e-02 +2.1119778e-01 -2.0671444e-04 +1.2679000e-03 +4.9953704e-03 +5.0907160e-06 +6.2897778e-04 -6.3077778e-07 -5.8617407e-05 -3.8876543e-05 +9.7932589e+03
1.2140000e-03 +1.0000000e-02 +3.5398333e-01 -4.4742667e-04 +1.9331333e-03 +1.3150370e-02 +2.6895802e-05 +1.6100247e-03 -4.5956049e-06 -1.5757654e-04 -1.5767654e-04 +9.0190373e+03
1.7150000e-03 +1.0000000e-02 +4.9857333e-01 -7.6985000e-04 +2.4473556e-03 +2.4637654e-02 +8.8084074e-05 +2.9179383e-03 -1.5907531e-05 -2.9789506e-04 -4.0257407e-04 +8.5842058e+03
2.2250000e-03 +1.0000000e-02 +6.4498222e-01 -1.1644667e-03 +2.8068444e-03 +3.9203951e-02 +2.1836049e-04 +4.4687778e-03 -3.9303704e-05 -4.7170864e-04 -8.0710617e-04 +8.4077477e+03
2.7450000e-03 +1.0000000e-02 +7.9320889e-01 -1.6211111e-03 +3.0112111e-03 +5.6721975e-02 +4.5271235e-04 +6.1935062e-03 -8.0232716e-05 -6.6892840e-04 -1.3959877e-03 +8.4306204e+03
3.2740000e-03 +1.0000000e-02 +9.4324222e-01 -2.1289333e-03 +3.0619889e-03 +7.7154198e-02 +8.2972840e-04 +8.0351728e-03 -1.4512593e-04 -8.7786667e-04 -2.1861235e-03 +8.6122898e+03
3.8120000e-03 +1.0000000e-02 +1.0950600e+00 -2.6763556e-03 +2.9613111e-03 +1.0052333e-01 +1.3902716e-03 +9.9467778e-03 -2.4161852e-04 -1.0865765e-03 -3.1876914e-03 +8.9250494e+03
4.3610000e-03 +1.0000000e-02 +1.2486222e+00 -3.2507889e-03 +2.7106667e-03 +1.2689136e-01 +2.1763580e-03 +1.1889654e-02 -3.7852346e-04 -1.2847407e-03 -4.4050247e-03 +9.3497400e+03
4.9190000e-03 +1.0000000e-02 +1.4038889e+00 -3.8383889e-03 +2.3100000e-03 +1.5634444e-01 +3.2302469e-03 +1.3832099e-02 -5.6546667e-04 -1.4657778e-03 -5.8373704e-03 +9.8726802e+03
5.4880000e-03 +1.0000000e-02 +1.5608000e+00 -4.4236333e-03 +1.7569333e-03 +1.8898272e-01 +4.5934568e-03 +1.5748272e-02 -8.1217407e-04 -1.6289012e-03 -7.4793704e-03 +1.0483637e+04
6.0670000e-03 +1.0000000e-02 +1.7192778e+00 -4.9890333e-03 +1.0464044e-03 +2.2491481e-01 +6.3059012e-03 +1.7618025e-02 -1.1274457e-03 -1.7807778e-03 -9.3214074e-03 +1.1174320e+04
6.6570000e-03 +1.0000000e-02 +1.8792556e+00 -5.5148111e-03 +1.7061000e-04 +2.6425185e-01 +8.4048889e-03 +1.9426173e-02 -1.5179383e-03 -1.9365679e-03 -1.1349827e-02 +1.1937672e+04
7.2570000e-03 +1.0000000e-02 +2.0406333e+00 -5.9786333e-03 -8.8064111e-04 +3.0710741e-01 +1.0924173e-02 +2.1162346e-02 -1.9868765e-03 -2.1201111e-03 -1.3547284e-02 +1.2767382e+04
7.8680000e-03 +1.0000000e-02 +2.2033111e+00 -6.3555111e-03 -2.1192444e-03 +3.5359136e-01 +1.3892963e-02 +2.2821605e-02 -2.5327778e-03 -2.3633951e-03 -1.5892963e-02 +1.3657694e+04
8.4910000e-03 +1.0000000e-02 +2.3671667e+00 -6.6178667e-03 -3.5578333e-03 +4.0381111e-01 +1.7335309e-02 +2.4404568e-02 -3.1484691e-03 -2.7050617e-03 -1.8363333e-02 +1.4603413e+04
9.1240000e-03 +1.0000000e-02 +2.5320667e+00 -6.7356889e-03 -5.2085444e-03 +4.5786173e-01 +2.1269136e-02 +2.5917037e-02 -3.8202593e-03 -3.1883827e-03 -2.0933210e-02 +1.5599450e+04
9.7690000e-03 +1.0000000e-02 +2.6978889e+00 -6.6769222e-03 -7.0817222e-03 +5.1583086e-01 +2.5706296e-02 +2.7369630e-02 -4.5275062e-03 -3.8587037e-03 -2.3575926e-02 +1.6641035e+04
1.0426000e-02 +1.0000000e-02 +2.8644556e+00 -6.4079667e-03 -9.1846111e-03 +5.7778148e-01 +3.0652346e-02 +2.8777407e-02 -5.2426420e-03 -4.7606914e-03 -2.6265432e-02 +1.7723110e+04
1.1094000e-02 +1.0000000e-02 +3.0316000e+00 -5.8943778e-03 -1.1520000e-02 +6.4375802e-01 +3.6106543e-02 +3.0157160e-02 -5.9313827e-03 -5.9356173e-03 -2.8976049e-02 +1.8840823e+04
1.1775000e-02 +1.0000000e-02 +3.1991333e+00 -5.1015444e-03 -1.4085444e-02 +7.1377037e-01 +4.2062963e-02 +3.1526914e-02 -6.5534198e-03 -7.4188395e-03 -3.1684198e-02 +1.9989274e+04
1.2467000e-02 +1.0000000e-02 +3.3668333e+00 -3.9955667e-03 -1.6872333e-02 +7.8779012e-01 +4.8510864e-02 +3.2902593e-02 -7.0633457e-03 -9.2377531e-03 -3.4368642e-02 +2.1164195e+04
1.3172000e-02 +1.0000000e-02 +3.5345000e+00 -2.5440556e-03 -1.9865222e-02 +8.6574444e-01 +5.5436049e-02 +3.4296914e-02 -7.4119506e-03 -1.1410198e-02 -3.7010617e-02 +2.2361831e+04
1.3890000e-02 +1.0000000e-02 +3.7018778e+00 -7.1696667e-04 -2.3042222e-02 +9.4751235e-01 +6.2821235e-02 +3.5717654e-02 -7.5477654e-03 -1.3943704e-02 -3.9593827e-02 +2.3579175e+04
1.4621000e-02 +1.0000000e-02 +3.8687000e+00 +1.5127111e-03 -2.6375222e-02 +1.0329173e+00 +7.0647901e-02 +3.7166420e-02 -7.4188765e-03 -1.6835185e-02 -4.2104815e-02 +2.4814327e+04
1.5365000e-02 +1.0000000e-02 +4.0347111e+00 +4.1682667e-03 -2.9830000e-02 +1.1217309e+00 +7.8897037e-02 +3.8638765e-02 -6.9748272e-03 -2.0071605e-02 -4.4532099e-02 +2.6065868e+04
1.6122000e-02 +1.0000000e-02 +4.1996111e+00 +7.2687778e-03 -3.3367778e-02 +1.2136753e+00 +8.7549753e-02 +4.0124444e-02 -6.1685185e-03 -2.3630370e-02 -4.6865556e-02 +2.7333471e+04
1.6892000e-02 +1.0000000e-02 +4.3631111e+00 +1.0828733e-02 -3.6946000e-02 +1.3084321e+00 +9.6588519e-02 +4.1608519e-02 -4.9577778e-03 -2.7481235e-02 -4.9096790e-02 +2.8616669e+04
1.7676000e-02 +1.0000000e-02 +4.5249000e+00 +1.4857889e-02 -4.0519333e-02 +1.4056173e+00 +1.0599704e-01 +4.3072963e-02 -3.3068025e-03 -3.1586790e-02 -5.1217654e-02 +2.9915862e+04
1.8474000e-02 +1.0000000e-02 +4.6846778e+00 +1.9360889e-02 -4.4041556e-02 +1.5048519e+00 +1.1576123e-01 +4.4497901e-02 -1.1871099e-03 -3.5903951e-02 -5.3220741e-02 +3.1231177e+04
1.9286000e-02 +1.0000000e-02 +4.8421222e+00 +2.4338111e-02 -4.7466333e-02 +1.6057037e+00 +1.2586914e-01 +4.5863457e-02 +1.4217901e-03 -4.0385679e-02 -5.5098272e-02 +3.2563133e+04
2.0113000e-02 +1.0000000e-02 +4.9969333e+00 +2.9784778e-02 -5.0748778e-02 +1.7077284e+00 +1.3630988e-01 +4.7151111e-02 +4.5321111e-03 -4.4981235e-02 -5.6842469e-02 +3.3912480e+04
2.0954000e-02 +1.0000000e-02 +5.1488000e+00 +3.5692111e-02 -5.3846667e-02 +1.8104815e+00 +1.4707531e-01 +4.8344321e-02 +8.1477037e-03 -4.9638148e-02 -5.8444691e-02 +3.5280181e+04
2.1810000e-02 +1.0000000e-02 +5.2974222e+00 +4.2047444e-02 -5.6721222e-02 +1.9135185e+00 +1.5815679e-01 +4.9430000e-02 +1.2264272e-02 -5.4303951e-02 -5.9896049e-02 +3.6667609e+04
2.2681000e-02 +1.0000000e-02 +5.4425333e+00 +4.8834444e-02 -5.9338000e-02 +2.0163951e+00 +1.6954938e-01 +5.0398272e-02 +1.6869753e-02 -5.8927284e-02 -6.1187407e-02 +3.8075529e+04
2.3568000e-02 +1.0000000e-02 +5.5838556e+00 +5.6033889e-02 -6.1667778e-02 +2.1187160e+00 +1.8124568e-01 +5.1242963e-02 +2.1944321e-02 -6.3460617e-02 -6.2308765e-02 +3.9505255e+04
2.4470000e-02 +1.0000000e-02 +5.7211556e+00 +6.3623667e-02 -6.3686778e-02 +2.2200864e+00 +1.9323580e-01 +5.1961235e-02 +2.7461111e-02 -6.7861235e-02 -6.3250617e-02 +4.0956852e+04
2.5388000e-02 +1.0000000e-02 +5.8542000e+00 +7.1579556e-02 -6.5376889e-02 +2.3201605e+00 +2.0551481e-01 +5.2553210e-02 +3.3385556e-02 -7.2092840e-02 -6.4003210e-02 +4.2430807e+04
2.6321000e-02 +1.0000000e-02 +5.9828000e+00 +7.9875556e-02 -6.6726000e-02 +2.4186296e+00 +2.1807037e-01 +5.3021358e-02 +3.9676543e-02 -7.6126296e-02 -6.4557407e-02 +4.3926917e+04
2.7271000e-02 +1.0000000e-02 +6.1067556e+00 +8.8483556e-02 -6.7727111e-02 +2.5152469e+00 +2.3089136e-01 +5.3370494e-02 +4.6286667e-02 -7.9940000e-02 -6.4904815e-02 +4.5445466e+04
2.8238000e-02 +1.0000000e-02 +6.2259333e+00 +9.7374222e-02 -6.8378444e-02 +2.6097901e+00 +2.4396543e-01 +5.3607037e-02 +5.3162963e-02 -8.3519753e-02 -6.5037531e-02 +4.6985466e+04
2.9221000e-02 +1.0000000e-02 +6.3402000e+00 +1.0651689e-01 -6.8682667e-02 +2.7020864e+00 +2.5727778e-01 +5.3740000e-02 +6.0249012e-02 -8.6859383e-02 -6.4949259e-02 +4.8545681e+04
3.0222000e-02 +1.0000000e-02 +6.4494444e+00 +1.1588000e-01 -6.8646444e-02 +2.7920123e+00 +2.7081111e-01 +5.3780617e-02 +6.7485309e-02 -8.9960000e-02 -6.4634938e-02 +5.0125204e+04
3.1239000e-02 +1.0000000e-02 +6.5535889e+00 +1.2542889e-01 -6.8279556e-02 +2.8794568e+00 +2.8454938e-01 +5.3743333e-02 +7.4810494e-02 -9.2830123e-02 -6.4091975e-02 +5.1722608e+04
3.2275000e-02 +1.0000000e-02 +6.6525556e+00 +1.3513111e-01 -6.7594222e-02 +2.9643704e+00 +2.9847407e-01 +5.3645432e-02 +8.2161481e-02 -9.5484568e-02 -6.3319753e-02 +5.3339227e+04
3.3328000e-02 +1.0000000e-02 +6.7463222e+00 +1.4495222e-01 -6.6604556e-02 +3.0466914e+00 +3.1256420e-01 +5.3506173e-02 +8.9473827e-02 -9.7942963e-02 -6.2320494e-02 +5.4975941e+04
3.4399000e-02 +1.0000000e-02 +6.8348556e+00 +1.5485556e-01 -6.5326556e-02 +3.1264198e+00 +3.2679630e-01 +5.3345309e-02 +9.6681852e-02 -1.0022667e-01 -6.1099383e-02 +5.6635167e+04
3.5489000e-02 +1.0000000e-02 +6.9181556e+00 +1.6480444e-01 -6.3777111e-02 +3.2035556e+00 +3.4114321e-01 +5.3181975e-02 +1.0371889e-01 -1.0235691e-01 -5.9664321e-02 +5.8318956e+04
3.6597000e-02 +1.0000000e-02 +6.9962444e+00 +1.7476444e-01 -6.1974556e-02 +3.2781605e+00 +3.5557531e-01 +5.3032593e-02 +1.1051852e-01 -1.0435148e-01 -5.8026173e-02 +6.0027111e+04
3.7724000e-02 +1.0000000e-02 +7.0691333e+00 +1.8469667e-01 -5.9938333e-02 +3.3503333e+00 +3.7005926e-01 +5.2909877e-02 +1.1701642e-01 -1.0622420e-01 -5.6198148e-02 +6.1758327e+04
3.8870000e-02 +1.0000000e-02 +7.1368778e+00 +1.9456333e-01 -5.7688889e-02 +3.4201605e+00 +3.8455802e-01 +5.2822840e-02 +1.2315272e-01 -1.0798457e-01 -5.4196173e-02 +6.3510438e+04
4.0036000e-02 +1.0000000e-02 +7.1995444e+00 +2.0432667e-01 -5.5247333e-02 +3.4877160e+00 +3.9903827e-01 +5.2777407e-02 +1.2887531e-01 -1.0963827e-01 -5.2037901e-02 +6.5281771e+04
4.1221000e-02 +1.0000000e-02 +7.2572111e+00 +2.1394667e-01 -5.2634778e-02 +3.5530247e+00 +4.1346543e-01 +5.2778519e-02 +1.3414444e-01 -1.1118728e-01 -4.9744198e-02 +6.7070897e+04
4.2426000e-02 +1.0000000e-02 +7.3099667e+00 +2.2338333e-01 -4.9872333e-02 +3.6160988e+00 +4.2780864e-01 +5.2830370e-02 +1.3892840e-01 -1.1262778e-01 -4.7337901e-02 +6.8878467e+04
4.3652000e-02 +1.0000000e-02 +7.3579333e+00 +2.3259667e-01 -4.6981000e-02 +3.6768519e+00 +4.4203951e-01 +5.2936667e-02 +1.4320864e-01 -1.1395025e-01 -4.4843457e-02 +7.0706689e+04
4.4899000e-02 +1.0000000e-02 +7.4012222e+00 +2.4154667e-01 -4.3982667e-02 +3.7352099e+00 +4.5613457e-01 +5.3099012e-02 +1.4697037e-01 -1.1514037e-01 -4.2284321e-02 +7.2557423e+04
4.6166000e-02 +1.0000000e-02 +7.4399889e+00 +2.5019556e-01 -4.0899889e-02 +3.7911358e+00 +4.7006667e-01 +5.3314444e-02 +1.5019506e-01 -1.1618309e-01 -3.9679136e-02 +7.4431930e+04
4.7454000e-02 +1.0000000e-02 +7.4743556e+00 +2.5850444e-01 -3.7756111e-02 +3.8446296e+00 +4.8380370e-01 +5.3574198e-02 +1.5286667e-01 -1.1706457e-01 -3.7041975e-02 +7.6331200e+04
4.8764000e-02 +1.0000000e-02 +7.5044889e+00 +2.6644111e-01 -3.4575556e-02 +3.8958272e+00 +4.9731358e-01 +5.3865679e-02 +1.5495926e-01 -1.1777222e-01 -3.4381728e-02 +7.8254911e+04
5.0095000e-02 +1.0000000e-02 +7.5305000e+00 +2.7397222e-01 -3.1382222e-02 +3.9449877e+00 +5.1055432e-01 +5.4177531e-02 +1.5645309e-01 -1.1829580e-01 -3.1704074e-02 +8.0200434e+04
5.1449000e-02 +1.0000000e-02 +7.5525444e+00 +2.8107000e-01 -2.8199889e-02 +3.9924568e+00 +5.2348272e-01 +5.4503704e-02 +1.5733580e-01 -1.1863531e-01 -2.9012840e-02 +8.2166539e+04
5.2825000e-02 +1.0000000e-02 +7.5707444e+00 +2.8770667e-01 -2.5051333e-02 +4.0386420e+00 +5.3605432e-01 +5.4848148e-02 +1.5760370e-01 -1.1881580e-01 -2.6311975e-02 +8.4152458e+04
5.4223000e-02 +1.0000000e-02 +7.5852444e+00 +2.9385889e-01 -2.1958000e-02 +4.0839136e+00 +5.4822963e-01 +5.5227037e-02 +1.5726296e-01 -1.1890012e-01 -2.3609136e-02 +8.6161950e+04
5.5645000e-02 +1.0000000e-02 +7.5961778e+00 +2.9950667e-01 -1.8939556e-02 +4.1286173e+00 +5.5996914e-01 +5.5668025e-02 +1.5632099e-01 -1.1898210e-01 -2.0920123e-02 +8.8203083e+04
5.7090000e-02 +1.0000000e-02 +7.6037222e+00 +3.0462778e-01 -1.6013444e-02 +4.1730123e+00 +5.7124444e-01 +5.6198519e-02 +1.5478519e-01 -1.1915728e-01 -1.8271605e-02 +9.0284202e+04
5.8558000e-02 +1.0000000e-02 +7.6080444e+00 +3.0920778e-01 -1.3196556e-02 +4.2173086e+00 +5.8202469e-01 +5.6830988e-02 +1.5268025e-01 -1.1949531e-01 -1.5698642e-02 +9.2411546e+04
6.0050000e-02 +1.0000000e-02 +7.6093333e+00 +3.1323111e-01 -1.0504722e-02 +4.2617284e+00 +5.9229012e-01 +5.7557654e-02 +1.5005556e-01 -1.2003506e-01 -1.3238025e-02 +9.4586060e+04
6.1566000e-02 +1.0000000e-02 +7.6078000e+00 +3.1668556e-01 -7.9513111e-03 +4.3064691e+00 +6.0202469e-01 +5.8357284e-02 +1.4698272e-01 -1.2079654e-01 -1.0921889e-02 +9.6800324e+04
6.3107000e-02 +1.0000000e-02 +7.6036667e+00 +3.1956333e-01 -5.5439222e-03 +4.3516173e+00 +6.1122716e-01 +5.9208025e-02 +1.4355309e-01 -1.2178543e-01 -8.7776667e-03 +9.9045531e+04
6.4672000e-02 +1.0000000e-02 +7.5971556e+00 +3.2185667e-01 -3.2815778e-03 +4.3971111e+00 +6.1991111e-01 +6.0095185e-02 +1.3984321e-01 -1.2298519e-01 -6.8292963e-03 +1.0131488e+05
6.6263000e-02 +1.0000000e-02 +7.5885556e+00 +3.2356111e-01 -1.1547556e-03 +4.4427284e+00 +6.2810494e-01 +6.1008765e-02 +1.3590741e-01 -1.2435309e-01 -5.0974198e-03 +1.0360870e+05
6.7879000e-02 +1.0000000e-02 +7.5781111e+00 +3.2466778e-01 +8.5201333e-04 +4.4880864e+00 +6.3584691e-01 +6.1938395e-02 +1.3176420e-01 -1.2581975e-01 -3.5976667e-03 +1.0592205e+05
6.9520000e-02 +1.0000000e-02 +7.5661111e+00 +3.2517444e-01 +2.7569556e-03 +4.5326790e+00 +6.4318395e-01 +6.2872840e-02 +1.2742963e-01 -1.2729753e-01 -2.3402840e-03 +1.0825070e+05
7.1188000e-02 +1.0000000e-02 +7.5528778e+00 +3.2507556e-01 +4.5792222e-03 +4.5759136e+00 +6.5017531e-01 +6.3805802e-02 +1.2294309e-01 -1.2870247e-01 -1.3341852e-03 +1.1059815e+05
7.2882000e-02 +1.0000000e-02 +7.5387333e+00 +3.2436778e-01 +6.3367667e-03 +4.6170741e+00 +6.5690123e-01 +6.4744568e-02 +1.1838580e-01 -1.2998025e-01 -5.9456173e-04 +1.1297034e+05
7.4602000e-02 +1.0000000e-02 +7.5240556e+00 +3.2305444e-01 +8.0406778e-03 +4.6554938e+00 +6.6347160e-01 +6.5709630e-02 +1.1385494e-01 -1.3109753e-01 -1.4463580e-04 +1.1537045e+05
7.6350000e-02 +1.0000000e-02 +7.5092333e+00 +3.2114889e-01 +9.6864667e-03 +4.6906543e+00 +6.7001728e-01 +6.6718519e-02 +1.0942556e-01 -1.3202716e-01 -2.5200741e-06 +1.1780367e+05
7.8124000e-02 +1.0000000e-02 +7.4947333e+00 +3.1868222e-01 +1.1248667e-02 +4.7222346e+00 +6.7667531e-01 +6.7768272e-02 +1.0512593e-01 -1.3275062e-01 -1.6137531e-04 +1.2027959e+05
7.9926000e-02 +1.0000000e-02 +7.4809778e+00 +3.1569556e-01 +1.2684222e-02 +4.7501728e+00 +6.8356420e-01 +6.8837778e-02 +1.0092951e-01 -1.3328272e-01 -5.8216543e-04 +1.2281315e+05
8.1756000e-02 +1.0000000e-02 +7.4683667e+00 +3.1225000e-01 +1.3942889e-02 +4.7747531e+00 +6.9077654e-01 +6.9898025e-02 +9.6753951e-02 -1.3369877e-01 -1.2005481e-03 +1.2540607e+05
8.3615000e-02 +1.0000000e-02 +7.4572556e+00 +3.0841444e-01 +1.4979556e-02 +4.7965556e+00 +6.9837531e-01 +7.0917654e-02 +9.2474938e-02 -1.3410741e-01 -1.9338148e-03 +1.2804688e+05
8.5501000e-02 +1.0000000e-02 +7.4478889e+00 +3.0427000e-01 +1.5765333e-02 +4.8164938e+00 +7.0638889e-01 +7.1875679e-02 +8.7941852e-02 -1.3460617e-01 -2.6880494e-03 +1.3071437e+05
8.7416000e-02 +1.0000000e-02 +7.4404333e+00 +2.9990333e-01 +1.6296444e-02 +4.8355556e+00 +7.1481111e-01 +7.2785432e-02 +8.3000988e-02 -1.3523951e-01 -3.3787778e-03 +1.3339542e+05
8.9361000e-02 +1.0000000e-02 +7.4349000e+00 +2.9539444e-01 +1.6596889e-02 +4.8545556e+00 +7.2359136e-01 +7.3696667e-02 +7.7552963e-02 -1.3598765e-01 -3.9553951e-03 +1.3609243e+05
9.1335000e-02 +1.0000000e-02 +7.4311444e+00 +2.9081667e-01 +1.6714222e-02 +4.8740370e+00 +7.3264815e-01 +7.4646049e-02 +7.1598765e-02 -1.3677654e-01 -4.4045185e-03 +1.3881852e+05
9.3338000e-02 +1.0000000e-02 +7.4289667e+00 +2.8622667e-01 +1.6711333e-02 +4.8944815e+00 +7.4187654e-01 +7.5614321e-02 +6.5205432e-02 -1.3752222e-01 -4.7274691e-03 +1.4157634e+05
9.5371000e-02 +1.0000000e-02 +7.4281444e+00 +2.8166000e-01 +1.6656444e-02 +4.9163210e+00 +7.5115062e-01 +7.6559630e-02 +5.8424691e-02 -1.3823210e-01 -4.9223951e-03 +1.4436159e+05
9.7435000e-02 +1.0000000e-02 +7.4284667e+00 +2.7712556e-01 +1.6608667e-02 +4.9396790e+00 +7.6031852e-01 +7.7484444e-02 +5.1240494e-02 -1.3902716e-01 -4.9984444e-03 +1.4718840e+05
9.9529000e-02 +1.0000000e-02 +7.4298222e+00 +2.7260667e-01 +1.6600000e-02 +4.9647654e+00 +7.6923580e-01 +7.8441481e-02 +4.3606049e-02 -1.4005432e-01 -4.9935432e-03 +1.5007858e+05
1.0165400e-01 +1.0000000e-02 +7.4321444e+00 +2.6808444e-01 +1.6626000e-02 +4.9923457e+00 +7.7780988e-01 +7.9469877e-02 +3.5543827e-02 -1.4137284e-01 -4.9620741e-03 +1.5304301e+05
1.0381000e-01 +1.0000000e-02 +7.4354667e+00 +2.6355556e-01 +1.6653444e-02 +5.0236420e+00 +7.8603704e-01 +8.0567901e-02 +2.7208272e-02 -1.4296543e-01 -4.9512099e-03 +1.5607125e+05
1.0599800e-01 +1.0000000e-02 +7.4398667e+00 +2.5903333e-01 +1.6634333e-02 +5.0595926e+00 +7.9397037e-01 +8.1733333e-02 +1.8858765e-02 -1.4475926e-01 -4.9769259e-03 +1.5914608e+05
1.0821700e-01 +1.0000000e-02 +7.4455000e+00 +2.5455222e-01 +1.6512000e-02 +5.1001481e+00 +8.0163951e-01 +8.2970988e-02 +1.0757605e-02 -1.4661975e-01 -5.0133333e-03 +1.6226179e+05
1.1046800e-01 +1.0000000e-02 +7.4525444e+00 +2.5015222e-01 +1.6225444e-02 +5.1442716e+00 +8.0900617e-01 +8.4243827e-02 +3.0926667e-03 -1.4837778e-01 -5.0139877e-03 +1.6543652e+05
1.1275100e-01 +1.0000000e-02 +7.4610778e+00 +2.4587333e-01 +1.5727667e-02 +5.1904074e+00 +8.1599136e-01 +8.5466667e-02 -4.0011481e-03 -1.4990000e-01 -4.9463210e-03 +1.6870240e+05
1.1506700e-01 +1.0000000e-02 +7.4711111e+00 +2.4175111e-01 +1.5014444e-02 +5.2376049e+00 +8.2253827e-01 +8.6586790e-02 -1.0291272e-02 -1.5112346e-01 -4.8242593e-03 +1.7205491e+05
1.1741600e-01 +1.0000000e-02 +7.4825556e+00 +2.3779778e-01 +1.4137667e-02 +5.2856790e+00 +8.2864568e-01 +8.7588765e-02 -1.5372593e-02 -1.5212469e-01 -4.6889506e-03 +1.7543373e+05
1.1979700e-01 +1.0000000e-02 +7.4952333e+00 +2.3399556e-01 +1.3199000e-02 +5.3337654e+00 +8.3440000e-01 +8.8529136e-02 -1.8866173e-02 -1.5312716e-01 -4.5732593e-03 +1.7881218e+05
1.2221200e-01 +1.0000000e-02 +7.5089778e+00 +2.3028889e-01 +1.2334111e-02 +5.3796173e+00 +8.3999753e-01 +8.9551481e-02 -2.0753457e-02 -1.5429877e-01 -4.5255926e-03 +1.8225556e+05
1.2466000e-01 +1.0000000e-02 +7.5236556e+00 +2.2660889e-01 +1.1674333e-02 +5.4214321e+00 +8.4575926e-01 +9.0766667e-02 -2.1389012e-02 -1.5566667e-01 -4.6390370e-03 +1.8582744e+05
1.2714300e-01 +1.0000000e-02 +7.5392667e+00 +2.2290222e-01 +1.1286111e-02 +5.4590000e+00 +8.5205556e-01 +9.2194444e-02 -2.1228148e-02 -1.5719630e-01 -5.0183704e-03 +1.8952471e+05
1.2965900e-01 +1.0000000e-02 +7.5558889e+00 +2.1916556e-01 +1.1124556e-02 +5.4929630e+00 +8.5919383e-01 +9.3774444e-02 -2.0877407e-02 -1.5884815e-01 -5.7246049e-03 +1.9332157e+05
1.3220900e-01 +1.0000000e-02 +7.5736444e+00 +2.1546444e-01 +1.1043778e-02 +5.5243951e+00 +8.6726049e-01 +9.5343210e-02 -2.1085432e-02 -1.6061235e-01 -6.7197778e-03 +1.9720605e+05
1.3479400e-01 +1.0000000e-02 +7.5927333e+00 +2.1192667e-01 +1.0881978e-02 +5.5549753e+00 +8.7604568e-01 +9.6621852e-02 -2.2401481e-02 -1.6244321e-01 -7.8300000e-03 +2.0113587e+05
1.3741400e-01 +1.0000000e-02 +7.6133333e+00 +2.0871556e-01 +1.0543467e-02 +5.5853580e+00 +8.8508765e-01 +9.7433580e-02 -2.4850617e-02 -1.6411111e-01 -8.8027284e-03 +2.0508927e+05
1.4006800e-01 +1.0000000e-02 +7.6355889e+00 +2.0597111e-01 +1.0004100e-02 +5.6141481e+00 +8.9388025e-01 +9.7903457e-02 -2.7910988e-02 -1.6534691e-01 -9.4770123e-03 +2.0910737e+05
1.4275700e-01 +1.0000000e-02 +7.6594778e+00 +2.0377333e-01 +9.2643889e-03 +5.6405679e+00 +9.0212099e-01 +9.8346296e-02 -3.0973580e-02 -1.6598272e-01 -9.9003704e-03 +2.1321494e+05
1.4548200e-01 +1.0000000e-02 +7.6849000e+00 +2.0216000e-01 +8.3379000e-03 +5.6651358e+00 +9.0980741e-01 +9.8909383e-02 -3.3719753e-02 -1.6598272e-01 -1.0179568e-02 +2.1741321e+05
1.4824300e-01 +1.0000000e-02 +7.7114889e+00 +2.0114000e-01 +7.2755333e-03 +5.6893086e+00 +9.1707778e-01 +9.9590864e-02 -3.6067037e-02 -1.6562222e-01 -1.0286914e-02 +2.2169988e+05
1.5103800e-01 +1.0000000e-02 +7.7385667e+00 +2.0069889e-01 +6.1866667e-03 +5.7151358e+00 +9.2406049e-01 +1.0038062e-01 -3.7775185e-02 -1.6549753e-01 -1.0129062e-02 +2.2604159e+05
1.5387000e-01 +1.0000000e-02 +7.7654111e+00 +2.0079667e-01 +5.1777778e-03 +5.7439259e+00 +9.3082963e-01 +1.0132728e-01 -3.8649259e-02 -1.6619506e-01 -9.7410494e-03 +2.3045584e+05
1.5673800e-01 +1.0000000e-02 +7.7916778e+00 +2.0141222e-01 +4.2476667e-03 +5.7768519e+00 +9.3740123e-01 +1.0222370e-01 -3.8592593e-02 -1.6779877e-01 -9.3135556e-03 +2.3495304e+05
1.5964200e-01 +1.0000000e-02 +7.8173889e+00 +2.0254000e-01 +3.3379111e-03 +5.8150247e+00 +9.4370988e-01 +1.0281309e-01 -3.7305062e-02 -1.6981728e-01 -9.0148889e-03 +2.3950073e+05
1.6258200e-01 +1.0000000e-02 +7.8426667e+00 +2.0413556e-01 +2.4509889e-03 +5.8577037e+00 +9.4966790e-01 +1.0339012e-01 -3.4677160e-02 -1.7189506e-01 -8.8866914e-03 +2.4407245e+05
1.6555900e-01 +1.0000000e-02 +7.8676444e+00 +2.0610000e-01 +1.6170444e-03 +5.9018642e+00 +9.5525802e-01 +1.0431420e-01 -3.1075556e-02 -1.7434444e-01 -8.9090741e-03 +2.4870035e+05
1.6857200e-01 +1.0000000e-02 +7.8925000e+00 +2.0832333e-01 +8.2760222e-04 +5.9442593e+00 +9.6052840e-01 +1.0541370e-01 -2.7011358e-02 -1.7721852e-01 -9.0726667e-03 +2.5342670e+05
1.7162200e-01 +1.0000000e-02 +7.9172333e+00 +2.1075889e-01 +1.1293111e-04 +5.9841358e+00 +9.6553457e-01 +1.0631049e-01 -2.2637160e-02 -1.7990617e-01 -9.2661605e-03 +2.5827450e+05
1.7470800e-01 +1.0000000e-02 +7.9414667e+00 +2.1340222e-01 -4.4232222e-04 +6.0230494e+00 +9.7025556e-01 +1.0696444e-01 -1.7739259e-02 -1.8192593e-01 -9.2965062e-03 +2.6320817e+05
1.7783200e-01 +1.0000000e-02 +7.9649222e+00 +2.1620444e-01 -8.2938000e-04 +6.0618889e+00 +9.7462840e-01 +1.0752358e-01 -1.1715420e-02 -1.8317284e-01 -9.2601481e-03 +2.6816004e+05
1.8099200e-01 +1.0000000e-02 +7.9879444e+00 +2.1914444e-01 -1.1035189e-03 +6.0991111e+00 +9.7870247e-01 +1.0797086e-01 -4.0885926e-03 -1.8370247e-01 -9.3155556e-03 +2.7316062e+05
1.8419000e-01 +1.0000000e-02 +8.0109333e+00 +2.2224444e-01 -1.2617778e-03 +6.1319259e+00 +9.8257531e-01 +1.0838630e-01 +4.4550494e-03 -1.8368272e-01 -9.4129506e-03 +2.7828045e+05
1.8742400e-01 +1.0000000e-02 +8.0337000e+00 +2.2552333e-01 -1.3954333e-03 +6.1620617e+00 +9.8608272e-01 +1.0883247e-01 +1.2682716e-02 -1.8381358e-01 -9.3421235e-03 +2.8344195e+05
1.9069600e-01 +1.0000000e-02 +8.0556333e+00 +2.2897556e-01 -1.7020667e-03 +6.1931235e+00 +9.8883951e-01 +1.0927593e-01 +2.0376173e-02 -1.8483580e-01 -8.9508395e-03 +2.8850689e+05
1.9400400e-01 +1.0000000e-02 +8.0763889e+00 +2.3252222e-01 -2.1481889e-03 +6.2253827e+00 +9.9074568e-01 +1.0958630e-01 +2.8132593e-02 -1.8657037e-01 -8.2508272e-03 +2.9352030e+05
1.9735000e-01 +1.0000000e-02 +8.0957667e+00 +2.3599889e-01 -2.5439778e-03 +6.2567407e+00 +9.9215185e-01 +1.1004037e-01 +3.6553210e-02 -1.8836420e-01 -7.3961852e-03 +2.9866681e+05
2.0073300e-01 +1.0000000e-02 +8.1133556e+00 +2.3922111e-01 -2.7381667e-03 +6.2878395e+00 +9.9360617e-01 +1.1096691e-01 +4.5984321e-02 -1.9011235e-01 -6.6824568e-03 +3.0396498e+05
2.0415300e-01 +1.0000000e-02 +8.1289111e+00 +2.4210667e-01 -2.7138444e-03 +6.3197778e+00 +9.9567160e-01 +1.1197938e-01 +5.6040988e-02 -1.9181728e-01 -6.4468765e-03 +3.0928215e+05
2.0761100e-01 +1.0000000e-02 +8.1429111e+00 +2.4467000e-01 -2.5764889e-03 +6.3505062e+00 +9.9856543e-01 +1.1276432e-01 +6.5385185e-02 -1.9345432e-01 -6.5643827e-03 +3.1459754e+05
2.1110500e-01 +1.0000000e-02 +8.1560333e+00 +2.4691778e-01 -2.3540333e-03 +6.3767284e+00 +1.0018617e+00 +1.1329864e-01 +7.2800247e-02 -1.9492346e-01 -6.5195309e-03 +3.1997656e+05
2.1463600e-01 +1.0000000e-02 +8.1686889e+00 +2.4874889e-01 -2.0004556e-03 +6.3950988e+00 +1.0047037e+00 +1.1376778e-01 +7.8504815e-02 -1.9577778e-01 -6.1230000e-03 +3.2543402e+05
2.1820500e-01 +1.0000000e-02 +8.1809667e+00 +2.5008111e-01 -1.5652556e-03 +6.4050000e+00 +1.0064864e+00 +1.1396815e-01 +8.3608765e-02 -1.9623827e-01 -5.6663580e-03 +3.3089488e+05
2.2181000e-01 +1.0000000e-02 +8.1930000e+00 +2.5092333e-01 -1.1688222e-03 +6.4078025e+00 +1.0073481e+00 +1.1417062e-01 +8.8435432e-02 -1.9677654e-01 -5.3529012e-03 +3.3624452e+05
2.2545200e-01 +1.0000000e-02 +8.2051556e+00 +2.5144222e-01 -9.2611889e-04 +6.4041605e+00 +1.0079580e+00 +1.1451185e-01 +9.2582840e-02 -1.9751605e-01 -5.3719753e-03 +3.4143172e+05
2.2913100e-01 +1.0000000e-02 +8.2178444e+00 +2.5187111e-01 -1.0611467e-03 +6.3963951e+00 +1.0087519e+00 +1.1474432e-01 +9.5580617e-02 -1.9801728e-01 -5.7147778e-03 +3.4643900e+05
2.3284600e-01 +1.0000000e-02 +8.2308556e+00 +2.5235222e-01 -1.6891556e-03 +6.3876790e+00 +1.0096185e+00 +1.1476901e-01 +9.7409383e-02 -1.9811728e-01 -6.1485432e-03 +3.5130278e+05
2.3659700e-01 +1.0000000e-02 +8.2435667e+00 +2.5291778e-01 -2.5257889e-03 +6.3856420e+00 +1.0105815e+00 +1.1442963e-01 +9.8798025e-02 -1.9806420e-01 -6.6886790e-03 +3.5585519e+05
2.4038500e-01 +1.0000000e-02 +8.2556222e+00 +2.5351556e-01 -3.1435111e-03 +6.3913580e+00 +1.0120407e+00 +1.1410556e-01 +1.0062296e-01 -1.9829259e-01 -7.0921605e-03 +3.6009239e+05
2.4420900e-01 +1.0000000e-02 +8.2667889e+00 +2.5400778e-01 -3.3201333e-03 +6.3934198e+00 +1.0143358e+00 +1.1465988e-01 +1.0215185e-01 -1.9931728e-01 -7.1865185e-03 +3.6443971e+05
2.4806900e-01 +1.0000000e-02 +8.2764000e+00 +2.5435556e-01 -3.1299000e-03 +6.3907037e+00 +1.0173444e+00 +1.1550728e-01 +1.0091469e-01 -2.0075802e-01 -7.0614321e-03 +3.6904763e+05
2.5196400e-01 +1.0000000e-02 +8.2834444e+00 +2.5456444e-01 -2.6089111e-03 +6.3941111e+00 +1.0204086e+00 +1.1611556e-01 +9.6428148e-02 -2.0140247e-01 -6.7029136e-03 +3.7362253e+05
2.5589500e-01 +1.0000000e-02 +8.2872111e+00 +2.5449333e-01 -1.7755333e-03 +6.4095309e+00 +1.0226457e+00 +1.1644370e-01 +9.0479877e-02 -2.0157531e-01 -6.1044444e-03 +3.7804179e+05
2.5986100e-01 +1.0000000e-02 +8.2875889e+00 +2.5396556e-01 -7.4549000e-04 +6.4363580e+00 +1.0234840e+00 +1.1630605e-01 +8.4746667e-02 -2.0213580e-01 -5.0125309e-03 +3.8234552e+05
2.6386200e-01 +1.0000000e-02 +8.2849667e+00 +2.5277333e-01 +4.7270222e-04 +6.4708395e+00 +1.0229840e+00 +1.1630136e-01 +8.0766543e-02 -2.0308519e-01 -3.5720000e-03 +3.8654582e+05
2.6789700e-01 +1.0000000e-02 +8.2802444e+00 +2.5086333e-01 +1.8422556e-03 +6.5076049e+00 +1.0217099e+00 +1.1679395e-01 +7.9482346e-02 -2.0483580e-01 -2.5155432e-03 +3.9061773e+05
2.7196700e-01 +1.0000000e-02 +8.2752111e+00 +2.4846111e-01 +3.1205667e-03 +6.5407778e+00 +1.0202519e+00 +1.1726210e-01 +8.1110617e-02 -2.0598889e-01 -2.2557654e-03 +3.9461787e+05
2.7607100e-01 +1.0000000e-02 +8.2713222e+00 +2.4592222e-01 +3.8790111e-03 +6.5653704e+00 +1.0188333e+00 +1.1729568e-01 +8.5300617e-02 -2.0494074e-01 -2.1300864e-03 +3.9854059e+05
2.8020900e-01 +1.0000000e-02 +8.2684333e+00 +2.4367667e-01 +3.9872000e-03 +6.5791111e+00 +1.0173136e+00 +1.1724259e-01 +9.1839630e-02 -2.0369012e-01 -1.7912840e-03 +4.0225625e+05
2.8438000e-01 +1.0000000e-02 +8.2660333e+00 +2.4210111e-01 +3.5847444e-03 +6.5845679e+00 +1.0153432e+00 +1.1710852e-01 +1.0005247e-01 -2.0391481e-01 -1.6218642e-03 +4.0564974e+05
2.8858300e-01 +1.0000000e-02 +8.2639000e+00 +2.4121222e-01 +2.8957000e-03 +6.5823580e+00 +1.0131123e+00 +1.1712704e-01 +1.0876593e-01 -2.0488642e-01 -1.7644074e-03 +4.0869578e+05
2.9282000e-01 +1.0000000e-02 +8.2614444e+00 +2.4090889e-01 +2.0275222e-03 +6.5702716e+00 +1.0112716e+00 +1.1779543e-01 +1.1599160e-01 -2.0580123e-01 -2.0600247e-03 +4.1151603e+05
2.9708800e-01 +1.0000000e-02 +8.2575889e+00 +2.4097444e-01 +1.1325556e-03 +6.5509136e+00 +1.0098049e+00 +1.1857025e-01 +1.2195753e-01 -2.0642840e-01 -2.4175556e-03 +4.1412132e+05
3.0138800e-01 +1.0000000e-02 +8.2522000e+00 +2.4104667e-01 +5.0682556e-04 +6.5271235e+00 +1.0082716e+00 +1.1899185e-01 +1.2658519e-01 -2.0578642e-01 -2.8658272e-03 +4.1668881e+05
3.0572000e-01 +1.0000000e-02 +8.2450000e+00 +2.4071333e-01 +4.8086333e-04 +6.5025679e+00 +1.0065568e+00 +1.1865654e-01 +1.2836173e-01 -2.0371975e-01 -3.2128148e-03 +4.1919419e+05
3.1008200e-01 +1.0000000e-02 +8.2351000e+00 +2.3985556e-01 +1.1074300e-03 +6.4805679e+00 +1.0045901e+00 +1.1808568e-01 +1.2736049e-01 -2.0201852e-01 -2.7736914e-03 +4.2162794e+05
3.1447500e-01 +1.0000000e-02 +8.2228000e+00 +2.3853778e-01 +2.0696667e-03 +6.4622099e+00 +1.0018531e+00 +1.1799358e-01 +1.2453580e-01 -2.0153951e-01 -1.9545309e-03 +4.2399655e+05
3.1889700e-01 +1.0000000e-02 +8.2096667e+00 +2.3685333e-01 +3.2130556e-03 +6.4540494e+00 +9.9745679e-01 +1.1803531e-01 +1.2158272e-01 -2.0184938e-01 -1.3329136e-03 +4.2603522e+05
3.2334900e-01 +1.0000000e-02 +8.1966333e+00 +2.3472111e-01 +4.3612111e-03 +6.4566420e+00 +9.9095556e-01 +1.1799617e-01 +1.2067815e-01 -2.0270123e-01 -1.2474444e-03 +4.2770549e+05
3.2783000e-01 +1.0000000e-02 +8.1853778e+00 +2.3205000e-01 +5.1163222e-03 +6.4620741e+00 +9.8301852e-01 +1.1755321e-01 +1.2282568e-01 -2.0395185e-01 -1.6967037e-03 +4.2919608e+05
3.3233800e-01 +1.0000000e-02 +8.1776333e+00 +2.2868889e-01 +5.3665889e-03 +6.4597284e+00 +9.7525556e-01 +1.1683840e-01 +1.2738765e-01 -2.0431111e-01 -2.1268148e-03 +4.3059767e+05
3.3687500e-01 +1.0000000e-02 +8.1739778e+00 +2.2484111e-01 +5.2434667e-03 +6.4521975e+00 +9.6907531e-01 +1.1620901e-01 +1.3094321e-01 -2.0378148e-01 -2.2584815e-03 +4.3192608e+05
3.4143800e-01 +1.0000000e-02 +8.1720889e+00 +2.2095333e-01 +4.6522333e-03 +6.4497778e+00 +9.6449259e-01 +1.1544617e-01 +1.3121605e-01 -2.0377654e-01 -1.9970000e-03 +4.3312438e+05
3.4602800e-01 +1.0000000e-02 +8.1684556e+00 +2.1707222e-01 +3.7155000e-03 +6.4592716e+00 +9.6072346e-01 +1.1514148e-01 +1.2965062e-01 -2.0598148e-01 -1.7392716e-03 +4.3398285e+05
3.5064400e-01 +1.0000000e-02 +8.1623444e+00 +2.1330556e-01 +3.0055000e-03 +6.4772716e+00 +9.5805062e-01 +1.1526531e-01 +1.2797531e-01 -2.0846914e-01 -2.3017531e-03 +4.3462404e+05
3.5528600e-01 +1.0000000e-02 +8.1551000e+00 +2.0959111e-01 +3.0022222e-03 +6.4929630e+00 +9.5736914e-01 +1.1507519e-01 +1.2649630e-01 -2.0890617e-01 -3.3854074e-03 +4.3536026e+05
3.5995100e-01 +1.0000000e-02 +8.1471778e+00 +2.0589333e-01 +3.1665889e-03 +6.4969630e+00 +9.5862716e-01 +1.1447531e-01 +1.2331580e-01 -2.0719383e-01 -4.2563704e-03 +4.3611916e+05
3.6464100e-01 +1.0000000e-02 +8.1374111e+00 +2.0230222e-01 +3.3913333e-03 +6.4899012e+00 +9.6104938e-01 +1.1370346e-01 +1.1838160e-01 -2.0450000e-01 -4.3540864e-03 +4.3681583e+05
3.6935400e-01 +1.0000000e-02 +8.1245556e+00 +1.9876444e-01 +4.0332111e-03 +6.4836296e+00 +9.6363210e-01 +1.1293333e-01 +1.1214778e-01 -2.0351111e-01 -3.7474691e-03 +4.3736237e+05
3.7408900e-01 +1.0000000e-02 +8.1099333e+00 +1.9500000e-01 +4.8096333e-03 +6.4822593e+00 +9.6522346e-01 +1.1248321e-01 +1.0475728e-01 -2.0371605e-01 -2.9973457e-03 +4.3772836e+05
3.7884600e-01 +1.0000000e-02 +8.0953111e+00 +1.9069556e-01 +5.4542222e-03 +6.4782963e+00 +9.6463704e-01 +1.1259012e-01 +9.6085802e-02 -2.0364198e-01 -2.1411728e-03 +4.3812008e+05
3.8362400e-01 +1.0000000e-02 +8.0807111e+00 +1.8582222e-01 +5.5571667e-03 +6.4759012e+00 +9.6140494e-01 +1.1301765e-01 +8.8047037e-02 -2.0333951e-01 -1.5826296e-03 +4.3828070e+05
3.8842300e-01 +1.0000000e-02 +8.0651778e+00 +1.8078222e-01 +5.1647889e-03 +6.4793580e+00 +9.5610988e-01 +1.1276667e-01 +8.4215802e-02 -2.0238889e-01 -1.4550988e-03 +4.3791544e+05
3.9324100e-01 +1.0000000e-02 +8.0488333e+00 +1.7551667e-01 +5.1703111e-03 +6.4792346e+00 +9.5014321e-01 +1.1233877e-01 +8.6325926e-02 -2.0087284e-01 -1.5243086e-03 +4.3733307e+05
3.9807800e-01 +1.0000000e-02 +8.0318444e+00 +1.6978556e-01 +5.9106444e-03 +6.4685062e+00 +9.4472716e-01 +1.1249988e-01 +9.1719630e-02 -1.9972593e-01 -1.5262840e-03 +4.3697446e+05
4.0293300e-01 +1.0000000e-02 +8.0144556e+00 +1.6337444e-01 +6.9694889e-03 +6.4534691e+00 +9.4031975e-01 +1.1296593e-01 +9.5777654e-02 -2.0025062e-01 -1.6550000e-03 +4.3663514e+05
4.0780500e-01 +1.0000000e-02 +7.9981111e+00 +1.5653111e-01 +7.5988111e-03 +6.4425802e+00 +9.3649136e-01 +1.1293383e-01 +9.4807654e-02 -2.0189877e-01 -1.8824074e-03 +4.3578309e+05
4.1269400e-01 +1.0000000e-02 +7.9847222e+00 +1.4956444e-01 +7.6152000e-03 +6.4346296e+00 +9.3240370e-01 +1.1217605e-01 +9.2239383e-02 -2.0206049e-01 -1.7630988e-03 +4.3462423e+05
4.1759800e-01 +1.0000000e-02 +7.9740333e+00 +1.4260778e-01 +7.3752444e-03 +6.4225432e+00 +9.2808765e-01 +1.1164333e-01 +8.9471111e-02 -1.9972469e-01 -1.3879753e-03 +4.3345738e+05
4.2251700e-01 +1.0000000e-02 +7.9636333e+00 +1.3591000e-01 +7.1388000e-03 +6.4149259e+00 +9.2360247e-01 +1.1126086e-01 +8.6603951e-02 -1.9798765e-01 -8.3761605e-04 +4.3233199e+05
4.2745000e-01 +1.0000000e-02 +7.9517333e+00 +1.2912444e-01 +7.0515111e-03 +6.4118395e+00 +9.1854691e-01 +1.1104877e-01 +8.7191728e-02 -1.9796790e-01 -2.5341728e-06 +4.3103518e+05
4.3239600e-01 +1.0000000e-02 +7.9378444e+00 +1.2202333e-01 +7.3069000e-03 +6.3995802e+00 +9.1371728e-01 +1.1139877e-01 +9.1895802e-02 -1.9930000e-01 +4.0375926e-04 +4.2995229e+05
4.3735400e-01 +1.0000000e-02 +7.9232667e+00 +1.1481778e-01 +8.2042111e-03 +6.3715802e+00 +9.1063951e-01 +1.1118778e-01 +9.8119012e-02 -1.9958148e-01 -3.1962593e-04 +4.2925148e+05
4.4232400e-01 +1.0000000e-02 +7.9097333e+00 +1.0770067e-01 +9.0423000e-03 +6.3309753e+00 +9.0913333e-01 +1.0977975e-01 +1.0297099e-01 -1.9779012e-01 -3.7986543e-04 +4.2883553e+05
4.4730400e-01 +1.0000000e-02 +7.8963111e+00 +1.0017267e-01 +9.5285667e-03 +6.2887407e+00 +9.0780247e-01 +1.0960247e-01 +1.0385667e-01 -1.9620741e-01 +8.3205802e-04 +4.2844532e+05
4.5229300e-01 +1.0000000e-02 +7.8815444e+00 +9.1571222e-02 +9.8905222e-03 +6.2591728e+00 +9.0551852e-01 +1.1011938e-01 +1.0016062e-01 -1.9505185e-01 +2.0058148e-03 +4.2789172e+05
4.5729200e-01 +1.0000000e-02 +7.8670667e+00 +8.1857667e-02 +9.8957556e-03 +6.2389630e+00 +9.0214938e-01 +1.0983284e-01 +9.5461728e-02 -1.9498025e-01 +2.0878025e-03 +4.2703435e+05
4.6229800e-01 +1.0000000e-02 +7.8559889e+00 +7.1461556e-02 +9.1147444e-03 +6.2236420e+00 +8.9882840e-01 +1.0926963e-01 +8.8880000e-02 -1.9772099e-01 +1.3430988e-03 +4.2591149e+05
4.6731100e-01 +1.0000000e-02 +7.8486444e+00 +6.0644889e-02 +8.3214000e-03 +6.2145432e+00 +8.9673457e-01 +1.0919753e-01 +7.7991852e-02 -2.0039259e-01 +4.3757901e-04 +4.2478827e+05
4.7233000e-01 +1.0000000e-02 +7.8422778e+00 +4.9600889e-02 +8.3978778e-03 +6.2092716e+00 +8.9668148e-01 +1.0960877e-01 +6.5024815e-02 -2.0076173e-01 -3.1004691e-04 +4.2407763e+05
4.7735400e-01 +1.0000000e-02 +7.8359111e+00 +3.8857444e-02 +8.9508333e-03 +6.2042222e+00 +8.9825926e-01 +1.1027617e-01 +5.1516790e-02 -1.9949383e-01 -6.1904444e-04 +4.2384526e+05
4.8238200e-01 +1.0000000e-02 +7.8298667e+00 +2.8846000e-02 +8.9797778e-03 +6.2019259e+00 +8.9934321e-01 +1.1078444e-01 +3.9661358e-02 -1.9791728e-01 -1.3652469e-04 +4.2364651e+05
4.8741300e-01 +1.0000000e-02 +7.8228778e+00 +1.9185222e-02 +8.3944889e-03 +6.2037160e+00 +8.9872593e-01 +1.1116272e-01 +3.1073333e-02 -1.9841481e-01 +4.3037531e-04 +4.2304864e+05
4.9244700e-01 +1.0000000e-02 +7.8172889e+00 +9.5910000e-03 +7.4497889e-03 +6.2079630e+00 +8.9751605e-01 +1.1109432e-01 +2.4459259e-02 -1.9941975e-01 +2.6404568e-04 +4.2229126e+05
4.9748200e-01 +1.0000000e-02 +7.8149444e+00 +0.0000000e+00 +6.8514333e-03 +6.2086790e+00 +8.9689877e-01 +1.1059728e-01 +1.7812222e-02 -1.9814568e-01 -4.9196173e-05 +4.2185432e+05
5.0251800e-01 +1.0000000e-02 +7.8149444e+00 -9.5910000e-03 +6.5759222e-03 +6.2086790e+00 +8.9689877e-01 +1.1072185e-01 +1.0273321e-02 -1.9865309e-01 +4.9196173e-05 +4.2185432e+05
5.0755300e-01 +1.0000000e-02 +7.8172889e+00 -1.9185222e-02 +6.5655778e-03 +6.2079630e+00 +8.9751605e-01 +1.1126840e-01 +2.8810123e-03 -2.0067407e-01 -2.6404568e-04 +4.2229126e+05
5.1258700e-01 +1.0000000e-02 +7.8228778e+00 -2.8846000e-02 +6.8869556e-03 +6.2037160e+00 +8.9872593e-01 +1.1151926e-01 -4.8477160e-03 -2.0032593e-01 -4.3037531e-04 +4.2304864e+05
5.1761800e-01 +1.0000000e-02 +7.8298667e+00 -3.8857444e-02 +6.9256667e-03 +6.2019259e+00 +8.9934321e-01 +1.1108136e-01 -1.4518395e-02 -1.9924198e-01 +1.3652469e-04 +4.2364651e+05
5.2264600e-01 +1.0000000e-02 +7.8359111e+00 -4.9600889e-02 +6.5481667e-03 +6.2042222e+00 +8.9825926e-01 +1.1067247e-01 -2.7838889e-02 -2.0018395e-01 +6.1904444e-04 +4.2384526e+05
5.2767000e-01 +1.0000000e-02 +7.8422778e+00 -6.0644889e-02 +5.9981111e-03 +6.2092716e+00 +8.9668148e-01 +1.1048321e-01 -4.4094198e-02 -2.0206173e-01 +3.1004691e-04 +4.2407763e+05
5.3268900e-01 +1.0000000e-02 +7.8486444e+00 -7.1461556e-02 +6.2160111e-03 +6.2145432e+00 +8.9673457e-01 +1.1045778e-01 -5.9902593e-02 -2.0262963e-01 -4.3757901e-04 +4.2478827e+05
5.3770200e-01 +1.0000000e-02 +7.8559889e+00 -8.1857667e-02 +7.2614111e-03 +6.2236420e+00 +8.9882840e-01 +1.1052728e-01 -7.3407160e-02 -2.0066049e-01 -1.3430988e-03 +4.2591149e+05
5.4270800e-01 +1.0000000e-02 +7.8670667e+00 -9.1571222e-02 +7.9610778e-03 +6.2389630e+00 +9.0214938e-01 +1.1096148e-01 -8.4092716e-02 -1.9797654e-01 -2.0878025e-03 +4.2703435e+05
5.4770700e-01 +1.0000000e-02 +7.8815444e+00 -1.0017267e-01 +7.6317667e-03 +6.2591728e+00 +9.0551852e-01 +1.1108358e-01 -9.4061481e-02 -1.9799877e-01 -2.0058148e-03 +4.2789172e+05
5.5269600e-01 +1.0000000e-02 +7.8963111e+00 -1.0770067e-01 +6.7983111e-03 +6.2887407e+00 +9.0780247e-01 +1.1090222e-01 -1.0421099e-01 -2.0121605e-01 -8.3205802e-04 +4.2844532e+05
5.5767600e-01 +1.0000000e-02 +7.9097333e+00 -1.1481778e-01 +5.7502556e-03 +6.3309753e+00 +9.0913333e-01 +1.1127753e-01 -1.1284716e-01 -2.0589753e-01 +3.7986543e-04 +4.2883553e+05
5.6264600e-01 +1.0000000e-02 +7.9232667e+00 -1.2202333e-01 +4.7306889e-03 +6.3715802e+00 +9.1063951e-01 +1.1248543e-01 -1.2187963e-01 -2.0886543e-01 +3.1962593e-04 +4.2925148e+05
5.6760400e-01 +1.0000000e-02 +7.9378444e+00 -1.2912444e-01 +4.4207889e-03 +6.3995802e+00 +9.1371728e-01 +1.1257790e-01 -1.3026667e-01 -2.0705802e-01 -4.0375926e-04 +4.2995229e+05
5.7255000e-01 +1.0000000e-02 +7.9517333e+00 -1.3591000e-01 +5.2815778e-03 +6.4118395e+00 +9.1854691e-01 +1.1212037e-01 -1.3579259e-01 -2.0187284e-01 +2.5341728e-06 +4.3103518e+05
5.7748300e-01 +1.0000000e-02 +7.9636333e+00 -1.4260778e-01 +6.7849667e-03 +6.4149259e+00 +9.2360247e-01 +1.1220086e-01 -1.3885556e-01 -1.9801852e-01 +8.3761605e-04 +4.3233199e+05
5.8240200e-01 +1.0000000e-02 +7.9740333e+00 -1.4956444e-01 +8.0966333e-03 +6.4225432e+00 +9.2808765e-01 +1.1248333e-01 -1.4049506e-01 -1.9808765e-01 +1.3879753e-03 +4.3345738e+05
5.8730600e-01 +1.0000000e-02 +7.9847222e+00 -1.5653111e-01 +8.7293889e-03 +6.4346296e+00 +9.3240370e-01 +1.1275259e-01 -1.4059877e-01 -1.9994198e-01 +1.7630988e-03 +4.3462423e+05
5.9219500e-01 +1.0000000e-02 +7.9981111e+00 -1.6337444e-01 +8.9801111e-03 +6.4425802e+00 +9.3649136e-01 +1.1336012e-01 -1.4025556e-01 -1.9961975e-01 +1.8824074e-03 +4.3578309e+05
5.9706700e-01 +1.0000000e-02 +8.0144556e+00 -1.6978556e-01 +8.5779556e-03 +6.4534691e+00 +9.4031975e-01 +1.1333099e-01 -1.3808765e-01 -1.9845185e-01 +1.6550000e-03 +4.3663514e+05
6.0192200e-01 +1.0000000e-02 +8.0318444e+00 -1.7551667e-01 +7.7794111e-03 +6.4685062e+00 +9.4472716e-01 +1.1306148e-01 -1.3090247e-01 -1.9797778e-01 +1.5262840e-03 +4.3697446e+05
6.0675900e-01 +1.0000000e-02 +8.0488333e+00 -1.8078222e-01 +7.0176111e-03 +6.4792346e+00 +9.5014321e-01 +1.1312988e-01 -1.2247494e-01 -1.9890000e-01 +1.5243086e-03 +4.3733307e+05
6.1157700e-01 +1.0000000e-02 +8.0651778e+00 -1.8582222e-01 +6.5631222e-03 +6.4793580e+00 +9.5610988e-01 +1.1284938e-01 -1.1842654e-01 -1.9952346e-01 +1.4550988e-03 +4.3791544e+05
6.1637600e-01 +1.0000000e-02 +8.0807111e+00 -1.9069556e-01 +6.5675889e-03 +6.4759012e+00 +9.6140494e-01 +1.1238914e-01 -1.2085963e-01 -1.9978148e-01 +1.5826296e-03 +4.3828070e+05
6.2115400e-01 +1.0000000e-02 +8.0953111e+00 -1.9500000e-01 +6.3718222e-03 +6.4782963e+00 +9.6463704e-01 +1.1178827e-01 -1.2670494e-01 -2.0053457e-01 +2.1411728e-03 +4.3812008e+05
6.2591100e-01 +1.0000000e-02 +8.1099333e+00 -1.9876444e-01 +5.4782111e-03 +6.4822593e+00 +9.6522346e-01 +1.1138568e-01 -1.3238272e-01 -2.0092222e-01 +2.9973457e-03 +4.3772836e+05
6.3064600e-01 +1.0000000e-02 +8.1245556e+00 -2.0230222e-01 +4.2498222e-03 +6.4836296e+00 +9.6363210e-01 +1.1147926e-01 -1.3742099e-01 -2.0073827e-01 +3.7474691e-03 +4.3736237e+05
6.3535900e-01 +1.0000000e-02 +8.1374111e+00 -2.0589333e-01 +3.1062111e-03 +6.4899012e+00 +9.6104938e-01 +1.1218309e-01 -1.4230247e-01 -2.0112963e-01 +4.3540864e-03 +4.3681583e+05
6.4004900e-01 +1.0000000e-02 +8.1471778e+00 -2.0959111e-01 +2.2485778e-03 +6.4969630e+00 +9.5862716e-01 +1.1302062e-01 -1.4619259e-01 -2.0226173e-01 +4.2563704e-03 +4.3611916e+05
6.4471400e-01 +1.0000000e-02 +8.1551000e+00 -2.1330556e-01 +1.6390111e-03 +6.4929630e+00 +9.5736914e-01 +1.1331272e-01 -1.4799506e-01 -2.0260247e-01 +3.3854074e-03 +4.3536026e+05
6.4935600e-01 +1.0000000e-02 +8.1623444e+00 -2.1707222e-01 +1.7000222e-03 +6.4772716e+00 +9.5805062e-01 +1.1314432e-01 -1.4837901e-01 -2.0238272e-01 +2.3017531e-03 +4.3462404e+05
6.5397200e-01 +1.0000000e-02 +8.1684556e+00 -2.2095333e-01 +2.8185778e-03 +6.4592716e+00 +9.6072346e-01 +1.1314099e-01 -1.4923210e-01 -2.0126914e-01 +1.7392716e-03 +4.3398285e+05
6.5856200e-01 +1.0000000e-02 +8.1720889e+00 -2.2484111e-01 +4.2537333e-03 +6.4497778e+00 +9.6449259e-01 +1.1375123e-01 -1.4957654e-01 -2.0027778e-01 +1.9970000e-03 +4.3312438e+05
6.6312500e-01 +1.0000000e-02 +8.1739778e+00 -2.2868889e-01 +5.2812111e-03 +6.4521975e+00 +9.6907531e-01 +1.1446728e-01 -1.4735309e-01 -2.0096049e-01 +2.2584815e-03 +4.3192608e+05
6.6766200e-01 +1.0000000e-02 +8.1776333e+00 -2.3205000e-01 +5.7251333e-03 +6.4597284e+00 +9.7525556e-01 +1.1475790e-01 -1.4176667e-01 -2.0158642e-01 +2.1268148e-03 +4.3059767e+05
6.7217000e-01 +1.0000000e-02 +8.1853778e+00 -2.3472111e-01 +5.9454222e-03 +6.4620741e+00 +9.8301852e-01 +1.1502383e-01 -1.3548395e-01 -2.0099753e-01 +1.6967037e-03 +4.2919608e+05
6.7665100e-01 +1.0000000e-02 +8.1966333e+00 -2.3685333e-01 +5.8496667e-03 +6.4566420e+00 +9.9095556e-01 +1.1537864e-01 -1.3167901e-01 -2.0010494e-01 +1.2474444e-03 +4.2770549e+05
6.8110300e-01 +1.0000000e-02 +8.2096667e+00 -2.3853778e-01 +5.3224667e-03 +6.4540494e+00 +9.9745679e-01 +1.1534309e-01 -1.3121235e-01 -1.9990000e-01 +1.3329136e-03 +4.2603522e+05
6.8552500e-01 +1.0000000e-02 +8.2228000e+00 -2.3985556e-01 +4.3706333e-03 +6.4622099e+00 +1.0018531e+00 +1.1575247e-01 -1.3300617e-01 -2.0055802e-01 +1.9545309e-03 +4.2399655e+05
6.8991800e-01 +1.0000000e-02 +8.2351000e+00 -2.4071333e-01 +3.1445667e-03 +6.4805679e+00 +1.0045901e+00 +1.1639852e-01 -1.3508765e-01 -2.0211975e-01 +2.7736914e-03 +4.2162794e+05
6.9428000e-01 +1.0000000e-02 +8.2450000e+00 -2.4104667e-01 +2.0099444e-03 +6.5025679e+00 +1.0065568e+00 +1.1707481e-01 -1.3595556e-01 -2.0387407e-01 +3.2128148e-03 +4.1919419e+05
6.9861200e-01 +1.0000000e-02 +8.2522000e+00 -2.4097444e-01 +1.3958778e-03 +6.5271235e+00 +1.0082716e+00 +1.1703370e-01 -1.3445185e-01 -2.0477654e-01 +2.8658272e-03 +4.1668881e+05
7.0291200e-01 +1.0000000e-02 +8.2575889e+00 -2.4090889e-01 +1.2638333e-03 +6.5509136e+00 +1.0098049e+00 +1.1648914e-01 -1.3090988e-01 -2.0522469e-01 +2.4175556e-03 +4.1412132e+05
7.0718000e-01 +1.0000000e-02 +8.2614444e+00 -2.4121222e-01 +1.5811111e-03 +6.5702716e+00 +1.0112716e+00 +1.1610728e-01 -1.2751852e-01 -2.0603457e-01 +2.0600247e-03 +4.1151603e+05
7.1141700e-01 +1.0000000e-02 +8.2639000e+00 -2.4210111e-01 +2.2086889e-03 +6.5823580e+00 +1.0131123e+00 +1.1586481e-01 -1.2408642e-01 -2.0645926e-01 +1.7644074e-03 +4.0869578e+05
7.1562000e-01 +1.0000000e-02 +8.2660333e+00 -2.4367667e-01 +2.8908222e-03 +6.5845679e+00 +1.0153432e+00 +1.1578556e-01 -1.1982284e-01 -2.0483951e-01 +1.6218642e-03 +4.0564974e+05
7.1979100e-01 +1.0000000e-02 +8.2684333e+00 -2.4592222e-01 +3.5045889e-03 +6.5791111e+00 +1.0173136e+00 +1.1545926e-01 -1.1547642e-01 -2.0175926e-01 +1.7912840e-03 +4.0225625e+05
7.2392900e-01 +1.0000000e-02 +8.2713222e+00 -2.4846111e-01 +3.8859222e-03 +6.5653704e+00 +1.0188333e+00 +1.1505642e-01 -1.1072556e-01 -1.9961358e-01 +2.1300864e-03 +3.9854059e+05
7.2803300e-01 +1.0000000e-02 +8.2752111e+00 -2.5086333e-01 +3.7408667e-03 +6.5407778e+00 +1.0202519e+00 +1.1472654e-01 -1.0577901e-01 -1.9840247e-01 +2.2557654e-03 +3.9461787e+05
7.3210300e-01 +1.0000000e-02 +8.2802444e+00 -2.5277333e-01 +2.9491778e-03 +6.5076049e+00 +1.0217099e+00 +1.1398432e-01 -1.0170160e-01 -1.9658519e-01 +2.5155432e-03 +3.9061773e+05
7.3613800e-01 +1.0000000e-02 +8.2849667e+00 -2.5396556e-01 +1.8791889e-03 +6.4708395e+00 +1.0229840e+00 +1.1344333e-01 -9.9930370e-02 -1.9442469e-01 +3.5720000e-03 +3.8654582e+05
7.4013900e-01 +1.0000000e-02 +8.2875889e+00 -2.5449333e-01 +8.7657000e-04 +6.4363580e+00 +1.0234840e+00 +1.1362580e-01 -1.0034148e-01 -1.9313704e-01 +5.0125309e-03 +3.8234552e+05
7.4410500e-01 +1.0000000e-02 +8.2872111e+00 -2.5456444e-01 +6.1034000e-06 +6.4095309e+00 +1.0226457e+00 +1.1395123e-01 -1.0244309e-01 -1.9333580e-01 +6.1044444e-03 +3.7804179e+05
7.4803600e-01 +1.0000000e-02 +8.2834444e+00 -2.5435556e-01 -6.4649444e-04 +6.3941111e+00 +1.0204086e+00 +1.1380198e-01 -1.0513617e-01 -1.9424444e-01 +6.7029136e-03 +3.7362253e+05
7.5193100e-01 +1.0000000e-02 +8.2764000e+00 -2.5400778e-01 -1.0369178e-03 +6.3907037e+00 +1.0173444e+00 +1.1337531e-01 -1.0620765e-01 -1.9439012e-01 +7.0614321e-03 +3.6904763e+05
7.5579100e-01 +1.0000000e-02 +8.2667889e+00 -2.5351556e-01 -1.1564556e-03 +6.3934198e+00 +1.0143358e+00 +1.1283778e-01 -1.0389852e-01 -1.9394321e-01 +7.1865185e-03 +3.6443971e+05
7.5961500e-01 +1.0000000e-02 +8.2556222e+00 -2.5291778e-01 -8.2434667e-04 +6.3913580e+00 +1.0120407e+00 +1.1253296e-01 -9.9205432e-02 -1.9374198e-01 +7.0921605e-03 +3.6009239e+05
7.6340300e-01 +1.0000000e-02 +8.2435667e+00 -2.5235222e-01 -1.2335556e-05 +6.3856420e+00 +1.0105815e+00 +1.1296222e-01 -9.4922593e-02 -1.9367654e-01 +6.6886790e-03 +3.5585519e+05
7.6715400e-01 +1.0000000e-02 +8.2308556e+00 -2.5187111e-01 +8.4662000e-04 +6.3876790e+00 +1.0096185e+00 +1.1350173e-01 -9.1086667e-02 -1.9282840e-01 +6.1485432e-03 +3.5130278e+05
7.7086900e-01 +1.0000000e-02 +8.2178444e+00 -2.5144222e-01 +1.2130444e-03 +6.3963951e+00 +1.0087519e+00 +1.1370975e-01 -8.5897284e-02 -1.9150000e-01 +5.7147778e-03 +3.4643900e+05
7.7454800e-01 +1.0000000e-02 +8.2051556e+00 -2.5092333e-01 +9.6123222e-04 +6.4041605e+00 +1.0079580e+00 +1.1346259e-01 -7.9266420e-02 -1.9040988e-01 +5.3719753e-03 +3.4143171e+05
7.7819000e-01 +1.0000000e-02 +8.1930000e+00 -2.5008111e-01 +3.0460667e-04 +6.4078025e+00 +1.0073481e+00 +1.1309704e-01 -7.2196420e-02 -1.8960247e-01 +5.3529012e-03 +3.3624452e+05
7.8179500e-01 +1.0000000e-02 +8.1809667e+00 -2.4874889e-01 -5.8111000e-04 +6.4050000e+00 +1.0064864e+00 +1.1269457e-01 -6.5252099e-02 -1.8901235e-01 +5.6663580e-03 +3.3089488e+05
7.8536400e-01 +1.0000000e-02 +8.1686889e+00 -2.4691778e-01 -1.6037333e-03 +6.3950988e+00 +1.0047037e+00 +1.1213654e-01 -5.8560617e-02 -1.8856790e-01 +6.1230000e-03 +3.2543402e+05
7.8889500e-01 +1.0000000e-02 +8.1560333e+00 -2.4467000e-01 -2.5646778e-03 +6.3767284e+00 +1.0018617e+00 +1.1146469e-01 -5.1794815e-02 -1.8824938e-01 +6.5195309e-03 +3.1997656e+05
7.9238900e-01 +1.0000000e-02 +8.1429111e+00 -2.4210667e-01 -3.3192111e-03 +6.3505062e+00 +9.9856543e-01 +1.1105284e-01 -4.4127654e-02 -1.8796667e-01 +6.5643827e-03 +3.1459754e+05
7.9584700e-01 +1.0000000e-02 +8.1289111e+00 -2.3922111e-01 -3.7715556e-03 +6.3197778e+00 +9.9567160e-01 +1.1044704e-01 -3.5581358e-02 -1.8758889e-01 +6.4468765e-03 +3.0928215e+05
7.9926700e-01 +1.0000000e-02 +8.1133556e+00 -2.3599889e-01 -3.7579556e-03 +6.2878395e+00 +9.9360617e-01 +1.0946531e-01 -2.7278519e-02 -1.8687654e-01 +6.6824568e-03 +3.0396498e+05
8.0265000e-01 +1.0000000e-02 +8.0957667e+00 -2.3252222e-01 -3.2375111e-03 +6.2567407e+00 +9.9215185e-01 +1.0856012e-01 -2.0114444e-02 -1.8586543e-01 +7.3961852e-03 +2.9866681e+05
8.0599600e-01 +1.0000000e-02 +8.0763889e+00 -2.2897556e-01 -2.3880556e-03 +6.2253827e+00 +9.9074568e-01 +1.0803543e-01 -1.4012099e-02 -1.8439630e-01 +8.2508272e-03 +2.9352030e+05
8.0930400e-01 +1.0000000e-02 +8.0556333e+00 -2.2552333e-01 -1.4469444e-03 +6.1931235e+00 +9.8883951e-01 +1.0775975e-01 -8.4078642e-03 -1.8245926e-01 +8.9508395e-03 +2.8850689e+05
8.1257600e-01 +1.0000000e-02 +8.0337000e+00 -2.2224444e-01 -6.0083444e-04 +6.1620617e+00 +9.8608272e-01 +1.0729506e-01 -2.4422716e-03 -1.8086173e-01 +9.3421235e-03 +2.8344195e+05
8.1581000e-01 +1.0000000e-02 +8.0109333e+00 -2.1914444e-01 +8.5209444e-05 +6.1319259e+00 +9.8257531e-01 +1.0661630e-01 +4.7994321e-03 -1.7987407e-01 +9.4129506e-03 +2.7828045e+05
8.1900800e-01 +1.0000000e-02 +7.9879444e+00 -2.1620444e-01 +6.8197222e-04 +6.0991111e+00 +9.7870247e-01 +1.0598000e-01 +1.3166173e-02 -1.7907284e-01 +9.3155556e-03 +2.7316062e+05
8.2216800e-01 +1.0000000e-02 +7.9649222e+00 -2.1340222e-01 +1.2180667e-03 +6.0618889e+00 +9.7462840e-01 +1.0548333e-01 +2.1304815e-02 -1.7787160e-01 +9.2601481e-03 +2.6816004e+05
8.2529200e-01 +1.0000000e-02 +7.9414667e+00 -2.1075889e-01 +1.6576333e-03 +6.0230494e+00 +9.7025556e-01 +1.0491420e-01 +2.8400741e-02 -1.7634938e-01 +9.2965062e-03 +2.6320817e+05
8.2837800e-01 +1.0000000e-02 +7.9172333e+00 -2.0832333e-01 +2.0214667e-03 +5.9841358e+00 +9.6553457e-01 +1.0420136e-01 +3.4463210e-02 -1.7461728e-01 +9.2661605e-03 +2.5827450e+05
8.3142800e-01 +1.0000000e-02 +7.8925000e+00 -2.0610000e-01 +2.3629333e-03 +5.9442593e+00 +9.6052840e-01 +1.0329395e-01 +3.9716173e-02 -1.7242716e-01 +9.0726667e-03 +2.5342670e+05
8.3444100e-01 +1.0000000e-02 +7.8676444e+00 -2.0413556e-01 +2.7267889e-03 +5.9018642e+00 +9.5525802e-01 +1.0234840e-01 +4.4227531e-02 -1.6994444e-01 +8.9090741e-03 +2.4870035e+05
8.3741800e-01 +1.0000000e-02 +7.8426667e+00 -2.0254000e-01 +3.1932889e-03 +5.8577037e+00 +9.4966790e-01 +1.0155358e-01 +4.7814321e-02 -1.6738889e-01 +8.8866914e-03 +2.4407245e+05
8.4035800e-01 +1.0000000e-02 +7.8173889e+00 -2.0141222e-01 +3.7681667e-03 +5.8150247e+00 +9.4370988e-01 +1.0082235e-01 +5.0239506e-02 -1.6459259e-01 +9.0148889e-03 +2.3950073e+05
8.4326200e-01 +1.0000000e-02 +7.7916778e+00 -2.0079667e-01 +4.3627333e-03 +5.7768519e+00 +9.3740123e-01 +9.9944074e-02 +5.1448395e-02 -1.6171852e-01 +9.3135556e-03 +2.3495304e+05
8.4613000e-01 +1.0000000e-02 +7.7654111e+00 -2.0069889e-01 +4.9486333e-03 +5.7439259e+00 +9.3082963e-01 +9.8926173e-02 +5.1600741e-02 -1.5964321e-01 +9.7410494e-03 +2.3045584e+05
8.4896200e-01 +1.0000000e-02 +7.7385667e+00 -2.0114000e-01 +5.6238889e-03 +5.7151358e+00 +9.2406049e-01 +9.7991481e-02 +5.0794691e-02 -1.5894938e-01 +1.0129062e-02 +2.2604159e+05
8.5175700e-01 +1.0000000e-02 +7.7114889e+00 -2.0216000e-01 +6.4350111e-03 +5.6893086e+00 +9.1707778e-01 +9.7200000e-02 +4.8918642e-02 -1.5939012e-01 +1.0286914e-02 +2.2169988e+05
8.5451800e-01 +1.0000000e-02 +7.6849000e+00 -2.0377333e-01 +7.2809667e-03 +5.6651358e+00 +9.0980741e-01 +9.6507284e-02 +4.6140864e-02 -1.6033457e-01 +1.0179568e-02 +2.1741321e+05
8.5724300e-01 +1.0000000e-02 +7.6594778e+00 -2.0597111e-01 +8.0371778e-03 +5.6405679e+00 +9.0212099e-01 +9.6007531e-02 +4.2756420e-02 -1.6116296e-01 +9.9003704e-03 +2.1321494e+05
8.5993200e-01 +1.0000000e-02 +7.6355889e+00 -2.0871556e-01 +8.6444889e-03 +5.6141481e+00 +8.9388025e-01 +9.5771728e-02 +3.8956543e-02 -1.6146420e-01 +9.4770123e-03 +2.0910737e+05
8.6258600e-01 +1.0000000e-02 +7.6133333e+00 -2.1192667e-01 +9.0823556e-03 +5.5853580e+00 +8.8508765e-01 +9.5615432e-02 +3.5158765e-02 -1.6120988e-01 +8.8027284e-03 +2.0508927e+05
8.6520600e-01 +1.0000000e-02 +7.5927333e+00 -2.1546444e-01 +9.3450778e-03 +5.5549753e+00 +8.7604568e-01 +9.5106667e-02 +3.1946790e-02 -1.6048519e-01 +7.8300000e-03 +2.0113587e+05
8.6779100e-01 +1.0000000e-02 +7.5736444e+00 -2.1916556e-01 +9.4596222e-03 +5.5243951e+00 +8.6726049e-01 +9.4000864e-02 +2.9717778e-02 -1.5935062e-01 +6.7197778e-03 +1.9720605e+05
8.7034100e-01 +1.0000000e-02 +7.5558889e+00 -2.2290222e-01 +9.5165556e-03 +5.4929630e+00 +8.5919383e-01 +9.2479136e-02 +2.8390000e-02 -1.5786420e-01 +5.7246049e-03 +1.9332157e+05
8.7285700e-01 +1.0000000e-02 +7.5392667e+00 -2.2660889e-01 +9.6503889e-03 +5.4590000e+00 +8.5205556e-01 +9.0857654e-02 +2.7463457e-02 -1.5621235e-01 +5.0183704e-03 +1.8952471e+05
8.7534000e-01 +1.0000000e-02 +7.5236556e+00 -2.3028889e-01 +9.9756889e-03 +5.4214321e+00 +8.4575926e-01 +8.9371481e-02 +2.6177778e-02 -1.5475309e-01 +4.6390370e-03 +1.8582744e+05
8.7778800e-01 +1.0000000e-02 +7.5089778e+00 -2.3399556e-01 +1.0537544e-02 +5.3796173e+00 +8.3999753e-01 +8.8175062e-02 +2.3865556e-02 -1.5363333e-01 +4.5255926e-03 +1.8225556e+05
8.8020300e-01 +1.0000000e-02 +7.4952333e+00 -2.3779778e-01 +1.1302667e-02 +5.3337654e+00 +8.3440000e-01 +8.7223827e-02 +2.0111358e-02 -1.5269506e-01 +4.5732593e-03 +1.7881218e+05
8.8258400e-01 +1.0000000e-02 +7.4825556e+00 -2.4175111e-01 +1.2179333e-02 +5.2856790e+00 +8.2864568e-01 +8.6296790e-02 +1.4657160e-02 -1.5169136e-01 +4.6889506e-03 +1.7543373e+05
8.8493300e-01 +1.0000000e-02 +7.4711111e+00 -2.4587333e-01 +1.3040778e-02 +5.2376049e+00 +8.2253827e-01 +8.5239506e-02 +7.5976790e-03 -1.5044568e-01 +4.8242593e-03 +1.7205491e+05
8.8724900e-01 +1.0000000e-02 +7.4610778e+00 -2.5015222e-01 +1.3758333e-02 +5.1904074e+00 +8.1599136e-01 +8.4094321e-02 -6.0613333e-04 -1.4890988e-01 +4.9463210e-03 +1.6870240e+05
8.8953200e-01 +1.0000000e-02 +7.4525444e+00 -2.5455222e-01 +1.4247333e-02 +5.1442716e+00 +8.0900617e-01 +8.2928765e-02 -9.4381111e-03 -1.4712469e-01 +5.0139877e-03 +1.6543652e+05
8.9178300e-01 +1.0000000e-02 +7.4455000e+00 -2.5903333e-01 +1.4500333e-02 +5.1001481e+00 +8.0163951e-01 +8.1750617e-02 -1.8569136e-02 -1.4514568e-01 +5.0133333e-03 +1.6226179e+05
8.9400200e-01 +1.0000000e-02 +7.4398667e+00 -2.6355556e-01 +1.4572889e-02 +5.0595926e+00 +7.9397037e-01 +8.0594691e-02 -2.7804074e-02 -1.4303827e-01 +4.9769259e-03 +1.5914608e+05
8.9619000e-01 +1.0000000e-02 +7.4354667e+00 -2.6808444e-01 +1.4546778e-02 +5.0236420e+00 +7.8603704e-01 +7.9495679e-02 -3.6929012e-02 -1.4092346e-01 +4.9512099e-03 +1.5607125e+05
8.9834600e-01 +1.0000000e-02 +7.4321444e+00 -2.7260667e-01 +1.4505333e-02 +4.9923457e+00 +7.7780988e-01 +7.8453704e-02 -4.5697407e-02 -1.3896543e-01 +4.9620741e-03 +1.5304301e+05
9.0047100e-01 +1.0000000e-02 +7.4298222e+00 -2.7712556e-01 +1.4523556e-02 +4.9647654e+00 +7.6923580e-01 +7.7452469e-02 -5.3922099e-02 -1.3726420e-01 +4.9935432e-03 +1.5007858e+05
9.0256500e-01 +1.0000000e-02 +7.4284667e+00 -2.8166000e-01 +1.4656556e-02 +4.9396790e+00 +7.6031852e-01 +7.6463086e-02 -6.1536173e-02 -1.3581358e-01 +4.9984444e-03 +1.4718840e+05
9.0462900e-01 +1.0000000e-02 +7.4281444e+00 -2.8622667e-01 +1.4920444e-02 +4.9163210e+00 +7.5115062e-01 +7.5444568e-02 -6.8569136e-02 -1.3453827e-01 +4.9223951e-03 +1.4436159e+05
9.0666200e-01 +1.0000000e-02 +7.4289667e+00 -2.9081667e-01 +1.5278444e-02 +4.8944815e+00 +7.4187654e-01 +7.4381975e-02 -7.5071852e-02 -1.3338765e-01 +4.7274691e-03 +1.4157634e+05
9.0866500e-01 +1.0000000e-02 +7.4311444e+00 -2.9539444e-01 +1.5648000e-02 +4.8740370e+00 +7.3264815e-01 +7.3306296e-02 -8.1063704e-02 -1.3238025e-01 +4.4045185e-03 +1.3881852e+05
9.1063900e-01 +1.0000000e-02 +7.4349000e+00 -2.9990333e-01 +1.5929000e-02 +4.8545556e+00 +7.2359136e-01 +7.2267778e-02 -8.6543951e-02 -1.3158642e-01 +3.9553951e-03 +1.3609243e+05
9.1258400e-01 +1.0000000e-02 +7.4404333e+00 -3.0427000e-01 +1.6032667e-02 +4.8355556e+00 +7.1481111e-01 +7.1296296e-02 -9.1524691e-02 -1.3106296e-01 +3.3787778e-03 +1.3339542e+05
9.1449900e-01 +1.0000000e-02 +7.4478889e+00 -3.0841444e-01 +1.5894222e-02 +4.8164938e+00 +7.0638889e-01 +7.0380741e-02 -9.6056667e-02 -1.3079012e-01 +2.6880494e-03 +1.3071437e+05
9.1638500e-01 +1.0000000e-02 +7.4572556e+00 -3.1225000e-01 +1.5473000e-02 +4.7965556e+00 +6.9837531e-01 +6.9481605e-02 -1.0023704e-01 -1.3065185e-01 +1.9338148e-03 +1.2804688e+05
9.1824400e-01 +1.0000000e-02 +7.4683667e+00 -3.1569556e-01 +1.4754556e-02 +4.7747531e+00 +6.9077654e-01 +6.8557901e-02 -1.0416704e-01 -1.3046667e-01 +1.2005481e-03 +1.2540607e+05
9.2007400e-01 +1.0000000e-02 +7.4809778e+00 -3.1868222e-01 +1.3754111e-02 +4.7501728e+00 +6.8356420e-01 +6.7579630e-02 -1.0791679e-01 -1.3007654e-01 +5.8216543e-04 +1.2281315e+05
9.2187600e-01 +1.0000000e-02 +7.4947333e+00 -3.2114889e-01 +1.2509889e-02 +4.7222346e+00 +6.7667531e-01 +6.6536790e-02 -1.1154593e-01 -1.2939136e-01 +1.6137531e-04 +1.2027959e+05
9.2365000e-01 +1.0000000e-02 +7.5092333e+00 -3.2305444e-01 +1.1069911e-02 +4.6906543e+00 +6.7001728e-01 +6.5449506e-02 -1.1512444e-01 -1.2841975e-01 +2.5200741e-06 +1.1780367e+05
9.2539800e-01 +1.0000000e-02 +7.5240556e+00 -3.2436778e-01 +9.4793556e-03 +4.6554938e+00 +6.6347160e-01 +6.4360000e-02 -1.1872346e-01 -1.2725309e-01 +1.4463580e-04 +1.1537045e+05
9.2711800e-01 +1.0000000e-02 +7.5387333e+00 -3.2507556e-01 +7.7717000e-03 +4.6170741e+00 +6.5690123e-01 +6.3304938e-02 -1.2239457e-01 -1.2599630e-01 +5.9456173e-04 +1.1297034e+05
9.2881200e-01 +1.0000000e-02 +7.5528778e+00 -3.2517444e-01 +5.9655111e-03 +4.5759136e+00 +6.5017531e-01 +6.2301728e-02 -1.2614815e-01 -1.2470741e-01 +1.3341852e-03 +1.1059815e+05
9.3048000e-01 +1.0000000e-02 +7.5661111e+00 -3.2466778e-01 +4.0659111e-03 +4.5326790e+00 +6.4318395e-01 +6.1353951e-02 -1.2994568e-01 -1.2339778e-01 +2.3402840e-03 +1.0825070e+05
9.3212100e-01 +1.0000000e-02 +7.5781111e+00 -3.2356111e-01 +2.0680000e-03 +4.4880864e+00 +6.3584691e-01 +6.0454321e-02 -1.3372469e-01 -1.2207037e-01 +3.5976667e-03 +1.0592205e+05
9.3373700e-01 +1.0000000e-02 +7.5885556e+00 -3.2185667e-01 -4.0069667e-05 +4.4427284e+00 +6.2810494e-01 +5.9586296e-02 -1.3742963e-01 -1.2076062e-01 +5.0974198e-03 +1.0360870e+05
9.3532800e-01 +1.0000000e-02 +7.5971556e+00 -3.1956333e-01 -2.2744444e-03 +4.3971111e+00 +6.1991111e-01 +5.8729383e-02 -1.4101975e-01 -1.1953210e-01 +6.8292963e-03 +1.0131488e+05
9.3689300e-01 +1.0000000e-02 +7.6036667e+00 -3.1668556e-01 -4.6512667e-03 +4.3516173e+00 +6.1122716e-01 +5.7869753e-02 -1.4445432e-01 -1.1845469e-01 +8.7776667e-03 +9.9045531e+04
9.3843400e-01 +1.0000000e-02 +7.6078000e+00 -3.1323111e-01 -7.1808333e-03 +4.3064691e+00 +6.0202469e-01 +5.7008765e-02 -1.4768395e-01 -1.1758111e-01 +1.0921889e-02 +9.6800324e+04
9.3995000e-01 +1.0000000e-02 +7.6093333e+00 -3.0920778e-01 -9.8632889e-03 +4.2617284e+00 +5.9229012e-01 +5.6166420e-02 -1.5063951e-01 -1.1693062e-01 +1.3238025e-02 +9.4586060e+04
9.4144200e-01 +1.0000000e-02 +7.6080444e+00 -3.0462778e-01 -1.2688000e-02 +4.2173086e+00 +5.8202469e-01 +5.5374444e-02 -1.5324938e-01 -1.1648247e-01 +1.5698642e-02 +9.2411546e+04
9.4291000e-01 +1.0000000e-02 +7.6037222e+00 -2.9950667e-01 -1.5636222e-02 +4.1730123e+00 +5.7124444e-01 +5.4664074e-02 -1.5544691e-01 -1.1618543e-01 +1.8271605e-02 +9.0284201e+04
9.4435500e-01 +1.0000000e-02 +7.5961778e+00 -2.9385889e-01 -1.8685556e-02 +4.1286173e+00 +5.5996914e-01 +5.4052840e-02 -1.5717284e-01 -1.1597457e-01 +2.0920123e-02 +8.8203083e+04
9.4577700e-01 +1.0000000e-02 +7.5852444e+00 -2.8770667e-01 -2.1812111e-02 +4.0839136e+00 +5.4822963e-01 +5.3539259e-02 -1.5837160e-01 -1.1578272e-01 +2.3609136e-02 +8.6161950e+04
9.4717500e-01 +1.0000000e-02 +7.5707444e+00 -2.8107000e-01 -2.4992556e-02 +4.0386420e+00 +5.3605432e-01 +5.3104815e-02 -1.5899259e-01 -1.1554988e-01 +2.6311975e-02 +8.4152458e+04
9.4855100e-01 +1.0000000e-02 +7.5525444e+00 -2.7397222e-01 -2.8203556e-02 +3.9924568e+00 +5.2348272e-01 +5.2725679e-02 -1.5898889e-01 -1.1523284e-01 +2.9012840e-02 +8.2166539e+04
9.4990500e-01 +1.0000000e-02 +7.5305000e+00 -2.6644111e-01 -3.1422000e-02 +3.9449877e+00 +5.1055432e-01 +5.2385185e-02 -1.5832716e-01 -1.1481185e-01 +3.1704074e-02 +8.0200434e+04
9.5123600e-01 +1.0000000e-02 +7.5044889e+00 -2.5850444e-01 -3.4625000e-02 +3.8958272e+00 +4.9731358e-01 +5.2079506e-02 -1.5699136e-01 -1.1428951e-01 +3.4381728e-02 +7.8254911e+04
9.5254600e-01 +1.0000000e-02 +7.4743556e+00 -2.5019556e-01 -3.7790111e-02 +3.8446296e+00 +4.8380370e-01 +5.1815432e-02 -1.5498889e-01 -1.1368123e-01 +3.7041975e-02 +7.6331200e+04
9.5383400e-01 +1.0000000e-02 +7.4399889e+00 -2.4154667e-01 -4.0895667e-02 +3.7911358e+00 +4.7006667e-01 +5.1605062e-02 -1.5234444e-01 -1.1300407e-01 +3.9679136e-02 +7.4431930e+04
9.5510100e-01 +1.0000000e-02 +7.4012222e+00 -2.3259667e-01 -4.3921333e-02 +3.7352099e+00 +4.5613457e-01 +5.1459259e-02 -1.4909383e-01 -1.1226988e-01 +4.2284321e-02 +7.2557423e+04
9.5634800e-01 +1.0000000e-02 +7.3579333e+00 -2.2338333e-01 -4.6848556e-02 +3.6768519e+00 +4.4203951e-01 +5.1382716e-02 -1.4528272e-01 -1.1148136e-01 +4.4843457e-02 +7.0706689e+04
9.5757400e-01 +1.0000000e-02 +7.3099667e+00 -2.1394667e-01 -4.9660333e-02 +3.6160988e+00 +4.2780864e-01 +5.1373951e-02 -1.4095802e-01 -1.1063136e-01 +4.7337901e-02 +6.8878467e+04
9.5877900e-01 +1.0000000e-02 +7.2572111e+00 -2.0432667e-01 -5.2341444e-02 +3.5530247e+00 +4.1346543e-01 +5.1427284e-02 -1.3616667e-01 -1.0970296e-01 +4.9744198e-02 +6.7070897e+04
9.5996400e-01 +1.0000000e-02 +7.1995444e+00 -1.9456333e-01 -5.4876444e-02 +3.4877160e+00 +3.9903827e-01 +5.1535432e-02 -1.3095432e-01 -1.0866975e-01 +5.2037901e-02 +6.5281771e+04
9.6113000e-01 +1.0000000e-02 +7.1368778e+00 -1.8469667e-01 -5.7249667e-02 +3.4201605e+00 +3.8455802e-01 +5.1690617e-02 -1.2536790e-01 -1.0749889e-01 +5.4196173e-02 +6.3510438e+04
9.6227600e-01 +1.0000000e-02 +7.0691333e+00 -1.7476444e-01 -5.9443667e-02 +3.3503333e+00 +3.7005926e-01 +5.1883951e-02 -1.1945827e-01 -1.0615605e-01 +5.6198148e-02 +6.1758327e+04
9.6340300e-01 +1.0000000e-02 +6.9962444e+00 -1.6480444e-01 -6.1439889e-02 +3.2781605e+00 +3.5557531e-01 +5.2104074e-02 -1.1327383e-01 -1.0460901e-01 +5.8026173e-02 +6.0027111e+04
9.6451100e-01 +1.0000000e-02 +6.9181556e+00 -1.5485556e-01 -6.3218667e-02 +3.2035556e+00 +3.4114321e-01 +5.2336420e-02 -1.0686407e-01 -1.0283012e-01 +5.9664321e-02 +5.8318956e+04
9.6560100e-01 +1.0000000e-02 +6.8348556e+00 -1.4495222e-01 -6.4759778e-02 +3.1264198e+00 +3.2679630e-01 +5.2563086e-02 -1.0027593e-01 -1.0079716e-01 +6.1099383e-02 +5.6635167e+04
9.6667200e-01 +1.0000000e-02 +6.7463222e+00 -1.3513111e-01 -6.6042667e-02 +3.0466914e+00 +3.1256420e-01 +5.2764074e-02 -9.3554321e-02 -9.8492840e-02 +6.2320494e-02 +5.4975941e+04
9.6772500e-01 +1.0000000e-02 +6.6525556e+00 -1.2542889e-01 -6.7047111e-02 +2.9643704e+00 +2.9847407e-01 +5.2919753e-02 -8.6742716e-02 -9.5905556e-02 +6.3319753e-02 +5.3339227e+04
9.6876100e-01 +1.0000000e-02 +6.5535889e+00 -1.1588000e-01 -6.7753667e-02 +2.8794568e+00 +2.8454938e-01 +5.3011852e-02 -7.9883580e-02 -9.3028889e-02 +6.4091975e-02 +5.1722608e+04
9.6977800e-01 +1.0000000e-02 +6.4494444e+00 -1.0651689e-01 -6.8144333e-02 +2.7920123e+00 +2.7081111e-01 +5.3025432e-02 -7.3019259e-02 -8.9862346e-02 +6.4634938e-02 +5.0125204e+04
9.7077900e-01 +1.0000000e-02 +6.3402000e+00 -9.7374222e-02 -6.8204222e-02 +2.7020864e+00 +2.5727778e-01 +5.2949012e-02 -6.6192840e-02 -8.6412099e-02 +6.4949259e-02 +4.8545681e+04
9.7176200e-01 +1.0000000e-02 +6.2259333e+00 -8.8483556e-02 -6.7921556e-02 +2.6097901e+00 +2.4396543e-01 +5.2774198e-02 -5.9448889e-02 -8.2690370e-02 +6.5037531e-02 +4.6985466e+04
9.7272900e-01 +1.0000000e-02 +6.1067556e+00 -7.9875556e-02 -6.7289000e-02 +2.5152469e+00 +2.3089136e-01 +5.2494938e-02 -5.2833827e-02 -7.8715556e-02 +6.4904815e-02 +4.5445466e+04
9.7367900e-01 +1.0000000e-02 +5.9828000e+00 -7.1579556e-02 -6.6303778e-02 +2.4186296e+00 +2.1807037e-01 +5.2106420e-02 -4.6395802e-02 -7.4511605e-02 +6.4557407e-02 +4.3926917e+04
9.7461200e-01 +1.0000000e-02 +5.8542000e+00 -6.3623667e-02 -6.4968667e-02 +2.3201605e+00 +2.0551481e-01 +5.1605062e-02 -4.0183580e-02 -7.0108025e-02 +6.4003210e-02 +4.2430807e+04
9.7553000e-01 +1.0000000e-02 +5.7211556e+00 -5.6033889e-02 -6.3291556e-02 +2.2200864e+00 +1.9323580e-01 +5.0987901e-02 -3.4244938e-02 -6.5538642e-02 +6.3250617e-02 +4.0956852e+04
9.7643200e-01 +1.0000000e-02 +5.5838556e+00 -4.8834444e-02 -6.1286333e-02 +2.1187160e+00 +1.8124568e-01 +5.0252963e-02 -2.8625556e-02 -6.0841852e-02 +6.2308765e-02 +3.9505255e+04
9.7731900e-01 +1.0000000e-02 +5.4425333e+00 -4.2047444e-02 -5.8972556e-02 +2.0163951e+00 +1.6954938e-01 +4.9400247e-02 -2.3367160e-02 -5.6059877e-02 +6.1187407e-02 +3.8075529e+04
9.7819000e-01 +1.0000000e-02 +5.2974222e+00 -3.5692111e-02 -5.6375556e-02 +1.9135185e+00 +1.5815679e-01 +4.8431975e-02 -1.8506914e-02 -5.1238025e-02 +5.9896049e-02 +3.6667609e+04
9.7904600e-01 +1.0000000e-02 +5.1488000e+00 -2.9784778e-02 -5.3525667e-02 +1.8104815e+00 +1.4707531e-01 +4.7353827e-02 -1.4076049e-02 -4.6424074e-02 +5.8444691e-02 +3.5280181e+04
9.7988700e-01 +1.0000000e-02 +4.9969333e+00 -2.4338111e-02 -5.0458111e-02 +1.7077284e+00 +1.3630988e-01 +4.6174691e-02 -1.0098827e-02 -4.1667284e-02 +5.6842469e-02 +3.3912480e+04
9.8071400e-01 +1.0000000e-02 +4.8421222e+00 -1.9360889e-02 -4.7212000e-02 +1.6057037e+00 +1.2586914e-01 +4.4907407e-02 -6.5916173e-03 -3.7017654e-02 +5.5098272e-02 +3.2563133e+04
9.8152600e-01 +1.0000000e-02 +4.6846778e+00 -1.4857889e-02 -4.3829556e-02 +1.5048519e+00 +1.1576123e-01 +4.3567531e-02 -3.5622346e-03 -3.2524815e-02 +5.3220741e-02 +3.1231177e+04
9.8232400e-01 +1.0000000e-02 +4.5249000e+00 -1.0828733e-02 -4.0355222e-02 +1.4056173e+00 +1.0599704e-01 +4.2173333e-02 -1.0093494e-03 -2.8236667e-02 +5.1217654e-02 +2.9915862e+04
9.8310800e-01 +1.0000000e-02 +4.3631111e+00 -7.2687778e-03 -3.6834444e-02 +1.3084321e+00 +9.6588519e-02 +4.0744444e-02 +1.0776543e-03 -2.4197654e-02 +4.9096790e-02 +2.8616669e+04
9.8387800e-01 +1.0000000e-02 +4.1996111e+00 -4.1682667e-03 -3.3312556e-02 +1.2136753e+00 +8.7549753e-02 +3.9300247e-02 +2.7184938e-03 -2.0447901e-02 +4.6865556e-02 +2.7333471e+04
9.8463500e-01 +1.0000000e-02 +4.0347111e+00 -1.5127111e-03 -2.9833889e-02 +1.1217309e+00 +7.8897037e-02 +3.7858642e-02 +3.9414568e-03 -1.7021111e-02 +4.4532099e-02 +2.6065868e+04
9.8537900e-01 +1.0000000e-02 +3.8687000e+00 +7.1696667e-04 -2.6440000e-02 +1.0329173e+00 +7.0647901e-02 +3.6433951e-02 +4.7825432e-03 -1.3944074e-02 +4.2104815e-02 +2.4814327e+04
9.8611000e-01 +1.0000000e-02 +3.7018778e+00 +2.5440556e-03 -2.3169000e-02 +9.4751235e-01 +6.2821235e-02 +3.5036049e-02 +5.2840494e-03 -1.1234716e-02 +3.9593827e-02 +2.3579175e+04
9.8682800e-01 +1.0000000e-02 +3.5345000e+00 +3.9955667e-03 -2.0053778e-02 +8.6574444e-01 +5.5436049e-02 +3.3668889e-02 +5.4929136e-03 -8.9017160e-03 +3.7010617e-02 +2.2361831e+04
9.8753300e-01 +1.0000000e-02 +3.3668333e+00 +5.1015444e-03 -1.7122000e-02 +7.8779012e-01 +4.8510864e-02 +3.2329877e-02 +5.4586914e-03 -6.9431605e-03 +3.4368642e-02 +2.1164195e+04
9.8822500e-01 +1.0000000e-02 +3.1991333e+00 +5.8943778e-03 -1.4394556e-02 +7.1377037e-01 +4.2062963e-02 +3.1010247e-02 +5.2314938e-03 -5.3465679e-03 +3.1684198e-02 +1.9989274e+04
9.8890600e-01 +1.0000000e-02 +3.0316000e+00 +6.4079667e-03 -1.1885889e-02 +6.4375802e-01 +3.6106543e-02 +2.9696296e-02 +4.8600617e-03 -4.0891235e-03 +2.8976049e-02 +1.8840823e+04
9.8957400e-01 +1.0000000e-02 +2.8644556e+00 +6.6769222e-03 -9.6037889e-03 +5.7778148e-01 +3.0652346e-02 +2.8370741e-02 +4.3900864e-03 -3.1386790e-03 +2.6265432e-02 +1.7723110e+04
9.9023100e-01 +1.0000000e-02 +2.6978889e+00 +6.7356889e-03 -7.5499667e-03 +5.1583086e-01 +2.5706296e-02 +2.7014691e-02 +3.8628148e-03 -2.4554074e-03 +2.3575926e-02 +1.6641035e+04
9.9087600e-01 +1.0000000e-02 +2.5320667e+00 +6.6178667e-03 -5.7206556e-03 +4.5786173e-01 +2.1269136e-02 +2.5610247e-02 +3.3140123e-03 -1.9940000e-03 +2.0933210e-02 +1.5599450e+04
9.9150900e-01 +1.0000000e-02 +2.3671667e+00 +6.3555111e-03 -4.1078000e-03 +4.0381111e-01 +1.7335309e-02 +2.4141975e-02 +2.7732840e-03 -1.7063210e-03 +1.8363333e-02 +1.4603413e+04
9.9213200e-01 +1.0000000e-02 +2.2033111e+00 +5.9786333e-03 -2.7002556e-03 +3.5359136e-01 +1.3892963e-02 +2.2599012e-02 +2.2636296e-03 -1.5442469e-03 +1.5892963e-02 +1.3657694e+04
9.9274300e-01 +1.0000000e-02 +2.0406333e+00 +5.5148111e-03 -1.4851667e-03 +3.0710741e-01 +1.0924173e-02 +2.0975556e-02 +1.8014198e-03 -1.4624568e-03 +1.3547284e-02 +1.2767382e+04
9.9334300e-01 +1.0000000e-02 +1.8792556e+00 +4.9890333e-03 -4.4928111e-04 +2.6425185e-01 +8.4048889e-03 +1.9271605e-02 +1.3966543e-03 -1.4210247e-03 +1.1349827e-02 +1.1937672e+04
9.9393300e-01 +1.0000000e-02 +1.7192778e+00 +4.4236333e-03 +4.1983556e-04 +2.2491481e-01 +6.3059012e-03 +1.7492099e-02 +1.0536432e-03 -1.3874198e-03 +9.3214074e-03 +1.1174320e+04
9.9451200e-01 +1.0000000e-02 +1.5608000e+00 +3.8383889e-03 +1.1328111e-03 +1.8898272e-01 +4.5934568e-03 +1.5647778e-02 +7.7193580e-04 -1.3378889e-03 +7.4793704e-03 +1.0483637e+04
9.9508100e-01 +1.0000000e-02 +1.4038889e+00 +3.2507889e-03 +1.6977889e-03 +1.5634444e-01 +3.2302469e-03 +1.3753704e-02 +5.4750617e-04 -1.2579506e-03 +5.8373704e-03 +9.8726802e+03
9.9563900e-01 +1.0000000e-02 +1.2486222e+00 +2.6763556e-03 +2.1201222e-03 +1.2689136e-01 +2.1763580e-03 +1.1830321e-02 +3.7402346e-04 -1.1421593e-03 +4.4050247e-03 +9.3497400e+03
9.9618800e-01 +1.0000000e-02 +1.0950600e+00 +2.1289333e-03 +2.4024000e-03 +1.0052333e-01 +1.3902716e-03 +9.9031852e-03 +2.4405309e-04 -9.9304321e-04 +3.1876914e-03 +8.9250494e+03
9.9672600e-01 +1.0000000e-02 +9.4324222e-01 +1.6211111e-03 +2.5448667e-03 +7.7154198e-02 +8.2972840e-04 +8.0040000e-03 +1.5004815e-04 -8.1942716e-04 +2.1861235e-03 +8.6122898e+03
9.9725500e-01 +1.0000000e-02 +7.9320889e-01 +1.1644667e-03 +2.5460889e-03 +5.6721975e-02 +4.5271235e-04 +6.1717284e-03 +8.5000000e-05 -6.3426296e-04 +1.3959877e-03 +8.4306204e+03
9.9777500e-01 +1.0000000e-02 +6.4498222e-01 +7.6985000e-04 +2.4039667e-03 +3.9203951e-02 +2.1836049e-04 +4.4538765e-03 +4.2724568e-05 -4.5227160e-04 +8.0710617e-04 +8.4077477e+03
9.9828500e-01 +1.0000000e-02 +4.9857333e-01 +4.4742667e-04 +2.1168889e-03 +2.4637654e-02 +8.8084074e-05 +2.9081358e-03 +1.7807407e-05 -2.8774815e-04 +4.0257407e-04 +8.5842058e+03
9.9878600e-01 +1.0000000e-02 +3.5398333e-01 +2.0671444e-04 +1.6850556e-03 +1.3150370e-02 +2.6895802e-05 +1.6042469e-03 +5.3632716e-06 -1.5289383e-04 +1.5767654e-04 +9.0190373e+03
9.9927800e-01 +1.0000000e-02 +2.1119778e-01 +5.6304667e-05 +1.1119000e-03 +4.9953704e-03 +5.0907160e-06 +6.2646049e-04 +8.1320741e-07 -5.7013704e-05 +3.8876543e-05 +9.7932589e+03
9.9976100e-01 +1.0000000e-02 +7.0201444e-02 +0.0000000e+00 +4.0671222e-04 +5.9877654e-04 +3.5460123e-07 +7.6905309e-05 -7.6826049e-09 -6.6141235e-06 +2.8517160e-06 +1.0903430e+04
1.0000000e+00 +1.0000000e-02 +0.0000000e+00 +0.0000000e+00 +0.0000000e+00 +0.0000000e+00 +0.0000000e+00 +0.0000000e+00 +0.0000000e+00 +0.0000000e+00 +0.0000000e+00 +1.0903333e+04
