#    y              z              <u>            <v>            <w>            <u'u'>         <v'v'>         <w'w'>         <u'v'>         <u'w'>         <v'w'>         <eps>         
#----------------------------------------------------------------------------------------------------------------------------------------------------------------------------------
0.0000000e+00 +8.0000000e-02 +0.0000000e+00 +0.0000000e+00 +0.0000000e+00 +0.0000000e+00 +0.0000000e+00 +0.0000000e+00 +0.0000000e+00 +0.0000000e+00 +0.0000000e+00 +1.1496481e+05
2.3900000e-04 +8.0000000e-02 +2.0082222e-01 +6.5110333e-05 +1.4969111e-02 +4.8781975e-03 +1.4696173e-06 +1.9268148e-03 -8.6280864e-06 +9.4137407e-05 -5.6540000e-07 +1.1496561e+05
7.2200000e-04 +8.0000000e-02 +6.0542111e-01 +2.4187667e-04 +4.3799889e-02 +4.3979506e-02 +2.0352840e-05 +1.5676420e-02 -1.3320617e-04 +8.4345432e-04 -6.8029753e-06 +1.0971835e+05
1.2140000e-03 +8.0000000e-02 +1.0164367e+00 +5.2996889e-04 +7.1515667e-02 +1.2334852e-01 +1.0416469e-04 +4.0102222e-02 -6.0216173e-04 +2.3425185e-03 -2.4128765e-05 +1.0566589e+05
1.7150000e-03 +8.0000000e-02 +1.4336444e+00 +9.2381556e-04 +9.8037556e-02 +2.4440494e-01 +3.3034198e-04 +7.2608889e-02 -1.7008025e-03 +4.5821728e-03 -5.2577901e-05 +1.0269567e+05
2.2250000e-03 +8.0000000e-02 +1.8566222e+00 +1.4166667e-03 +1.2330111e-01 +4.0817284e-01 +7.9250370e-04 +1.1104296e-01 -3.7434321e-03 +7.5370864e-03 -8.7464444e-05 +1.0034279e+05
2.7450000e-03 +8.0000000e-02 +2.2847111e+00 +2.0007000e-03 +1.4724667e-01 +6.1475062e-01 +1.5893704e-03 +1.5362099e-01 -7.0498642e-03 +1.1161914e-02 -1.2147198e-04 +9.8264529e+04
3.2740000e-03 +8.0000000e-02 +2.7170444e+00 +2.6669111e-03 +1.6981778e-01 +8.6286420e-01 +2.8172222e-03 +1.9888272e-01 -1.1918235e-02 +1.5388519e-02 -1.4689012e-04 +9.6247906e+04
3.8120000e-03 +8.0000000e-02 +3.1524889e+00 +3.4050667e-03 +1.9096556e-01 +1.1495691e+00 +4.5651358e-03 +2.4565802e-01 -1.8598519e-02 +2.0124568e-02 -1.5760741e-04 +9.4199800e+04
4.3610000e-03 +8.0000000e-02 +3.5897556e+00 +4.2036556e-03 +2.1064000e-01 +1.4701852e+00 +6.9122963e-03 +2.9302840e-01 -2.7270988e-02 +2.5253951e-02 -1.5056667e-04 +9.2127606e+04
4.9190000e-03 +8.0000000e-02 +4.0273444e+00 +5.0497444e-03 +2.2879667e-01 +1.8184444e+00 +9.9268642e-03 +3.4029877e-01 -3.8031481e-02 +3.0639630e-02 -1.2654938e-04 +9.0106194e+04
5.4880000e-03 +8.0000000e-02 +4.4636667e+00 +5.9289667e-03 +2.4539444e-01 +2.1868642e+00 +1.3665926e-02 +3.8695926e-01 -5.0886914e-02 +3.6129753e-02 -9.0316420e-05 +8.8241875e+04
6.0670000e-03 +8.0000000e-02 +4.8970778e+00 +6.8254556e-03 +2.6039444e-01 +2.5671852e+00 +1.8176049e-02 +4.3264321e-01 -6.5757531e-02 +4.1565679e-02 -5.0262716e-05 +8.6638285e+04
6.6570000e-03 +8.0000000e-02 +5.3259222e+00 +7.7218111e-03 +2.7375778e-01 +2.9508889e+00 +2.3494444e-02 +4.7709877e-01 -8.2487531e-02 +4.6790617e-02 -1.7782840e-05 +8.5373118e+04
7.2570000e-03 +8.0000000e-02 +5.7486000e+00 +8.5991778e-03 +2.8545333e-01 +3.3297160e+00 +2.9649753e-02 +5.2015309e-01 -1.0085926e-01 +5.1657654e-02 -6.5452840e-06 +8.4485757e+04
7.8680000e-03 +8.0000000e-02 +6.1636000e+00 +9.4373111e-03 +2.9545333e-01 +3.6960247e+00 +3.6663704e-02 +5.6168765e-01 -1.2061000e-01 +5.6035926e-02 -3.1783210e-05 +8.3975432e+04
8.4910000e-03 +8.0000000e-02 +6.5695444e+00 +1.0214800e-02 +3.0373556e-01 +4.0431481e+00 +4.4551728e-02 +6.0162099e-01 -1.4144938e-01 +5.9815185e-02 -1.0966494e-04 +8.3805591e+04
9.1240000e-03 +8.0000000e-02 +6.9652222e+00 +1.0909300e-02 +3.1028667e-01 +4.3655926e+00 +5.3324321e-02 +6.3989506e-01 -1.6307407e-01 +6.2908519e-02 -2.5674568e-04 +8.3912545e+04
9.7690000e-03 +8.0000000e-02 +7.3495667e+00 +1.1497889e-02 +3.1510556e-01 +4.6591358e+00 +6.2987284e-02 +6.7646173e-01 -1.8518272e-01 +6.5253827e-02 -4.8947284e-04 +8.4216562e+04
1.0426000e-02 +8.0000000e-02 +7.7217222e+00 +1.1957222e-02 +3.1819889e-01 +4.9207901e+00 +7.3541728e-02 +7.1128272e-01 -2.0748519e-01 +6.6814691e-02 -8.2366914e-04 +8.4631035e+04
1.1094000e-02 +8.0000000e-02 +8.0810222e+00 +1.2264444e-02 +3.1958667e-01 +5.1487778e+00 +8.4984938e-02 +7.4432346e-01 -2.2970864e-01 +6.7579877e-02 -1.2739506e-03 +8.5072240e+04
1.1775000e-02 +8.0000000e-02 +8.4269444e+00 +1.2396889e-02 +3.1930333e-01 +5.3424074e+00 +9.7308889e-02 +7.7555432e-01 -2.5160864e-01 +6.7561975e-02 -1.8530247e-03 +8.5466066e+04
1.2467000e-02 +8.0000000e-02 +8.7591778e+00 +1.2332889e-02 +3.1739556e-01 +5.5019012e+00 +1.1050062e-01 +8.0494938e-01 -2.7296420e-01 +6.6793704e-02 -2.5709877e-03 +8.5751459e+04
1.3172000e-02 +8.0000000e-02 +9.0775444e+00 +1.2052222e-02 +3.1392111e-01 +5.6282593e+00 +1.2454198e-01 +8.3248889e-01 -2.9358765e-01 +6.5324321e-02 -3.4347654e-03 +8.5883495e+04
1.3890000e-02 +8.0000000e-02 +9.3820000e+00 +1.1536111e-02 +3.0895111e-01 +5.7230494e+00 +1.3940864e-01 +8.5816543e-01 -3.1331975e-01 +6.3213457e-02 -4.4477654e-03 +8.5831557e+04
1.4621000e-02 +8.0000000e-02 +9.6726556e+00 +1.0767678e-02 +3.0256556e-01 +5.7883210e+00 +1.5507160e-01 +8.8198025e-01 -3.3203210e-01 +6.0527037e-02 -5.6099506e-03 +8.5578384e+04
1.5365000e-02 +8.0000000e-02 +9.9497111e+00 +9.7326444e-03 +2.9485222e-01 +5.8263827e+00 +1.7149506e-01 +9.0395679e-01 -3.4962346e-01 +5.7333580e-02 -6.9183457e-03 +8.5116856e+04
1.6122000e-02 +8.0000000e-02 +1.0213444e+01 +8.4191111e-03 +2.8590667e-01 +5.8397654e+00 +1.8864074e-01 +9.2413333e-01 -3.6602346e-01 +5.3702469e-02 -8.3675432e-03 +8.4447844e+04
1.6892000e-02 +8.0000000e-02 +1.0464233e+01 +6.8179778e-03 +2.7582444e-01 +5.8310741e+00 +2.0646543e-01 +9.4257037e-01 -3.8118025e-01 +4.9704321e-02 -9.9504198e-03 +8.3578113e+04
1.7676000e-02 +8.0000000e-02 +1.0702511e+01 +4.9230889e-03 +2.6470667e-01 +5.8028642e+00 +2.2492346e-01 +9.5934691e-01 -3.9506667e-01 +4.5410617e-02 -1.1658630e-02 +8.2519105e+04
1.8474000e-02 +8.0000000e-02 +1.0928767e+01 +2.7310444e-03 +2.5265444e-01 +5.7576667e+00 +2.4396296e-01 +9.7455802e-01 -4.0767531e-01 +4.0892346e-02 -1.3482840e-02 +8.1285556e+04
1.9286000e-02 +8.0000000e-02 +1.1143556e+01 +2.4118556e-04 +2.3976778e-01 +5.6978519e+00 +2.6353086e-01 +9.8830494e-01 -4.1901235e-01 +3.6216173e-02 -1.5412963e-02 +7.9895737e+04
2.0113000e-02 +8.0000000e-02 +1.1347333e+01 -2.5447778e-03 +2.2614667e-01 +5.6256543e+00 +2.8356667e-01 +1.0006951e+00 -4.2909630e-01 +3.1438765e-02 -1.7437654e-02 +7.8370188e+04
2.0954000e-02 +8.0000000e-02 +1.1540667e+01 -5.6230000e-03 +2.1189000e-01 +5.5431358e+00 +3.0400988e-01 +1.0118383e+00 -4.3795679e-01 +2.6602222e-02 -1.9544321e-02 +7.6730279e+04
2.1810000e-02 +8.0000000e-02 +1.1724333e+01 -8.9877222e-03 +1.9709778e-01 +5.4521975e+00 +3.2479136e-01 +1.0218383e+00 -4.4563210e-01 +2.1732222e-02 -2.1718765e-02 +7.4996907e+04
2.2681000e-02 +8.0000000e-02 +1.1898556e+01 -1.2631556e-02 +1.8186889e-01 +5.3545802e+00 +3.4583704e-01 +1.0307975e+00 -4.5216296e-01 +1.6841481e-02 -2.3945062e-02 +7.3189217e+04
2.3568000e-02 +8.0000000e-02 +1.2064222e+01 -1.6545444e-02 +1.6630111e-01 +5.2518642e+00 +3.6707160e-01 +1.0388111e+00 -4.5760000e-01 +1.1934605e-02 -2.6206420e-02 +7.1323634e+04
2.4470000e-02 +8.0000000e-02 +1.2221556e+01 -2.0719000e-02 +1.5049000e-01 +5.1454815e+00 +3.8841605e-01 +1.0459679e+00 -4.6199630e-01 +7.0151728e-03 -2.8486173e-02 +6.9414604e+04
2.5388000e-02 +8.0000000e-02 +1.2371333e+01 -2.5140000e-02 +1.3453000e-01 +5.0366543e+00 +4.0979383e-01 +1.0523457e+00 -4.6540617e-01 +2.0900000e-03 -3.0770494e-02 +6.7475618e+04
2.6321000e-02 +8.0000000e-02 +1.2513889e+01 -2.9794556e-02 +1.1851000e-01 +4.9264691e+00 +4.3113210e-01 +1.0580062e+00 -4.6788642e-01 -2.8282469e-03 -3.3050617e-02 +6.5519591e+04
2.7271000e-02 +8.0000000e-02 +1.2649667e+01 -3.4666889e-02 +1.0251333e-01 +4.8157901e+00 +4.5236173e-01 +1.0629975e+00 -4.6949136e-01 -7.7204568e-03 -3.5323827e-02 +6.3560118e+04
2.8238000e-02 +8.0000000e-02 +1.2779111e+01 -3.9739111e-02 +8.6615000e-02 +4.7053457e+00 +4.7342346e-01 +1.0673519e+00 -4.7027901e-01 -1.2561852e-02 -3.7593333e-02 +6.1611721e+04
2.9221000e-02 +8.0000000e-02 +1.2902667e+01 -4.4991556e-02 +7.0881667e-02 +4.5956914e+00 +4.9426420e-01 +1.0710877e+00 -4.7030988e-01 -1.7324444e-02 -3.9866543e-02 +5.9689525e+04
3.0222000e-02 +8.0000000e-02 +1.3020667e+01 -5.0403444e-02 +5.5370889e-02 +4.4872593e+00 +5.1483704e-01 +1.0742210e+00 -4.6964691e-01 -2.1980617e-02 -4.2152346e-02 +5.7806858e+04
3.1239000e-02 +8.0000000e-02 +1.3133556e+01 -5.5953444e-02 +4.0132111e-02 +4.3804321e+00 +5.3509877e-01 +1.0767790e+00 -4.6835556e-01 -2.6508148e-02 -4.4458272e-02 +5.5972284e+04
3.2275000e-02 +8.0000000e-02 +1.3241556e+01 -6.1620444e-02 +2.5207444e-02 +4.2755432e+00 +5.5500617e-01 +1.0787963e+00 -4.6650000e-01 -3.0892840e-02 -4.6786914e-02 +5.4188758e+04
3.3328000e-02 +8.0000000e-02 +1.3345000e+01 -6.7384778e-02 +1.0634311e-02 +4.1729259e+00 +5.7452222e-01 +1.0803148e+00 -4.6413580e-01 -3.5128395e-02 -4.9134198e-02 +5.2456183e+04
3.4399000e-02 +8.0000000e-02 +1.3444222e+01 -7.3228222e-02 -3.5527000e-03 +4.0729012e+00 +5.9360988e-01 +1.0813716e+00 -4.6131481e-01 -3.9215926e-02 -5.1489012e-02 +5.0773642e+04
3.5489000e-02 +8.0000000e-02 +1.3539556e+01 -7.9134444e-02 -1.7319222e-02 +3.9757654e+00 +6.1223827e-01 +1.0819914e+00 -4.5807160e-01 -4.3165802e-02 -5.3835556e-02 +4.9142183e+04
3.6597000e-02 +8.0000000e-02 +1.3631111e+01 -8.5088778e-02 -3.0630778e-02 +3.8817284e+00 +6.3038395e-01 +1.0821963e+00 -4.5442963e-01 -4.7000494e-02 -5.6155556e-02 +4.7563335e+04
3.7724000e-02 +8.0000000e-02 +1.3719111e+01 -9.1077667e-02 -4.3453778e-02 +3.7909877e+00 +6.4803210e-01 +1.0820012e+00 -4.5040370e-01 -5.0753086e-02 -5.8432469e-02 +4.6038787e+04
3.8870000e-02 +8.0000000e-02 +1.3803889e+01 -9.7088000e-02 -5.5758667e-02 +3.7036173e+00 +6.6517531e-01 +1.0814358e+00 -4.4600000e-01 -5.4459383e-02 -6.0653457e-02 +4.4569472e+04
4.0036000e-02 +8.0000000e-02 +1.3885556e+01 -1.0310678e-01 -6.7521667e-02 +3.6196173e+00 +6.8181728e-01 +1.0805506e+00 -4.4123210e-01 -5.8148519e-02 -6.2810741e-02 +4.3156610e+04
4.1221000e-02 +8.0000000e-02 +1.3964222e+01 -1.0911989e-01 -7.8724667e-02 +3.5388889e+00 +6.9796173e-01 +1.0794185e+00 -4.3612222e-01 -6.1842716e-02 -6.4900741e-02 +4.1802617e+04
4.2426000e-02 +8.0000000e-02 +1.4040222e+01 -1.1511333e-01 -8.9352778e-02 +3.4613210e+00 +7.1361728e-01 +1.0781136e+00 -4.3069877e-01 -6.5562840e-02 -6.6922222e-02 +4.0509728e+04
4.3652000e-02 +8.0000000e-02 +1.4113556e+01 -1.2107111e-01 -9.9390222e-02 +3.3867407e+00 +7.2878889e-01 +1.0766988e+00 -4.2499136e-01 -6.9335432e-02 -6.8876049e-02 +3.9278550e+04
4.4899000e-02 +8.0000000e-02 +1.4184556e+01 -1.2698000e-01 -1.0881956e-01 +3.3150494e+00 +7.4347531e-01 +1.0751975e+00 -4.1902963e-01 -7.3194444e-02 -7.0766667e-02 +3.8107483e+04
4.6166000e-02 +8.0000000e-02 +1.4253111e+01 -1.3282444e-01 -1.1762333e-01 +3.2461728e+00 +7.5767531e-01 +1.0735988e+00 -4.1283827e-01 -7.7174691e-02 -7.2602840e-02 +3.6995292e+04
4.7454000e-02 +8.0000000e-02 +1.4319667e+01 -1.3859000e-01 -1.2578889e-01 +3.1800494e+00 +7.7139136e-01 +1.0718593e+00 -4.0644074e-01 -8.1300370e-02 -7.4399259e-02 +3.5943192e+04
4.8764000e-02 +8.0000000e-02 +1.4384111e+01 -1.4426000e-01 -1.3331222e-01 +3.1166296e+00 +7.8463333e-01 +1.0699272e+00 -3.9985926e-01 -8.5580741e-02 -7.6176049e-02 +3.4952195e+04
5.0095000e-02 +8.0000000e-02 +1.4446556e+01 -1.4981333e-01 -1.4020667e-01 +3.0559259e+00 +7.9742346e-01 +1.0677605e+00 -3.9312593e-01 -9.0012963e-02 -7.7954938e-02 +3.4020424e+04
5.1449000e-02 +8.0000000e-02 +1.4507333e+01 -1.5522556e-01 -1.4650444e-01 +2.9979753e+00 +8.0979877e-01 +1.0653481e+00 -3.8627160e-01 -9.4587901e-02 -7.9749753e-02 +3.3143647e+04
5.2825000e-02 +8.0000000e-02 +1.4566333e+01 -1.6046778e-01 -1.5225000e-01 +2.9428148e+00 +8.2180617e-01 +1.0627123e+00 -3.7932716e-01 -9.9297407e-02 -8.1557284e-02 +3.2315883e+04
5.4223000e-02 +8.0000000e-02 +1.4623667e+01 -1.6551333e-01 -1.5749556e-01 +2.8904815e+00 +8.3348889e-01 +1.0599037e+00 -3.7231481e-01 -1.0414012e-01 -8.3351852e-02 +3.1531658e+04
5.5645000e-02 +8.0000000e-02 +1.4679444e+01 -1.7033000e-01 -1.6229000e-01 +2.8409753e+00 +8.4489136e-01 +1.0569728e+00 -3.6525556e-01 -1.0911642e-01 -8.5091605e-02 +3.0787852e+04
5.7090000e-02 +8.0000000e-02 +1.4733778e+01 -1.7489333e-01 -1.6667333e-01 +2.7943210e+00 +8.5604198e-01 +1.0539593e+00 -3.5817654e-01 -1.1421938e-01 -8.6730370e-02 +3.0084079e+04
5.8558000e-02 +8.0000000e-02 +1.4786556e+01 -1.7918000e-01 -1.7067444e-01 +2.7505556e+00 +8.6695679e-01 +1.0508741e+00 -3.5111605e-01 -1.1943296e-01 -8.8230247e-02 +2.9420356e+04
6.0050000e-02 +8.0000000e-02 +1.4837889e+01 -1.8316889e-01 -1.7431222e-01 +2.7097284e+00 +8.7763951e-01 +1.0477160e+00 -3.4412963e-01 -1.2473580e-01 -8.9569877e-02 +2.8796094e+04
6.1566000e-02 +8.0000000e-02 +1.4887778e+01 -1.8684222e-01 -1.7759222e-01 +2.6719012e+00 +8.8808395e-01 +1.0444753e+00 -3.3726790e-01 -1.3010617e-01 -9.0747654e-02 +2.8210076e+04
6.3107000e-02 +8.0000000e-02 +1.4936222e+01 -1.9018222e-01 -1.8052000e-01 +2.6371235e+00 +8.9828642e-01 +1.0411457e+00 -3.3056173e-01 -1.3552716e-01 -9.1779753e-02 +2.7661749e+04
6.4672000e-02 +8.0000000e-02 +1.4983333e+01 -1.9317444e-01 -1.8310222e-01 +2.6052840e+00 +9.0824815e-01 +1.0377309e+00 -3.2402346e-01 -1.4099506e-01 -9.2691111e-02 +2.7151499e+04
6.6263000e-02 +8.0000000e-02 +1.5029222e+01 -1.9580333e-01 -1.8534000e-01 +2.5762222e+00 +9.1797901e-01 +1.0342506e+00 -3.1765062e-01 -1.4651605e-01 -9.3504321e-02 +2.6679018e+04
6.7879000e-02 +8.0000000e-02 +1.5073667e+01 -1.9805667e-01 -1.8723556e-01 +2.5497407e+00 +9.2749753e-01 +1.0307272e+00 -3.1144568e-01 -1.5210123e-01 -9.4230123e-02 +2.6242734e+04
6.9520000e-02 +8.0000000e-02 +1.5117000e+01 -1.9992556e-01 -1.8878111e-01 +2.5256790e+00 +9.3682469e-01 +1.0272025e+00 -3.0540864e-01 -1.5774444e-01 -9.4863086e-02 +2.5840349e+04
7.1188000e-02 +8.0000000e-02 +1.5159111e+01 -2.0140111e-01 -1.8996333e-01 +2.5040123e+00 +9.4598395e-01 +1.0237605e+00 -2.9954815e-01 -1.6343210e-01 -9.5381852e-02 +2.5468308e+04
7.2882000e-02 +8.0000000e-02 +1.5200111e+01 -2.0247667e-01 -1.9076222e-01 +2.4847778e+00 +9.5500741e-01 +1.0205012e+00 -2.9388025e-01 -1.6915556e-01 -9.5760988e-02 +2.5122032e+04
7.4602000e-02 +8.0000000e-02 +1.5239889e+01 -2.0314444e-01 -1.9115667e-01 +2.4680494e+00 +9.6393333e-01 +1.0174988e+00 -2.8842222e-01 -1.7491481e-01 -9.5984321e-02 +2.4799567e+04
7.6350000e-02 +8.0000000e-02 +1.5278556e+01 -2.0339778e-01 -1.9112333e-01 +2.4538395e+00 +9.7280988e-01 +1.0147704e+00 -2.8319012e-01 -1.8070988e-01 -9.6047901e-02 +2.4501494e+04
7.8124000e-02 +8.0000000e-02 +1.5316111e+01 -2.0322667e-01 -1.9064778e-01 +2.4420864e+00 +9.8168272e-01 +1.0122864e+00 -2.7818642e-01 -1.8655185e-01 -9.5951852e-02 +2.4225394e+04
7.9926000e-02 +8.0000000e-02 +1.5352444e+01 -2.0263111e-01 -1.8973111e-01 +2.4327284e+00 +9.9059259e-01 +1.0099765e+00 -2.7339259e-01 -1.9246173e-01 -9.5698519e-02 +2.3969062e+04
8.1756000e-02 +8.0000000e-02 +1.5387667e+01 -2.0161667e-01 -1.8839111e-01 +2.4256543e+00 +9.9956543e-01 +1.0077506e+00 -2.6877778e-01 -1.9845309e-01 -9.5297531e-02 +2.3734506e+04
8.3615000e-02 +8.0000000e-02 +1.5421667e+01 -2.0019444e-01 -1.8665889e-01 +2.4207160e+00 +1.0086185e+00 +1.0055543e+00 -2.6430864e-01 -2.0451358e-01 -9.4764074e-02 +2.3522362e+04
8.5501000e-02 +8.0000000e-02 +1.5454667e+01 -1.9838333e-01 -1.8457556e-01 +2.4178025e+00 +1.0177556e+00 +1.0033988e+00 -2.5996173e-01 -2.1060370e-01 -9.4109383e-02 +2.3328231e+04
8.7416000e-02 +8.0000000e-02 +1.5486444e+01 -1.9619889e-01 -1.8218556e-01 +2.4167654e+00 +1.0269667e+00 +1.0013531e+00 -2.5571481e-01 -2.1669506e-01 -9.3330741e-02 +2.3149720e+04
8.9361000e-02 +8.0000000e-02 +1.5517111e+01 -1.9365444e-01 -1.7952667e-01 +2.4173951e+00 +1.0362235e+00 +9.9949259e-01 -2.5155926e-01 -2.2280741e-01 -9.2409383e-02 +2.2990976e+04
9.1335000e-02 +8.0000000e-02 +1.5546667e+01 -1.9076556e-01 -1.7661222e-01 +2.4195432e+00 +1.0454827e+00 +9.9784938e-01 -2.4751235e-01 -2.2899877e-01 -9.1326173e-02 +2.2858443e+04
9.3338000e-02 +8.0000000e-02 +1.5575111e+01 -1.8755333e-01 -1.7344000e-01 +2.4230864e+00 +1.0546963e+00 +9.9639383e-01 -2.4359753e-01 -2.3532346e-01 -9.0082469e-02 +2.2754247e+04
9.5371000e-02 +8.0000000e-02 +1.5602556e+01 -1.8404000e-01 -1.7001111e-01 +2.4279136e+00 +1.0638235e+00 +9.9508025e-01 -2.3980741e-01 -2.4178148e-01 -8.8701852e-02 +2.2676652e+04
9.7435000e-02 +8.0000000e-02 +1.5629111e+01 -1.8025333e-01 -1.6634667e-01 +2.4339630e+00 +1.0728395e+00 +9.9389012e-01 -2.3610123e-01 -2.4832963e-01 -8.7219012e-02 +2.2623394e+04
9.9529000e-02 +8.0000000e-02 +1.5654667e+01 -1.7621778e-01 -1.6248000e-01 +2.4412346e+00 +1.0817420e+00 +9.9282099e-01 -2.3243704e-01 -2.5492593e-01 -8.5667778e-02 +2.2591531e+04
1.0165400e-01 +8.0000000e-02 +1.5679222e+01 -1.7195556e-01 -1.5844889e-01 +2.4498519e+00 +1.0905506e+00 +9.9182840e-01 -2.2879506e-01 -2.6153951e-01 -8.4074691e-02 +2.2578340e+04
1.0381000e-01 +8.0000000e-02 +1.5703000e+01 -1.6748000e-01 -1.5428889e-01 +2.4599506e+00 +1.0992889e+00 +9.9083704e-01 -2.2518272e-01 -2.6815556e-01 -8.2463210e-02 +2.2580910e+04
1.0599800e-01 +8.0000000e-02 +1.5726000e+01 -1.6280333e-01 -1.5004667e-01 +2.4715432e+00 +1.1079938e+00 +9.8981728e-01 -2.2162716e-01 -2.7477284e-01 -8.0862593e-02 +2.2597034e+04
1.0821700e-01 +8.0000000e-02 +1.5748222e+01 -1.5793333e-01 -1.4577444e-01 +2.4844321e+00 +1.1167037e+00 +9.8881975e-01 -2.1815309e-01 -2.8138148e-01 -7.9310617e-02 +2.2623918e+04
1.1046800e-01 +8.0000000e-02 +1.5769667e+01 -1.5287556e-01 -1.4152222e-01 +2.4983457e+00 +1.1254556e+00 +9.8791605e-01 -2.1475062e-01 -2.8792840e-01 -7.7844938e-02 +2.2655263e+04
1.1275100e-01 +8.0000000e-02 +1.5790444e+01 -1.4763444e-01 -1.3733222e-01 +2.5130741e+00 +1.1342593e+00 +9.8711358e-01 -2.1136420e-01 -2.9430123e-01 -7.6483210e-02 +2.2684746e+04
1.1506700e-01 +8.0000000e-02 +1.5810778e+01 -1.4221556e-01 -1.3323111e-01 +2.5284198e+00 +1.1430877e+00 +9.8637037e-01 -2.0792099e-01 -3.0035556e-01 -7.5214568e-02 +2.2714305e+04
1.1741600e-01 +8.0000000e-02 +1.5830556e+01 -1.3663556e-01 -1.2922889e-01 +2.5441605e+00 +1.1518889e+00 +9.8566296e-01 -2.0437531e-01 -3.0599877e-01 -7.4007654e-02 +2.2749309e+04
1.1979700e-01 +8.0000000e-02 +1.5849889e+01 -1.3092222e-01 -1.2533000e-01 +2.5601852e+00 +1.1606148e+00 +9.8498395e-01 -2.0074691e-01 -3.1126296e-01 -7.2814938e-02 +2.2789710e+04
1.2221200e-01 +8.0000000e-02 +1.5868778e+01 -1.2510333e-01 -1.2153444e-01 +2.5765679e+00 +1.1692309e+00 +9.8433210e-01 -1.9708272e-01 -3.1625556e-01 -7.1592469e-02 +2.2835419e+04
1.2466000e-01 +8.0000000e-02 +1.5887222e+01 -1.1919778e-01 -1.1785222e-01 +2.5933457e+00 +1.1777136e+00 +9.8376543e-01 -1.9340123e-01 -3.2111358e-01 -7.0304198e-02 +2.2891688e+04
1.2714300e-01 +8.0000000e-02 +1.5905333e+01 -1.1322333e-01 -1.1432444e-01 +2.6104444e+00 +1.1860444e+00 +9.8340988e-01 -1.8968765e-01 -3.2601111e-01 -6.8889012e-02 +2.2962740e+04
1.2965900e-01 +8.0000000e-02 +1.5923222e+01 -1.0719178e-01 -1.1100433e-01 +2.6279136e+00 +1.1942247e+00 +9.8343580e-01 -1.8593086e-01 -3.3108395e-01 -6.7270494e-02 +2.3048327e+04
1.3220900e-01 +8.0000000e-02 +1.5940889e+01 -1.0110344e-01 -1.0793000e-01 +2.6458519e+00 +1.2022852e+00 +9.8395062e-01 -1.8211852e-01 -3.3629753e-01 -6.5426790e-02 +2.3147955e+04
1.3479400e-01 +8.0000000e-02 +1.5958333e+01 -9.4943333e-02 -1.0510922e-01 +2.6644198e+00 +1.2102938e+00 +9.8484074e-01 -1.7820494e-01 -3.4140123e-01 -6.3428519e-02 +2.3257330e+04
1.3741400e-01 +8.0000000e-02 +1.5975778e+01 -8.8683889e-02 -1.0252511e-01 +2.6839012e+00 +1.2183309e+00 +9.8589630e-01 -1.7416173e-01 -3.4613951e-01 -6.1380247e-02 +2.3363304e+04
1.4006800e-01 +8.0000000e-02 +1.5993111e+01 -8.2297000e-02 -1.0015856e-01 +2.7044938e+00 +1.2264420e+00 +9.8704938e-01 -1.7001235e-01 -3.5044444e-01 -5.9358025e-02 +2.3455906e+04
1.4275700e-01 +8.0000000e-02 +1.6010444e+01 -7.5756778e-02 -9.7992111e-02 +2.7260741e+00 +1.2346049e+00 +9.8835309e-01 -1.6580370e-01 -3.5440864e-01 -5.7408148e-02 +2.3536803e+04
1.4548200e-01 +8.0000000e-02 +1.6027667e+01 -6.9040667e-02 -9.6016556e-02 +2.7482963e+00 +1.2427531e+00 +9.8980741e-01 -1.6157531e-01 -3.5821358e-01 -5.5576173e-02 +2.3612856e+04
1.4824300e-01 +8.0000000e-02 +1.6044889e+01 -6.2141889e-02 -9.4231889e-02 +2.7709012e+00 +1.2508025e+00 +9.9131481e-01 -1.5733457e-01 -3.6205432e-01 -5.3924444e-02 +2.3683558e+04
1.5103800e-01 +8.0000000e-02 +1.6062000e+01 -5.5081778e-02 -9.2622111e-02 +2.7937407e+00 +1.2586790e+00 +9.9284568e-01 -1.5306914e-01 -3.6594568e-01 -5.2502099e-02 +2.3750028e+04
1.5387000e-01 +8.0000000e-02 +1.6079111e+01 -4.7918778e-02 -9.1159778e-02 +2.8165185e+00 +1.2663457e+00 +9.9447160e-01 -1.4875185e-01 -3.6970370e-01 -5.1307284e-02 +2.3823548e+04
1.5673800e-01 +8.0000000e-02 +1.6096000e+01 -4.0727889e-02 -8.9814889e-02 +2.8391358e+00 +1.2738395e+00 +9.9618272e-01 -1.4436790e-01 -3.7327531e-01 -5.0287407e-02 +2.3906855e+04
1.5964200e-01 +8.0000000e-02 +1.6112556e+01 -3.3553889e-02 -8.8561556e-02 +2.8619012e+00 +1.2811481e+00 +9.9780494e-01 -1.3991605e-01 -3.7686543e-01 -4.9324198e-02 +2.3989846e+04
1.6258200e-01 +8.0000000e-02 +1.6128889e+01 -2.6402889e-02 -8.7406111e-02 +2.8845309e+00 +1.2883086e+00 +9.9924815e-01 -1.3537407e-01 -3.8061235e-01 -4.8279259e-02 +2.4072721e+04
1.6555900e-01 +8.0000000e-02 +1.6144889e+01 -1.9275222e-02 -8.6354778e-02 +2.9063827e+00 +1.2953086e+00 +1.0006432e+00 -1.3072840e-01 -3.8450617e-01 -4.7038395e-02 +2.4164530e+04
1.6857200e-01 +8.0000000e-02 +1.6160667e+01 -1.2196444e-02 -8.5354778e-02 +2.9273951e+00 +1.3022099e+00 +1.0021877e+00 -1.2598519e-01 -3.8856296e-01 -4.5531852e-02 +2.4254601e+04
1.7162200e-01 +8.0000000e-02 +1.6176111e+01 -5.2028889e-03 -8.4301778e-02 +2.9479136e+00 +1.3091111e+00 +1.0038778e+00 -1.2112506e-01 -3.9276790e-01 -4.3843951e-02 +2.4328115e+04
1.7470800e-01 +8.0000000e-02 +1.6191111e+01 +1.6896778e-03 -8.3118222e-02 +2.9681235e+00 +1.3160988e+00 +1.0055136e+00 -1.1608136e-01 -3.9692593e-01 -4.2190123e-02 +2.4396037e+04
1.7783200e-01 +8.0000000e-02 +1.6205667e+01 +8.4721000e-03 -8.1799778e-02 +2.9880123e+00 +1.3232222e+00 +1.0070963e+00 -1.1077346e-01 -4.0090494e-01 -4.0709383e-02 +2.4471524e+04
1.8099200e-01 +8.0000000e-02 +1.6219444e+01 +1.5136556e-02 -8.0356778e-02 +3.0077901e+00 +1.3304321e+00 +1.0089654e+00 -1.0514926e-01 -4.0489259e-01 -3.9347407e-02 +2.4556458e+04
1.8419000e-01 +8.0000000e-02 +1.6232556e+01 +2.1701444e-02 -7.8798556e-02 +3.0277901e+00 +1.3377037e+00 +1.0113593e+00 -9.9170617e-02 -4.0892346e-01 -3.7993210e-02 +2.4640630e+04
1.8742400e-01 +8.0000000e-02 +1.6244889e+01 +2.8206889e-02 -7.7158444e-02 +3.0481852e+00 +1.3451111e+00 +1.0140531e+00 -9.2900864e-02 -4.1282346e-01 -3.6603086e-02 +2.4719240e+04
1.9069600e-01 +8.0000000e-02 +1.6256667e+01 +3.4683333e-02 -7.5484333e-02 +3.0688148e+00 +1.3527407e+00 +1.0165889e+00 -8.6468395e-02 -4.1650247e-01 -3.5101358e-02 +2.4800303e+04
1.9400400e-01 +8.0000000e-02 +1.6267889e+01 +4.1127889e-02 -7.3853222e-02 +3.0888519e+00 +1.3606667e+00 +1.0186333e+00 -7.9953704e-02 -4.1985062e-01 -3.3460494e-02 +2.4889731e+04
1.9735000e-01 +8.0000000e-02 +1.6278778e+01 +4.7504000e-02 -7.2327000e-02 +3.1075185e+00 +1.3688519e+00 +1.0201543e+00 -7.3472346e-02 -4.2275802e-01 -3.1748519e-02 +2.4979388e+04
2.0073300e-01 +8.0000000e-02 +1.6289444e+01 +5.3763889e-02 -7.0870111e-02 +3.1247531e+00 +1.3771975e+00 +1.0213790e+00 -6.7136420e-02 -4.2510370e-01 -2.9974198e-02 +2.5059303e+04
2.0415300e-01 +8.0000000e-02 +1.6299556e+01 +5.9876000e-02 -6.9353889e-02 +3.1407531e+00 +1.3855309e+00 +1.0224765e+00 -6.0920864e-02 -4.2680988e-01 -2.8021605e-02 +2.5136740e+04
2.0761100e-01 +8.0000000e-02 +1.6309111e+01 +6.5819333e-02 -6.7635667e-02 +3.1557160e+00 +1.3937037e+00 +1.0233716e+00 -5.4714321e-02 -4.2803086e-01 -2.5885556e-02 +2.5221022e+04
2.1110500e-01 +8.0000000e-02 +1.6317889e+01 +7.1619333e-02 -6.5681444e-02 +3.1697778e+00 +1.4016296e+00 +1.0239432e+00 -4.8406914e-02 -4.2914074e-01 -2.3789012e-02 +2.5315620e+04
2.1463600e-01 +8.0000000e-02 +1.6326000e+01 +7.7340444e-02 -6.3601222e-02 +3.1836543e+00 +1.4091852e+00 +1.0244000e+00 -4.1974691e-02 -4.3047654e-01 -2.1870123e-02 +2.5419427e+04
2.1820500e-01 +8.0000000e-02 +1.6333444e+01 +8.3003778e-02 -6.1526778e-02 +3.1981111e+00 +1.4162716e+00 +1.0249556e+00 -3.5541111e-02 -4.3192346e-01 -2.0054444e-02 +2.5532951e+04
2.2181000e-01 +8.0000000e-02 +1.6340222e+01 +8.8563222e-02 -5.9464222e-02 +3.2130000e+00 +1.4229630e+00 +1.0254099e+00 -2.9138519e-02 -4.3298642e-01 -1.8286049e-02 +2.5651746e+04
2.2545200e-01 +8.0000000e-02 +1.6346444e+01 +9.4001111e-02 -5.7349222e-02 +3.2281852e+00 +1.4294321e+00 +1.0253864e+00 -2.2657901e-02 -4.3340494e-01 -1.6560741e-02 +2.5763474e+04
2.2913100e-01 +8.0000000e-02 +1.6351778e+01 +9.9322778e-02 -5.5137889e-02 +3.2441235e+00 +1.4358519e+00 +1.0244716e+00 -1.5942963e-02 -4.3336667e-01 -1.4759259e-02 +2.5865445e+04
2.3284600e-01 +8.0000000e-02 +1.6356333e+01 +1.0450100e-01 -5.2693778e-02 +3.2616049e+00 +1.4423580e+00 +1.0228062e+00 -8.7416173e-03 -4.3329506e-01 -1.2786420e-02 +2.5962391e+04
2.3659700e-01 +8.0000000e-02 +1.6360000e+01 +1.0954800e-01 -4.9840000e-02 +3.2811728e+00 +1.4490617e+00 +1.0214062e+00 -1.0203000e-03 -4.3383333e-01 -1.0883346e-02 +2.6049372e+04
2.4038500e-01 +8.0000000e-02 +1.6362889e+01 +1.1455667e-01 -4.6547889e-02 +3.3026420e+00 +1.4560123e+00 +1.0214975e+00 +6.8486049e-03 -4.3536790e-01 -9.2850494e-03 +2.6121069e+04
2.4420900e-01 +8.0000000e-02 +1.6364889e+01 +1.1963778e-01 -4.3051889e-02 +3.3250247e+00 +1.4631481e+00 +1.0233222e+00 +1.4447654e-02 -4.3751975e-01 -7.8208395e-03 +2.6186430e+04
2.4806900e-01 +8.0000000e-02 +1.6366111e+01 +1.2488222e-01 -3.9701444e-02 +3.3466790e+00 +1.4702840e+00 +1.0260395e+00 +2.1620123e-02 -4.3976173e-01 -6.2040494e-03 +2.6265333e+04
2.5196400e-01 +8.0000000e-02 +1.6366556e+01 +1.3032556e-01 -3.6689000e-02 +3.3666543e+00 +1.4772716e+00 +1.0288284e+00 +2.8571975e-02 -4.4174444e-01 -4.2043827e-03 +2.6376096e+04
2.5589500e-01 +8.0000000e-02 +1.6366222e+01 +1.3593333e-01 -3.4100444e-02 +3.3843704e+00 +1.4840123e+00 +1.0313531e+00 +3.5582716e-02 -4.4319753e-01 -1.7325309e-03 +2.6495274e+04
2.5986100e-01 +8.0000000e-02 +1.6365333e+01 +1.4161778e-01 -3.2031889e-02 +3.3992963e+00 +1.4904691e+00 +1.0335309e+00 +4.2721235e-02 -4.4371728e-01 +1.0663457e-03 +2.6593126e+04
2.6386200e-01 +8.0000000e-02 +1.6363889e+01 +1.4722889e-01 -3.0398222e-02 +3.4116790e+00 +1.4966296e+00 +1.0352506e+00 +5.0007407e-02 -4.4327531e-01 +3.8015679e-03 +2.6681637e+04
2.6789700e-01 +8.0000000e-02 +1.6362111e+01 +1.5261111e-01 -2.8960889e-02 +3.4214938e+00 +1.5025185e+00 +1.0363975e+00 +5.7318272e-02 -4.4225062e-01 +6.0456543e-03 +2.6771510e+04
2.7196700e-01 +8.0000000e-02 +1.6360222e+01 +1.5765556e-01 -2.7630444e-02 +3.4286914e+00 +1.5082593e+00 +1.0366198e+00 +6.4558642e-02 -4.4080988e-01 +7.6477654e-03 +2.6857709e+04
2.7607100e-01 +8.0000000e-02 +1.6358222e+01 +1.6232333e-01 -2.6317333e-02 +3.4336420e+00 +1.5140247e+00 +1.0358346e+00 +7.1867901e-02 -4.3915309e-01 +8.7647654e-03 +2.6950190e+04
2.8020900e-01 +8.0000000e-02 +1.6355556e+01 +1.6656667e-01 -2.4768778e-02 +3.4382716e+00 +1.5200123e+00 +1.0349802e+00 +7.9282346e-02 -4.3753086e-01 +9.6630247e-03 +2.7028616e+04
2.8438000e-01 +8.0000000e-02 +1.6351889e+01 +1.7027222e-01 -2.2867111e-02 +3.4443457e+00 +1.5262346e+00 +1.0350136e+00 +8.7031111e-02 -4.3600741e-01 +1.0401049e-02 +2.7085296e+04
2.8858300e-01 +8.0000000e-02 +1.6347222e+01 +1.7334333e-01 -2.0634889e-02 +3.4517037e+00 +1.5325926e+00 +1.0360765e+00 +9.5391728e-02 -4.3468889e-01 +1.1036025e-02 +2.7142605e+04
2.9282000e-01 +8.0000000e-02 +1.6341778e+01 +1.7579333e-01 -1.7962444e-02 +3.4585802e+00 +1.5390741e+00 +1.0380457e+00 +1.0435321e-01 -4.3415802e-01 +1.1822444e-02 +2.7226841e+04
2.9708800e-01 +8.0000000e-02 +1.6335333e+01 +1.7773444e-01 -1.4776889e-02 +3.4633086e+00 +1.5457284e+00 +1.0408309e+00 +1.1360988e-01 -4.3443210e-01 +1.2878642e-02 +2.7319592e+04
3.0138800e-01 +8.0000000e-02 +1.6327667e+01 +1.7938000e-01 -1.1306667e-02 +3.4666173e+00 +1.5525309e+00 +1.0439790e+00 +1.2251099e-01 -4.3512222e-01 +1.4212099e-02 +2.7409801e+04
3.0572000e-01 +8.0000000e-02 +1.6318667e+01 +1.8093000e-01 -7.8946556e-03 +3.4694938e+00 +1.5594691e+00 +1.0466173e+00 +1.3049506e-01 -4.3559506e-01 +1.5852716e-02 +2.7501608e+04
3.1008200e-01 +8.0000000e-02 +1.6308667e+01 +1.8249222e-01 -4.5991000e-03 +3.4719753e+00 +1.5666296e+00 +1.0486667e+00 +1.3742593e-01 -4.3574074e-01 +1.7497654e-02 +2.7600076e+04
3.1447500e-01 +8.0000000e-02 +1.6297778e+01 +1.8397778e-01 -1.2923667e-03 +3.4740617e+00 +1.5739506e+00 +1.0509099e+00 +1.4335556e-01 -4.3572099e-01 +1.8645802e-02 +2.7701151e+04
3.1889700e-01 +8.0000000e-02 +1.6285889e+01 +1.8519889e-01 +2.1626000e-03 +3.4760988e+00 +1.5812346e+00 +1.0540420e+00 +1.4851481e-01 -4.3593951e-01 +1.9178148e-02 +2.7794491e+04
3.2334900e-01 +8.0000000e-02 +1.6272556e+01 +1.8604000e-01 +5.9493667e-03 +3.4793457e+00 +1.5882840e+00 +1.0584383e+00 +1.5360247e-01 -4.3709753e-01 +1.9210741e-02 +2.7886540e+04
3.2783000e-01 +8.0000000e-02 +1.6258111e+01 +1.8644333e-01 +1.0239833e-02 +3.4840123e+00 +1.5950741e+00 +1.0634951e+00 +1.5905556e-01 -4.3876543e-01 +1.8968889e-02 +2.8014091e+04
3.3233800e-01 +8.0000000e-02 +1.6242556e+01 +1.8643778e-01 +1.5194778e-02 +3.4884691e+00 +1.6021358e+00 +1.0687827e+00 +1.6469383e-01 -4.4024938e-01 +1.8565185e-02 +2.8190291e+04
3.3687500e-01 +8.0000000e-02 +1.6226444e+01 +1.8613444e-01 +2.0744000e-02 +3.4918148e+00 +1.6102099e+00 +1.0734630e+00 +1.7048025e-01 -4.4147407e-01 +1.8054321e-02 +2.8378464e+04
3.4143800e-01 +8.0000000e-02 +1.6209778e+01 +1.8560111e-01 +2.6669778e-02 +3.4918765e+00 +1.6194938e+00 +1.0774654e+00 +1.7623580e-01 -4.4301481e-01 +1.7597037e-02 +2.8568427e+04
3.4602800e-01 +8.0000000e-02 +1.6192556e+01 +1.8474889e-01 +3.2999667e-02 +3.4887037e+00 +1.6296420e+00 +1.0816000e+00 +1.8203210e-01 -4.4505432e-01 +1.7244321e-02 +2.8727871e+04
3.5064400e-01 +8.0000000e-02 +1.6174556e+01 +1.8355889e-01 +3.9773333e-02 +3.4857778e+00 +1.6400123e+00 +1.0857889e+00 +1.8795062e-01 -4.4700000e-01 +1.6668272e-02 +2.8836074e+04
3.5528600e-01 +8.0000000e-02 +1.6155889e+01 +1.8215111e-01 +4.6845111e-02 +3.4840988e+00 +1.6499753e+00 +1.0896321e+00 +1.9349630e-01 -4.4799506e-01 +1.6033951e-02 +2.8949585e+04
3.5995100e-01 +8.0000000e-02 +1.6136889e+01 +1.8047000e-01 +5.3753000e-02 +3.4830000e+00 +1.6593704e+00 +1.0928025e+00 +1.9804198e-01 -4.4724938e-01 +1.5792469e-02 +2.9083686e+04
3.6464100e-01 +8.0000000e-02 +1.6117889e+01 +1.7842667e-01 +6.0291556e-02 +3.4819259e+00 +1.6684691e+00 +1.0952691e+00 +2.0210123e-01 -4.4504938e-01 +1.6155309e-02 +2.9210705e+04
3.6935400e-01 +8.0000000e-02 +1.6098889e+01 +1.7616556e-01 +6.6577556e-02 +3.4819877e+00 +1.6774691e+00 +1.0972309e+00 +2.0644198e-01 -4.4272222e-01 +1.6832346e-02 +2.9326983e+04
3.7408900e-01 +8.0000000e-02 +1.6079778e+01 +1.7374000e-01 +7.2596000e-02 +3.4845926e+00 +1.6862222e+00 +1.0987494e+00 +2.1122346e-01 -4.4079383e-01 +1.7383457e-02 +2.9417965e+04
3.7884600e-01 +8.0000000e-02 +1.6060444e+01 +1.7095778e-01 +7.8372667e-02 +3.4898519e+00 +1.6945556e+00 +1.1002988e+00 +2.1598395e-01 -4.3862346e-01 +1.7343951e-02 +2.9484935e+04
3.8362400e-01 +8.0000000e-02 +1.6041222e+01 +1.6765333e-01 +8.4012222e-02 +3.4970741e+00 +1.7023827e+00 +1.1017728e+00 +2.1993951e-01 -4.3586173e-01 +1.6483086e-02 +2.9542727e+04
3.8842300e-01 +8.0000000e-02 +1.6021889e+01 +1.6379333e-01 +8.9362889e-02 +3.5059136e+00 +1.7096420e+00 +1.1018210e+00 +2.2295185e-01 -4.3281235e-01 +1.5162840e-02 +2.9643548e+04
3.9324100e-01 +8.0000000e-02 +1.6002444e+01 +1.5942667e-01 +9.4150778e-02 +3.5165556e+00 +1.7162840e+00 +1.1005667e+00 +2.2541605e-01 -4.2953333e-01 +1.3855802e-02 +2.9761202e+04
3.9807800e-01 +8.0000000e-02 +1.5983333e+01 +1.5463222e-01 +9.8311333e-02 +3.5299383e+00 +1.7220741e+00 +1.0998765e+00 +2.2713457e-01 -4.2689383e-01 +1.2853457e-02 +2.9855631e+04
4.0293300e-01 +8.0000000e-02 +1.5964889e+01 +1.4939667e-01 +1.0225989e-01 +3.5442963e+00 +1.7270494e+00 +1.1004815e+00 +2.2772099e-01 -4.2614198e-01 +1.2442469e-02 +2.9932836e+04
4.0780500e-01 +8.0000000e-02 +1.5947222e+01 +1.4358444e-01 +1.0664389e-01 +3.5555062e+00 +1.7316296e+00 +1.1019802e+00 +2.2732716e-01 -4.2710617e-01 +1.2535309e-02 +2.9984359e+04
4.1269400e-01 +8.0000000e-02 +1.5929667e+01 +1.3722333e-01 +1.1175111e-01 +3.5628765e+00 +1.7359506e+00 +1.1036975e+00 +2.2646296e-01 -4.2891605e-01 +1.2555309e-02 +3.0055686e+04
4.1759800e-01 +8.0000000e-02 +1.5912111e+01 +1.3044667e-01 +1.1738333e-01 +3.5682593e+00 +1.7398148e+00 +1.1048617e+00 +2.2470123e-01 -4.3050000e-01 +1.1714407e-02 +3.0175153e+04
4.2251700e-01 +8.0000000e-02 +1.5894889e+01 +1.2339556e-01 +1.2325778e-01 +3.5732716e+00 +1.7432593e+00 +1.1052864e+00 +2.2136420e-01 -4.3133827e-01 +9.8111481e-03 +3.0310597e+04
4.2745000e-01 +8.0000000e-02 +1.5878444e+01 +1.1613111e-01 +1.2890667e-01 +3.5782593e+00 +1.7465926e+00 +1.1054519e+00 +2.1593951e-01 -4.3192963e-01 +7.1944198e-03 +3.0418854e+04
4.3239600e-01 +8.0000000e-02 +1.5862667e+01 +1.0860044e-01 +1.3412000e-01 +3.5832593e+00 +1.7498272e+00 +1.1062914e+00 +2.0836049e-01 -4.3289012e-01 +4.4950988e-03 +3.0493794e+04
4.3735400e-01 +8.0000000e-02 +1.5847444e+01 +1.0062633e-01 +1.3856556e-01 +3.5878519e+00 +1.7527407e+00 +1.1079272e+00 +1.9841728e-01 -4.3458025e-01 +2.3107531e-03 +3.0552848e+04
4.4232400e-01 +8.0000000e-02 +1.5832778e+01 +9.2247778e-02 +1.4206889e-01 +3.5901728e+00 +1.7553210e+00 +1.1088889e+00 +1.8636049e-01 -4.3639753e-01 +6.9253457e-04 +3.0599137e+04
4.4730400e-01 +8.0000000e-02 +1.5819333e+01 +8.3631333e-02 +1.4504556e-01 +3.5901235e+00 +1.7577407e+00 +1.1082198e+00 +1.7340988e-01 -4.3782222e-01 -5.1035062e-04 +3.0627401e+04
4.5229300e-01 +8.0000000e-02 +1.5807333e+01 +7.4937556e-02 +1.4751889e-01 +3.5870494e+00 +1.7604074e+00 +1.1056568e+00 +1.5965556e-01 -4.3865802e-01 -1.3127407e-03 +3.0660764e+04
4.5729200e-01 +8.0000000e-02 +1.5797000e+01 +6.6222556e-02 +1.4923889e-01 +3.5818025e+00 +1.7636543e+00 +1.1026494e+00 +1.4496049e-01 -4.3890741e-01 -1.9574074e-03 +3.0683708e+04
4.6229800e-01 +8.0000000e-02 +1.5788556e+01 +5.7573222e-02 +1.5022889e-01 +3.5750494e+00 +1.7671728e+00 +1.0999630e+00 +1.2946543e-01 -4.3904815e-01 -2.3798148e-03 +3.0714044e+04
4.6731100e-01 +8.0000000e-02 +1.5782222e+01 +4.9104333e-02 +1.5067000e-01 +3.5667407e+00 +1.7706420e+00 +1.0976321e+00 +1.1246272e-01 -4.3851852e-01 -2.4692469e-03 +3.0760074e+04
4.7233000e-01 +8.0000000e-02 +1.5777556e+01 +4.0981778e-02 +1.5045222e-01 +3.5581111e+00 +1.7741852e+00 +1.0960432e+00 +9.4227407e-02 -4.3727160e-01 -2.2378148e-03 +3.0813058e+04
4.7735400e-01 +8.0000000e-02 +1.5774222e+01 +3.3186889e-02 +1.4954333e-01 +3.5489383e+00 +1.7778642e+00 +1.0943914e+00 +7.5305556e-02 -4.3553951e-01 -1.3999259e-03 +3.0854376e+04
4.8238200e-01 +8.0000000e-02 +1.5772222e+01 +2.5430000e-02 +1.4844444e-01 +3.5407654e+00 +1.7812716e+00 +1.0920543e+00 +5.6092840e-02 -4.3392346e-01 +1.8475432e-04 +3.0900222e+04
4.8741300e-01 +8.0000000e-02 +1.5771222e+01 +1.7370000e-02 +1.4715778e-01 +3.5344074e+00 +1.7841728e+00 +1.0896914e+00 +3.6646543e-02 -4.3297901e-01 +1.6541358e-03 +3.0906660e+04
4.9244700e-01 +8.0000000e-02 +1.5771333e+01 +8.8793444e-03 +1.4562111e-01 +3.5293086e+00 +1.7864444e+00 +1.0875136e+00 +1.6759136e-02 -4.3299383e-01 +1.6899506e-03 +3.0899382e+04
4.9748200e-01 +8.0000000e-02 +1.5772000e+01 +0.0000000e+00 +1.4402667e-01 +3.5260000e+00 +1.7876914e+00 +1.0853074e+00 -3.7647531e-03 -4.3339136e-01 +5.9259506e-04 +3.0897778e+04
5.0251800e-01 +8.0000000e-02 +1.5772000e+01 -8.8793444e-03 +1.4260556e-01 +3.5260000e+00 +1.7876914e+00 +1.0843099e+00 -2.4709012e-02 -4.3330864e-01 -5.9259506e-04 +3.0897778e+04
5.0755300e-01 +8.0000000e-02 +1.5771333e+01 -1.7370000e-02 +1.4149667e-01 +3.5293086e+00 +1.7864444e+00 +1.0857259e+00 -4.5623704e-02 -4.3314938e-01 -1.6899506e-03 +3.0899382e+04
5.1258700e-01 +8.0000000e-02 +1.5771222e+01 -2.5430000e-02 +1.4068222e-01 +3.5344074e+00 +1.7841728e+00 +1.0889296e+00 -6.6347037e-02 -4.3406667e-01 -1.6541358e-03 +3.0906660e+04
5.1761800e-01 +8.0000000e-02 +1.5772222e+01 -3.3186889e-02 +1.4000778e-01 +3.5407654e+00 +1.7812716e+00 +1.0927296e+00 -8.6856667e-02 -4.3602222e-01 -1.8475432e-04 +3.0900222e+04
5.2264600e-01 +8.0000000e-02 +1.5774222e+01 -4.0981778e-02 +1.3940444e-01 +3.5489383e+00 +1.7778642e+00 +1.0960259e+00 -1.0652667e-01 -4.3797778e-01 +1.3999259e-03 +3.0854376e+04
5.2767000e-01 +8.0000000e-02 +1.5777556e+01 -4.9104333e-02 +1.3889111e-01 +3.5581111e+00 +1.7741852e+00 +1.0979407e+00 -1.2497160e-01 -4.3962716e-01 +2.2378148e-03 +3.0813058e+04
5.3268900e-01 +8.0000000e-02 +1.5782222e+01 -5.7573222e-02 +1.3807444e-01 +3.5667407e+00 +1.7706420e+00 +1.0985704e+00 -1.4241481e-01 -4.4026790e-01 +2.4692469e-03 +3.0760074e+04
5.3770200e-01 +8.0000000e-02 +1.5788556e+01 -6.6222556e-02 +1.3703778e-01 +3.5750494e+00 +1.7671728e+00 +1.0991123e+00 -1.5894321e-01 -4.3968642e-01 +2.3798148e-03 +3.0714044e+04
5.4270800e-01 +8.0000000e-02 +1.5797000e+01 -7.4937556e-02 +1.3592222e-01 +3.5818025e+00 +1.7636543e+00 +1.1011802e+00 -1.7426296e-01 -4.3901235e-01 +1.9574074e-03 +3.0683708e+04
5.4770700e-01 +8.0000000e-02 +1.5807333e+01 -8.3631333e-02 +1.3442111e-01 +3.5870494e+00 +1.7604074e+00 +1.1046951e+00 -1.8851358e-01 -4.3918272e-01 +1.3127407e-03 +3.0660764e+04
5.5269600e-01 +8.0000000e-02 +1.5819333e+01 -9.2247778e-02 +1.3240222e-01 +3.5901235e+00 +1.7577407e+00 +1.1079086e+00 -2.0136420e-01 -4.3997531e-01 +5.1035062e-04 +3.0627401e+04
5.5767600e-01 +8.0000000e-02 +1.5832778e+01 -1.0062633e-01 +1.2983667e-01 +3.5901728e+00 +1.7553210e+00 +1.1093654e+00 -2.1316420e-01 -4.4073333e-01 -6.9253457e-04 +3.0599137e+04
5.6264600e-01 +8.0000000e-02 +1.5847444e+01 -1.0860044e-01 +1.2656111e-01 +3.5878519e+00 +1.7527407e+00 +1.1090136e+00 -2.2374074e-01 -4.4060000e-01 -2.3107531e-03 +3.0552848e+04
5.6760400e-01 +8.0000000e-02 +1.5862667e+01 -1.1613111e-01 +1.2246000e-01 +3.5832593e+00 +1.7498272e+00 +1.1071802e+00 -2.3202593e-01 -4.3919259e-01 -4.4950988e-03 +3.0493794e+04
5.7255000e-01 +8.0000000e-02 +1.5878444e+01 -1.2339556e-01 +1.1761556e-01 +3.5782593e+00 +1.7465926e+00 +1.1043901e+00 -2.3812346e-01 -4.3598395e-01 -7.1944198e-03 +3.0418854e+04
5.7748300e-01 +8.0000000e-02 +1.5894889e+01 -1.3044667e-01 +1.1217222e-01 +3.5732716e+00 +1.7432593e+00 +1.1018037e+00 -2.4257284e-01 -4.3146667e-01 -9.8111481e-03 +3.0310597e+04
5.8240200e-01 +8.0000000e-02 +1.5912111e+01 -1.3722333e-01 +1.0649278e-01 +3.5682593e+00 +1.7398148e+00 +1.1000086e+00 -2.4552469e-01 -4.2702840e-01 -1.1714407e-02 +3.0175153e+04
5.8730600e-01 +8.0000000e-02 +1.5929667e+01 -1.4358444e-01 +1.0128833e-01 +3.5628765e+00 +1.7359506e+00 +1.0981136e+00 -2.4741975e-01 -4.2290000e-01 -1.2555309e-02 +3.0055686e+04
5.9219500e-01 +8.0000000e-02 +1.5947222e+01 -1.4939667e-01 +9.6893667e-02 +3.5555062e+00 +1.7316296e+00 +1.0958321e+00 -2.4865309e-01 -4.1915432e-01 -1.2535309e-02 +2.9984359e+04
5.9706700e-01 +8.0000000e-02 +1.5964889e+01 -1.5463222e-01 +9.3104111e-02 +3.5442963e+00 +1.7270494e+00 +1.0936926e+00 -2.4959506e-01 -4.1632222e-01 -1.2442469e-02 +2.9932836e+04
6.0192200e-01 +8.0000000e-02 +1.5983333e+01 -1.5942667e-01 +8.9487222e-02 +3.5299383e+00 +1.7220741e+00 +1.0923519e+00 -2.4982222e-01 -4.1485432e-01 -1.2853457e-02 +2.9855631e+04
6.0675900e-01 +8.0000000e-02 +1.6002444e+01 -1.6379333e-01 +8.5772778e-02 +3.5165556e+00 +1.7162840e+00 +1.0926037e+00 -2.4918148e-01 -4.1508272e-01 -1.3855802e-02 +2.9761202e+04
6.1157700e-01 +8.0000000e-02 +1.6021889e+01 -1.6765333e-01 +8.2097556e-02 +3.5059136e+00 +1.7096420e+00 +1.0940148e+00 -2.4803210e-01 -4.1640617e-01 -1.5162840e-02 +2.9643548e+04
6.1637600e-01 +8.0000000e-02 +1.6041222e+01 -1.7095778e-01 +7.8589556e-02 +3.4970741e+00 +1.7023827e+00 +1.0949741e+00 -2.4616790e-01 -4.1790494e-01 -1.6483086e-02 +2.9542727e+04
6.2115400e-01 +8.0000000e-02 +1.6060444e+01 -1.7374000e-01 +7.4992222e-02 +3.4898519e+00 +1.6945556e+00 +1.0945086e+00 -2.4297037e-01 -4.1967160e-01 -1.7343951e-02 +2.9484935e+04
6.2591100e-01 +8.0000000e-02 +1.6079778e+01 -1.7616556e-01 +7.1201889e-02 +3.4845926e+00 +1.6862222e+00 +1.0933457e+00 -2.3893704e-01 -4.2193951e-01 -1.7383457e-02 +2.9417965e+04
6.3064600e-01 +8.0000000e-02 +1.6098889e+01 -1.7842667e-01 +6.7174444e-02 +3.4819877e+00 +1.6774691e+00 +1.0921716e+00 -2.3459383e-01 -4.2513086e-01 -1.6832346e-02 +2.9326983e+04
6.3535900e-01 +8.0000000e-02 +1.6117889e+01 -1.8047000e-01 +6.2759556e-02 +3.4819259e+00 +1.6684691e+00 +1.0911852e+00 -2.2979753e-01 -4.2953457e-01 -1.6155309e-02 +2.9210705e+04
6.4004900e-01 +8.0000000e-02 +1.6136889e+01 -1.8215111e-01 +5.7720889e-02 +3.4830000e+00 +1.6593704e+00 +1.0905802e+00 -2.2417284e-01 -4.3411235e-01 -1.5792469e-02 +2.9083686e+04
6.4471400e-01 +8.0000000e-02 +1.6155889e+01 -1.8355889e-01 +5.1758111e-02 +3.4840988e+00 +1.6499753e+00 +1.0898012e+00 -2.1750000e-01 -4.3743951e-01 -1.6033951e-02 +2.8949585e+04
6.4935600e-01 +8.0000000e-02 +1.6174556e+01 -1.8474889e-01 +4.5037222e-02 +3.4857778e+00 +1.6400123e+00 +1.0880568e+00 -2.0992963e-01 -4.3961481e-01 -1.6668272e-02 +2.8836074e+04
6.5397200e-01 +8.0000000e-02 +1.6192556e+01 -1.8560111e-01 +3.8306889e-02 +3.4887037e+00 +1.6296420e+00 +1.0851309e+00 -2.0228395e-01 -4.4168765e-01 -1.7244321e-02 +2.8727871e+04
6.5856200e-01 +8.0000000e-02 +1.6209778e+01 -1.8613444e-01 +3.2001778e-02 +3.4918765e+00 +1.6194938e+00 +1.0813321e+00 -1.9486420e-01 -4.4385926e-01 -1.7597037e-02 +2.8568427e+04
6.6312500e-01 +8.0000000e-02 +1.6226444e+01 -1.8643778e-01 +2.6186778e-02 +3.4918148e+00 +1.6102099e+00 +1.0767395e+00 -1.8737160e-01 -4.4572716e-01 -1.8054321e-02 +2.8378464e+04
6.6766200e-01 +8.0000000e-02 +1.6242556e+01 -1.8644333e-01 +2.0927333e-02 +3.4884691e+00 +1.6021358e+00 +1.0715938e+00 -1.7978519e-01 -4.4700617e-01 -1.8565185e-02 +2.8190291e+04
6.7217000e-01 +8.0000000e-02 +1.6258111e+01 -1.8604000e-01 +1.6469111e-02 +3.4840123e+00 +1.5950741e+00 +1.0668506e+00 -1.7222099e-01 -4.4785679e-01 -1.8968889e-02 +2.8014091e+04
6.7665100e-01 +8.0000000e-02 +1.6272556e+01 -1.8519889e-01 +1.2870000e-02 +3.4793457e+00 +1.5882840e+00 +1.0627309e+00 -1.6473086e-01 -4.4894568e-01 -1.9210741e-02 +2.7886540e+04
6.8110300e-01 +8.0000000e-02 +1.6285889e+01 -1.8397778e-01 +9.7563000e-03 +3.4760988e+00 +1.5812346e+00 +1.0590210e+00 -1.5771111e-01 -4.5005556e-01 -1.9178148e-02 +2.7794491e+04
6.8552500e-01 +8.0000000e-02 +1.6297778e+01 -1.8249222e-01 +6.7028333e-03 +3.4740617e+00 +1.5739506e+00 +1.0559704e+00 -1.5100741e-01 -4.5067284e-01 -1.8645802e-02 +2.7701151e+04
6.8991800e-01 +8.0000000e-02 +1.6308667e+01 -1.8093000e-01 +3.5530222e-03 +3.4719753e+00 +1.5666296e+00 +1.0535654e+00 -1.4399383e-01 -4.5068272e-01 -1.7497654e-02 +2.7600076e+04
6.9428000e-01 +8.0000000e-02 +1.6318667e+01 -1.7938000e-01 +2.8923222e-04 +3.4694938e+00 +1.5594691e+00 +1.0515630e+00 -1.3632840e-01 -4.5045062e-01 -1.5852716e-02 +2.7501608e+04
6.9861200e-01 +8.0000000e-02 +1.6327667e+01 -1.7773444e-01 -2.9992111e-03 +3.4666173e+00 +1.5525309e+00 +1.0497222e+00 -1.2787901e-01 -4.5058642e-01 -1.4212099e-02 +2.7409801e+04
7.0291200e-01 +8.0000000e-02 +1.6335333e+01 -1.7579333e-01 -6.1665889e-03 +3.4633086e+00 +1.5457284e+00 +1.0483790e+00 -1.1865988e-01 -4.5136173e-01 -1.2878642e-02 +2.7319592e+04
7.0718000e-01 +8.0000000e-02 +1.6341778e+01 -1.7334333e-01 -8.9658889e-03 +3.4585802e+00 +1.5390741e+00 +1.0476543e+00 -1.0894309e-01 -4.5226173e-01 -1.1822444e-02 +2.7226841e+04
7.1141700e-01 +8.0000000e-02 +1.6347222e+01 -1.7027222e-01 -1.1334889e-02 +3.4517037e+00 +1.5325926e+00 +1.0469111e+00 -9.9190988e-02 -4.5243086e-01 -1.1036025e-02 +2.7142605e+04
7.1562000e-01 +8.0000000e-02 +1.6351889e+01 -1.6656667e-01 -1.3362222e-02 +3.4443457e+00 +1.5262346e+00 +1.0459667e+00 -8.9828889e-02 -4.5195185e-01 -1.0401049e-02 +2.7085296e+04
7.1979100e-01 +8.0000000e-02 +1.6355556e+01 -1.6232333e-01 -1.5070667e-02 +3.4382716e+00 +1.5200123e+00 +1.0452259e+00 -8.0915062e-02 -4.5127037e-01 -9.6630247e-03 +2.7028616e+04
7.2392900e-01 +8.0000000e-02 +1.6358222e+01 -1.5765556e-01 -1.6573778e-02 +3.4336420e+00 +1.5140247e+00 +1.0448395e+00 -7.2311235e-02 -4.5062346e-01 -8.7647654e-03 +2.6950190e+04
7.2803300e-01 +8.0000000e-02 +1.6360222e+01 -1.5261111e-01 -1.8191667e-02 +3.4286914e+00 +1.5082593e+00 +1.0442617e+00 -6.3902469e-02 -4.4972469e-01 -7.6477654e-03 +2.6857709e+04
7.3210300e-01 +8.0000000e-02 +1.6362111e+01 -1.4722889e-01 -2.0161222e-02 +3.4214938e+00 +1.5025185e+00 +1.0427346e+00 -5.5542840e-02 -4.4839136e-01 -6.0456543e-03 +2.6771510e+04
7.3613800e-01 +8.0000000e-02 +1.6363889e+01 -1.4161778e-01 -2.2301556e-02 +3.4116790e+00 +1.4966296e+00 +1.0406185e+00 -4.7003951e-02 -4.4651358e-01 -3.8015679e-03 +2.6681637e+04
7.4013900e-01 +8.0000000e-02 +1.6365333e+01 -1.3593333e-01 -2.4394222e-02 +3.3992963e+00 +1.4904691e+00 +1.0382815e+00 -3.8458519e-02 -4.4401728e-01 -1.0663457e-03 +2.6593126e+04
7.4410500e-01 +8.0000000e-02 +1.6366222e+01 -1.3032556e-01 -2.6571333e-02 +3.3843704e+00 +1.4840123e+00 +1.0355975e+00 -3.0174321e-02 -4.4075432e-01 +1.7325309e-03 +2.6495274e+04
7.4803600e-01 +8.0000000e-02 +1.6366556e+01 -1.2488222e-01 -2.9067444e-02 +3.3666543e+00 +1.4772716e+00 +1.0324531e+00 -2.2095432e-02 -4.3682716e-01 +4.2043827e-03 +2.6376096e+04
7.5193100e-01 +8.0000000e-02 +1.6366111e+01 -1.1963778e-01 -3.2027111e-02 +3.3466790e+00 +1.4702840e+00 +1.0288469e+00 -1.4042469e-02 -4.3248519e-01 +6.2040494e-03 +2.6265333e+04
7.5579100e-01 +8.0000000e-02 +1.6364889e+01 -1.1455667e-01 -3.5397444e-02 +3.3250247e+00 +1.4631481e+00 +1.0251716e+00 -5.7568519e-03 -4.2790247e-01 +7.8208395e-03 +2.6186430e+04
7.5961500e-01 +8.0000000e-02 +1.6362889e+01 -1.0954800e-01 -3.8908889e-02 +3.3026420e+00 +1.4560123e+00 +1.0217444e+00 +2.9122593e-03 -4.2349753e-01 +9.2850494e-03 +2.6121069e+04
7.6340300e-01 +8.0000000e-02 +1.6360000e+01 -1.0450100e-01 -4.2184333e-02 +3.2811728e+00 +1.4490617e+00 +1.0188914e+00 +1.1580074e-02 -4.1951852e-01 +1.0883346e-02 +2.6049372e+04
7.6715400e-01 +8.0000000e-02 +1.6356333e+01 -9.9322778e-02 -4.5000000e-02 +3.2616049e+00 +1.4423580e+00 +1.0170284e+00 +1.9727531e-02 -4.1591235e-01 +1.2786420e-02 +2.5962391e+04
7.7086900e-01 +8.0000000e-02 +1.6351778e+01 -9.4001111e-02 -4.7430111e-02 +3.2441235e+00 +1.4358519e+00 +1.0159827e+00 +2.7139259e-02 -4.1271111e-01 +1.4759259e-02 +2.5865445e+04
7.7454800e-01 +8.0000000e-02 +1.6346444e+01 -8.8563222e-02 -4.9715778e-02 +3.2281852e+00 +1.4294321e+00 +1.0149963e+00 +3.3855679e-02 -4.0994568e-01 +1.6560741e-02 +2.5763474e+04
7.7819000e-01 +8.0000000e-02 +1.6340222e+01 -8.3003778e-02 -5.2003667e-02 +3.2130000e+00 +1.4229630e+00 +1.0136728e+00 +4.0106296e-02 -4.0740494e-01 +1.8286049e-02 +2.5651746e+04
7.8179500e-01 +8.0000000e-02 +1.6333444e+01 -7.7340444e-02 -5.4257000e-02 +3.1981111e+00 +1.4162716e+00 +1.0120691e+00 +4.6101605e-02 -4.0511235e-01 +2.0054444e-02 +2.5532951e+04
7.8536400e-01 +8.0000000e-02 +1.6326000e+01 -7.1619333e-02 -5.6478667e-02 +3.1836543e+00 +1.4091852e+00 +1.0104198e+00 +5.1975185e-02 -4.0336543e-01 +2.1870123e-02 +2.5419427e+04
7.8889500e-01 +8.0000000e-02 +1.6317889e+01 -6.5819333e-02 -5.8680444e-02 +3.1697778e+00 +1.4016296e+00 +1.0091741e+00 +5.7761235e-02 -4.0251235e-01 +2.3789012e-02 +2.5315620e+04
7.9238900e-01 +8.0000000e-02 +1.6309111e+01 -5.9876000e-02 -6.0746333e-02 +3.1557160e+00 +1.3937037e+00 +1.0083309e+00 +6.3396420e-02 -4.0254815e-01 +2.5885556e-02 +2.5221022e+04
7.9584700e-01 +8.0000000e-02 +1.6299556e+01 -5.3763889e-02 -6.2547111e-02 +3.1407531e+00 +1.3855309e+00 +1.0075938e+00 +6.8893704e-02 -4.0299630e-01 +2.8021605e-02 +2.5136740e+04
7.9926700e-01 +8.0000000e-02 +1.6289444e+01 -4.7504000e-02 -6.4102444e-02 +3.1247531e+00 +1.3771975e+00 +1.0068136e+00 +7.4333333e-02 -4.0327778e-01 +2.9974198e-02 +2.5059303e+04
8.0265000e-01 +8.0000000e-02 +1.6278778e+01 -4.1127889e-02 -6.5537889e-02 +3.1075185e+00 +1.3688519e+00 +1.0058679e+00 +7.9812593e-02 -4.0300741e-01 +3.1748519e-02 +2.4979388e+04
8.0599600e-01 +8.0000000e-02 +1.6267889e+01 -3.4683333e-02 -6.6965333e-02 +3.0888519e+00 +1.3606667e+00 +1.0046432e+00 +8.5447531e-02 -4.0204938e-01 +3.3460494e-02 +2.4889731e+04
8.0930400e-01 +8.0000000e-02 +1.6256667e+01 -2.8206889e-02 -6.8451556e-02 +3.0688148e+00 +1.3527407e+00 +1.0028086e+00 +9.1282346e-02 -4.0043951e-01 +3.5101358e-02 +2.4800303e+04
8.1257600e-01 +8.0000000e-02 +1.6244889e+01 -2.1701444e-02 -6.9971000e-02 +3.0481852e+00 +1.3451111e+00 +1.0001938e+00 +9.7243951e-02 -3.9841975e-01 +3.6603086e-02 +2.4719240e+04
8.1581000e-01 +8.0000000e-02 +1.6232556e+01 -1.5136556e-02 -7.1413556e-02 +3.0277901e+00 +1.3377037e+00 +9.9711111e-01 +1.0323494e-01 -3.9621852e-01 +3.7993210e-02 +2.4640630e+04
8.1900800e-01 +8.0000000e-02 +1.6219444e+01 -8.4721000e-03 -7.2685000e-02 +3.0077901e+00 +1.3304321e+00 +9.9420000e-01 +1.0911778e-01 -3.9402840e-01 +3.9347407e-02 +2.4556458e+04
8.2216800e-01 +8.0000000e-02 +1.6205667e+01 -1.6896778e-03 -7.3787222e-02 +2.9880123e+00 +1.3232222e+00 +9.9171358e-01 +1.1482037e-01 -3.9200370e-01 +4.0709383e-02 +2.4471524e+04
8.2529200e-01 +8.0000000e-02 +1.6191111e+01 +5.2028889e-03 -7.4810444e-02 +2.9681235e+00 +1.3160988e+00 +9.8936420e-01 +1.2044593e-01 -3.9002716e-01 +4.2190123e-02 +2.4396037e+04
8.2837800e-01 +8.0000000e-02 +1.6176111e+01 +1.2196444e-02 -7.5829222e-02 +2.9479136e+00 +1.3091111e+00 +9.8686543e-01 +1.2616296e-01 -3.8795432e-01 +4.3843951e-02 +2.4328115e+04
8.3142800e-01 +8.0000000e-02 +1.6160667e+01 +1.9275222e-02 -7.6883222e-02 +2.9273951e+00 +1.3022099e+00 +9.8427284e-01 +1.3205679e-01 -3.8589383e-01 +4.5531852e-02 +2.4254601e+04
8.3444100e-01 +8.0000000e-02 +1.6144889e+01 +2.6402889e-02 -7.8046222e-02 +2.9063827e+00 +1.2953086e+00 +9.8188148e-01 +1.3805309e-01 -3.8389259e-01 +4.7038395e-02 +2.4164530e+04
8.3741800e-01 +8.0000000e-02 +1.6128889e+01 +3.3553889e-02 -7.9417778e-02 +2.8845309e+00 +1.2883086e+00 +9.7975062e-01 +1.4402469e-01 -3.8178765e-01 +4.8279259e-02 +2.4072721e+04
8.4035800e-01 +8.0000000e-02 +1.6112556e+01 +4.0727889e-02 -8.1051222e-02 +2.8619012e+00 +1.2811481e+00 +9.7772840e-01 +1.4990617e-01 -3.7935556e-01 +4.9324198e-02 +2.3989846e+04
8.4326200e-01 +8.0000000e-02 +1.6096000e+01 +4.7918778e-02 -8.2933222e-02 +2.8391358e+00 +1.2738395e+00 +9.7583704e-01 +1.5572222e-01 -3.7649383e-01 +5.0287407e-02 +2.3906855e+04
8.4613000e-01 +8.0000000e-02 +1.6079111e+01 +5.5081778e-02 -8.5025667e-02 +2.8165185e+00 +1.2663457e+00 +9.7426296e-01 +1.6148642e-01 -3.7314815e-01 +5.1307284e-02 +2.3823548e+04
8.4896200e-01 +8.0000000e-02 +1.6062000e+01 +6.2141889e-02 -8.7306333e-02 +2.7937407e+00 +1.2586790e+00 +9.7308519e-01 +1.6713210e-01 -3.6924691e-01 +5.2502099e-02 +2.3750028e+04
8.5175700e-01 +8.0000000e-02 +1.6044889e+01 +6.9040667e-02 -8.9772778e-02 +2.7709012e+00 +1.2508025e+00 +9.7209136e-01 +1.7257407e-01 -3.6486049e-01 +5.3924444e-02 +2.3683558e+04
8.5451800e-01 +8.0000000e-02 +1.6027667e+01 +7.5756778e-02 -9.2423111e-02 +2.7482963e+00 +1.2427531e+00 +9.7096667e-01 +1.7773457e-01 -3.6010988e-01 +5.5576173e-02 +2.3612856e+04
8.5724300e-01 +8.0000000e-02 +1.6010444e+01 +8.2297000e-02 -9.5242000e-02 +2.7260741e+00 +1.2346049e+00 +9.6953951e-01 +1.8254321e-01 -3.5492593e-01 +5.7408148e-02 +2.3536803e+04
8.5993200e-01 +8.0000000e-02 +1.5993111e+01 +8.8683889e-02 -9.8209444e-02 +2.7044938e+00 +1.2264420e+00 +9.6780370e-01 +1.8695926e-01 -3.4916296e-01 +5.9358025e-02 +2.3455906e+04
8.6258600e-01 +8.0000000e-02 +1.5975778e+01 +9.4943333e-02 -1.0132411e-01 +2.6839012e+00 +1.2183309e+00 +9.6588148e-01 +1.9100247e-01 -3.4287037e-01 +6.1380247e-02 +2.3363304e+04
8.6520600e-01 +8.0000000e-02 +1.5958333e+01 +1.0110344e-01 -1.0459633e-01 +2.6644198e+00 +1.2102938e+00 +9.6403704e-01 +1.9473951e-01 -3.3630000e-01 +6.3428519e-02 +2.3257330e+04
8.6779100e-01 +8.0000000e-02 +1.5940889e+01 +1.0719178e-01 -1.0804656e-01 +2.6458519e+00 +1.2022852e+00 +9.6259753e-01 +1.9824321e-01 -3.2971481e-01 +6.5426790e-02 +2.3147955e+04
8.7034100e-01 +8.0000000e-02 +1.5923222e+01 +1.1322333e-01 -1.1170556e-01 +2.6279136e+00 +1.1942247e+00 +9.6181605e-01 +2.0157160e-01 -3.2328272e-01 +6.7270494e-02 +2.3048327e+04
8.7285700e-01 +8.0000000e-02 +1.5905333e+01 +1.1919778e-01 -1.1558889e-01 +2.6104444e+00 +1.1860444e+00 +9.6181481e-01 +2.0474815e-01 -3.1706049e-01 +6.8889012e-02 +2.2962740e+04
8.7534000e-01 +8.0000000e-02 +1.5887222e+01 +1.2510333e-01 -1.1967667e-01 +2.5933457e+00 +1.1777136e+00 +9.6254691e-01 +2.0778889e-01 -3.1102840e-01 +7.0304198e-02 +2.2891688e+04
8.7778800e-01 +8.0000000e-02 +1.5868778e+01 +1.3092222e-01 -1.2393444e-01 +2.5765679e+00 +1.1692309e+00 +9.6384321e-01 +2.1074568e-01 -3.0513827e-01 +7.1592469e-02 +2.2835419e+04
8.8020300e-01 +8.0000000e-02 +1.5849889e+01 +1.3663556e-01 -1.2833889e-01 +2.5601852e+00 +1.1606148e+00 +9.6549012e-01 +2.1367160e-01 -2.9931358e-01 +7.2814938e-02 +2.2789710e+04
8.8258400e-01 +8.0000000e-02 +1.5830556e+01 +1.4221556e-01 -1.3286556e-01 +2.5441605e+00 +1.1518889e+00 +9.6729630e-01 +2.1656667e-01 -2.9346420e-01 +7.4007654e-02 +2.2749309e+04
8.8493300e-01 +8.0000000e-02 +1.5810778e+01 +1.4763444e-01 -1.3750000e-01 +2.5284198e+00 +1.1430877e+00 +9.6914568e-01 +2.1939259e-01 -2.8748272e-01 +7.5214568e-02 +2.2714305e+04
8.8724900e-01 +8.0000000e-02 +1.5790444e+01 +1.5287556e-01 -1.4222111e-01 +2.5130741e+00 +1.1342593e+00 +9.7098889e-01 +2.2212593e-01 -2.8127407e-01 +7.6483210e-02 +2.2684746e+04
8.8953200e-01 +8.0000000e-02 +1.5769667e+01 +1.5793333e-01 -1.4700111e-01 +2.4983457e+00 +1.1254556e+00 +9.7282222e-01 +2.2480247e-01 -2.7481111e-01 +7.7844938e-02 +2.2655263e+04
8.9178300e-01 +8.0000000e-02 +1.5748222e+01 +1.6280333e-01 -1.5178778e-01 +2.4844321e+00 +1.1167037e+00 +9.7464444e-01 +2.2748889e-01 -2.6815185e-01 +7.9310617e-02 +2.2623918e+04
8.9400200e-01 +8.0000000e-02 +1.5726000e+01 +1.6748000e-01 -1.5651333e-01 +2.4715432e+00 +1.1079938e+00 +9.7640000e-01 +2.3024444e-01 -2.6138889e-01 +8.0862593e-02 +2.2597034e+04
8.9619000e-01 +8.0000000e-02 +1.5703000e+01 +1.7195556e-01 -1.6110222e-01 +2.4599506e+00 +1.0992889e+00 +9.7801235e-01 +2.3308272e-01 -2.5459383e-01 +8.2463210e-02 +2.2580910e+04
8.9834600e-01 +8.0000000e-02 +1.5679222e+01 +1.7621778e-01 -1.6549778e-01 +2.4498519e+00 +1.0905506e+00 +9.7945926e-01 +2.3598642e-01 -2.4780123e-01 +8.4074691e-02 +2.2578340e+04
9.0047100e-01 +8.0000000e-02 +1.5654667e+01 +1.8025333e-01 -1.6966333e-01 +2.4412346e+00 +1.0817420e+00 +9.8083457e-01 +2.3893704e-01 -2.4103457e-01 +8.5667778e-02 +2.2591531e+04
9.0256500e-01 +8.0000000e-02 +1.5629111e+01 +1.8404000e-01 -1.7358111e-01 +2.4339630e+00 +1.0728395e+00 +9.8228025e-01 +2.4194815e-01 -2.3433827e-01 +8.7219012e-02 +2.2623394e+04
9.0462900e-01 +8.0000000e-02 +1.5602556e+01 +1.8755333e-01 -1.7723111e-01 +2.4279136e+00 +1.0638235e+00 +9.8386173e-01 +2.4505802e-01 -2.2777160e-01 +8.8701852e-02 +2.2676652e+04
9.0666200e-01 +8.0000000e-02 +1.5575111e+01 +1.9076556e-01 -1.8059556e-01 +2.4230864e+00 +1.0546963e+00 +9.8552963e-01 +2.4831975e-01 -2.2139012e-01 +9.0082469e-02 +2.2754247e+04
9.0866500e-01 +8.0000000e-02 +1.5546667e+01 +1.9365444e-01 -1.8366444e-01 +2.4195432e+00 +1.0454827e+00 +9.8721481e-01 +2.5177284e-01 -2.1523086e-01 +9.1326173e-02 +2.2858443e+04
9.1063900e-01 +8.0000000e-02 +1.5517111e+01 +1.9619889e-01 -1.8643889e-01 +2.4173951e+00 +1.0362235e+00 +9.8890617e-01 +2.5542593e-01 -2.0928272e-01 +9.2409383e-02 +2.2990976e+04
9.1258400e-01 +8.0000000e-02 +1.5486444e+01 +1.9838333e-01 -1.8892333e-01 +2.4167654e+00 +1.0269667e+00 +9.9065062e-01 +2.5926420e-01 -2.0349136e-01 +9.3330741e-02 +2.3149720e+04
9.1449900e-01 +8.0000000e-02 +1.5454667e+01 +2.0019444e-01 -1.9111000e-01 +2.4178025e+00 +1.0177556e+00 +9.9250000e-01 +2.6327901e-01 -1.9779383e-01 +9.4109383e-02 +2.3328231e+04
9.1638500e-01 +8.0000000e-02 +1.5421667e+01 +2.0161667e-01 -1.9297667e-01 +2.4207160e+00 +1.0086185e+00 +9.9448148e-01 +2.6747654e-01 -1.9215556e-01 +9.4764074e-02 +2.3522362e+04
9.1824400e-01 +8.0000000e-02 +1.5387667e+01 +2.0263111e-01 -1.9449667e-01 +2.4256543e+00 +9.9956543e-01 +9.9663086e-01 +2.7186667e-01 -1.8656790e-01 +9.5297531e-02 +2.3734506e+04
9.2007400e-01 +8.0000000e-02 +1.5352444e+01 +2.0322667e-01 -1.9564000e-01 +2.4327284e+00 +9.9059259e-01 +9.9901975e-01 +2.7644321e-01 -1.8102346e-01 +9.5698519e-02 +2.3969062e+04
9.2187600e-01 +8.0000000e-02 +1.5316111e+01 +2.0339778e-01 -1.9638222e-01 +2.4420864e+00 +9.8168272e-01 +1.0017469e+00 +2.8120000e-01 -1.7550617e-01 +9.5951852e-02 +2.4225394e+04
9.2365000e-01 +8.0000000e-02 +1.5278556e+01 +2.0314444e-01 -1.9671444e-01 +2.4538395e+00 +9.7280988e-01 +1.0048951e+00 +2.8614074e-01 -1.6998272e-01 +9.6047901e-02 +2.4501494e+04
9.2539800e-01 +8.0000000e-02 +1.5239889e+01 +2.0247667e-01 -1.9664778e-01 +2.4680494e+00 +9.6393333e-01 +1.0084790e+00 +2.9127531e-01 -1.6441111e-01 +9.5984321e-02 +2.4799567e+04
9.2711800e-01 +8.0000000e-02 +1.5200111e+01 +2.0140111e-01 -1.9621000e-01 +2.4847778e+00 +9.5500741e-01 +1.0124580e+00 +2.9661111e-01 -1.5875432e-01 +9.5760988e-02 +2.5122032e+04
9.2881200e-01 +8.0000000e-02 +1.5159111e+01 +1.9992556e-01 -1.9542889e-01 +2.5040123e+00 +9.4598395e-01 +1.0167481e+00 +3.0213827e-01 -1.5297531e-01 +9.5381852e-02 +2.5468308e+04
9.3048000e-01 +8.0000000e-02 +1.5117000e+01 +1.9805667e-01 -1.9432444e-01 +2.5256790e+00 +9.3682469e-01 +1.0212395e+00 +3.0783457e-01 -1.4705062e-01 +9.4863086e-02 +2.5840349e+04
9.3212100e-01 +8.0000000e-02 +1.5073667e+01 +1.9580333e-01 -1.9290111e-01 +2.5497407e+00 +9.2749753e-01 +1.0258198e+00 +3.1367901e-01 -1.4099506e-01 +9.4230123e-02 +2.6242734e+04
9.3373700e-01 +8.0000000e-02 +1.5029222e+01 +1.9317444e-01 -1.9114889e-01 +2.5762222e+00 +9.1797901e-01 +1.0304000e+00 +3.1966049e-01 -1.3486420e-01 +9.3504321e-02 +2.6679018e+04
9.3532800e-01 +8.0000000e-02 +1.4983333e+01 +1.9018222e-01 -1.8905222e-01 +2.6052840e+00 +9.0824815e-01 +1.0349086e+00 +3.2578148e-01 -1.2872346e-01 +9.2691111e-02 +2.7151499e+04
9.3689300e-01 +8.0000000e-02 +1.4936222e+01 +1.8684222e-01 -1.8659556e-01 +2.6371235e+00 +8.9828642e-01 +1.0392802e+00 +3.3205062e-01 -1.2261000e-01 +9.1779753e-02 +2.7661749e+04
9.3843400e-01 +8.0000000e-02 +1.4887778e+01 +1.8316889e-01 -1.8376556e-01 +2.6719012e+00 +8.8808395e-01 +1.0434593e+00 +3.3848889e-01 -1.1653840e-01 +9.0747654e-02 +2.8210076e+04
9.3995000e-01 +8.0000000e-02 +1.4837889e+01 +1.7918000e-01 -1.8054889e-01 +2.7097284e+00 +8.7763951e-01 +1.0474148e+00 +3.4510617e-01 -1.1052074e-01 +8.9569877e-02 +2.8796094e+04
9.4144200e-01 +8.0000000e-02 +1.4786556e+01 +1.7489333e-01 -1.7693667e-01 +2.7505556e+00 +8.6695679e-01 +1.0511370e+00 +3.5189877e-01 -1.0457667e-01 +8.8230247e-02 +2.9420356e+04
9.4291000e-01 +8.0000000e-02 +1.4733778e+01 +1.7033000e-01 -1.7291333e-01 +2.7943210e+00 +8.5604198e-01 +1.0546198e+00 +3.5883951e-01 -9.8741358e-02 +8.6730370e-02 +3.0084079e+04
9.4435500e-01 +8.0000000e-02 +1.4679444e+01 +1.6551333e-01 -1.6845667e-01 +2.8409753e+00 +8.4489136e-01 +1.0578444e+00 +3.6589383e-01 -9.3063580e-02 +8.5091605e-02 +3.0787852e+04
9.4577700e-01 +8.0000000e-02 +1.4623667e+01 +1.6046778e-01 -1.6354111e-01 +2.8904815e+00 +8.3348889e-01 +1.0607951e+00 +3.7302469e-01 -8.7587037e-02 +8.3351852e-02 +3.1531658e+04
9.4717500e-01 +8.0000000e-02 +1.4566333e+01 +1.5522556e-01 -1.5812889e-01 +2.9428148e+00 +8.2180617e-01 +1.0634667e+00 +3.8019506e-01 -8.2328889e-02 +8.1557284e-02 +3.2315883e+04
9.4855100e-01 +8.0000000e-02 +1.4507333e+01 +1.4981333e-01 -1.5218111e-01 +2.9979753e+00 +8.0979877e-01 +1.0658580e+00 +3.8736914e-01 -7.7277037e-02 +7.9749753e-02 +3.3143647e+04
9.4990500e-01 +8.0000000e-02 +1.4446556e+01 +1.4426000e-01 -1.4565111e-01 +3.0559259e+00 +7.9742346e-01 +1.0679630e+00 +3.9450123e-01 -7.2409630e-02 +7.7954938e-02 +3.4020424e+04
9.5123600e-01 +8.0000000e-02 +1.4384111e+01 +1.3859000e-01 -1.3850000e-01 +3.1166296e+00 +7.8463333e-01 +1.0697704e+00 +4.0155309e-01 -6.7714321e-02 +7.6176049e-02 +3.4952195e+04
9.5254600e-01 +8.0000000e-02 +1.4319667e+01 +1.3282444e-01 -1.3069444e-01 +3.1800494e+00 +7.7139136e-01 +1.0712728e+00 +4.0849012e-01 -6.3189753e-02 +7.4399259e-02 +3.5943192e+04
9.5383400e-01 +8.0000000e-02 +1.4253111e+01 +1.2698000e-01 -1.2221778e-01 +3.2461728e+00 +7.5767531e-01 +1.0724802e+00 +4.1528765e-01 -5.8836914e-02 +7.2602840e-02 +3.6995292e+04
9.5510100e-01 +8.0000000e-02 +1.4184556e+01 +1.2107111e-01 -1.1306333e-01 +3.3150494e+00 +7.4347531e-01 +1.0734210e+00 +4.2192346e-01 -5.4647407e-02 +7.0766667e-02 +3.8107483e+04
9.5634800e-01 +8.0000000e-02 +1.4113556e+01 +1.1511333e-01 -1.0323389e-01 +3.3867407e+00 +7.2878889e-01 +1.0741284e+00 +4.2838025e-01 -5.0590494e-02 +6.8876049e-02 +3.9278550e+04
9.5757400e-01 +8.0000000e-02 +1.4040222e+01 +1.0911989e-01 -9.2739222e-02 +3.4613210e+00 +7.1361728e-01 +1.0746284e+00 +4.3462963e-01 -4.6612346e-02 +6.6922222e-02 +4.0509728e+04
9.5877900e-01 +8.0000000e-02 +1.3964222e+01 +1.0310678e-01 -8.1590778e-02 +3.5388889e+00 +6.9796173e-01 +1.0749321e+00 +4.4063827e-01 -4.2648642e-02 +6.4900741e-02 +4.1802617e+04
9.5996400e-01 +8.0000000e-02 +1.3885556e+01 +9.7088000e-02 -6.9801000e-02 +3.6196173e+00 +6.8181728e-01 +1.0750407e+00 +4.4636790e-01 -3.8635432e-02 +6.2810741e-02 +4.3156610e+04
9.6113000e-01 +8.0000000e-02 +1.3803889e+01 +9.1077667e-02 -5.7383444e-02 +3.7036173e+00 +6.6517531e-01 +1.0749457e+00 +4.5177901e-01 -3.4513333e-02 +6.0653457e-02 +4.4569472e+04
9.6227600e-01 +8.0000000e-02 +1.3719111e+01 +8.5088778e-02 -4.4356333e-02 +3.7909877e+00 +6.4803210e-01 +1.0746383e+00 +4.5684321e-01 -3.0229753e-02 +5.8432469e-02 +4.6038787e+04
9.6340300e-01 +8.0000000e-02 +1.3631111e+01 +7.9134444e-02 -3.0744889e-02 +3.8817284e+00 +6.3038395e-01 +1.0741136e+00 +4.6153704e-01 -2.5741481e-02 +5.6155556e-02 +4.7563335e+04
9.6451100e-01 +8.0000000e-02 +1.3539556e+01 +7.3228222e-02 -1.6582333e-02 +3.9757654e+00 +6.1223827e-01 +1.0733716e+00 +4.6584568e-01 -2.1021358e-02 +5.3835556e-02 +4.9142183e+04
9.6560100e-01 +8.0000000e-02 +1.3444222e+01 +6.7384778e-02 -1.9079444e-03 +4.0729012e+00 +5.9360988e-01 +1.0724173e+00 +4.6975309e-01 -1.6067654e-02 +5.1489012e-02 +5.0773642e+04
9.6667200e-01 +8.0000000e-02 +1.3345000e+01 +6.1620444e-02 +1.3236222e-02 +4.1729259e+00 +5.7452222e-01 +1.0712407e+00 +4.7322840e-01 -1.0905605e-02 +4.9134198e-02 +5.2456183e+04
9.6772500e-01 +8.0000000e-02 +1.3241556e+01 +5.5953444e-02 +2.8807333e-02 +4.2755432e+00 +5.5500617e-01 +1.0698111e+00 +4.7622840e-01 -5.5805432e-03 +4.6786914e-02 +5.4188758e+04
9.6876100e-01 +8.0000000e-02 +1.3133556e+01 +5.0403444e-02 +4.4762333e-02 +4.3804321e+00 +5.3509877e-01 +1.0680654e+00 +4.7869259e-01 -1.4691728e-04 +4.4458272e-02 +5.5972284e+04
9.6977800e-01 +8.0000000e-02 +1.3020667e+01 +4.4991556e-02 +6.1056556e-02 +4.4872593e+00 +5.1483704e-01 +1.0659173e+00 +4.8055432e-01 +5.3381111e-03 +4.2152346e-02 +5.7806858e+04
9.7077900e-01 +8.0000000e-02 +1.2902667e+01 +3.9739111e-02 +7.7640778e-02 +4.5956914e+00 +4.9426420e-01 +1.0632704e+00 +4.8174074e-01 +1.0818012e-02 +3.9866543e-02 +5.9689525e+04
9.7176200e-01 +8.0000000e-02 +1.2779111e+01 +3.4666889e-02 +9.4458333e-02 +4.7053457e+00 +4.7342346e-01 +1.0600395e+00 +4.8217654e-01 +1.6240988e-02 +3.7593333e-02 +6.1611721e+04
9.7272900e-01 +8.0000000e-02 +1.2649667e+01 +2.9794556e-02 +1.1144333e-01 +4.8157901e+00 +4.5236173e-01 +1.0561531e+00 +4.8179506e-01 +2.1565309e-02 +3.5323827e-02 +6.3560118e+04
9.7367900e-01 +8.0000000e-02 +1.2513889e+01 +2.5140000e-02 +1.2852111e-01 +4.9264691e+00 +4.3113210e-01 +1.0515531e+00 +4.8052963e-01 +2.6762840e-02 +3.3050617e-02 +6.5519591e+04
9.7461200e-01 +8.0000000e-02 +1.2371333e+01 +2.0719000e-02 +1.4560556e-01 +5.0366543e+00 +4.0979383e-01 +1.0461864e+00 +4.7832099e-01 +3.1816173e-02 +3.0770494e-02 +6.7475618e+04
9.7553000e-01 +8.0000000e-02 +1.2221556e+01 +1.6545444e-02 +1.6260444e-01 +5.1454815e+00 +3.8841605e-01 +1.0400012e+00 +4.7511358e-01 +3.6713333e-02 +2.8486173e-02 +6.9414604e+04
9.7643200e-01 +8.0000000e-02 +1.2064222e+01 +1.2631556e-02 +1.7941889e-01 +5.2518642e+00 +3.6707160e-01 +1.0329395e+00 +4.7085062e-01 +4.1441605e-02 +2.6206420e-02 +7.1323634e+04
9.7731900e-01 +8.0000000e-02 +1.1898556e+01 +8.9877222e-03 +1.9594556e-01 +5.3545802e+00 +3.4583704e-01 +1.0249370e+00 +4.6547778e-01 +4.5985062e-02 +2.3945062e-02 +7.3189217e+04
9.7819000e-01 +8.0000000e-02 +1.1724333e+01 +5.6230000e-03 +2.1208000e-01 +5.4521975e+00 +3.2479136e-01 +1.0159173e+00 +4.5894198e-01 +5.0325926e-02 +2.1718765e-02 +7.4996907e+04
9.7904600e-01 +8.0000000e-02 +1.1540667e+01 +2.5447778e-03 +2.2771222e-01 +5.5431358e+00 +3.0400988e-01 +1.0057914e+00 +4.5119630e-01 +5.4445062e-02 +1.9544321e-02 +7.6730279e+04
9.7988700e-01 +8.0000000e-02 +1.1347333e+01 -2.4118556e-04 +2.4273667e-01 +5.6256543e+00 +2.8356667e-01 +9.9446420e-01 +4.4219630e-01 +5.8321358e-02 +1.7437654e-02 +7.8370188e+04
9.8071400e-01 +8.0000000e-02 +1.1143556e+01 -2.7310444e-03 +2.5704556e-01 +5.6978519e+00 +2.6353086e-01 +9.8183086e-01 +4.3190617e-01 +6.1929753e-02 +1.5412963e-02 +7.9895737e+04
9.8152600e-01 +8.0000000e-02 +1.0928767e+01 -4.9230889e-03 +2.7053111e-01 +5.7576667e+00 +2.4396296e-01 +9.6779259e-01 +4.2029506e-01 +6.5239506e-02 +1.3482840e-02 +8.1285556e+04
9.8232400e-01 +8.0000000e-02 +1.0702511e+01 -6.8179778e-03 +2.8308667e-01 +5.8028642e+00 +2.2492346e-01 +9.5225432e-01 +4.0734691e-01 +6.8215679e-02 +1.1658630e-02 +8.2519105e+04
9.8310800e-01 +8.0000000e-02 +1.0464233e+01 -8.4191111e-03 +2.9460667e-01 +5.8310741e+00 +2.0646543e-01 +9.3513086e-01 +3.9305679e-01 +7.0821358e-02 +9.9504198e-03 +8.3578112e+04
9.8387800e-01 +8.0000000e-02 +1.0213444e+01 -9.7326444e-03 +3.0498556e-01 +5.8397654e+00 +1.8864074e-01 +9.1635309e-01 +3.7743704e-01 +7.3019753e-02 +8.3675432e-03 +8.4447844e+04
9.8463500e-01 +8.0000000e-02 +9.9497111e+00 -1.0767678e-02 +3.1412111e-01 +5.8263827e+00 +1.7149506e-01 +8.9586543e-01 +3.6051852e-01 +7.4776420e-02 +6.9183457e-03 +8.5116855e+04
9.8537900e-01 +8.0000000e-02 +9.6726556e+00 -1.1536111e-02 +3.2191667e-01 +5.7883210e+00 +1.5507160e-01 +8.7362840e-01 +3.4235926e-01 +7.6058272e-02 +5.6099506e-03 +8.5578384e+04
9.8611000e-01 +8.0000000e-02 +9.3820000e+00 -1.2052222e-02 +3.2827889e-01 +5.7230494e+00 +1.3940864e-01 +8.4961605e-01 +3.2303704e-01 +7.6832716e-02 +4.4477654e-03 +8.5831556e+04
9.8682800e-01 +8.0000000e-02 +9.0775444e+00 -1.2332889e-02 +3.3312444e-01 +5.6282593e+00 +1.2454198e-01 +8.2381605e-01 +3.0266049e-01 +7.7066790e-02 +3.4347654e-03 +8.5883495e+04
9.8753300e-01 +8.0000000e-02 +8.7591778e+00 -1.2396889e-02 +3.3638000e-01 +5.5019012e+00 +1.1050062e-01 +7.9622716e-01 +2.8136420e-01 +7.6728889e-02 +2.5709877e-03 +8.5751459e+04
9.8822500e-01 +8.0000000e-02 +8.4269444e+00 -1.2264444e-02 +3.3798000e-01 +5.3424074e+00 +9.7308889e-02 +7.6685802e-01 +2.5931481e-01 +7.5791852e-02 +1.8530247e-03 +8.5466066e+04
9.8890600e-01 +8.0000000e-02 +8.0810222e+00 -1.1957222e-02 +3.3787556e-01 +5.1487778e+00 +8.4984938e-02 +7.3572593e-01 +2.3670864e-01 +7.4237160e-02 +1.2739506e-03 +8.5072240e+04
9.8957400e-01 +8.0000000e-02 +7.7217222e+00 -1.1497889e-02 +3.3602667e-01 +4.9207901e+00 +7.3541728e-02 +7.0285309e-01 +2.1377160e-01 +7.2059383e-02 +8.2366914e-04 +8.4631035e+04
9.9023100e-01 +8.0000000e-02 +7.3495667e+00 -1.0909300e-02 +3.3240778e-01 +4.6591358e+00 +6.2987284e-02 +6.6826667e-01 +1.9075679e-01 +6.9269136e-02 +4.8947284e-04 +8.4216562e+04
9.9087600e-01 +8.0000000e-02 +6.9652222e+00 -1.0214800e-02 +3.2700556e-01 +4.3655926e+00 +5.3324321e-02 +6.3199630e-01 +1.6794568e-01 +6.5893827e-02 +2.5674568e-04 +8.3912544e+04
9.9150900e-01 +8.0000000e-02 +6.5695444e+00 -9.4373111e-03 +3.1981667e-01 +4.0431481e+00 +4.4551728e-02 +5.9407901e-01 +1.4563951e-01 +6.1977901e-02 +1.0966494e-04 +8.3805591e+04
9.9213200e-01 +8.0000000e-02 +6.1636000e+00 -8.5991778e-03 +3.1085111e-01 +3.6960247e+00 +3.6663704e-02 +5.5455679e-01 +1.2415062e-01 +5.7580494e-02 +3.1783210e-05 +8.3975432e+04
9.9274300e-01 +8.0000000e-02 +5.7486000e+00 -7.7218111e-03 +3.0012222e-01 +3.3297160e+00 +2.9649753e-02 +5.1348519e-01 +1.0379210e-01 +5.2773704e-02 +6.5452840e-06 +8.4485757e+04
9.9334300e-01 +8.0000000e-02 +5.3259222e+00 -6.8254556e-03 +2.8765333e-01 +2.9508889e+00 +2.3494444e-02 +4.7094198e-01 +8.4864568e-02 +4.7641728e-02 +1.7782840e-05 +8.5373118e+04
9.9393300e-01 +8.0000000e-02 +4.8970778e+00 -5.9289667e-03 +2.7347333e-01 +2.5671852e+00 +1.8176049e-02 +4.2703704e-01 +6.7638148e-02 +4.2279753e-02 +5.0262716e-05 +8.6638285e+04
9.9451200e-01 +8.0000000e-02 +4.4636667e+00 -5.0497444e-03 +2.5761333e-01 +2.1868642e+00 +1.3665926e-02 +3.8193827e-01 +5.2335185e-02 +3.6792963e-02 +9.0316420e-05 +8.8241875e+04
9.9508100e-01 +8.0000000e-02 +4.0273444e+00 -4.2036556e-03 +2.4010778e-01 +1.8184444e+00 +9.9268642e-03 +3.3588765e-01 +3.9113333e-02 +3.1295556e-02 +1.2654938e-04 +9.0106194e+04
9.9563900e-01 +8.0000000e-02 +3.5897556e+00 -3.4050667e-03 +2.2099444e-01 +1.4701852e+00 +6.9122963e-03 +2.8924198e-01 +2.8050864e-02 +2.5908395e-02 +1.5056667e-04 +9.2127606e+04
9.9618800e-01 +8.0000000e-02 +3.1524889e+00 -2.6669111e-03 +2.0031444e-01 +1.1495691e+00 +4.5651358e-03 +2.4249877e-01 +1.9137160e-02 +2.0755309e-02 +1.5760741e-04 +9.4199800e+04
9.9672600e-01 +8.0000000e-02 +2.7170444e+00 -2.0007000e-03 +1.7810667e-01 +8.6286420e-01 +2.8172222e-03 +1.9634198e-01 +1.2270790e-02 +1.5958642e-02 +1.4689012e-04 +9.6247906e+04
9.9725500e-01 +8.0000000e-02 +2.2847111e+00 -1.4166667e-03 +1.5442000e-01 +6.1475062e-01 +1.5893704e-03 +1.5167407e-01 +7.2648395e-03 +1.1635000e-02 +1.2147198e-04 +9.8264529e+04
9.9777500e-01 +8.0000000e-02 +1.8566222e+00 -9.2381556e-04 +1.2930333e-01 +4.0817284e-01 +7.9250370e-04 +1.0964741e-01 +3.8622222e-03 +7.8894568e-03 +8.7464444e-05 +1.0034279e+05
9.9828500e-01 +8.0000000e-02 +1.4336444e+00 -5.2996889e-04 +1.0281044e-01 +2.4440494e-01 +3.3034198e-04 +7.1704568e-02 +1.7574815e-03 +4.8098395e-03 +5.2577901e-05 +1.0269567e+05
9.9878600e-01 +8.0000000e-02 +1.0164367e+00 -2.4187667e-04 +7.5000111e-02 +1.2334852e-01 +1.0416469e-04 +3.9607531e-02 +6.2340123e-04 +2.4618025e-03 +2.4128765e-05 +1.0566589e+05
9.9927800e-01 +8.0000000e-02 +6.0542111e-01 -6.5110333e-05 +4.5936889e-02 +4.3979506e-02 +2.0352840e-05 +1.5484938e-02 +1.3821235e-04 +8.8598765e-04 +6.8029753e-06 +1.0971835e+05
9.9976100e-01 +8.0000000e-02 +2.0082222e-01 +0.0000000e+00 +1.5701000e-02 +4.8781975e-03 +1.4696173e-06 +1.9034815e-03 +8.9757654e-06 +9.8667407e-05 +5.6540000e-07 +1.1496561e+05
1.0000000e+00 +8.0000000e-02 +0.0000000e+00 +0.0000000e+00 +0.0000000e+00 +0.0000000e+00 +0.0000000e+00 +0.0000000e+00 +0.0000000e+00 +0.0000000e+00 +0.0000000e+00 +1.1496481e+05
