#    y              z              <u>            <v>            <w>            <u'u'>         <v'v'>         <w'w'>         <u'v'>         <u'w'>         <v'w'>         <eps>         
#----------------------------------------------------------------------------------------------------------------------------------------------------------------------------------
0.0000000e+00 +4.0000000e-01 +0.0000000e+00 +0.0000000e+00 +0.0000000e+00 +0.0000000e+00 +0.0000000e+00 +0.0000000e+00 +0.0000000e+00 +0.0000000e+00 +0.0000000e+00 +1.8115309e+05
2.3900000e-04 +4.0000000e-01 +2.2380889e-01 +2.5088222e-05 +3.9927778e-03 +7.8639506e-03 +3.1628148e-06 +3.0153086e-03 -1.8923457e-05 +7.2493086e-05 -4.7186543e-08 +1.8115407e+05
7.2200000e-04 +4.0000000e-01 +6.7478111e-01 +9.5231000e-05 +1.1919889e-02 +7.0910494e-02 +4.3178148e-05 +2.4231235e-02 -2.8833086e-04 +6.7393827e-04 -1.2017259e-06 +1.7320155e+05
1.2140000e-03 +4.0000000e-01 +1.1328778e+00 +2.1312222e-04 +1.9834111e-02 +1.9881358e-01 +2.1822099e-04 +6.1322346e-02 -1.2854691e-03 +1.9278889e-03 -7.0015432e-06 +1.6695479e+05
1.7150000e-03 +4.0000000e-01 +1.5975889e+00 +3.7985333e-04 +2.7724000e-02 +3.9336049e-01 +6.8332593e-04 +1.0988605e-01 -3.5753333e-03 +3.8663210e-03 -2.3345802e-05 +1.6201023e+05
2.2250000e-03 +4.0000000e-01 +2.0680889e+00 +5.9645889e-04 +3.5575000e-02 +6.5492346e-01 +1.6182963e-03 +1.6639136e-01 -7.7343333e-03 +6.4880617e-03 -5.7583704e-05 +1.5750968e+05
2.7450000e-03 +4.0000000e-01 +2.5431333e+00 +8.6396444e-04 +4.3367111e-02 +9.8140000e-01 +3.2035432e-03 +2.2804444e-01 -1.4288272e-02 +9.7533580e-03 -1.1724037e-04 +1.5293292e+05
3.2740000e-03 +4.0000000e-01 +3.0211222e+00 +1.1833667e-03 +5.1075778e-02 +1.3675679e+00 +5.6050741e-03 +2.9269753e-01 -2.3653457e-02 +1.3584815e-02 -2.0855432e-04 +1.4810602e+05
3.8120000e-03 +4.0000000e-01 +3.5001556e+00 +1.5555889e-03 +5.8672111e-02 +1.8050000e+00 +8.9665309e-03 +3.5876173e-01 -3.6092346e-02 +1.7874074e-02 -3.3506790e-04 +1.4313117e+05
4.3610000e-03 +4.0000000e-01 +3.9781111e+00 +1.9814556e-03 +6.6124333e-02 +2.2825185e+00 +1.3406173e-02 +4.2512346e-01 -5.1691111e-02 +2.2493333e-02 -4.9654321e-04 +1.3826969e+05
4.9190000e-03 +4.0000000e-01 +4.4527778e+00 +2.4615778e-03 +7.3400333e-02 +2.7870494e+00 +1.9017037e-02 +4.9105309e-01 -7.0360000e-02 +2.7308395e-02 -6.8834938e-04 +1.3382536e+05
5.4880000e-03 +4.0000000e-01 +4.9218889e+00 +2.9963000e-03 +8.0469000e-02 +3.3047654e+00 +2.5868889e-02 +5.5610864e-01 -9.1853333e-02 +3.2191605e-02 -9.0140864e-04 +1.3004559e+05
6.0670000e-03 +4.0000000e-01 +5.3833000e+00 +3.5855667e-03 +8.7302778e-02 +3.8221235e+00 +3.4011111e-02 +6.2005556e-01 -1.1580259e-01 +3.7030494e-02 -1.1226222e-03 +1.2706887e+05
6.6570000e-03 +4.0000000e-01 +5.8350111e+00 +4.2288333e-03 +9.3879333e-02 +4.3267531e+00 +4.3475185e-02 +6.8278765e-01 -1.4175679e-01 +4.1733457e-02 -1.3357284e-03 +1.2491203e+05
7.2570000e-03 +4.0000000e-01 +6.2752556e+00 +4.9250111e-03 +1.0018311e-01 +4.8080864e+00 +5.4277654e-02 +7.4426420e-01 -1.6921975e-01 +4.6230741e-02 -1.5224568e-03 +1.2349344e+05
7.8680000e-03 +4.0000000e-01 +6.7025556e+00 +5.6723444e-03 +1.0620556e-01 +5.2576543e+00 +6.6421481e-02 +8.0447284e-01 -1.9769136e-01 +5.0473580e-02 -1.6639383e-03 +1.2266808e+05
8.4910000e-03 +4.0000000e-01 +7.1157000e+00 +6.4684111e-03 +1.1194556e-01 +5.6692469e+00 +7.9897901e-02 +8.6339506e-01 -2.2668642e-01 +5.4430494e-02 -1.7420123e-03 +1.2226121e+05
9.1240000e-03 +4.0000000e-01 +7.5137667e+00 +7.3100111e-03 +1.1740889e-01 +6.0387654e+00 +9.4687037e-02 +9.2099383e-01 -2.5576790e-01 +5.8085185e-02 -1.7405432e-03 +1.2209888e+05
9.7690000e-03 +4.0000000e-01 +7.8961222e+00 +8.1932556e-03 +1.2260667e-01 +6.3639630e+00 +1.1075914e-01 +9.7720988e-01 -2.8455062e-01 +6.1433086e-02 -1.6463086e-03 +1.2202680e+05
1.0426000e-02 +4.0000000e-01 +8.2624111e+00 +9.1135778e-03 +1.2755778e-01 +6.6442469e+00 +1.2807531e-01 +1.0319654e+00 -3.1271481e-01 +6.4480370e-02 -1.4499383e-03 +1.2191910e+05
1.1094000e-02 +4.0000000e-01 +8.6124667e+00 +1.0065911e-02 +1.3228000e-01 +6.8802963e+00 +1.4658642e-01 +1.0851667e+00 -3.4000247e-01 +6.7241235e-02 -1.1465519e-03 +1.2168193e+05
1.1775000e-02 +4.0000000e-01 +8.9463667e+00 +1.1044856e-02 +1.3679889e-01 +7.0737407e+00 +1.6623704e-01 +1.1367185e+00 -3.6621975e-01 +6.9735926e-02 -7.3642469e-04 +1.2125242e+05
1.2467000e-02 +4.0000000e-01 +9.2643222e+00 +1.2045000e-02 +1.4113556e-01 +7.2269630e+00 +1.8696420e-01 +1.1865296e+00 -3.9122593e-01 +7.1987037e-02 -2.2529383e-04 +1.2059510e+05
1.3172000e-02 +4.0000000e-01 +9.5667222e+00 +1.3061111e-02 +1.4531333e-01 +7.3427654e+00 +2.0869753e-01 +1.2345247e+00 -4.1492963e-01 +7.4017160e-02 +3.7569383e-04 +1.1969686e+05
1.3890000e-02 +4.0000000e-01 +9.8540222e+00 +1.4088667e-02 +1.4934889e-01 +7.4242469e+00 +2.3136420e-01 +1.2806420e+00 -4.3727778e-01 +7.5846420e-02 +1.0506494e-03 +1.1856148e+05
1.4621000e-02 +4.0000000e-01 +1.0126800e+01 +1.5123556e-02 +1.5325889e-01 +7.4746173e+00 +2.5488519e-01 +1.3248395e+00 -4.5825309e-01 +7.7492469e-02 +1.7801605e-03 +1.1720281e+05
1.5365000e-02 +4.0000000e-01 +1.0385667e+01 +1.6162556e-02 +1.5705111e-01 +7.4971235e+00 +2.7917778e-01 +1.3670988e+00 -4.7786296e-01 +7.8972222e-02 +2.5427654e-03 +1.1564028e+05
1.6122000e-02 +4.0000000e-01 +1.0631278e+01 +1.7203444e-02 +1.6073000e-01 +7.4949383e+00 +3.0415432e-01 +1.4074074e+00 -4.9613333e-01 +8.0303580e-02 +3.3163704e-03 +1.1389506e+05
1.6892000e-02 +4.0000000e-01 +1.0864322e+01 +1.8244333e-02 +1.6429444e-01 +7.4711235e+00 +3.2972963e-01 +1.4458025e+00 -5.1310741e-01 +8.1508272e-02 +4.0790741e-03 +1.1198924e+05
1.7676000e-02 +4.0000000e-01 +1.1085489e+01 +1.9284111e-02 +1.6773889e-01 +7.4285556e+00 +3.5581235e-01 +1.4822840e+00 -5.2883827e-01 +8.2615802e-02 +4.8095432e-03 +1.0994498e+05
1.8474000e-02 +4.0000000e-01 +1.1295444e+01 +2.0322222e-02 +1.7105333e-01 +7.3699136e+00 +3.8230864e-01 +1.5168889e+00 -5.4338519e-01 +8.3664691e-02 +5.4872963e-03 +1.0778554e+05
1.9286000e-02 +4.0000000e-01 +1.1494889e+01 +2.1358667e-02 +1.7422333e-01 +7.2976790e+00 +4.0912840e-01 +1.5496543e+00 -5.5681358e-01 +8.4703210e-02 +6.0932963e-03 +1.0553346e+05
2.0113000e-02 +4.0000000e-01 +1.1684333e+01 +2.2393778e-02 +1.7723333e-01 +7.2140741e+00 +4.3617778e-01 +1.5806296e+00 -5.6918765e-01 +8.5785062e-02 +6.6111235e-03 +1.0321083e+05
2.0954000e-02 +4.0000000e-01 +1.1864667e+01 +2.3428778e-02 +1.8006333e-01 +7.1210988e+00 +4.6336296e-01 +1.6098272e+00 -5.8057037e-01 +8.6961975e-02 +7.0285432e-03 +1.0083694e+05
2.1810000e-02 +4.0000000e-01 +1.2036222e+01 +2.4465333e-02 +1.8269222e-01 +7.0205309e+00 +4.9059259e-01 +1.6373086e+00 -5.9102222e-01 +8.8274444e-02 +7.3392469e-03 +9.8428814e+04
2.2681000e-02 +4.0000000e-01 +1.2199778e+01 +2.5506111e-02 +1.8510222e-01 +6.9139506e+00 +5.1777531e-01 +1.6631111e+00 -6.0059506e-01 +8.9742593e-02 +7.5445679e-03 +9.6000560e+04
2.3568000e-02 +4.0000000e-01 +1.2355667e+01 +2.6554111e-02 +1.8727556e-01 +6.8027284e+00 +5.4482346e-01 +1.6872593e+00 -6.0934074e-01 +9.1360247e-02 +7.6537284e-03 +9.3563706e+04
2.4470000e-02 +4.0000000e-01 +1.2504556e+01 +2.7613444e-02 +1.8920000e-01 +6.6880617e+00 +5.7165062e-01 +1.7098148e+00 -6.1730617e-01 +9.3096914e-02 +7.6825802e-03 +9.1128090e+04
2.5388000e-02 +4.0000000e-01 +1.2646889e+01 +2.8687889e-02 +1.9086778e-01 +6.5709506e+00 +5.9817654e-01 +1.7308148e+00 -6.2453951e-01 +9.4905556e-02 +7.6512716e-03 +8.8703824e+04
2.6321000e-02 +4.0000000e-01 +1.2783111e+01 +2.9781222e-02 +1.9227667e-01 +6.4522840e+00 +6.2432222e-01 +1.7502716e+00 -6.3108272e-01 +9.6733827e-02 +7.5821481e-03 +8.6302703e+04
2.7271000e-02 +4.0000000e-01 +1.2913556e+01 +3.0896111e-02 +1.9343000e-01 +6.3327778e+00 +6.5001728e-01 +1.7682222e+00 -6.3697654e-01 +9.8533457e-02 +7.4980617e-03 +8.3938185e+04
2.8238000e-02 +4.0000000e-01 +1.3038778e+01 +3.2033667e-02 +1.9433556e-01 +6.2130988e+00 +6.7519630e-01 +1.7846667e+00 -6.4225679e-01 +1.0026395e-01 +7.4207531e-03 +8.1620705e+04
2.9221000e-02 +4.0000000e-01 +1.3158889e+01 +3.3193111e-02 +1.9500444e-01 +6.0938395e+00 +6.9980370e-01 +1.7996420e+00 -6.4696049e-01 +1.0189136e-01 +7.3690247e-03 +7.9354507e+04
3.0222000e-02 +4.0000000e-01 +1.3274444e+01 +3.4371778e-02 +1.9544667e-01 +5.9755679e+00 +7.2379012e-01 +1.8131852e+00 -6.5112099e-01 +1.0338309e-01 +7.3567654e-03 +7.7138459e+04
3.1239000e-02 +4.0000000e-01 +1.3385667e+01 +3.5565667e-02 +1.9567556e-01 +5.8587778e+00 +7.4711481e-01 +1.8253704e+00 -6.5477654e-01 +1.0470790e-01 +7.3917531e-03 +7.4968892e+04
3.2275000e-02 +4.0000000e-01 +1.3492889e+01 +3.6769444e-02 +1.9569889e-01 +5.7439012e+00 +7.6974444e-01 +1.8362840e+00 -6.5796420e-01 +1.0583815e-01 +7.4757901e-03 +7.2842482e+04
3.3328000e-02 +4.0000000e-01 +1.3596222e+01 +3.7978111e-02 +1.9552556e-01 +5.6313333e+00 +7.9165185e-01 +1.8460000e+00 -6.6072222e-01 +1.0675407e-01 +7.6060864e-03 +7.0758183e+04
3.4399000e-02 +4.0000000e-01 +1.3696111e+01 +3.9186667e-02 +1.9516667e-01 +5.5213333e+00 +8.1281852e-01 +1.8546049e+00 -6.6308272e-01 +1.0744716e-01 +7.7769383e-03 +6.8717823e+04
3.5489000e-02 +4.0000000e-01 +1.3792667e+01 +4.0391444e-02 +1.9463000e-01 +5.4141235e+00 +8.3323210e-01 +1.8621728e+00 -6.6507284e-01 +1.0792037e-01 +7.9816296e-03 +6.6725093e+04
3.6597000e-02 +4.0000000e-01 +1.3886222e+01 +4.1589556e-02 +1.9392444e-01 +5.3098148e+00 +8.5288765e-01 +1.8687778e+00 -6.6670864e-01 +1.0818864e-01 +8.2145432e-03 +6.4783526e+04
3.7724000e-02 +4.0000000e-01 +1.3976889e+01 +4.2779444e-02 +1.9305778e-01 +5.2085432e+00 +8.7178148e-01 +1.8744938e+00 -6.6799506e-01 +1.0828074e-01 +8.4727407e-03 +6.2893227e+04
3.8870000e-02 +4.0000000e-01 +1.4064889e+01 +4.3960889e-02 +1.9203889e-01 +5.1104074e+00 +8.8991358e-01 +1.8794568e+00 -6.6893580e-01 +1.0823938e-01 +8.7556049e-03 +6.1052688e+04
4.0036000e-02 +4.0000000e-01 +1.4150444e+01 +4.5135000e-02 +1.9087667e-01 +5.0155309e+00 +9.0728272e-01 +1.8837407e+00 -6.6953580e-01 +1.0811568e-01 +9.0634198e-03 +5.9261406e+04
4.1221000e-02 +4.0000000e-01 +1.4233667e+01 +4.6303333e-02 +1.8957444e-01 +4.9240370e+00 +9.2388395e-01 +1.8874321e+00 -6.6981111e-01 +1.0795716e-01 +9.3969877e-03 +5.7520347e+04
4.2426000e-02 +4.0000000e-01 +1.4314778e+01 +4.7467889e-02 +1.8813667e-01 +4.8360988e+00 +9.3971111e-01 +1.8905556e+00 -6.6979012e-01 +1.0779642e-01 +9.7578642e-03 +5.5829857e+04
4.3652000e-02 +4.0000000e-01 +1.4393889e+01 +4.8630667e-02 +1.8656778e-01 +4.7518519e+00 +9.5475556e-01 +1.8931358e+00 -6.6950123e-01 +1.0764753e-01 +1.0146568e-02 +5.4190306e+04
4.4899000e-02 +4.0000000e-01 +1.4471222e+01 +4.9792222e-02 +1.8487000e-01 +4.6713457e+00 +9.6900864e-01 +1.8951605e+00 -6.6896543e-01 +1.0751444e-01 +1.0557753e-02 +5.2603659e+04
4.6166000e-02 +4.0000000e-01 +1.4546889e+01 +5.0951556e-02 +1.8305000e-01 +4.5945556e+00 +9.8246420e-01 +1.8966420e+00 -6.6819753e-01 +1.0740531e-01 +1.0976741e-02 +5.1071119e+04
4.7454000e-02 +4.0000000e-01 +1.4621000e+01 +5.2106222e-02 +1.8111000e-01 +4.5213580e+00 +9.9511975e-01 +1.8976049e+00 -6.6720988e-01 +1.0734457e-01 +1.1383284e-02 +4.9590479e+04
4.8764000e-02 +4.0000000e-01 +1.4693667e+01 +5.3252000e-02 +1.7905667e-01 +4.4516420e+00 +1.0069778e+00 +1.8980864e+00 -6.6601852e-01 +1.0737420e-01 +1.1760210e-02 +4.8157663e+04
5.0095000e-02 +4.0000000e-01 +1.4765000e+01 +5.4384333e-02 +1.7689000e-01 +4.3852716e+00 +1.0180432e+00 +1.8980617e+00 -6.6463827e-01 +1.0754198e-01 +1.2101136e-02 +4.6769777e+04
5.1449000e-02 +4.0000000e-01 +1.4835222e+01 +5.5498333e-02 +1.7461444e-01 +4.3221481e+00 +1.0283247e+00 +1.8975185e+00 -6.6308025e-01 +1.0788358e-01 +1.2414444e-02 +4.5424822e+04
5.2825000e-02 +4.0000000e-01 +1.4904222e+01 +5.6590222e-02 +1.7222778e-01 +4.2621235e+00 +1.0378321e+00 +1.8964321e+00 -6.6134938e-01 +1.0840889e-01 +1.2719012e-02 +4.4119051e+04
5.4223000e-02 +4.0000000e-01 +1.4972333e+01 +5.7657556e-02 +1.6973556e-01 +4.2050494e+00 +1.0465802e+00 +1.8947531e+00 -6.5945062e-01 +1.0909802e-01 +1.3034321e-02 +4.2849968e+04
5.5645000e-02 +4.0000000e-01 +1.5039333e+01 +5.8701000e-02 +1.6714000e-01 +4.1506420e+00 +1.0545901e+00 +1.8924815e+00 -6.5740123e-01 +1.0991272e-01 +1.3369506e-02 +4.1619712e+04
5.7090000e-02 +4.0000000e-01 +1.5105556e+01 +5.9724000e-02 +1.6444889e-01 +4.0986173e+00 +1.0618840e+00 +1.8896667e+00 -6.5522099e-01 +1.1080951e-01 +1.3718395e-02 +4.0433242e+04
5.8558000e-02 +4.0000000e-01 +1.5171000e+01 +6.0731556e-02 +1.6166444e-01 +4.0486667e+00 +1.0684827e+00 +1.8863210e+00 -6.5293580e-01 +1.1174432e-01 +1.4060494e-02 +3.9292057e+04
6.0050000e-02 +4.0000000e-01 +1.5235667e+01 +6.1729111e-02 +1.5878111e-01 +4.0005185e+00 +1.0744062e+00 +1.8824815e+00 -6.5057901e-01 +1.1267938e-01 +1.4373210e-02 +3.8192437e+04
6.1566000e-02 +4.0000000e-01 +1.5299778e+01 +6.2721000e-02 +1.5578889e-01 +3.9539753e+00 +1.0796753e+00 +1.8781358e+00 -6.4818642e-01 +1.1359679e-01 +1.4643333e-02 +3.7131632e+04
6.3107000e-02 +4.0000000e-01 +1.5363222e+01 +6.3710000e-02 +1.5267000e-01 +3.9088765e+00 +1.0843123e+00 +1.8732716e+00 -6.4578272e-01 +1.1450309e-01 +1.4865679e-02 +3.6110936e+04
6.4672000e-02 +4.0000000e-01 +1.5426222e+01 +6.4695778e-02 +1.4940444e-01 +3.8651605e+00 +1.0883370e+00 +1.8679012e+00 -6.4337160e-01 +1.1541667e-01 +1.5030988e-02 +3.5131331e+04
6.6263000e-02 +4.0000000e-01 +1.5488667e+01 +6.5674667e-02 +1.4596000e-01 +3.8228765e+00 +1.0917765e+00 +1.8620617e+00 -6.4094074e-01 +1.1634556e-01 +1.5121975e-02 +3.4190387e+04
6.7879000e-02 +4.0000000e-01 +1.5550556e+01 +6.6639556e-02 +1.4230667e-01 +3.7821358e+00 +1.0946630e+00 +1.8557654e+00 -6.3847654e-01 +1.1727259e-01 +1.5119259e-02 +3.3281423e+04
6.9520000e-02 +4.0000000e-01 +1.5612000e+01 +6.7581667e-02 +1.3841444e-01 +3.7430247e+00 +1.0970420e+00 +1.8490617e+00 -6.3595309e-01 +1.1816630e-01 +1.5008395e-02 +3.2397164e+04
7.1188000e-02 +4.0000000e-01 +1.5673111e+01 +6.8492667e-02 +1.3426778e-01 +3.7055062e+00 +1.0989704e+00 +1.8419136e+00 -6.3334568e-01 +1.1899617e-01 +1.4783086e-02 +3.1535041e+04
7.2882000e-02 +4.0000000e-01 +1.5733667e+01 +6.9365222e-02 +1.2986333e-01 +3.6694198e+00 +1.1004988e+00 +1.8342840e+00 -6.3063210e-01 +1.1972457e-01 +1.4449259e-02 +3.0695468e+04
7.4602000e-02 +4.0000000e-01 +1.5794000e+01 +7.0193111e-02 +1.2521444e-01 +3.6346049e+00 +1.1016679e+00 +1.8261481e+00 -6.2780247e-01 +1.2030346e-01 +1.4030370e-02 +2.9877407e+04
7.6350000e-02 +4.0000000e-01 +1.5854111e+01 +7.0972000e-02 +1.2034556e-01 +3.6009753e+00 +1.1025000e+00 +1.8173951e+00 -6.2487037e-01 +1.2069951e-01 +1.3565679e-02 +2.9080568e+04
7.8124000e-02 +4.0000000e-01 +1.5914000e+01 +7.1701889e-02 +1.1529444e-01 +3.5684321e+00 +1.1030111e+00 +1.8079383e+00 -6.2186543e-01 +1.2092000e-01 +1.3105679e-02 +2.8306407e+04
7.9926000e-02 +4.0000000e-01 +1.5973667e+01 +7.2387889e-02 +1.1009789e-01 +3.5368642e+00 +1.1032111e+00 +1.7977160e+00 -6.1883827e-01 +1.2101062e-01 +1.2702840e-02 +2.7557045e+04
8.1756000e-02 +4.0000000e-01 +1.6033333e+01 +7.3039444e-02 +1.0479022e-01 +3.5061111e+00 +1.1031111e+00 +1.7867407e+00 -6.1583086e-01 +1.2102864e-01 +1.2403580e-02 +2.6834694e+04
8.3615000e-02 +4.0000000e-01 +1.6092889e+01 +7.3668222e-02 +9.9412222e-02 +3.4760247e+00 +1.1027173e+00 +1.7751852e+00 -6.1288395e-01 +1.2101593e-01 +1.2240272e-02 +2.6139190e+04
8.5501000e-02 +4.0000000e-01 +1.6152444e+01 +7.4286000e-02 +9.4016000e-02 +3.4465062e+00 +1.1020296e+00 +1.7633210e+00 -6.1002099e-01 +1.2099444e-01 +1.2228444e-02 +2.5467563e+04
8.7416000e-02 +4.0000000e-01 +1.6212000e+01 +7.4899556e-02 +8.8667556e-02 +3.4174568e+00 +1.1010383e+00 +1.7514321e+00 -6.0722346e-01 +1.2096062e-01 +1.2372593e-02 +2.4814998e+04
8.9361000e-02 +4.0000000e-01 +1.6271444e+01 +7.5506111e-02 +8.3439222e-02 +3.3888642e+00 +1.0997210e+00 +1.7396914e+00 -6.0443457e-01 +1.2089272e-01 +1.2665062e-02 +2.4179898e+04
9.1335000e-02 +4.0000000e-01 +1.6330889e+01 +7.6094000e-02 +7.8392111e-02 +3.3607284e+00 +1.0980630e+00 +1.7280988e+00 -6.0159012e-01 +1.2078802e-01 +1.3073210e-02 +2.3565604e+04
9.3338000e-02 +4.0000000e-01 +1.6390333e+01 +7.6649000e-02 +7.3551889e-02 +3.3331975e+00 +1.0960642e+00 +1.7164568e+00 -5.9865309e-01 +1.2068642e-01 +1.3529506e-02 +2.2974744e+04
9.5371000e-02 +4.0000000e-01 +1.6449778e+01 +7.7161333e-02 +6.8898111e-02 +3.3064815e+00 +1.0937617e+00 +1.7045679e+00 -5.9562222e-01 +1.2064951e-01 +1.3942716e-02 +2.2405597e+04
9.7435000e-02 +4.0000000e-01 +1.6509222e+01 +7.7627556e-02 +6.4378889e-02 +3.2807037e+00 +1.0912210e+00 +1.6923333e+00 -5.9251481e-01 +1.2073198e-01 +1.4233827e-02 +2.1855124e+04
9.9529000e-02 +4.0000000e-01 +1.6568556e+01 +7.8046333e-02 +5.9945889e-02 +3.2558642e+00 +1.0885123e+00 +1.6798272e+00 -5.8934815e-01 +1.2096222e-01 +1.4367901e-02 +2.1321058e+04
1.0165400e-01 +4.0000000e-01 +1.6627778e+01 +7.8414889e-02 +5.5585778e-02 +3.2318889e+00 +1.0856889e+00 +1.6672469e+00 -5.8611481e-01 +1.2132568e-01 +1.4359753e-02 +2.0801564e+04
1.0381000e-01 +4.0000000e-01 +1.6687111e+01 +7.8727222e-02 +5.1316111e-02 +3.2086420e+00 +1.0827864e+00 +1.6548272e+00 -5.8279136e-01 +1.2176790e-01 +1.4247778e-02 +2.0291951e+04
1.0599800e-01 +4.0000000e-01 +1.6746444e+01 +7.8974889e-02 +4.7152111e-02 +3.1858765e+00 +1.0798235e+00 +1.6426790e+00 -5.7935309e-01 +1.2221951e-01 +1.4063210e-02 +1.9788613e+04
1.0821700e-01 +4.0000000e-01 +1.6806000e+01 +7.9149000e-02 +4.3082889e-02 +3.1633086e+00 +1.0768012e+00 +1.6307531e+00 -5.7579136e-01 +1.2264222e-01 +1.3817531e-02 +1.9294049e+04
1.1046800e-01 +4.0000000e-01 +1.6865556e+01 +7.9243667e-02 +3.9077889e-02 +3.1407901e+00 +1.0737049e+00 +1.6188765e+00 -5.7213333e-01 +1.2305383e-01 +1.3513704e-02 +1.8814149e+04
1.1275100e-01 +4.0000000e-01 +1.6925222e+01 +7.9262333e-02 +3.5104222e-02 +3.1184198e+00 +1.0705025e+00 +1.6069383e+00 -5.6842716e-01 +1.2350123e-01 +1.3163951e-02 +1.8351617e+04
1.1506700e-01 +4.0000000e-01 +1.6984889e+01 +7.9218111e-02 +3.1134333e-02 +3.0964691e+00 +1.0671605e+00 +1.5949630e+00 -5.6471605e-01 +1.2401235e-01 +1.2788642e-02 +1.7903731e+04
1.1741600e-01 +4.0000000e-01 +1.7044667e+01 +7.9128889e-02 +2.7146667e-02 +3.0751728e+00 +1.0636481e+00 +1.5830494e+00 -5.6103333e-01 +1.2456173e-01 +1.2406667e-02 +1.7466403e+04
1.1979700e-01 +4.0000000e-01 +1.7104556e+01 +7.9012778e-02 +2.3122889e-02 +3.0545802e+00 +1.0599407e+00 +1.5711728e+00 -5.5738025e-01 +1.2508148e-01 +1.2038765e-02 +1.7037419e+04
1.2221200e-01 +4.0000000e-01 +1.7164333e+01 +7.8885444e-02 +1.9054667e-02 +3.0345802e+00 +1.0560099e+00 +1.5592099e+00 -5.5371605e-01 +1.2548148e-01 +1.1711963e-02 +1.6617200e+04
1.2466000e-01 +4.0000000e-01 +1.7224111e+01 +7.8758111e-02 +1.4958889e-02 +3.0149012e+00 +1.0518284e+00 +1.5470370e+00 -5.4997778e-01 +1.2570494e-01 +1.1435642e-02 +1.6209979e+04
1.2714300e-01 +4.0000000e-01 +1.7283889e+01 +7.8637889e-02 +1.0872767e-02 +2.9953827e+00 +1.0473741e+00 +1.5344691e+00 -5.4612222e-01 +1.2574198e-01 +1.1176827e-02 +1.5819678e+04
1.2965900e-01 +4.0000000e-01 +1.7343556e+01 +7.8529778e-02 +6.8338333e-03 +2.9760494e+00 +1.0426407e+00 +1.5214074e+00 -5.4211605e-01 +1.2561358e-01 +1.0874049e-02 +1.5444032e+04
1.3220900e-01 +4.0000000e-01 +1.7403111e+01 +7.8437667e-02 +2.8757667e-03 +2.9569506e+00 +1.0376494e+00 +1.5079630e+00 -5.3793457e-01 +1.2533827e-01 +1.0476691e-02 +1.5077840e+04
1.3479400e-01 +4.0000000e-01 +1.7462556e+01 +7.8360111e-02 -9.5987444e-04 +2.9381111e+00 +1.0324346e+00 +1.4943580e+00 -5.3358025e-01 +1.2492222e-01 +9.9633827e-03 +1.4717705e+04
1.3741400e-01 +4.0000000e-01 +1.7521778e+01 +7.8285222e-02 -4.6306556e-03 +2.9194815e+00 +1.0270210e+00 +1.4808272e+00 -5.2907778e-01 +1.2437531e-01 +9.3393457e-03 +1.4362550e+04
1.4006800e-01 +4.0000000e-01 +1.7581000e+01 +7.8189111e-02 -8.1148222e-03 +2.9009506e+00 +1.0214086e+00 +1.4675556e+00 -5.2445802e-01 +1.2372469e-01 +8.6201235e-03 +1.4014558e+04
1.4275700e-01 +4.0000000e-01 +1.7640111e+01 +7.8040667e-02 -1.1429667e-02 +2.8823580e+00 +1.0155815e+00 +1.4545062e+00 -5.1975185e-01 +1.2300753e-01 +7.8031975e-03 +1.3679073e+04
1.4548200e-01 +4.0000000e-01 +1.7699222e+01 +7.7813333e-02 -1.4633444e-02 +2.8635802e+00 +1.0095284e+00 +1.4414444e+00 -5.1498395e-01 +1.2225259e-01 +6.8650617e-03 +1.3361487e+04
1.4824300e-01 +4.0000000e-01 +1.7758444e+01 +7.7496444e-02 -1.7796111e-02 +2.8445679e+00 +1.0032679e+00 +1.4282099e+00 -5.1017531e-01 +1.2148407e-01 +5.7882840e-03 +1.3060797e+04
1.5103800e-01 +4.0000000e-01 +1.7817778e+01 +7.7096556e-02 -2.0967889e-02 +2.8254321e+00 +9.9684938e-01 +1.4148025e+00 -5.0534074e-01 +1.2075914e-01 +4.5820864e-03 +1.2769521e+04
1.5387000e-01 +4.0000000e-01 +1.7877222e+01 +7.6632333e-02 -2.4184444e-02 +2.8062099e+00 +9.9031975e-01 +1.4012716e+00 -5.0050247e-01 +1.2011420e-01 +3.2692840e-03 +1.2483270e+04
1.5673800e-01 +4.0000000e-01 +1.7936778e+01 +7.6120889e-02 -2.7481000e-02 +2.7868642e+00 +9.8369630e-01 +1.3876543e+00 -4.9565802e-01 +1.1951037e-01 +1.8554691e-03 +1.2203947e+04
1.5964200e-01 +4.0000000e-01 +1.7996444e+01 +7.5563556e-02 -3.0881444e-02 +2.7672963e+00 +9.7695556e-01 +1.3739753e+00 -4.9076420e-01 +1.1882457e-01 +3.4160988e-04 +1.1933417e+04
1.6258200e-01 +4.0000000e-01 +1.8056222e+01 +7.4940111e-02 -3.4382444e-02 +2.7474938e+00 +9.7007407e-01 +1.3603827e+00 -4.8575802e-01 +1.1787185e-01 -1.2398765e-03 +1.1669126e+04
1.6555900e-01 +4.0000000e-01 +1.8116111e+01 +7.4211222e-02 -3.7967111e-02 +2.7274938e+00 +9.6306173e-01 +1.3469259e+00 -4.8056173e-01 +1.1650494e-01 -2.8096914e-03 +1.1406309e+04
1.6857200e-01 +4.0000000e-01 +1.8175778e+01 +7.3336333e-02 -4.1630667e-02 +2.7073704e+00 +9.5597284e-01 +1.3334321e+00 -4.7511605e-01 +1.1468568e-01 -4.2526543e-03 +1.1143379e+04
1.7162200e-01 +4.0000000e-01 +1.8235444e+01 +7.2295556e-02 -4.5367333e-02 +2.6870370e+00 +9.4887901e-01 +1.3196667e+00 -4.6939630e-01 +1.1247000e-01 -5.4790247e-03 +1.0884340e+04
1.7470800e-01 +4.0000000e-01 +1.8295000e+01 +7.1092889e-02 -4.9120778e-02 +2.6661728e+00 +9.4183704e-01 +1.3055062e+00 -4.6341605e-01 +1.1001099e-01 -6.4675679e-03 +1.0631901e+04
1.7783200e-01 +4.0000000e-01 +1.8354667e+01 +6.9742778e-02 -5.2769778e-02 +2.6446790e+00 +9.3484815e-01 +1.2909012e+00 -4.5720864e-01 +1.0751617e-01 -7.2535556e-03 +1.0385971e+04
1.8099200e-01 +4.0000000e-01 +1.8414333e+01 +6.8249000e-02 -5.6197333e-02 +2.6226296e+00 +9.2784568e-01 +1.2759136e+00 -4.5080123e-01 +1.0513593e-01 -7.9017407e-03 +1.0148646e+04
1.8419000e-01 +4.0000000e-01 +1.8474333e+01 +6.6598778e-02 -5.9372000e-02 +2.6000000e+00 +9.2073827e-01 +1.2607531e+00 -4.4422099e-01 +1.0287346e-01 -8.4608519e-03 +9.9216170e+03
1.8742400e-01 +4.0000000e-01 +1.8534556e+01 +6.4781222e-02 -6.2340667e-02 +2.5766914e+00 +9.1347284e-01 +1.2455432e+00 -4.3749630e-01 +1.0054420e-01 -8.9509259e-03 +9.7049117e+03
1.9069600e-01 +4.0000000e-01 +1.8595111e+01 +6.2802333e-02 -6.5158889e-02 +2.5526790e+00 +9.0604815e-01 +1.2302025e+00 -4.3065802e-01 +9.7904074e-02 -9.3748889e-03 +9.4961094e+03
1.9400400e-01 +4.0000000e-01 +1.8655667e+01 +6.0678444e-02 -6.7827222e-02 +2.5281235e+00 +8.9849259e-01 +1.2146086e+00 -4.2372963e-01 +9.4856543e-02 -9.7183580e-03 +9.2884029e+03
1.9735000e-01 +4.0000000e-01 +1.8716444e+01 +5.8424444e-02 -7.0288556e-02 +2.5030864e+00 +8.9085802e-01 +1.1987025e+00 -4.1666667e-01 +9.1482222e-02 -9.9986049e-03 +9.0808086e+03
2.0073300e-01 +4.0000000e-01 +1.8777222e+01 +5.6053889e-02 -7.2498222e-02 +2.4775802e+00 +8.8320247e-01 +1.1824420e+00 -4.0940370e-01 +8.7891111e-02 -1.0298951e-02 +8.8815646e+03
2.0415300e-01 +4.0000000e-01 +1.8838111e+01 +5.3586444e-02 -7.4481333e-02 +2.4521358e+00 +8.7558519e-01 +1.1658802e+00 -4.0194691e-01 +8.4107160e-02 -1.0706556e-02 +8.6931869e+03
2.0761100e-01 +4.0000000e-01 +1.8899111e+01 +5.1046556e-02 -7.6293000e-02 +2.4274321e+00 +8.6805062e-01 +1.1493580e+00 -3.9439259e-01 +8.0077160e-02 -1.1244025e-02 +8.5086438e+03
2.1110500e-01 +4.0000000e-01 +1.8960111e+01 +4.8455111e-02 -7.7980333e-02 +2.4037160e+00 +8.6062099e-01 +1.1333951e+00 -3.8685556e-01 +7.5779630e-02 -1.1896605e-02 +8.3203567e+03
2.1463600e-01 +4.0000000e-01 +1.9021111e+01 +4.5830222e-02 -7.9589778e-02 +2.3806173e+00 +8.5328519e-01 +1.1181679e+00 -3.7939753e-01 +7.1306543e-02 -1.2686420e-02 +8.1305065e+03
2.1820500e-01 +4.0000000e-01 +1.9082111e+01 +4.3189556e-02 -8.1126556e-02 +2.3576173e+00 +8.4599012e-01 +1.1033716e+00 -3.7203704e-01 +6.6790617e-02 -1.3660617e-02 +7.9475436e+03
2.2181000e-01 +4.0000000e-01 +1.9142889e+01 +4.0534556e-02 -8.2541000e-02 +2.3345062e+00 +8.3865062e-01 +1.0886222e+00 -3.6479012e-01 +6.2250741e-02 -1.4819506e-02 +7.7739087e+03
2.2545200e-01 +4.0000000e-01 +1.9203444e+01 +3.7838667e-02 -8.3797222e-02 +2.3112346e+00 +8.3118765e-01 +1.0737938e+00 -3.5766173e-01 +5.7715185e-02 -1.6116296e-02 +7.6064712e+03
2.2913100e-01 +4.0000000e-01 +1.9263778e+01 +3.5068889e-02 -8.4870556e-02 +2.2876790e+00 +8.2355926e-01 +1.0588914e+00 -3.5062963e-01 +5.3393457e-02 -1.7539259e-02 +7.4437708e+03
2.3284600e-01 +4.0000000e-01 +1.9323889e+01 +3.2213222e-02 -8.5712778e-02 +2.2637654e+00 +8.1576420e-01 +1.0438642e+00 -3.4364938e-01 +4.9540000e-02 -1.9124815e-02 +7.2877991e+03
2.3659700e-01 +4.0000000e-01 +1.9383667e+01 +2.9286444e-02 -8.6290444e-02 +2.2397037e+00 +8.0782840e-01 +1.0287235e+00 -3.3663704e-01 +4.6179383e-02 -2.0879012e-02 +7.1379153e+03
2.4038500e-01 +4.0000000e-01 +1.9443111e+01 +2.6314667e-02 -8.6597889e-02 +2.2156790e+00 +7.9982346e-01 +1.0135778e+00 -3.2952469e-01 +4.3173457e-02 -2.2782099e-02 +6.9915725e+03
2.4420900e-01 +4.0000000e-01 +1.9502111e+01 +2.3319444e-02 -8.6648333e-02 +2.1918025e+00 +7.9184938e-01 +9.9855556e-01 -3.2230123e-01 +4.0351358e-02 -2.4819136e-02 +6.8483558e+03
2.4806900e-01 +4.0000000e-01 +1.9560556e+01 +2.0317889e-02 -8.6470000e-02 +2.1679259e+00 +7.8401605e-01 +9.8377407e-01 -3.1501235e-01 +3.7546420e-02 -2.6951605e-02 +6.7100315e+03
2.5196400e-01 +4.0000000e-01 +1.9618444e+01 +1.7322000e-02 -8.6090778e-02 +2.1439136e+00 +7.7640864e-01 +9.6936296e-01 -3.0769136e-01 +3.4613210e-02 -2.9120988e-02 +6.5757450e+03
2.5589500e-01 +4.0000000e-01 +1.9675778e+01 +1.4335667e-02 -8.5576000e-02 +2.1198519e+00 +7.6906049e-01 +9.5532840e-01 -3.0032099e-01 +3.1511728e-02 -3.1286049e-02 +6.4423184e+03
2.5986100e-01 +4.0000000e-01 +1.9732667e+01 +1.1363778e-02 -8.5045444e-02 +2.0958272e+00 +7.6195185e-01 +9.4139136e-01 -2.9282963e-01 +2.8357160e-02 -3.3438519e-02 +6.3089983e+03
2.6386200e-01 +4.0000000e-01 +1.9788889e+01 +8.4056667e-03 -8.4566889e-02 +2.0718519e+00 +7.5503333e-01 +9.2722593e-01 -2.8512840e-01 +2.5261481e-02 -3.5597160e-02 +6.1790449e+03
2.6789700e-01 +4.0000000e-01 +1.9844556e+01 +5.4524333e-03 -8.4093111e-02 +2.0478889e+00 +7.4826790e-01 +9.1277654e-01 -2.7718765e-01 +2.2262469e-02 -3.7790741e-02 +6.0565070e+03
2.7196700e-01 +4.0000000e-01 +1.9899778e+01 +2.5111333e-03 -8.3560111e-02 +2.0238642e+00 +7.4165556e-01 +8.9818765e-01 -2.6903457e-01 +1.9374074e-02 -4.0041358e-02 +5.9407939e+03
2.7607100e-01 +4.0000000e-01 +1.9954444e+01 -3.8798556e-04 -8.2957778e-02 +1.9994815e+00 +7.3524815e-01 +8.8363333e-01 -2.6070000e-01 +1.6604938e-02 -4.2346667e-02 +5.8283986e+03
2.8020900e-01 +4.0000000e-01 +2.0008667e+01 -3.2146889e-03 -8.2315111e-02 +1.9746420e+00 +7.2910617e-01 +8.6933827e-01 -2.5220988e-01 +1.4018889e-02 -4.4679136e-02 +5.7152139e+03
2.8438000e-01 +4.0000000e-01 +2.0062444e+01 -5.9564889e-03 -8.1673222e-02 +1.9495185e+00 +7.2324938e-01 +8.5540000e-01 -2.4358025e-01 +1.1585321e-02 -4.6970247e-02 +5.5989952e+03
2.8858300e-01 +4.0000000e-01 +2.0115444e+01 -8.6188556e-03 -8.1035111e-02 +1.9242222e+00 +7.1762593e-01 +8.4168395e-01 -2.3483827e-01 +9.1898765e-03 -4.9153457e-02 +5.4829465e+03
2.9282000e-01 +4.0000000e-01 +2.0167778e+01 -1.1199889e-02 -8.0359444e-02 +1.8985926e+00 +7.1216543e-01 +8.2816667e-01 -2.2605926e-01 +6.8172099e-03 -5.1200741e-02 +5.3720319e+03
2.9708800e-01 +4.0000000e-01 +2.0219333e+01 -1.3682222e-02 -7.9586444e-02 +1.8724444e+00 +7.0681111e-01 +8.1508519e-01 -2.1729630e-01 +4.3974568e-03 -5.3114938e-02 +5.2658183e+03
3.0138800e-01 +4.0000000e-01 +2.0270000e+01 -1.6060556e-02 -7.8627000e-02 +1.8456049e+00 +7.0150000e-01 +8.0245062e-01 -2.0854444e-01 +1.8430000e-03 -5.4925556e-02 +5.1644648e+03
3.0572000e-01 +4.0000000e-01 +2.0319889e+01 -1.8351556e-02 -7.7392222e-02 +1.8182963e+00 +6.9617531e-01 +7.8999630e-01 -1.9982099e-01 -7.9022716e-04 -5.6668025e-02 +5.0699603e+03
3.1008200e-01 +4.0000000e-01 +2.0368889e+01 -2.0577222e-02 -7.5872222e-02 +1.7912840e+00 +6.9084568e-01 +7.7764198e-01 -1.9119506e-01 -3.4202716e-03 -5.8332963e-02 +4.9794674e+03
3.1447500e-01 +4.0000000e-01 +2.0417111e+01 -2.2741667e-02 -7.4136667e-02 +1.7652593e+00 +6.8559753e-01 +7.6544691e-01 -1.8274938e-01 -6.0179753e-03 -5.9876543e-02 +4.8908019e+03
3.1889700e-01 +4.0000000e-01 +2.0464333e+01 -2.4834778e-02 -7.2281778e-02 +1.7403457e+00 +6.8052840e-01 +7.5338642e-01 -1.7452469e-01 -8.5879753e-03 -6.1254444e-02 +4.8052137e+03
3.2334900e-01 +4.0000000e-01 +2.0510556e+01 -2.6845556e-02 -7.0377444e-02 +1.7165185e+00 +6.7569383e-01 +7.4147654e-01 -1.6653704e-01 -1.1233210e-02 -6.2381358e-02 +4.7218592e+03
3.2783000e-01 +4.0000000e-01 +2.0555778e+01 -2.8763778e-02 -6.8405444e-02 +1.6938272e+00 +6.7110494e-01 +7.2991235e-01 -1.5880123e-01 -1.4045926e-02 -6.3135802e-02 +4.6393470e+03
3.3233800e-01 +4.0000000e-01 +2.0599889e+01 -3.0587000e-02 -6.6234667e-02 +1.6722840e+00 +6.6674074e-01 +7.1897778e-01 -1.5133333e-01 -1.6945556e-02 -6.3421975e-02 +4.5571785e+03
3.3687500e-01 +4.0000000e-01 +2.0642778e+01 -3.2320333e-02 -6.3688111e-02 +1.6516420e+00 +6.6255185e-01 +7.0871605e-01 -1.4418025e-01 -1.9746420e-02 -6.3241852e-02 +4.4781264e+03
3.4143800e-01 +4.0000000e-01 +2.0684444e+01 -3.3967667e-02 -6.0692000e-02 +1.6316173e+00 +6.5847284e-01 +6.9902840e-01 -1.3740494e-01 -2.2300864e-02 -6.2678642e-02 +4.4054561e+03
3.4602800e-01 +4.0000000e-01 +2.0724889e+01 -3.5536111e-02 -5.7347111e-02 +1.6121975e+00 +6.5442716e-01 +6.8980370e-01 -1.3104691e-01 -2.4588272e-02 -6.1816296e-02 +4.3364006e+03
3.5064400e-01 +4.0000000e-01 +2.0764000e+01 -3.7026556e-02 -5.3787556e-02 +1.5934198e+00 +6.5034568e-01 +6.8080247e-01 -1.2510000e-01 -2.6746173e-02 -6.0694444e-02 +4.2692992e+03
3.5528600e-01 +4.0000000e-01 +2.0801778e+01 -3.8418778e-02 -5.0045333e-02 +1.5752346e+00 +6.4619012e-01 +6.7178519e-01 -1.1953259e-01 -2.8936420e-02 -5.9346049e-02 +4.2055184e+03
3.5995100e-01 +4.0000000e-01 +2.0838111e+01 -3.9677111e-02 -4.6116000e-02 +1.5575432e+00 +6.4197901e-01 +6.6251975e-01 -1.1427272e-01 -3.1199012e-02 -5.7872593e-02 +4.1451486e+03
3.6464100e-01 +4.0000000e-01 +2.0873222e+01 -4.0760444e-02 -4.2045000e-02 +1.5403827e+00 +6.3779259e-01 +6.5290864e-01 -1.0926716e-01 -3.3492840e-02 -5.6397407e-02 +4.0880815e+03
3.6935400e-01 +4.0000000e-01 +2.0906556e+01 -4.1638556e-02 -3.7887556e-02 +1.5237654e+00 +6.3375062e-01 +6.4320247e-01 -1.0446704e-01 -3.5735432e-02 -5.4962963e-02 +4.0337890e+03
3.7408900e-01 +4.0000000e-01 +2.0938333e+01 -4.2316889e-02 -3.3654333e-02 +1.5076049e+00 +6.2995556e-01 +6.3376173e-01 -9.9738272e-02 -3.7912469e-02 -5.3573210e-02 +3.9807868e+03
3.7884600e-01 +4.0000000e-01 +2.0968556e+01 -4.2812444e-02 -2.9357000e-02 +1.4921481e+00 +6.2645432e-01 +6.2480494e-01 -9.4946667e-02 -4.0167407e-02 -5.2231605e-02 +3.9271258e+03
3.8362400e-01 +4.0000000e-01 +2.0997111e+01 -4.3105222e-02 -2.5079000e-02 +1.4778889e+00 +6.2326296e-01 +6.1647778e-01 -9.0048642e-02 -4.2701111e-02 -5.0957284e-02 +3.8719632e+03
3.8842300e-01 +4.0000000e-01 +2.1024111e+01 -4.3143333e-02 -2.0952333e-02 +1.4651358e+00 +6.2039012e-01 +6.0894691e-01 -8.5101605e-02 -4.5571605e-02 -4.9736790e-02 +3.8185021e+03
3.9324100e-01 +4.0000000e-01 +2.1049667e+01 -4.2912333e-02 -1.7100556e-02 +1.4537901e+00 +6.1782099e-01 +6.0231481e-01 -8.0197531e-02 -4.8610864e-02 -4.8481111e-02 +3.7700697e+03
3.9807800e-01 +4.0000000e-01 +2.1073778e+01 -4.2468778e-02 -1.3623111e-02 +1.4437778e+00 +6.1552593e-01 +5.9656296e-01 -7.5381235e-02 -5.1654691e-02 -4.7139506e-02 +3.7250064e+03
4.0293300e-01 +4.0000000e-01 +2.1096222e+01 -4.1897222e-02 -1.0556944e-02 +1.4351111e+00 +6.1348395e-01 +5.9148148e-01 -7.0675802e-02 -5.4605432e-02 -4.5775556e-02 +3.6804357e+03
4.0780500e-01 +4.0000000e-01 +2.1117111e+01 -4.1257333e-02 -7.8638000e-03 +1.4274938e+00 +6.1168642e-01 +5.8679753e-01 -6.6094321e-02 -5.7375926e-02 -4.4458395e-02 +3.6382213e+03
4.1269400e-01 +4.0000000e-01 +2.1136444e+01 -4.0561333e-02 -5.4821333e-03 +1.4204444e+00 +6.1013827e-01 +5.8241481e-01 -6.1632346e-02 -5.9862840e-02 -4.3143086e-02 +3.6025911e+03
4.1759800e-01 +4.0000000e-01 +2.1154444e+01 -3.9789444e-02 -3.3288556e-03 +1.4137284e+00 +6.0884074e-01 +5.7839136e-01 -5.7262963e-02 -6.1974444e-02 -4.1682593e-02 +3.5741063e+03
4.2251700e-01 +4.0000000e-01 +2.1171000e+01 -3.8908556e-02 -1.2798333e-03 +1.4073457e+00 +6.0777160e-01 +5.7466049e-01 -5.2952099e-02 -6.3697778e-02 -3.9971111e-02 +3.5518247e+03
4.2745000e-01 +4.0000000e-01 +2.1186222e+01 -3.7891333e-02 +7.3563111e-04 +1.4013951e+00 +6.0688519e-01 +5.7109877e-01 -4.8696667e-02 -6.5073951e-02 -3.8028395e-02 +3.5314576e+03
4.3239600e-01 +4.0000000e-01 +2.1200000e+01 -3.6725333e-02 +2.6929667e-03 +1.3958519e+00 +6.0614198e-01 +5.6780741e-01 -4.4534074e-02 -6.6138148e-02 -3.5920988e-02 +3.5086529e+03
4.3735400e-01 +4.0000000e-01 +2.1212667e+01 -3.5389000e-02 +4.5444556e-03 +1.3905309e+00 +6.0554074e-01 +5.6501111e-01 -4.0506914e-02 -6.6955556e-02 -3.3730617e-02 +3.4834780e+03
4.4232400e-01 +4.0000000e-01 +2.1224111e+01 -3.3843444e-02 +6.2837222e-03 +1.3853333e+00 +6.0510864e-01 +5.6282963e-01 -3.6670247e-02 -6.7608025e-02 -3.1538395e-02 +3.4576668e+03
4.4730400e-01 +4.0000000e-01 +2.1234556e+01 -3.2037889e-02 +7.8809333e-03 +1.3804321e+00 +6.0486914e-01 +5.6127160e-01 -3.3116914e-02 -6.8156543e-02 -2.9345062e-02 +3.4348637e+03
4.5229300e-01 +4.0000000e-01 +2.1244000e+01 -2.9923111e-02 +9.2707111e-03 +1.3759877e+00 +6.0482963e-01 +5.6033457e-01 -2.9932716e-02 -6.8650741e-02 -2.7073704e-02 +3.4176496e+03
4.5729200e-01 +4.0000000e-01 +2.1252333e+01 -2.7475778e-02 +1.0378811e-02 +1.3720494e+00 +6.0498025e-01 +5.6004198e-01 -2.7125926e-02 -6.9119012e-02 -2.4662840e-02 +3.4043319e+03
4.6229800e-01 +4.0000000e-01 +2.1259667e+01 -2.4705000e-02 +1.1103256e-02 +1.3685556e+00 +6.0528272e-01 +5.6016914e-01 -2.4610123e-02 -6.9487654e-02 -2.2112716e-02 +3.3926968e+03
4.6731100e-01 +4.0000000e-01 +2.1266222e+01 -2.1626889e-02 +1.1374778e-02 +1.3653827e+00 +6.0568272e-01 +5.6026049e-01 -2.2289012e-02 -6.9635062e-02 -1.9465556e-02 +3.3817745e+03
4.7233000e-01 +4.0000000e-01 +2.1271778e+01 -1.8271000e-02 +1.1251333e-02 +1.3626790e+00 +6.0614321e-01 +5.6003704e-01 -2.0102716e-02 -6.9456543e-02 -1.6734444e-02 +3.3713456e+03
4.7735400e-01 +4.0000000e-01 +2.1276556e+01 -1.4708444e-02 +1.0881533e-02 +1.3605679e+00 +6.0664938e-01 +5.5960617e-01 -1.8001481e-02 -6.8927531e-02 -1.3914691e-02 +3.3622488e+03
4.8238200e-01 +4.0000000e-01 +2.1280222e+01 -1.1039667e-02 +1.0360356e-02 +1.3589383e+00 +6.0716543e-01 +5.5926049e-01 -1.5952222e-02 -6.8156049e-02 -1.1031111e-02 +3.3558624e+03
4.8741300e-01 +4.0000000e-01 +2.1283000e+01 -7.3499333e-03 +9.6748333e-03 +1.3577778e+00 +6.0762469e-01 +5.5917407e-01 -1.3940494e-02 -6.7292716e-02 -8.0620494e-03 +3.3514375e+03
4.9244700e-01 +4.0000000e-01 +2.1284778e+01 -3.6716556e-03 +8.8489889e-03 +1.3570988e+00 +6.0796667e-01 +5.5934198e-01 -1.1959938e-02 -6.6363827e-02 -4.9423086e-03 +3.3465053e+03
4.9748200e-01 +4.0000000e-01 +2.1285778e+01 +0.0000000e+00 +8.0069444e-03 +1.3568519e+00 +6.0814815e-01 +5.5964568e-01 -1.0034111e-02 -6.5327284e-02 -1.6685309e-03 +3.3418395e+03
5.0251800e-01 +4.0000000e-01 +2.1285778e+01 +3.6716556e-03 +7.2733778e-03 +1.3568519e+00 +6.0814815e-01 +5.5996543e-01 -8.1842840e-03 -6.4231975e-02 +1.6685309e-03 +3.3418395e+03
5.0755300e-01 +4.0000000e-01 +2.1284778e+01 +7.3499333e-03 +6.6730111e-03 +1.3570988e+00 +6.0796667e-01 +5.6033210e-01 -6.4002346e-03 -6.3236667e-02 +4.9423086e-03 +3.3465053e+03
5.1258700e-01 +4.0000000e-01 +2.1283000e+01 +1.1039667e-02 +6.1319889e-03 +1.3577778e+00 +6.0762469e-01 +5.6089753e-01 -4.6369630e-03 -6.2459753e-02 +8.0620494e-03 +3.3514375e+03
5.1761800e-01 +4.0000000e-01 +2.1280222e+01 +1.4708444e-02 +5.5607444e-03 +1.3589383e+00 +6.0716543e-01 +5.6174938e-01 -2.8370494e-03 -6.1853086e-02 +1.1031111e-02 +3.3558624e+03
5.2264600e-01 +4.0000000e-01 +2.1276556e+01 +1.8271000e-02 +4.9416778e-03 +1.3605679e+00 +6.0664938e-01 +5.6286049e-01 -9.7065432e-04 -6.1243827e-02 +1.3914691e-02 +3.3622488e+03
5.2767000e-01 +4.0000000e-01 +2.1271778e+01 +2.1626889e-02 +4.2731333e-03 +1.3626790e+00 +6.0614321e-01 +5.6409506e-01 +9.4421975e-04 -6.0436543e-02 +1.6734444e-02 +3.3713456e+03
5.3268900e-01 +4.0000000e-01 +2.1266222e+01 +2.4705000e-02 +3.4349444e-03 +1.3653827e+00 +6.0568272e-01 +5.6524691e-01 +2.8953951e-03 -5.9323704e-02 +1.9465556e-02 +3.3817745e+03
5.3770200e-01 +4.0000000e-01 +2.1259667e+01 +2.7475778e-02 +2.2494333e-03 +1.3685556e+00 +6.0528272e-01 +5.6625556e-01 +4.9277160e-03 -5.7959506e-02 +2.2112716e-02 +3.3926968e+03
5.4270800e-01 +4.0000000e-01 +2.1252333e+01 +2.9923111e-02 +6.4731778e-04 +1.3720494e+00 +6.0498025e-01 +5.6737284e-01 +7.1342840e-03 -5.6534691e-02 +2.4662840e-02 +3.4043319e+03
5.4770700e-01 +4.0000000e-01 +2.1244000e+01 +3.2037889e-02 -1.2588778e-03 +1.3759877e+00 +6.0482963e-01 +5.6897284e-01 +9.6197037e-03 -5.5268642e-02 +2.7073704e-02 +3.4176496e+03
5.5269600e-01 +4.0000000e-01 +2.1234556e+01 +3.3843444e-02 -3.3185444e-03 +1.3804321e+00 +6.0486914e-01 +5.7117160e-01 +1.2441481e-02 -5.4186296e-02 +2.9345062e-02 +3.4348637e+03
5.5767600e-01 +4.0000000e-01 +2.1224111e+01 +3.5389000e-02 -5.4654889e-03 +1.3853333e+00 +6.0510864e-01 +5.7378272e-01 +1.5579383e-02 -5.3126914e-02 +3.1538395e-02 +3.4576668e+03
5.6264600e-01 +4.0000000e-01 +2.1212667e+01 +3.6725333e-02 -7.6620778e-03 +1.3905309e+00 +6.0554074e-01 +5.7671481e-01 +1.9005556e-02 -5.1978765e-02 +3.3730617e-02 +3.4834780e+03
5.6760400e-01 +4.0000000e-01 +2.1200000e+01 +3.7891333e-02 -9.8948667e-03 +1.3958519e+00 +6.0614198e-01 +5.8004198e-01 +2.2707654e-02 -5.0695926e-02 +3.5920988e-02 +3.5086529e+03
5.7255000e-01 +4.0000000e-01 +2.1186222e+01 +3.8908556e-02 -1.2175333e-02 +1.4013951e+00 +6.0688519e-01 +5.8380494e-01 +2.6647407e-02 -4.9233333e-02 +3.8028395e-02 +3.5314576e+03
5.7748300e-01 +4.0000000e-01 +2.1171000e+01 +3.9789444e-02 -1.4455556e-02 +1.4073457e+00 +6.0777160e-01 +5.8784815e-01 +3.0744074e-02 -4.7618519e-02 +3.9971111e-02 +3.5518247e+03
5.8240200e-01 +4.0000000e-01 +2.1154444e+01 +4.0561333e-02 -1.6688000e-02 +1.4137284e+00 +6.0884074e-01 +5.9207284e-01 +3.4910988e-02 -4.5981111e-02 +4.1682593e-02 +3.5741063e+03
5.8730600e-01 +4.0000000e-01 +2.1136444e+01 +4.1257333e-02 -1.8932556e-02 +1.4204444e+00 +6.1013827e-01 +5.9658272e-01 +3.9120988e-02 -4.4328889e-02 +4.3143086e-02 +3.6025911e+03
5.9219500e-01 +4.0000000e-01 +2.1117111e+01 +4.1897222e-02 -2.1343111e-02 +1.4274938e+00 +6.1168642e-01 +6.0141728e-01 +4.3398889e-02 -4.2518272e-02 +4.4458395e-02 +3.6382213e+03
5.9706700e-01 +4.0000000e-01 +2.1096222e+01 +4.2468778e-02 -2.4032000e-02 +1.4351111e+00 +6.1348395e-01 +6.0652469e-01 +4.7775556e-02 -4.0442963e-02 +4.5775556e-02 +3.6804357e+03
6.0192200e-01 +4.0000000e-01 +2.1073778e+01 +4.2912333e-02 -2.7014889e-02 +1.4437778e+00 +6.1552593e-01 +6.1204568e-01 +5.2270123e-02 -3.8119383e-02 +4.7139506e-02 +3.7250064e+03
6.0675900e-01 +4.0000000e-01 +2.1049667e+01 +4.3143333e-02 -3.0277111e-02 +1.4537901e+00 +6.1782099e-01 +6.1828272e-01 +5.6886420e-02 -3.5618765e-02 +4.8481111e-02 +3.7700697e+03
6.1157700e-01 +4.0000000e-01 +2.1024111e+01 +4.3105222e-02 -3.3792667e-02 +1.4651358e+00 +6.2039012e-01 +6.2549877e-01 +6.1615185e-02 -3.2998272e-02 +4.9736790e-02 +3.8185021e+03
6.1637600e-01 +4.0000000e-01 +2.0997111e+01 +4.2812444e-02 -3.7480111e-02 +1.4778889e+00 +6.2326296e-01 +6.3382593e-01 +6.6420247e-02 -3.0364691e-02 +5.0957284e-02 +3.8719632e+03
6.2115400e-01 +4.0000000e-01 +2.0968556e+01 +4.2316889e-02 -4.1264333e-02 +1.4921481e+00 +6.2645432e-01 +6.4310494e-01 +7.1256667e-02 -2.7766296e-02 +5.2231605e-02 +3.9271258e+03
6.2591100e-01 +4.0000000e-01 +2.0938333e+01 +4.1638556e-02 -4.5115000e-02 +1.5076049e+00 +6.2995556e-01 +6.5286049e-01 +7.6133580e-02 -2.4991852e-02 +5.3573210e-02 +3.9807868e+03
6.3064600e-01 +4.0000000e-01 +2.0906556e+01 +4.0760444e-02 -4.9004667e-02 +1.5237654e+00 +6.3375062e-01 +6.6269012e-01 +8.1127778e-02 -2.1866667e-02 +5.4962963e-02 +4.0337890e+03
6.3535900e-01 +4.0000000e-01 +2.0873222e+01 +3.9677111e-02 -5.2868000e-02 +1.5403827e+00 +6.3779259e-01 +6.7231975e-01 +8.6357284e-02 -1.8365556e-02 +5.6397407e-02 +4.0880815e+03
6.4004900e-01 +4.0000000e-01 +2.0838111e+01 +3.8418778e-02 -5.6636222e-02 +1.5575432e+00 +6.4197901e-01 +6.8151481e-01 +9.1918642e-02 -1.4566914e-02 +5.7872593e-02 +4.1451486e+03
6.4471400e-01 +4.0000000e-01 +2.0801778e+01 +3.7026556e-02 -6.0274556e-02 +1.5752346e+00 +6.4619012e-01 +6.9018395e-01 +9.7841852e-02 -1.0599765e-02 +5.9346049e-02 +4.2055184e+03
6.4935600e-01 +4.0000000e-01 +2.0764000e+01 +3.5536111e-02 -6.3785778e-02 +1.5934198e+00 +6.5034568e-01 +6.9844691e-01 +1.0414160e-01 -6.6241111e-03 +6.0694444e-02 +4.2692992e+03
6.5397200e-01 +4.0000000e-01 +2.0724889e+01 +3.3967667e-02 -6.7190667e-02 +1.6121975e+00 +6.5442716e-01 +7.0663086e-01 +1.1083827e-01 -2.6892346e-03 +6.1816296e-02 +4.3364006e+03
6.5856200e-01 +4.0000000e-01 +2.0684444e+01 +3.2320333e-02 -7.0450778e-02 +1.6316173e+00 +6.5847284e-01 +7.1509877e-01 +1.1793247e-01 +1.3127407e-03 +6.2678642e-02 +4.4054561e+03
6.6312500e-01 +4.0000000e-01 +2.0642778e+01 +3.0587000e-02 -7.3439556e-02 +1.6516420e+00 +6.6255185e-01 +7.2406914e-01 +1.2541111e-01 +5.4328642e-03 +6.3241852e-02 +4.4781264e+03
6.6766200e-01 +4.0000000e-01 +2.0599889e+01 +2.8763778e-02 -7.6055333e-02 +1.6722840e+00 +6.6674074e-01 +7.3367407e-01 +1.3325062e-01 +9.6091605e-03 +6.3421975e-02 +4.5571785e+03
6.7217000e-01 +4.0000000e-01 +2.0555778e+01 +2.6845556e-02 -7.8326000e-02 +1.6938272e+00 +6.7110494e-01 +7.4402346e-01 +1.4145062e-01 +1.3782346e-02 +6.3135802e-02 +4.6393470e+03
6.7665100e-01 +4.0000000e-01 +2.0510556e+01 +2.4834778e-02 -8.0340333e-02 +1.7165185e+00 +6.7569383e-01 +7.5498889e-01 +1.4999877e-01 +1.7805679e-02 +6.2381358e-02 +4.7218592e+03
6.8110300e-01 +4.0000000e-01 +2.0464333e+01 +2.2741667e-02 -8.2140333e-02 +1.7403457e+00 +6.8052840e-01 +7.6627654e-01 +1.5880370e-01 +2.1480123e-02 +6.1254444e-02 +4.8052137e+03
6.8552500e-01 +4.0000000e-01 +2.0417111e+01 +2.0577222e-02 -8.3709778e-02 +1.7652593e+00 +6.8559753e-01 +7.7777037e-01 +1.6779136e-01 +2.4781975e-02 +5.9876543e-02 +4.8908019e+03
6.8991800e-01 +4.0000000e-01 +2.0368889e+01 +1.8351556e-02 -8.5005556e-02 +1.7912840e+00 +6.9084568e-01 +7.8952963e-01 +1.7697037e-01 +2.7829877e-02 +5.8332963e-02 +4.9794674e+03
6.9428000e-01 +4.0000000e-01 +2.0319889e+01 +1.6060556e-02 -8.5966889e-02 +1.8182963e+00 +6.9617531e-01 +8.0152222e-01 +1.8636173e-01 +3.0769753e-02 +5.6668025e-02 +5.0699603e+03
6.9861200e-01 +4.0000000e-01 +2.0270000e+01 +1.3682222e-02 -8.6523000e-02 +1.8456049e+00 +7.0150000e-01 +8.1351358e-01 +1.9595185e-01 +3.3750741e-02 +5.4925556e-02 +5.1644648e+03
7.0291200e-01 +4.0000000e-01 +2.0219333e+01 +1.1199889e-02 -8.6658333e-02 +1.8724444e+00 +7.0681111e-01 +8.2546049e-01 +2.0571852e-01 +3.6817778e-02 +5.3114938e-02 +5.2658183e+03
7.0718000e-01 +4.0000000e-01 +2.0167778e+01 +8.6188556e-03 -8.6482000e-02 +1.8985926e+00 +7.1216543e-01 +8.3769753e-01 +2.1563457e-01 +3.9894444e-02 +5.1200741e-02 +5.3720319e+03
7.1141700e-01 +4.0000000e-01 +2.0115444e+01 +5.9564889e-03 -8.6185222e-02 +1.9242222e+00 +7.1762593e-01 +8.5037901e-01 +2.2563210e-01 +4.2949012e-02 +4.9153457e-02 +5.4829465e+03
7.1562000e-01 +4.0000000e-01 +2.0062444e+01 +3.2146889e-03 -8.5925889e-02 +1.9495185e+00 +7.2324938e-01 +8.6345556e-01 +2.3558519e-01 +4.5967037e-02 +4.6970247e-02 +5.5989952e+03
7.1979100e-01 +4.0000000e-01 +2.0008667e+01 +3.8798556e-04 -8.5772000e-02 +1.9746420e+00 +7.2910617e-01 +8.7690741e-01 +2.4536790e-01 +4.8901605e-02 +4.4679136e-02 +5.7152139e+03
7.2392900e-01 +4.0000000e-01 +1.9954444e+01 -2.5111333e-03 -8.5700111e-02 +1.9994815e+00 +7.3524815e-01 +8.9068889e-01 +2.5490864e-01 +5.1785185e-02 +4.2346667e-02 +5.8283986e+03
7.2803300e-01 +4.0000000e-01 +1.9899778e+01 -5.4524333e-03 -8.5645333e-02 +2.0238642e+00 +7.4165556e-01 +9.0462593e-01 +2.6419136e-01 +5.4569383e-02 +4.0041358e-02 +5.9407939e+03
7.3210300e-01 +4.0000000e-01 +1.9844556e+01 -8.4056667e-03 -8.5578556e-02 +2.0478889e+00 +7.4826790e-01 +9.1851481e-01 +2.7320988e-01 +5.7116914e-02 +3.7790741e-02 +6.0565070e+03
7.3613800e-01 +4.0000000e-01 +1.9788889e+01 -1.1363778e-02 -8.5522111e-02 +2.0718519e+00 +7.5503333e-01 +9.3224321e-01 +2.8193457e-01 +5.9480370e-02 +3.5597160e-02 +6.1790449e+03
7.4013900e-01 +4.0000000e-01 +1.9732667e+01 -1.4335667e-02 -8.5529000e-02 +2.0958272e+00 +7.6195185e-01 +9.4570247e-01 +2.9030864e-01 +6.1838889e-02 +3.3438519e-02 +6.3089983e+03
7.4410500e-01 +4.0000000e-01 +1.9675778e+01 -1.7322000e-02 -8.5616222e-02 +2.1198519e+00 +7.6906049e-01 +9.5889877e-01 +2.9831975e-01 +6.4260247e-02 +3.1286049e-02 +6.4423184e+03
7.4803600e-01 +4.0000000e-01 +1.9618444e+01 -2.0317889e-02 -8.5703667e-02 +2.1439136e+00 +7.7640864e-01 +9.7215062e-01 +3.0602716e-01 +6.6611111e-02 +2.9120988e-02 +6.5757450e+03
7.5193100e-01 +4.0000000e-01 +1.9560556e+01 -2.3319444e-02 -8.5690778e-02 +2.1679259e+00 +7.8401605e-01 +9.8584198e-01 +3.1351111e-01 +6.8777531e-02 +2.6951605e-02 +6.7100315e+03
7.5579100e-01 +4.0000000e-01 +1.9502111e+01 -2.6314667e-02 -8.5500000e-02 +2.1918025e+00 +7.9184938e-01 +1.0000111e+00 +3.2084938e-01 +7.0851481e-02 +2.4819136e-02 +6.8483558e+03
7.5961500e-01 +4.0000000e-01 +1.9443111e+01 -2.9286444e-02 -8.5033444e-02 +2.2156790e+00 +7.9982346e-01 +1.0144000e+00 +3.2808148e-01 +7.2992963e-02 +2.2782099e-02 +6.9915725e+03
7.6340300e-01 +4.0000000e-01 +1.9383667e+01 -3.2213222e-02 -8.4199778e-02 +2.2397037e+00 +8.0782840e-01 +1.0288346e+00 +3.3524198e-01 +7.5274198e-02 +2.0879012e-02 +7.1379153e+03
7.6715400e-01 +4.0000000e-01 +1.9323889e+01 -3.5068889e-02 -8.3004889e-02 +2.2637654e+00 +8.1576420e-01 +1.0432025e+00 +3.4236420e-01 +7.7751605e-02 +1.9124815e-02 +7.2877991e+03
7.7086900e-01 +4.0000000e-01 +1.9263778e+01 -3.7838667e-02 -8.1534333e-02 +2.2876790e+00 +8.2355926e-01 +1.0573407e+00 +3.4947654e-01 +8.0512099e-02 +1.7539259e-02 +7.4437708e+03
7.7454800e-01 +4.0000000e-01 +1.9203444e+01 -4.0534556e-02 -7.9866444e-02 +2.3112346e+00 +8.3118765e-01 +1.0711556e+00 +3.5660000e-01 +8.3534938e-02 +1.6116296e-02 +7.6064712e+03
7.7819000e-01 +4.0000000e-01 +1.9142889e+01 -4.3189556e-02 -7.8043333e-02 +2.3345062e+00 +8.3865062e-01 +1.0847407e+00 +3.6372222e-01 +8.6685309e-02 +1.4819506e-02 +7.7739086e+03
7.8179500e-01 +4.0000000e-01 +1.9082111e+01 -4.5830222e-02 -7.6075111e-02 +2.3576173e+00 +8.4599012e-01 +1.0983099e+00 +3.7085432e-01 +8.9947654e-02 +1.3660617e-02 +7.9475436e+03
7.8536400e-01 +4.0000000e-01 +1.9021111e+01 -4.8455111e-02 -7.3992333e-02 +2.3806173e+00 +8.5328519e-01 +1.1121037e+00 +3.7804691e-01 +9.3392222e-02 +1.2686420e-02 +8.1305065e+03
7.8889500e-01 +4.0000000e-01 +1.8960111e+01 -5.1046556e-02 -7.1861111e-02 +2.4037160e+00 +8.6062099e-01 +1.1264346e+00 +3.8533827e-01 +9.6994815e-02 +1.1896605e-02 +8.3203567e+03
7.9238900e-01 +4.0000000e-01 +1.8899111e+01 -5.3586444e-02 -6.9703000e-02 +2.4274321e+00 +8.6805062e-01 +1.1414951e+00 +3.9274568e-01 +1.0057370e-01 +1.1244025e-02 +8.5086438e+03
7.9584700e-01 +4.0000000e-01 +1.8838111e+01 -5.6053889e-02 -6.7479889e-02 +2.4521358e+00 +8.7558519e-01 +1.1569679e+00 +4.0023704e-01 +1.0391025e-01 +1.0706556e-02 +8.6931869e+03
7.9926700e-01 +4.0000000e-01 +1.8777222e+01 -5.8424444e-02 -6.5135444e-02 +2.4775802e+00 +8.8320247e-01 +1.1722444e+00 +4.0771728e-01 +1.0682593e-01 +1.0298951e-02 +8.8815646e+03
8.0265000e-01 +4.0000000e-01 +1.8716444e+01 -6.0678444e-02 -6.2616667e-02 +2.5030864e+00 +8.9085802e-01 +1.1870531e+00 +4.1507654e-01 +1.0923951e-01 +9.9986049e-03 +9.0808086e+03
8.0599600e-01 +4.0000000e-01 +1.8655667e+01 -6.2802333e-02 -5.9917889e-02 +2.5281235e+00 +8.9849259e-01 +1.2014605e+00 +4.2227284e-01 +1.1124074e-01 +9.7183580e-03 +9.2884029e+03
8.0930400e-01 +4.0000000e-01 +1.8595111e+01 -6.4781222e-02 -5.7100000e-02 +2.5526790e+00 +9.0604815e-01 +1.2155086e+00 +4.2934321e-01 +1.1304494e-01 +9.3748889e-03 +9.4961094e+03
8.1257600e-01 +4.0000000e-01 +1.8534556e+01 -6.6598778e-02 -5.4216000e-02 +2.5766914e+00 +9.1347284e-01 +1.2291469e+00 +4.3631728e-01 +1.1487000e-01 +8.9509259e-03 +9.7049117e+03
8.1581000e-01 +4.0000000e-01 +1.8474333e+01 -6.8249000e-02 -5.1250222e-02 +2.6000000e+00 +9.2073827e-01 +1.2424568e+00 +4.4318395e-01 +1.1686198e-01 +8.4608519e-03 +9.9216170e+03
8.1900800e-01 +4.0000000e-01 +1.8414333e+01 -6.9742778e-02 -4.8122000e-02 +2.6226296e+00 +9.2784568e-01 +1.2556049e+00 +4.4994568e-01 +1.1911272e-01 +7.9017407e-03 +1.0148646e+04
8.2216800e-01 +4.0000000e-01 +1.8354667e+01 -7.1092889e-02 -4.4748111e-02 +2.6446790e+00 +9.3484815e-01 +1.2685679e+00 +4.5662840e-01 +1.2161111e-01 +7.2535556e-03 +1.0385971e+04
8.2529200e-01 +4.0000000e-01 +1.8295000e+01 -7.2295556e-02 -4.1133111e-02 +2.6661728e+00 +9.4183704e-01 +1.2812346e+00 +4.6322593e-01 +1.2423704e-01 +6.4675679e-03 +1.0631900e+04
8.2837800e-01 +4.0000000e-01 +1.8235444e+01 -7.3336333e-02 -3.7378667e-02 +2.6870370e+00 +9.4887901e-01 +1.2935556e+00 +4.6968765e-01 +1.2683333e-01 +5.4790247e-03 +1.0884340e+04
8.3142800e-01 +4.0000000e-01 +1.8175778e+01 -7.4211222e-02 -3.3588111e-02 +2.7073704e+00 +9.5597284e-01 +1.3055185e+00 +4.7594321e-01 +1.2926049e-01 +4.2526543e-03 +1.1143379e+04
8.3444100e-01 +4.0000000e-01 +1.8116111e+01 -7.4940111e-02 -2.9797556e-02 +2.7274938e+00 +9.6306173e-01 +1.3171481e+00 +4.8195309e-01 +1.3145926e-01 +2.8096914e-03 +1.1406309e+04
8.3741800e-01 +4.0000000e-01 +1.8056222e+01 -7.5563556e-02 -2.6002000e-02 +2.7474938e+00 +9.7007407e-01 +1.3285926e+00 +4.8770988e-01 +1.3344691e-01 +1.2398765e-03 +1.1669126e+04
8.4035800e-01 +4.0000000e-01 +1.7996444e+01 -7.6120889e-02 -2.2210444e-02 +2.7672963e+00 +9.7695556e-01 +1.3399259e+00 +4.9324691e-01 +1.3525926e-01 -3.4160988e-04 +1.1933417e+04
8.4326200e-01 +4.0000000e-01 +1.7936778e+01 -7.6632333e-02 -1.8459556e-02 +2.7868642e+00 +9.8369630e-01 +1.3511728e+00 +4.9862099e-01 +1.3695556e-01 -1.8554691e-03 +1.2203947e+04
8.4613000e-01 +4.0000000e-01 +1.7877222e+01 -7.7096556e-02 -1.4782667e-02 +2.8062099e+00 +9.9031975e-01 +1.3623827e+00 +5.0391235e-01 +1.3866049e-01 -3.2692840e-03 +1.2483270e+04
8.4896200e-01 +4.0000000e-01 +1.7817778e+01 -7.7496444e-02 -1.1184556e-02 +2.8254321e+00 +9.9684938e-01 +1.3736914e+00 +5.0920000e-01 +1.4050864e-01 -4.5820864e-03 +1.2769521e+04
8.5175700e-01 +4.0000000e-01 +1.7758444e+01 -7.7813333e-02 -7.6517111e-03 +2.8445679e+00 +1.0032679e+00 +1.3852469e+00 +5.1450617e-01 +1.4254444e-01 -5.7882840e-03 +1.3060797e+04
8.5451800e-01 +4.0000000e-01 +1.7699222e+01 -7.8040667e-02 -4.1648778e-03 +2.8635802e+00 +1.0095284e+00 +1.3970494e+00 +5.1979753e-01 +1.4470988e-01 -6.8650617e-03 +1.3361487e+04
8.5724300e-01 +4.0000000e-01 +1.7640111e+01 -7.8189111e-02 -6.8861778e-04 +2.8823580e+00 +1.0155815e+00 +1.4090741e+00 +5.2504444e-01 +1.4691728e-01 -7.8031975e-03 +1.3679073e+04
8.5993200e-01 +4.0000000e-01 +1.7581000e+01 -7.8285222e-02 +2.8344889e-03 +2.9009506e+00 +1.0214086e+00 +1.4214321e+00 +5.3021975e-01 +1.4910370e-01 -8.6201235e-03 +1.4014558e+04
8.6258600e-01 +4.0000000e-01 +1.7521778e+01 -7.8360111e-02 +6.4605333e-03 +2.9194815e+00 +1.0270210e+00 +1.4342222e+00 +5.3529506e-01 +1.5119259e-01 -9.3393457e-03 +1.4362550e+04
8.6520600e-01 +4.0000000e-01 +1.7462556e+01 -7.8437667e-02 +1.0217856e-02 +2.9381111e+00 +1.0324346e+00 +1.4474074e+00 +5.4023951e-01 +1.5311358e-01 -9.9633827e-03 +1.4717705e+04
8.6779100e-01 +4.0000000e-01 +1.7403111e+01 -7.8529778e-02 +1.4105111e-02 +2.9569506e+00 +1.0376494e+00 +1.4608148e+00 +5.4501852e-01 +1.5480123e-01 -1.0476691e-02 +1.5077840e+04
8.7034100e-01 +4.0000000e-01 +1.7343556e+01 -7.8637889e-02 +1.8106889e-02 +2.9760494e+00 +1.0426407e+00 +1.4742222e+00 +5.4960988e-01 +1.5618272e-01 -1.0874049e-02 +1.5444032e+04
8.7285700e-01 +4.0000000e-01 +1.7283889e+01 -7.8758111e-02 +2.2204000e-02 +2.9953827e+00 +1.0473741e+00 +1.4873951e+00 +5.5401852e-01 +1.5720988e-01 -1.1176827e-02 +1.5819678e+04
8.7534000e-01 +4.0000000e-01 +1.7224111e+01 -7.8885444e-02 +2.6370444e-02 +3.0149012e+00 +1.0518284e+00 +1.5002346e+00 +5.5828148e-01 +1.5788889e-01 -1.1435642e-02 +1.6209979e+04
8.7778800e-01 +4.0000000e-01 +1.7164333e+01 -7.9012778e-02 +3.0566889e-02 +3.0345802e+00 +1.0560099e+00 +1.5128765e+00 +5.6245432e-01 +1.5829630e-01 -1.1711963e-02 +1.6617200e+04
8.8020300e-01 +4.0000000e-01 +1.7104556e+01 -7.9128889e-02 +3.4756667e-02 +3.0545802e+00 +1.0599407e+00 +1.5254198e+00 +5.6660000e-01 +1.5856296e-01 -1.2038765e-02 +1.7037419e+04
8.8258400e-01 +4.0000000e-01 +1.7044667e+01 -7.9218111e-02 +3.8927778e-02 +3.0751728e+00 +1.0636481e+00 +1.5379012e+00 +5.7078519e-01 +1.5882716e-01 -1.2406667e-02 +1.7466403e+04
8.8493300e-01 +4.0000000e-01 +1.6984889e+01 -7.9262333e-02 +4.3089556e-02 +3.0964691e+00 +1.0671605e+00 +1.5502716e+00 +5.7503457e-01 +1.5920988e-01 -1.2788642e-02 +1.7903731e+04
8.8724900e-01 +4.0000000e-01 +1.6925222e+01 -7.9243667e-02 +4.7252222e-02 +3.1184198e+00 +1.0705025e+00 +1.5624938e+00 +5.7932346e-01 +1.5978519e-01 -1.3163951e-02 +1.8351617e+04
8.8953200e-01 +4.0000000e-01 +1.6865556e+01 -7.9149000e-02 +5.1430000e-02 +3.1407901e+00 +1.0737049e+00 +1.5745432e+00 +5.8359259e-01 +1.6055556e-01 -1.3513704e-02 +1.8814149e+04
8.9178300e-01 +4.0000000e-01 +1.6806000e+01 -7.8974889e-02 +5.5655778e-02 +3.1633086e+00 +1.0768012e+00 +1.5864938e+00 +5.8777778e-01 +1.6144815e-01 -1.3817531e-02 +1.9294049e+04
8.9400200e-01 +4.0000000e-01 +1.6746444e+01 -7.8727222e-02 +5.9980000e-02 +3.1858765e+00 +1.0798235e+00 +1.5985309e+00 +5.9182346e-01 +1.6234938e-01 -1.4063210e-02 +1.9788613e+04
8.9619000e-01 +4.0000000e-01 +1.6687111e+01 -7.8414889e-02 +6.4447222e-02 +3.2086420e+00 +1.0827864e+00 +1.6107778e+00 +5.9570494e-01 +1.6315309e-01 -1.4247778e-02 +2.0291951e+04
8.9834600e-01 +4.0000000e-01 +1.6627778e+01 -7.8046333e-02 +6.9067889e-02 +3.2318889e+00 +1.0856889e+00 +1.6232222e+00 +5.9942346e-01 +1.6379506e-01 -1.4359753e-02 +2.0801564e+04
9.0047100e-01 +4.0000000e-01 +1.6568556e+01 -7.7627556e-02 +7.3815889e-02 +3.2558642e+00 +1.0885123e+00 +1.6356420e+00 +6.0299630e-01 +1.6428148e-01 -1.4367901e-02 +2.1321058e+04
9.0256500e-01 +4.0000000e-01 +1.6509222e+01 -7.7161333e-02 +7.8654778e-02 +3.2807037e+00 +1.0912210e+00 +1.6477654e+00 +6.0644198e-01 +1.6467037e-01 -1.4233827e-02 +2.1855124e+04
9.0462900e-01 +4.0000000e-01 +1.6449778e+01 -7.6649000e-02 +8.3567111e-02 +3.3064815e+00 +1.0937617e+00 +1.6593827e+00 +6.0976790e-01 +1.6502222e-01 -1.3942716e-02 +2.2405597e+04
9.0666200e-01 +4.0000000e-01 +1.6390333e+01 -7.6094000e-02 +8.8565333e-02 +3.3331975e+00 +1.0960642e+00 +1.6704938e+00 +6.1297407e-01 +1.6537407e-01 -1.3529506e-02 +2.2974744e+04
9.0866500e-01 +4.0000000e-01 +1.6330889e+01 -7.5506111e-02 +9.3678889e-02 +3.3607284e+00 +1.0980630e+00 +1.6812840e+00 +6.1605802e-01 +1.6572593e-01 -1.3073210e-02 +2.3565604e+04
9.1063900e-01 +4.0000000e-01 +1.6271444e+01 -7.4899556e-02 +9.8926778e-02 +3.3888642e+00 +1.0997210e+00 +1.6920247e+00 +6.1902469e-01 +1.6604444e-01 -1.2665062e-02 +2.4179898e+04
9.1258400e-01 +4.0000000e-01 +1.6212000e+01 -7.4286000e-02 +1.0429633e-01 +3.4174568e+00 +1.1010383e+00 +1.7029383e+00 +6.2189506e-01 +1.6629383e-01 -1.2372593e-02 +2.4814998e+04
9.1449900e-01 +4.0000000e-01 +1.6152444e+01 -7.3668222e-02 +1.0974478e-01 +3.4465062e+00 +1.1020296e+00 +1.7140741e+00 +6.2471358e-01 +1.6646667e-01 -1.2228444e-02 +2.5467563e+04
9.1638500e-01 +4.0000000e-01 +1.6092889e+01 -7.3039444e-02 +1.1521667e-01 +3.4760247e+00 +1.1027173e+00 +1.7252469e+00 +6.2753580e-01 +1.6657160e-01 -1.2240272e-02 +2.6139190e+04
9.1824400e-01 +4.0000000e-01 +1.6033333e+01 -7.2387889e-02 +1.2065778e-01 +3.5061111e+00 +1.1031111e+00 +1.7361852e+00 +6.3039259e-01 +1.6662469e-01 -1.2403580e-02 +2.6834694e+04
9.2007400e-01 +4.0000000e-01 +1.5973667e+01 -7.1701889e-02 +1.2601667e-01 +3.5368642e+00 +1.1032111e+00 +1.7465802e+00 +6.3328642e-01 +1.6663827e-01 -1.2702840e-02 +2.7557045e+04
9.2187600e-01 +4.0000000e-01 +1.5914000e+01 -7.0972000e-02 +1.3125000e-01 +3.5684321e+00 +1.1030111e+00 +1.7562840e+00 +6.3619383e-01 +1.6661728e-01 -1.3105679e-02 +2.8306407e+04
9.2365000e-01 +4.0000000e-01 +1.5854111e+01 -7.0193111e-02 +1.3632778e-01 +3.6009753e+00 +1.1025000e+00 +1.7652222e+00 +6.3908025e-01 +1.6653951e-01 -1.3565679e-02 +2.9080568e+04
9.2539800e-01 +4.0000000e-01 +1.5794000e+01 -6.9365222e-02 +1.4122667e-01 +3.6346049e+00 +1.1016679e+00 +1.7733951e+00 +6.4191358e-01 +1.6636790e-01 -1.4030370e-02 +2.9877407e+04
9.2711800e-01 +4.0000000e-01 +1.5733667e+01 -6.8492667e-02 +1.4592111e-01 +3.6694198e+00 +1.1004988e+00 +1.7808889e+00 +6.4467531e-01 +1.6609506e-01 -1.4449259e-02 +3.0695468e+04
9.2881200e-01 +4.0000000e-01 +1.5673111e+01 -6.7581667e-02 +1.5039444e-01 +3.7055062e+00 +1.0989704e+00 +1.7877407e+00 +6.4736173e-01 +1.6574074e-01 -1.4783086e-02 +3.1535041e+04
9.3048000e-01 +4.0000000e-01 +1.5612000e+01 -6.6639556e-02 +1.5463556e-01 +3.7430247e+00 +1.0970420e+00 +1.7940000e+00 +6.4997778e-01 +1.6533951e-01 -1.5008395e-02 +3.2397164e+04
9.3212100e-01 +4.0000000e-01 +1.5550556e+01 -6.5674667e-02 +1.5864778e-01 +3.7821358e+00 +1.0946630e+00 +1.7997037e+00 +6.5253827e-01 +1.6492593e-01 -1.5119259e-02 +3.3281423e+04
9.3373700e-01 +4.0000000e-01 +1.5488667e+01 -6.4695778e-02 +1.6244222e-01 +3.8228765e+00 +1.0917765e+00 +1.8049383e+00 +6.5505802e-01 +1.6452963e-01 -1.5121975e-02 +3.4190387e+04
9.3532800e-01 +4.0000000e-01 +1.5426222e+01 -6.3710000e-02 +1.6603889e-01 +3.8651605e+00 +1.0883370e+00 +1.8097160e+00 +6.5754444e-01 +1.6417160e-01 -1.5030988e-02 +3.5131331e+04
9.3689300e-01 +4.0000000e-01 +1.5363222e+01 -6.2721000e-02 +1.6946333e-01 +3.9088765e+00 +1.0843123e+00 +1.8140741e+00 +6.5999753e-01 +1.6383704e-01 -1.4865679e-02 +3.6110936e+04
9.3843400e-01 +4.0000000e-01 +1.5299778e+01 -6.1729111e-02 +1.7274222e-01 +3.9539753e+00 +1.0796753e+00 +1.8180000e+00 +6.6241605e-01 +1.6346914e-01 -1.4643333e-02 +3.7131632e+04
9.3995000e-01 +4.0000000e-01 +1.5235667e+01 -6.0731556e-02 +1.7590222e-01 +4.0005185e+00 +1.0744062e+00 +1.8214568e+00 +6.6479012e-01 +1.6301358e-01 -1.4373210e-02 +3.8192437e+04
9.4144200e-01 +4.0000000e-01 +1.5171000e+01 -5.9724000e-02 +1.7897111e-01 +4.0486667e+00 +1.0684827e+00 +1.8244198e+00 +6.6710247e-01 +1.6244938e-01 -1.4060494e-02 +3.9292057e+04
9.4291000e-01 +4.0000000e-01 +1.5105556e+01 -5.8701000e-02 +1.8197111e-01 +4.0986173e+00 +1.0618840e+00 +1.8268765e+00 +6.6932716e-01 +1.6180000e-01 -1.3718395e-02 +4.0433242e+04
9.4435500e-01 +4.0000000e-01 +1.5039333e+01 -5.7657556e-02 +1.8491778e-01 +4.1506420e+00 +1.0545901e+00 +1.8287654e+00 +6.7144568e-01 +1.6112593e-01 -1.3369506e-02 +4.1619712e+04
9.4577700e-01 +4.0000000e-01 +1.4972333e+01 -5.6590222e-02 +1.8781333e-01 +4.2050494e+00 +1.0465802e+00 +1.8300864e+00 +6.7344938e-01 +1.6048519e-01 -1.3034321e-02 +4.2849968e+04
9.4717500e-01 +4.0000000e-01 +1.4904222e+01 -5.5498333e-02 +1.9064889e-01 +4.2621235e+00 +1.0378321e+00 +1.8308395e+00 +6.7533210e-01 +1.5993951e-01 -1.2719012e-02 +4.4119051e+04
9.4855100e-01 +4.0000000e-01 +1.4835222e+01 -5.4384333e-02 +1.9341333e-01 +4.3221481e+00 +1.0283247e+00 +1.8310864e+00 +6.7709383e-01 +1.5953951e-01 -1.2414444e-02 +4.5424822e+04
9.4990500e-01 +4.0000000e-01 +1.4765000e+01 -5.3252000e-02 +1.9609778e-01 +4.3852716e+00 +1.0180432e+00 +1.8309259e+00 +6.7873827e-01 +1.5932222e-01 -1.2101136e-02 +4.6769777e+04
9.5123600e-01 +4.0000000e-01 +1.4693667e+01 -5.2106222e-02 +1.9869556e-01 +4.4516420e+00 +1.0069778e+00 +1.8304568e+00 +6.8026173e-01 +1.5929630e-01 -1.1760210e-02 +4.8157663e+04
9.5254600e-01 +4.0000000e-01 +1.4621000e+01 -5.0951556e-02 +2.0121111e-01 +4.5213580e+00 +9.9511975e-01 +1.8297284e+00 +6.8164938e-01 +1.5944074e-01 -1.1383284e-02 +4.9590479e+04
9.5383400e-01 +4.0000000e-01 +1.4546889e+01 -4.9792222e-02 +2.0364667e-01 +4.5945556e+00 +9.8246420e-01 +1.8287654e+00 +6.8287531e-01 +1.5972469e-01 -1.0976741e-02 +5.1071119e+04
9.5510100e-01 +4.0000000e-01 +1.4471222e+01 -4.8630667e-02 +2.0600333e-01 +4.6713457e+00 +9.6900864e-01 +1.8275185e+00 +6.8390988e-01 +1.6012346e-01 -1.0557753e-02 +5.2603659e+04
9.5634800e-01 +4.0000000e-01 +1.4393889e+01 -4.7467889e-02 +2.0827778e-01 +4.7518519e+00 +9.5475556e-01 +1.8259259e+00 +6.8471852e-01 +1.6062716e-01 -1.0146568e-02 +5.4190306e+04
9.5757400e-01 +4.0000000e-01 +1.4314778e+01 -4.6303333e-02 +2.1046222e-01 +4.8360988e+00 +9.3971111e-01 +1.8239383e+00 +6.8526914e-01 +1.6123086e-01 -9.7578642e-03 +5.5829857e+04
9.5877900e-01 +4.0000000e-01 +1.4233667e+01 -4.5135000e-02 +2.1254778e-01 +4.9240370e+00 +9.2388395e-01 +1.8215309e+00 +6.8552469e-01 +1.6192593e-01 -9.3969877e-03 +5.7520347e+04
9.5996400e-01 +4.0000000e-01 +1.4150444e+01 -4.3960889e-02 +2.1452111e-01 +5.0155309e+00 +9.0728272e-01 +1.8186790e+00 +6.8545062e-01 +1.6268519e-01 -9.0634198e-03 +5.9261406e+04
9.6113000e-01 +4.0000000e-01 +1.4064889e+01 -4.2779444e-02 +2.1637000e-01 +5.1104074e+00 +8.8991358e-01 +1.8153333e+00 +6.8501728e-01 +1.6345802e-01 -8.7556049e-03 +6.1052688e+04
9.6227600e-01 +4.0000000e-01 +1.3976889e+01 -4.1589556e-02 +2.1808000e-01 +5.2085432e+00 +8.7178148e-01 +1.8113951e+00 +6.8420741e-01 +1.6417037e-01 -8.4727407e-03 +6.2893227e+04
9.6340300e-01 +4.0000000e-01 +1.3886222e+01 -4.0391444e-02 +2.1963889e-01 +5.3098148e+00 +8.5288765e-01 +1.8067160e+00 +6.8301728e-01 +1.6473086e-01 -8.2145432e-03 +6.4783526e+04
9.6451100e-01 +4.0000000e-01 +1.3792667e+01 -3.9186667e-02 +2.2103222e-01 +5.4141235e+00 +8.3323210e-01 +1.8011481e+00 +6.8144815e-01 +1.6504815e-01 -7.9816296e-03 +6.6725093e+04
9.6560100e-01 +4.0000000e-01 +1.3696111e+01 -3.7978111e-02 +2.2224333e-01 +5.5213333e+00 +8.1281852e-01 +1.7945679e+00 +6.7950247e-01 +1.6503333e-01 -7.7769383e-03 +6.8717823e+04
9.6667200e-01 +4.0000000e-01 +1.3596222e+01 -3.6769444e-02 +2.2325556e-01 +5.6313333e+00 +7.9165185e-01 +1.7868765e+00 +6.7717407e-01 +1.6462222e-01 -7.6060864e-03 +7.0758183e+04
9.6772500e-01 +4.0000000e-01 +1.3492889e+01 -3.5565667e-02 +2.2404889e-01 +5.7439012e+00 +7.6974444e-01 +1.7779877e+00 +6.7444815e-01 +1.6377160e-01 -7.4757901e-03 +7.2842482e+04
9.6876100e-01 +4.0000000e-01 +1.3385667e+01 -3.4371778e-02 +2.2460667e-01 +5.8587778e+00 +7.4711481e-01 +1.7678642e+00 +6.7129630e-01 +1.6246790e-01 -7.3917531e-03 +7.4968892e+04
9.6977800e-01 +4.0000000e-01 +1.3274444e+01 -3.3193111e-02 +2.2490556e-01 +5.9755679e+00 +7.2379012e-01 +1.7564074e+00 +6.6767778e-01 +1.6073086e-01 -7.3567654e-03 +7.7138459e+04
9.7077900e-01 +4.0000000e-01 +1.3158889e+01 -3.2033667e-02 +2.2492778e-01 +6.0938395e+00 +6.9980370e-01 +1.7435802e+00 +6.6354938e-01 +1.5861605e-01 -7.3690247e-03 +7.9354507e+04
9.7176200e-01 +4.0000000e-01 +1.3038778e+01 -3.0896111e-02 +2.2465444e-01 +6.2130988e+00 +6.7519630e-01 +1.7293333e+00 +6.5886543e-01 +1.5620247e-01 -7.4207531e-03 +8.1620705e+04
9.7272900e-01 +4.0000000e-01 +1.2913556e+01 -2.9781222e-02 +2.2406778e-01 +6.3327778e+00 +6.5001728e-01 +1.7136667e+00 +6.5357901e-01 +1.5358395e-01 -7.4980617e-03 +8.3938185e+04
9.7367900e-01 +4.0000000e-01 +1.2783111e+01 -2.8687889e-02 +2.2315444e-01 +6.4522840e+00 +6.2432222e-01 +1.6965926e+00 +6.4764691e-01 +1.5084815e-01 -7.5821481e-03 +8.6302703e+04
9.7461200e-01 +4.0000000e-01 +1.2646889e+01 -2.7613444e-02 +2.2190556e-01 +6.5709506e+00 +5.9817654e-01 +1.6781235e+00 +6.4102346e-01 +1.4807654e-01 -7.6512716e-03 +8.8703824e+04
9.7553000e-01 +4.0000000e-01 +1.2504556e+01 -2.6554111e-02 +2.2032222e-01 +6.6880617e+00 +5.7165062e-01 +1.6582840e+00 +6.3366173e-01 +1.4532963e-01 -7.6825802e-03 +9.1128090e+04
9.7643200e-01 +4.0000000e-01 +1.2355667e+01 -2.5506111e-02 +2.1840667e-01 +6.8027284e+00 +5.4482346e-01 +1.6370617e+00 +6.2551235e-01 +1.4264198e-01 -7.6537284e-03 +9.3563706e+04
9.7731900e-01 +4.0000000e-01 +1.2199778e+01 -2.4465333e-02 +2.1617222e-01 +6.9139506e+00 +5.1777531e-01 +1.6144321e+00 +6.1652716e-01 +1.4002469e-01 -7.5445679e-03 +9.6000560e+04
9.7819000e-01 +4.0000000e-01 +1.2036222e+01 -2.3428778e-02 +2.1363556e-01 +7.0205309e+00 +4.9059259e-01 +1.5903457e+00 +6.0665679e-01 +1.3746543e-01 -7.3392469e-03 +9.8428814e+04
9.7904600e-01 +4.0000000e-01 +1.1864667e+01 -2.2393778e-02 +2.1081444e-01 +7.1210988e+00 +4.6336296e-01 +1.5647531e+00 +5.9585432e-01 +1.3492963e-01 -7.0285432e-03 +1.0083694e+05
9.7988700e-01 +4.0000000e-01 +1.1684333e+01 -2.1358667e-02 +2.0772889e-01 +7.2140741e+00 +4.3617778e-01 +1.5375556e+00 +5.8406667e-01 +1.3237160e-01 -6.6111235e-03 +1.0321083e+05
9.8071400e-01 +4.0000000e-01 +1.1494889e+01 -2.0322222e-02 +2.0439778e-01 +7.2976790e+00 +4.0912840e-01 +1.5086790e+00 +5.7124198e-01 +1.2973580e-01 -6.0932963e-03 +1.0553346e+05
9.8152600e-01 +4.0000000e-01 +1.1295444e+01 -1.9284111e-02 +2.0083667e-01 +7.3699136e+00 +3.8230864e-01 +1.4780494e+00 +5.5731975e-01 +1.2697531e-01 -5.4872963e-03 +1.0778554e+05
9.8232400e-01 +4.0000000e-01 +1.1085489e+01 -1.8244333e-02 +1.9705667e-01 +7.4285556e+00 +3.5581235e-01 +1.4455802e+00 +5.4223951e-01 +1.2404444e-01 -4.8095432e-03 +1.0994498e+05
9.8310800e-01 +4.0000000e-01 +1.0864322e+01 -1.7203444e-02 +1.9306556e-01 +7.4711235e+00 +3.2972963e-01 +1.4111975e+00 +5.2594321e-01 +1.2090975e-01 -4.0790741e-03 +1.1198924e+05
9.8387800e-01 +4.0000000e-01 +1.0631278e+01 -1.6162556e-02 +1.8887000e-01 +7.4949383e+00 +3.0415432e-01 +1.3748395e+00 +5.0837407e-01 +1.1754852e-01 -3.3163704e-03 +1.1389506e+05
9.8463500e-01 +4.0000000e-01 +1.0385667e+01 -1.5123556e-02 +1.8447000e-01 +7.4971235e+00 +2.7917778e-01 +1.3364691e+00 +4.8948272e-01 +1.1394790e-01 -2.5427654e-03 +1.1564028e+05
9.8537900e-01 +4.0000000e-01 +1.0126800e+01 -1.4088667e-02 +1.7986889e-01 +7.4746173e+00 +2.5488519e-01 +1.2960494e+00 +4.6923333e-01 +1.1010198e-01 -1.7801605e-03 +1.1720281e+05
9.8611000e-01 +4.0000000e-01 +9.8540222e+00 -1.3061111e-02 +1.7506333e-01 +7.4242469e+00 +2.3136420e-01 +1.2535802e+00 +4.4760000e-01 +1.0600901e-01 -1.0506494e-03 +1.1856148e+05
9.8682800e-01 +4.0000000e-01 +9.5667222e+00 -1.2045000e-02 +1.7005111e-01 +7.3427654e+00 +2.0869753e-01 +1.2090716e+00 +4.2457901e-01 +1.0167000e-01 -3.7569383e-04 +1.1969686e+05
9.8753300e-01 +4.0000000e-01 +9.2643222e+00 -1.1044856e-02 +1.6482556e-01 +7.2269630e+00 +1.8696420e-01 +1.1625753e+00 +4.0019506e-01 +9.7086296e-02 +2.2529383e-04 +1.2059510e+05
9.8822500e-01 +4.0000000e-01 +8.9463667e+00 -1.0065911e-02 +1.5937889e-01 +7.0737407e+00 +1.6623704e-01 +1.1141617e+00 +3.7450123e-01 +9.2260741e-02 +7.3642469e-04 +1.2125242e+05
9.8890600e-01 +4.0000000e-01 +8.6124667e+00 -9.1135778e-03 +1.5370222e-01 +6.8802963e+00 +1.4658642e-01 +1.0639222e+00 +3.4759506e-01 +8.7197160e-02 +1.1465519e-03 +1.2168193e+05
9.8957400e-01 +4.0000000e-01 +8.2624111e+00 -8.1932556e-03 +1.4778444e-01 +6.6442469e+00 +1.2807531e-01 +1.0119605e+00 +3.1962099e-01 +8.1902593e-02 +1.4499383e-03 +1.2191910e+05
9.9023100e-01 +4.0000000e-01 +7.8961222e+00 -7.3100111e-03 +1.4161667e-01 +6.3639630e+00 +1.1075914e-01 +9.5838642e-01 +2.9077901e-01 +7.6388889e-02 +1.6463086e-03 +1.2202680e+05
9.9087600e-01 +4.0000000e-01 +7.5137667e+00 -6.4684111e-03 +1.3519222e-01 +6.0387654e+00 +9.4687037e-02 +9.0330123e-01 +2.6132963e-01 +7.0675679e-02 +1.7405432e-03 +1.2209888e+05
9.9150900e-01 +4.0000000e-01 +7.1157000e+00 -5.6723444e-03 +1.2850333e-01 +5.6692469e+00 +7.9897901e-02 +8.4679383e-01 +2.3159630e-01 +6.4791481e-02 +1.7420123e-03 +1.2226121e+05
9.9213200e-01 +4.0000000e-01 +6.7025556e+00 -4.9250111e-03 +1.2155000e-01 +5.2576543e+00 +6.6421481e-02 +7.8893333e-01 +2.0196914e-01 +5.8774691e-02 +1.6639383e-03 +1.2266808e+05
9.9274300e-01 +4.0000000e-01 +6.2752556e+00 -4.2288333e-03 +1.1433111e-01 +4.8080864e+00 +5.4277654e-02 +7.2976543e-01 +1.7289136e-01 +5.2673704e-02 +1.5224568e-03 +1.2349344e+05
9.9334300e-01 +4.0000000e-01 +5.8350111e+00 -3.5855667e-03 +1.0685267e-01 +4.3267531e+00 +4.3475185e-02 +6.6932222e-01 +1.4485062e-01 +4.6547160e-02 +1.3357284e-03 +1.2491203e+05
9.9393300e-01 +4.0000000e-01 +5.3833000e+00 -2.9963000e-03 +9.9125556e-02 +3.8221235e+00 +3.4011111e-02 +6.0763580e-01 +1.1835457e-01 +4.0463210e-02 +1.1226222e-03 +1.2706887e+05
9.9451200e-01 +4.0000000e-01 +4.9218889e+00 -2.4615778e-03 +9.1165000e-02 +3.3047654e+00 +2.5868889e-02 +5.4476296e-01 +9.3903827e-02 +3.4499506e-02 +9.0140864e-04 +1.3004559e+05
9.9508100e-01 +4.0000000e-01 +4.4527778e+00 -1.9814556e-03 +8.2992222e-02 +2.7870494e+00 +1.9017037e-02 +4.8082469e-01 +7.1955926e-02 +2.8742222e-02 +6.8834938e-04 +1.3382536e+05
9.9563900e-01 +4.0000000e-01 +3.9781111e+00 -1.5555889e-03 +7.4632556e-02 +2.2825185e+00 +1.3406173e-02 +4.1606790e-01 +5.2884938e-02 +2.3285432e-02 +4.9654321e-04 +1.3826969e+05
9.9618800e-01 +4.0000000e-01 +3.5001556e+00 -1.1833667e-03 +6.6115000e-02 +1.8050000e+00 +8.9665309e-03 +3.5093951e-01 +3.6941975e-02 +1.8227531e-02 +3.3506790e-04 +1.4313117e+05
9.9672600e-01 +4.0000000e-01 +3.0211222e+00 -8.6396444e-04 +5.7470556e-02 +1.3675679e+00 +5.6050741e-03 +2.8616049e-01 +2.4220988e-02 +1.3666173e-02 +2.0855432e-04 +1.4810602e+05
9.9725500e-01 +4.0000000e-01 +2.5431333e+00 -5.9645889e-04 +4.8729667e-02 +9.8140000e-01 +3.2035432e-03 +2.2282840e-01 +1.4637284e-02 +9.6909630e-03 +1.1724037e-04 +1.5293292e+05
9.9777500e-01 +4.0000000e-01 +2.0680889e+00 -3.7985333e-04 +3.9921556e-02 +6.5492346e-01 +1.6182963e-03 +1.6249383e-01 +7.9261852e-03 +6.3733333e-03 +5.7583704e-05 +1.5750968e+05
9.9828500e-01 +4.0000000e-01 +1.5975889e+00 -2.1312222e-04 +3.1071444e-02 +3.9336049e-01 +6.8332593e-04 +1.0725198e-01 +3.6651481e-03 +3.7575679e-03 +2.3345802e-05 +1.6201023e+05
9.9878600e-01 +4.0000000e-01 +1.1328778e+00 -9.5231000e-05 +2.2200444e-02 +1.9881358e-01 +2.1822099e-04 +5.9818642e-02 +1.3180617e-03 +1.8547531e-03 +7.0015432e-06 +1.6695479e+05
9.9927800e-01 +4.0000000e-01 +6.7478111e-01 -2.5088222e-05 +1.3324778e-02 +7.0910494e-02 +4.3178148e-05 +2.3623457e-02 +2.9568519e-04 +6.4209136e-04 +1.2017259e-06 +1.7320155e+05
9.9976100e-01 +4.0000000e-01 +2.2380889e-01 +0.0000000e+00 +4.4569444e-03 +7.8639506e-03 +3.1628148e-06 +2.9377654e-03 +1.9405556e-05 +6.8378519e-05 +4.7186543e-08 +1.8115407e+05
1.0000000e+00 +4.0000000e-01 +0.0000000e+00 +0.0000000e+00 +0.0000000e+00 +0.0000000e+00 +0.0000000e+00 +0.0000000e+00 +0.0000000e+00 +0.0000000e+00 +0.0000000e+00 +1.8115309e+05
