#    y              z              <u>            <v>            <w>            <u'u'>         <v'v'>         <w'w'>         <u'v'>         <u'w'>         <v'w'>         <eps>         
#----------------------------------------------------------------------------------------------------------------------------------------------------------------------------------
0.0000000e+00 +4.5000000e-01 +0.0000000e+00 +0.0000000e+00 +0.0000000e+00 +0.0000000e+00 +0.0000000e+00 +0.0000000e+00 +0.0000000e+00 +0.0000000e+00 +0.0000000e+00 +1.7432840e+05
2.3900000e-04 +4.5000000e-01 +2.1951222e-01 +2.9230444e-05 +1.7242778e-03 +7.5319753e-03 +3.1540617e-06 +2.9868025e-03 -1.7790494e-05 +4.7116296e-05 +3.0727037e-07 +1.7432934e+05
7.2200000e-04 +4.5000000e-01 +6.6181667e-01 +1.0858067e-04 +5.1932556e-03 +6.7863086e-02 +4.3065309e-05 +2.4019506e-02 -2.7247037e-04 +4.3759506e-04 +3.7518519e-06 +1.6652715e+05
1.2140000e-03 +4.5000000e-01 +1.1111022e+00 +2.3811111e-04 +8.7089778e-03 +1.9017284e-01 +2.1767778e-04 +6.0826790e-02 -1.2199815e-03 +1.2504321e-03 +1.3603704e-05 +1.6044400e+05
1.7150000e-03 +4.5000000e-01 +1.5669111e+00 +4.1582000e-04 +1.2265111e-02 +3.7617037e-01 +6.8169506e-04 +1.0906951e-01 -3.4065679e-03 +2.5069630e-03 +3.0794074e-05 +1.5572817e+05
2.2250000e-03 +4.5000000e-01 +2.0284444e+00 +6.3953556e-04 +1.5852111e-02 +6.2632346e-01 +1.6145679e-03 +1.6526049e-01 -7.3962469e-03 +4.2099877e-03 +5.4341605e-05 +1.5155978e+05
2.7450000e-03 +4.5000000e-01 +2.4945222e+00 +9.0700444e-04 +1.9456889e-02 +9.3886914e-01 +3.1963086e-03 +2.2663333e-01 -1.3710370e-02 +6.3383333e-03 +8.2411975e-05 +1.4742112e+05
3.2740000e-03 +4.5000000e-01 +2.9636333e+00 +1.2159111e-03 +2.3063444e-02 +1.3091728e+00 +5.5923333e-03 +2.9104321e-01 -2.2769506e-02 +8.8446049e-03 +1.1336667e-04 +1.4310869e+05
3.8120000e-03 +4.5000000e-01 +3.4339556e+00 +1.5638556e-03 +2.6653333e-02 +1.7295679e+00 +8.9453827e-03 +3.5689012e-01 -3.4849136e-02 +1.1658037e-02 +1.4664444e-04 +1.3866181e+05
4.3610000e-03 +4.5000000e-01 +3.9034556e+00 +1.9483778e-03 +3.0207111e-02 +2.1897778e+00 +1.3372099e-02 +4.2303210e-01 -5.0056790e-02 +1.4692469e-02 +1.8334938e-04 +1.3427520e+05
4.9190000e-03 +4.5000000e-01 +4.3699444e+00 +2.3669222e-03 +3.3705111e-02 +2.6775679e+00 +1.8963457e-02 +4.8869753e-01 -6.8330741e-02 +1.7857284e-02 +2.2645926e-04 +1.3020212e+05
5.4880000e-03 +4.5000000e-01 +4.8312333e+00 +2.8168333e-03 +3.7129444e-02 +3.1797901e+00 +2.5785802e-02 +5.5340123e-01 -8.9455926e-02 +2.1067284e-02 +2.8063210e-04 +1.2666659e+05
6.0670000e-03 +4.5000000e-01 +5.2852000e+00 +3.2953556e-03 +4.0464889e-02 +3.6833333e+00 +3.3884938e-02 +6.1686296e-01 -1.1309420e-01 +2.4250864e-02 +3.5160617e-04 +1.2381714e+05
6.6570000e-03 +4.5000000e-01 +5.7298556e+00 +3.7997556e-03 +4.3699889e-02 +4.1760000e+00 +4.3287901e-02 +6.7893827e-01 -1.3881852e-01 +2.7353580e-02 +4.4530988e-04 +1.2170727e+05
7.2570000e-03 +4.5000000e-01 +6.1634333e+00 +4.3273111e-03 +4.6827444e-02 +4.6471605e+00 +5.4006790e-02 +7.3956790e-01 -1.6615185e-01 +3.0338642e-02 +5.6688148e-04 +1.2029688e+05
7.8680000e-03 +4.5000000e-01 +6.5844333e+00 +4.8755333e-03 +4.9844333e-02 +5.0881852e+00 +6.6040741e-02 +7.9873580e-01 -1.9459877e-01 +3.3184444e-02 +7.1984444e-04 +1.1947645e+05
8.4910000e-03 +4.5000000e-01 +6.9916444e+00 +5.4422111e-03 +5.2751556e-02 +5.4925679e+00 +7.9378025e-02 +8.5644691e-01 -2.2367531e-01 +3.5881481e-02 +9.0562099e-04 +1.1909535e+05
9.1240000e-03 +4.5000000e-01 +7.3841222e+00 +6.0256778e-03 +5.5552778e-02 +5.8559259e+00 +9.3997284e-02 +9.1270494e-01 -2.5293457e-01 +3.8428642e-02 +1.1234309e-03 +1.1898973e+05
9.7690000e-03 +4.5000000e-01 +7.7612333e+00 +6.6248667e-03 +5.8254222e-02 +6.1758148e+00 +1.0986827e-01 +9.6750494e-01 -2.8197901e-01 +4.0829877e-02 +1.3705556e-03 +1.1900641e+05
1.0426000e-02 +4.5000000e-01 +8.1225778e+00 +7.2395333e-03 +6.0862778e-02 +6.4514444e+00 +1.2695309e-01 +1.0208309e+00 -3.1047160e-01 +4.3092716e-02 +1.6428395e-03 +1.1901666e+05
1.1094000e-02 +4.5000000e-01 +8.4680222e+00 +7.8702667e-03 +6.3385778e-02 +6.6833827e+00 +1.4520617e-01 +1.0726457e+00 -3.3814074e-01 +4.5226914e-02 +1.9352222e-03 +1.1892184e+05
1.1775000e-02 +4.5000000e-01 +8.7976111e+00 +8.5186222e-03 +6.5830111e-02 +6.8732716e+00 +1.6457284e-01 +1.1229062e+00 -3.6477407e-01 +4.7244198e-02 +2.2424321e-03 +1.1865435e+05
1.2467000e-02 +4.5000000e-01 +9.1115778e+00 +9.1870000e-03 +6.8201889e-02 +7.0235185e+00 +1.8499630e-01 +1.1715568e+00 -3.9021605e-01 +4.9157284e-02 +2.5593827e-03 +1.1817204e+05
1.3172000e-02 +4.5000000e-01 +9.4102778e+00 +9.8786000e-03 +7.0505778e-02 +7.1370494e+00 +2.0640617e-01 +1.2185432e+00 -4.1436049e-01 +5.0979012e-02 +2.8817284e-03 +1.1745447e+05
1.3890000e-02 +4.5000000e-01 +9.6941889e+00 +1.0597178e-02 +7.2744889e-02 +7.2171111e+00 +2.2873086e-01 +1.2638148e+00 -4.3714444e-01 +5.2721235e-02 +3.2060617e-03 +1.1649750e+05
1.4621000e-02 +4.5000000e-01 +9.9638556e+00 +1.1346889e-02 +7.4921111e-02 +7.2670370e+00 +2.5189136e-01 +1.3073580e+00 -4.5853827e-01 +5.4393457e-02 +3.5301111e-03 +1.1530839e+05
1.5365000e-02 +4.5000000e-01 +1.0219889e+01 +1.2132222e-02 +7.7034222e-02 +7.2901605e+00 +2.7580494e-01 +1.3491235e+00 -4.7853827e-01 +5.6001975e-02 +3.8526049e-03 +1.1390257e+05
1.6122000e-02 +4.5000000e-01 +1.0462922e+01 +1.2957444e-02 +7.9082556e-02 +7.2897037e+00 +3.0038765e-01 +1.3891111e+00 -4.9716296e-01 +5.7549383e-02 +4.1732346e-03 +1.1230008e+05
1.6892000e-02 +4.5000000e-01 +1.0693611e+01 +1.3826889e-02 +8.1062778e-02 +7.2686543e+00 +3.2555432e-01 +1.4273333e+00 -5.1444691e-01 +5.9033580e-02 +4.4924444e-03 +1.1052508e+05
1.7676000e-02 +4.5000000e-01 +1.0912611e+01 +1.4744333e-02 +8.2970222e-02 +7.2298148e+00 +3.5121852e-01 +1.4637778e+00 -5.3043333e-01 +6.0448395e-02 +4.8111111e-03 +1.0860466e+05
1.8474000e-02 +4.5000000e-01 +1.1120556e+01 +1.5713667e-02 +8.4799444e-02 +7.1756914e+00 +3.7729630e-01 +1.4984815e+00 -5.4518272e-01 +6.1785309e-02 +5.1300494e-03 +1.0656801e+05
1.9286000e-02 +4.5000000e-01 +1.1318222e+01 +1.6737889e-02 +8.6545111e-02 +7.1086049e+00 +4.0370370e-01 +1.5314198e+00 -5.5875556e-01 +6.3037037e-02 +5.4494691e-03 +1.0444412e+05
2.0113000e-02 +4.5000000e-01 +1.1506111e+01 +1.7820222e-02 +8.8202111e-02 +7.0306173e+00 +4.3035802e-01 +1.5626420e+00 -5.7122099e-01 +6.4200370e-02 +5.7687654e-03 +1.0225826e+05
2.0954000e-02 +4.5000000e-01 +1.1684778e+01 +1.8963222e-02 +8.9766333e-02 +6.9436173e+00 +4.5717778e-01 +1.5921728e+00 -5.8264938e-01 +6.5277407e-02 +6.0866049e-03 +1.0003138e+05
2.1810000e-02 +4.5000000e-01 +1.1855000e+01 +2.0169000e-02 +9.1235222e-02 +6.8492963e+00 +4.8408272e-01 +1.6200494e+00 -5.9310617e-01 +6.6272716e-02 +6.4009506e-03 +9.7780262e+04
2.2681000e-02 +4.5000000e-01 +1.2017333e+01 +2.1439444e-02 +9.2608222e-02 +6.7491728e+00 +5.1099259e-01 +1.6463333e+00 -6.0265309e-01 +6.7186543e-02 +6.7085309e-03 +9.5517894e+04
2.3568000e-02 +4.5000000e-01 +1.2172222e+01 +2.2775778e-02 +9.3886222e-02 +6.6446296e+00 +5.3783210e-01 +1.6710741e+00 -6.1135062e-01 +6.8009630e-02 +7.0037037e-03 +9.3254454e+04
2.4470000e-02 +4.5000000e-01 +1.2320111e+01 +2.4178667e-02 +9.5071778e-02 +6.5369136e+00 +5.6452593e-01 +1.6943580e+00 -6.1925309e-01 +6.8722099e-02 +7.2779012e-03 +9.0998155e+04
2.5388000e-02 +4.5000000e-01 +1.2461667e+01 +2.5648111e-02 +9.6168444e-02 +6.4271111e+00 +5.9100123e-01 +1.7162346e+00 -6.2641605e-01 +6.9299753e-02 +7.5200370e-03 +8.8754920e+04
2.6321000e-02 +4.5000000e-01 +1.2597111e+01 +2.7183333e-02 +9.7180222e-02 +6.3162222e+00 +6.1718642e-01 +1.7367531e+00 -6.3289383e-01 +6.9724444e-02 +7.7178148e-03 +8.6527025e+04
2.7271000e-02 +4.5000000e-01 +1.2727000e+01 +2.8782778e-02 +9.8111000e-02 +6.2051605e+00 +6.4301481e-01 +1.7560000e+00 -6.3874444e-01 +6.9994691e-02 +7.8598025e-03 +8.4311871e+04
2.8238000e-02 +4.5000000e-01 +1.2851778e+01 +3.0444444e-02 +9.8963444e-02 +6.0947284e+00 +6.6841852e-01 +1.7740494e+00 -6.4402716e-01 +7.0132346e-02 +7.9376543e-03 +8.2103715e+04
2.9221000e-02 +4.5000000e-01 +1.2971556e+01 +3.2165778e-02 +9.9738000e-02 +5.9855802e+00 +6.9333704e-01 +1.7909877e+00 -6.4879630e-01 +7.0178272e-02 +7.9481111e-03 +7.9899888e+04
3.0222000e-02 +4.5000000e-01 +1.3086889e+01 +3.3944222e-02 +1.0043278e-01 +5.8782099e+00 +7.1771111e-01 +1.8068889e+00 -6.5310370e-01 +7.0181111e-02 +7.8937901e-03 +7.7704710e+04
3.1239000e-02 +4.5000000e-01 +1.3197889e+01 +3.5777111e-02 +1.0104389e-01 +5.7729506e+00 +7.4148519e-01 +1.8218272e+00 -6.5699136e-01 +7.0185556e-02 +7.7822469e-03 +7.5527742e+04
3.2275000e-02 +4.5000000e-01 +1.3305111e+01 +3.7661889e-02 +1.0156711e-01 +5.6700370e+00 +7.6460988e-01 +1.8358395e+00 -6.6049630e-01 +7.0226914e-02 +7.6228765e-03 +7.3378389e+04
3.3328000e-02 +4.5000000e-01 +1.3408444e+01 +3.9595889e-02 +1.0199967e-01 +5.5695556e+00 +7.8704074e-01 +1.8489012e+00 -6.6364691e-01 +7.0330370e-02 +7.4229012e-03 +7.1263884e+04
3.4399000e-02 +4.5000000e-01 +1.3508556e+01 +4.1576000e-02 +1.0234122e-01 +5.4715679e+00 +8.0873580e-01 +1.8609753e+00 -6.6646667e-01 +7.0513704e-02 +7.1845185e-03 +6.9191353e+04
3.5489000e-02 +4.5000000e-01 +1.3605333e+01 +4.3598000e-02 +1.0259256e-01 +5.3760494e+00 +8.2965926e-01 +1.8720123e+00 -6.6897037e-01 +7.0787901e-02 +6.9055679e-03 +6.7168682e+04
3.6597000e-02 +4.5000000e-01 +1.3699222e+01 +4.5656111e-02 +1.0275511e-01 +5.2829630e+00 +8.4977654e-01 +1.8819136e+00 -6.7116543e-01 +7.1156914e-02 +6.5828148e-03 +6.5203961e+04
3.7724000e-02 +4.5000000e-01 +1.3790333e+01 +4.7743556e-02 +1.0282944e-01 +5.1922469e+00 +8.6906543e-01 +1.8906296e+00 -6.7304691e-01 +7.1619383e-02 +6.2146049e-03 +6.3302482e+04
3.8870000e-02 +4.5000000e-01 +1.3879000e+01 +4.9852889e-02 +1.0281400e-01 +5.1039012e+00 +8.8750617e-01 +1.8981235e+00 -6.7461481e-01 +7.2168395e-02 +5.8001728e-03 +6.1464463e+04
4.0036000e-02 +4.5000000e-01 +1.3965222e+01 +5.1977111e-02 +1.0270544e-01 +5.0179506e+00 +9.0509012e-01 +1.9044568e+00 -6.7588148e-01 +7.2788025e-02 +5.3378148e-03 +5.9687284e+04
4.1221000e-02 +4.5000000e-01 +1.4049333e+01 +5.4110778e-02 +1.0249944e-01 +4.9344815e+00 +9.2181852e-01 +1.9096790e+00 -6.7686420e-01 +7.3450494e-02 +4.8245679e-03 +5.7967434e+04
4.2426000e-02 +4.5000000e-01 +1.4131333e+01 +5.6249333e-02 +1.0219444e-01 +4.8535679e+00 +9.3769877e-01 +1.9139136e+00 -6.7759012e-01 +7.4119506e-02 +4.2580741e-03 +5.6301063e+04
4.3652000e-02 +4.5000000e-01 +1.4211444e+01 +5.8389444e-02 +1.0179422e-01 +4.7753086e+00 +9.5274691e-01 +1.9172963e+00 -6.7808642e-01 +7.4763827e-02 +3.6391728e-03 +5.4686053e+04
4.4899000e-02 +4.5000000e-01 +1.4289778e+01 +6.0528444e-02 +1.0130789e-01 +4.6997654e+00 +9.6698765e-01 +1.9199136e+00 -6.7837778e-01 +7.5372963e-02 +2.9739506e-03 +5.3122140e+04
4.6166000e-02 +4.5000000e-01 +1.4366556e+01 +6.2664778e-02 +1.0074744e-01 +4.6269383e+00 +9.8044321e-01 +1.9218395e+00 -6.7848889e-01 +7.5962099e-02 +2.2742716e-03 +5.1609287e+04
4.7454000e-02 +4.5000000e-01 +1.4441667e+01 +6.4797111e-02 +1.0012456e-01 +4.5568642e+00 +9.9314198e-01 +1.9231605e+00 -6.7844444e-01 +7.6565309e-02 +1.5563086e-03 +5.0144495e+04
4.8764000e-02 +4.5000000e-01 +1.4515444e+01 +6.6924556e-02 +9.9445444e-02 +4.4895679e+00 +1.0051074e+00 +1.9239012e+00 -6.7825926e-01 +7.7223086e-02 +8.3831975e-04 +4.8721809e+04
5.0095000e-02 +4.5000000e-01 +1.4587889e+01 +6.9046111e-02 +9.8708222e-02 +4.4251111e+00 +1.0163593e+00 +1.9241111e+00 -6.7793580e-01 +7.7965679e-02 +1.3953580e-04 +4.7335776e+04
5.1449000e-02 +4.5000000e-01 +1.4659000e+01 +7.1160778e-02 +9.7904667e-02 +4.3635185e+00 +1.0269111e+00 +1.9237531e+00 -6.7746049e-01 +7.8799630e-02 -5.1971111e-04 +4.5984458e+04
5.2825000e-02 +4.5000000e-01 +1.4728889e+01 +7.3267556e-02 +9.7023667e-02 +4.3047407e+00 +1.0367728e+00 +1.9227901e+00 -6.7682222e-01 +7.9708025e-02 -1.1194173e-03 +4.4670481e+04
5.4223000e-02 +4.5000000e-01 +1.4797778e+01 +7.5366778e-02 +9.6055667e-02 +4.2485802e+00 +1.0459506e+00 +1.9211852e+00 -6.7602346e-01 +8.0659136e-02 -1.6439012e-03 +4.3400428e+04
5.5645000e-02 +4.5000000e-01 +1.4865556e+01 +7.7459444e-02 +9.4994889e-02 +4.1947407e+00 +1.0544519e+00 +1.9188765e+00 -6.7507901e-01 +8.1617654e-02 -2.0860988e-03 +4.2182131e+04
5.7090000e-02 +4.5000000e-01 +1.4932444e+01 +7.9547111e-02 +9.3838556e-02 +4.1430123e+00 +1.0622827e+00 +1.9158642e+00 -6.7400494e-01 +8.2551852e-02 -2.4478765e-03 +4.1019541e+04
5.8558000e-02 +4.5000000e-01 +1.4998667e+01 +8.1630222e-02 +9.2585778e-02 +4.0932469e+00 +1.0694494e+00 +1.9121481e+00 -6.7280494e-01 +8.3429383e-02 -2.7365309e-03 +3.9908162e+04
6.0050000e-02 +4.5000000e-01 +1.5064000e+01 +8.3707556e-02 +9.1238667e-02 +4.0454074e+00 +1.0759617e+00 +1.9077407e+00 -6.7147654e-01 +8.4210864e-02 -2.9607160e-03 +3.8839463e+04
6.1566000e-02 +4.5000000e-01 +1.5128778e+01 +8.5775111e-02 +8.9801222e-02 +3.9994568e+00 +1.0818309e+00 +1.9026049e+00 -6.7000864e-01 +8.4852716e-02 -3.1270494e-03 +3.7809054e+04
6.3107000e-02 +4.5000000e-01 +1.5192889e+01 +8.7826000e-02 +8.8275222e-02 +3.9553704e+00 +1.0870716e+00 +1.8967901e+00 -6.6839259e-01 +8.5324815e-02 -3.2410123e-03 +3.6812330e+04
6.4672000e-02 +4.5000000e-01 +1.5256556e+01 +8.9852222e-02 +8.6655222e-02 +3.9131111e+00 +1.0917111e+00 +1.8903457e+00 -6.6662963e-01 +8.5618642e-02 -3.3103951e-03 +3.5839514e+04
6.6263000e-02 +4.5000000e-01 +1.5319556e+01 +9.1846667e-02 +8.4926778e-02 +3.8726173e+00 +1.0957765e+00 +1.8833457e+00 -6.6472099e-01 +8.5738765e-02 -3.3439136e-03 +3.4885067e+04
6.7879000e-02 +4.5000000e-01 +1.5382222e+01 +9.3805222e-02 +8.3073000e-02 +3.8336914e+00 +1.0992951e+00 +1.8757654e+00 -6.6266296e-01 +8.5698519e-02 -3.3457654e-03 +3.3955063e+04
6.9520000e-02 +4.5000000e-01 +1.5444333e+01 +9.5727111e-02 +8.1080111e-02 +3.7961111e+00 +1.1022975e+00 +1.8674938e+00 -6.6045432e-01 +8.5521358e-02 -3.3124074e-03 +3.3057818e+04
7.1188000e-02 +4.5000000e-01 +1.5506111e+01 +9.7611889e-02 +7.8940444e-02 +3.7596543e+00 +1.1048086e+00 +1.8584938e+00 -6.5810617e-01 +8.5225679e-02 -3.2296914e-03 +3.2195026e+04
7.2882000e-02 +4.5000000e-01 +1.5567444e+01 +9.9457667e-02 +7.6655667e-02 +3.7241235e+00 +1.1068593e+00 +1.8487654e+00 -6.5562963e-01 +8.4801728e-02 -3.0690864e-03 +3.1364204e+04
7.4602000e-02 +4.5000000e-01 +1.5628556e+01 +1.0125911e-01 +7.4239111e-02 +3.6894074e+00 +1.1084852e+00 +1.8384321e+00 -6.5303580e-01 +8.4213827e-02 -2.7912469e-03 +3.0561622e+04
7.6350000e-02 +4.5000000e-01 +1.5689333e+01 +1.0300922e-01 +7.1712778e-02 +3.6554568e+00 +1.1097247e+00 +1.8276543e+00 -6.5033704e-01 +8.3432346e-02 -2.3601358e-03 +2.9785351e+04
7.8124000e-02 +4.5000000e-01 +1.5750000e+01 +1.0470033e-01 +6.9102556e-02 +3.6222222e+00 +1.1106148e+00 +1.8166296e+00 -6.4755432e-01 +8.2468025e-02 -1.7566914e-03 +2.9035286e+04
7.9926000e-02 +4.5000000e-01 +1.5810444e+01 +1.0632367e-01 +6.6430000e-02 +3.5897407e+00 +1.1111815e+00 +1.8055185e+00 -6.4471728e-01 +8.1389630e-02 -9.8143333e-04 +2.8311062e+04
8.1756000e-02 +4.5000000e-01 +1.5870667e+01 +1.0786867e-01 +6.3703111e-02 +3.5580864e+00 +1.1114420e+00 +1.7944938e+00 -6.4185679e-01 +8.0295556e-02 -4.8673580e-05 +2.7609172e+04
8.3615000e-02 +4.5000000e-01 +1.5930889e+01 +1.0932244e-01 +6.0915889e-02 +3.5274691e+00 +1.1113901e+00 +1.7836667e+00 -6.3901358e-01 +7.9248148e-02 +1.0182012e-03 +2.6924824e+04
8.5501000e-02 +4.5000000e-01 +1.5990889e+01 +1.1067300e-01 +5.8058444e-02 +3.4981852e+00 +1.1110049e+00 +1.7730864e+00 -6.3622593e-01 +7.8230247e-02 +2.1875926e-03 +2.6254284e+04
8.7416000e-02 +4.5000000e-01 +1.6050778e+01 +1.1191222e-01 +5.5126889e-02 +3.4704074e+00 +1.1102543e+00 +1.7627037e+00 -6.3351111e-01 +7.7166543e-02 +3.4232840e-03 +2.5596542e+04
8.9361000e-02 +4.5000000e-01 +1.6110556e+01 +1.1303667e-01 +5.2127333e-02 +3.4441358e+00 +1.1091173e+00 +1.7523827e+00 -6.3086296e-01 +7.5982469e-02 +4.6957778e-03 +2.4951987e+04
9.1335000e-02 +4.5000000e-01 +1.6170222e+01 +1.1405000e-01 +4.9075222e-02 +3.4191605e+00 +1.1075926e+00 +1.7419383e+00 -6.2825679e-01 +7.4657778e-02 +5.9912593e-03 +2.4324097e+04
9.3338000e-02 +4.5000000e-01 +1.6229667e+01 +1.1496111e-01 +4.5992556e-02 +3.3951481e+00 +1.1057111e+00 +1.7312346e+00 -6.2564938e-01 +7.3232222e-02 +7.3040370e-03 +2.3716793e+04
9.5371000e-02 +4.5000000e-01 +1.6289000e+01 +1.1577778e-01 +4.2901778e-02 +3.3717284e+00 +1.1035272e+00 +1.7202222e+00 -6.2299136e-01 +7.1766420e-02 +8.6197037e-03 +2.3129014e+04
9.7435000e-02 +4.5000000e-01 +1.6348333e+01 +1.1651000e-01 +3.9821000e-02 +3.3486420e+00 +1.1011012e+00 +1.7089506e+00 -6.2023827e-01 +7.0305802e-02 +9.9061111e-03 +2.2555729e+04
9.9529000e-02 +4.5000000e-01 +1.6407556e+01 +1.1716222e-01 +3.6760889e-02 +3.3257654e+00 +1.0985025e+00 +1.6974815e+00 -6.1737654e-01 +6.8869012e-02 +1.1118988e-02 +2.1995256e+04
1.0165400e-01 +4.5000000e-01 +1.6466778e+01 +1.1774222e-01 +3.3723556e-02 +3.3029877e+00 +1.0957938e+00 +1.6858395e+00 -6.1441975e-01 +6.7442716e-02 +1.2219889e-02 +2.1450720e+04
1.0381000e-01 +4.5000000e-01 +1.6526000e+01 +1.1826333e-01 +3.0704667e-02 +3.2802099e+00 +1.0930235e+00 +1.6740370e+00 -6.1140370e-01 +6.5996049e-02 +1.3191111e-02 +2.0925561e+04
1.0599800e-01 +4.5000000e-01 +1.6585333e+01 +1.1874333e-01 +2.7699889e-02 +3.2574074e+00 +1.0902074e+00 +1.6621235e+00 -6.0836543e-01 +6.4531111e-02 +1.4029259e-02 +2.0421283e+04
1.0821700e-01 +4.5000000e-01 +1.6644778e+01 +1.1919778e-01 +2.4707444e-02 +3.2346790e+00 +1.0873210e+00 +1.6501605e+00 -6.0533210e-01 +6.3099136e-02 +1.4726790e-02 +1.9936075e+04
1.1046800e-01 +4.5000000e-01 +1.6704222e+01 +1.1963000e-01 +2.1730111e-02 +3.2122346e+00 +1.0843160e+00 +1.6382716e+00 -6.0229753e-01 +6.1750864e-02 +1.5271728e-02 +1.9464970e+04
1.1275100e-01 +4.5000000e-01 +1.6763778e+01 +1.2003889e-01 +1.8781222e-02 +3.1903704e+00 +1.0811370e+00 +1.6265432e+00 -5.9921852e-01 +6.0492099e-02 +1.5664568e-02 +1.9004247e+04
1.1506700e-01 +4.5000000e-01 +1.6823333e+01 +1.2041444e-01 +1.5887222e-02 +3.1692099e+00 +1.0777383e+00 +1.6149630e+00 -5.9604321e-01 +5.9292593e-02 +1.5925556e-02 +1.8555463e+04
1.1741600e-01 +4.5000000e-01 +1.6883000e+01 +1.2074444e-01 +1.3080333e-02 +3.1487407e+00 +1.0740951e+00 +1.6034321e+00 -5.9273333e-01 +5.8132593e-02 +1.6070000e-02 +1.8120915e+04
1.1979700e-01 +4.5000000e-01 +1.6942667e+01 +1.2101444e-01 +1.0378967e-02 +3.1287160e+00 +1.0702049e+00 +1.5919383e+00 -5.8926914e-01 +5.7028025e-02 +1.6090741e-02 +1.7699258e+04
1.2221200e-01 +4.5000000e-01 +1.7002333e+01 +1.2120778e-01 +7.7788556e-03 +3.1088889e+00 +1.0660827e+00 +1.5804568e+00 -5.8564691e-01 +5.5995556e-02 +1.5983210e-02 +1.7289478e+04
1.2466000e-01 +4.5000000e-01 +1.7062111e+01 +1.2131000e-01 +5.2668222e-03 +3.0891111e+00 +1.0617580e+00 +1.5690000e+00 -5.8188642e-01 +5.5033951e-02 +1.5768519e-02 +1.6888923e+04
1.2714300e-01 +4.5000000e-01 +1.7122000e+01 +1.2131333e-01 +2.8465000e-03 +3.0694568e+00 +1.0572593e+00 +1.5576049e+00 -5.7802469e-01 +5.4162963e-02 +1.5478025e-02 +1.6494802e+04
1.2965900e-01 +4.5000000e-01 +1.7181889e+01 +1.2121000e-01 +5.4559556e-04 +3.0500988e+00 +1.0525889e+00 +1.5463704e+00 -5.7408272e-01 +5.3461605e-02 +1.5122840e-02 +1.6106949e+04
1.3220900e-01 +4.5000000e-01 +1.7241889e+01 +1.2100111e-01 -1.6112556e-03 +3.0311852e+00 +1.0477296e+00 +1.5353827e+00 -5.7005802e-01 +5.3032840e-02 +1.4680123e-02 +1.5724308e+04
1.3479400e-01 +4.5000000e-01 +1.7301889e+01 +1.2069556e-01 -3.6269889e-03 +3.0126667e+00 +1.0426519e+00 +1.5246667e+00 -5.6593827e-01 +5.2906543e-02 +1.4094074e-02 +1.5347218e+04
1.3741400e-01 +4.5000000e-01 +1.7361889e+01 +1.2031000e-01 -5.5283889e-03 +2.9941605e+00 +1.0373383e+00 +1.5140123e+00 -5.6171358e-01 +5.3067284e-02 +1.3308272e-02 +1.4980812e+04
1.4006800e-01 +4.5000000e-01 +1.7422000e+01 +1.1987000e-01 -7.3616667e-03 +2.9751852e+00 +1.0317975e+00 +1.5030988e+00 -5.5739136e-01 +5.3533827e-02 +1.2319741e-02 +1.4632827e+04
1.4275700e-01 +4.5000000e-01 +1.7482111e+01 +1.1940222e-01 -9.1840556e-03 +2.9553457e+00 +1.0260642e+00 +1.4918148e+00 -5.5300494e-01 +5.4311235e-02 +1.1183568e-02 +1.4305243e+04
1.4548200e-01 +4.5000000e-01 +1.7542333e+01 +1.1891667e-01 -1.1020511e-02 +2.9345556e+00 +1.0201951e+00 +1.4803086e+00 -5.4860741e-01 +5.5341605e-02 +9.9667901e-03 +1.3991067e+04
1.4824300e-01 +4.5000000e-01 +1.7602667e+01 +1.1840889e-01 -1.2839778e-02 +2.9129383e+00 +1.0142556e+00 +1.4687778e+00 -5.4424568e-01 +5.6548148e-02 +8.7039259e-03 +1.3680521e+04
1.5103800e-01 +4.5000000e-01 +1.7663111e+01 +1.1786222e-01 -1.4601556e-02 +2.8907037e+00 +1.0083012e+00 +1.4571605e+00 -5.3992222e-01 +5.7901975e-02 +7.3900123e-03 +1.3371734e+04
1.5387000e-01 +4.5000000e-01 +1.7723667e+01 +1.1726000e-01 -1.6317778e-02 +2.8680617e+00 +1.0023568e+00 +1.4452469e+00 -5.3559383e-01 +5.9338519e-02 +6.0440247e-03 +1.3068344e+04
1.5673800e-01 +4.5000000e-01 +1.7784444e+01 +1.1659000e-01 -1.8029222e-02 +2.8452099e+00 +9.9640000e-01 +1.4328519e+00 -5.3119012e-01 +6.0706667e-02 +4.7530247e-03 +1.2771112e+04
1.5964200e-01 +4.5000000e-01 +1.7845333e+01 +1.1584222e-01 -1.9755000e-02 +2.8223457e+00 +9.9037160e-01 +1.4200000e+00 -5.2665432e-01 +6.1865432e-02 +3.6134815e-03 +1.2480253e+04
1.6258200e-01 +4.5000000e-01 +1.7906556e+01 +1.1499889e-01 -2.1495667e-02 +2.7995556e+00 +9.8420370e-01 +1.4067654e+00 -5.2196914e-01 +6.2747901e-02 +2.6725556e-03 +1.2197627e+04
1.6555900e-01 +4.5000000e-01 +1.7968000e+01 +1.1404333e-01 -2.3246333e-02 +2.7768765e+00 +9.7785062e-01 +1.3931358e+00 -5.1711111e-01 +6.3351358e-02 +1.9375679e-03 +1.1924846e+04
1.6857200e-01 +4.5000000e-01 +1.8029667e+01 +1.1295000e-01 -2.4986667e-02 +2.7543827e+00 +9.7129753e-01 +1.3790864e+00 -5.1204198e-01 +6.3674321e-02 +1.3946420e-03 +1.1660500e+04
1.7162200e-01 +4.5000000e-01 +1.8091556e+01 +1.1170222e-01 -2.6671889e-02 +2.7322346e+00 +9.6455802e-01 +1.3644815e+00 -5.0670617e-01 +6.3669506e-02 +9.9116543e-04 +1.1403200e+04
1.7470800e-01 +4.5000000e-01 +1.8153556e+01 +1.1028422e-01 -2.8259889e-02 +2.7104074e+00 +9.5765679e-01 +1.3491481e+00 -5.0106173e-01 +6.3239630e-02 +6.1588642e-04 +1.1154202e+04
1.7783200e-01 +4.5000000e-01 +1.8215778e+01 +1.0868856e-01 -2.9756111e-02 +2.6888272e+00 +9.5062099e-01 +1.3330988e+00 -4.9510247e-01 +6.2240864e-02 +1.4800370e-04 +1.0915279e+04
1.8099200e-01 +4.5000000e-01 +1.8278222e+01 +1.0692022e-01 -3.1206111e-02 +2.6676420e+00 +9.4347531e-01 +1.3166420e+00 -4.8885926e-01 +6.0654321e-02 -4.7755185e-04 +1.0685875e+04
1.8419000e-01 +4.5000000e-01 +1.8340778e+01 +1.0498822e-01 -3.2664000e-02 +2.6471358e+00 +9.3626049e-01 +1.3000370e+00 -4.8243333e-01 +5.8696790e-02 -1.2511235e-03 +1.0463195e+04
1.8742400e-01 +4.5000000e-01 +1.8403667e+01 +1.0290233e-01 -3.4154444e-02 +2.6274444e+00 +9.2902593e-01 +1.2834691e+00 -4.7594691e-01 +5.6668395e-02 -2.0921975e-03 +1.0244992e+04
1.9069600e-01 +4.5000000e-01 +1.8466667e+01 +1.0067611e-01 -3.5628778e-02 +2.6081852e+00 +9.2180741e-01 +1.2670494e+00 -4.6944938e-01 +5.4820123e-02 -2.9304815e-03 +1.0031310e+04
1.9400400e-01 +4.5000000e-01 +1.8529889e+01 +9.8334889e-02 -3.7001778e-02 +2.5887284e+00 +9.1460370e-01 +1.2508519e+00 -4.6293210e-01 +5.3305432e-02 -3.7720864e-03 +9.8221220e+03
1.9735000e-01 +4.5000000e-01 +1.8593333e+01 +9.5922333e-02 -3.8241778e-02 +2.5687901e+00 +9.0739136e-01 +1.2347901e+00 -4.5643827e-01 +5.2058272e-02 -4.6576049e-03 +9.6118998e+03
2.0073300e-01 +4.5000000e-01 +1.8657000e+01 +9.3501444e-02 -3.9399000e-02 +2.5484074e+00 +9.0015802e-01 +1.2187593e+00 -4.5003827e-01 +5.0786667e-02 -5.6189753e-03 +9.3984415e+03
2.0415300e-01 +4.5000000e-01 +1.8720778e+01 +9.1142556e-02 -4.0521222e-02 +2.5277037e+00 +8.9289012e-01 +1.2027481e+00 -4.4376049e-01 +4.9207654e-02 -6.6853086e-03 +9.1864545e+03
2.0761100e-01 +4.5000000e-01 +1.8784444e+01 +8.8889778e-02 -4.1588000e-02 +2.5070123e+00 +8.8556173e-01 +1.1868247e+00 -4.3759259e-01 +4.7189259e-02 -7.8464568e-03 +8.9782629e+03
2.1110500e-01 +4.5000000e-01 +1.8848111e+01 +8.6733000e-02 -4.2518111e-02 +2.4865309e+00 +8.7814568e-01 +1.1711012e+00 -4.3151235e-01 +4.4717778e-02 -9.0362593e-03 +8.7744646e+03
2.1463600e-01 +4.5000000e-01 +1.8911556e+01 +8.4610667e-02 -4.3207556e-02 +2.4660617e+00 +8.7064568e-01 +1.1557975e+00 -4.2547037e-01 +4.1900247e-02 -1.0161753e-02 +8.5757377e+03
2.1820500e-01 +4.5000000e-01 +1.8974889e+01 +8.2447111e-02 -4.3610000e-02 +2.4451852e+00 +8.6308889e-01 +1.1410012e+00 -4.1937037e-01 +3.8958395e-02 -1.1138802e-02 +8.3809113e+03
2.2181000e-01 +4.5000000e-01 +1.9038111e+01 +8.0198111e-02 -4.3768222e-02 +2.4236049e+00 +8.5548765e-01 +1.1265420e+00 -4.1315309e-01 +3.6092963e-02 -1.1931617e-02 +8.1883323e+03
2.2545200e-01 +4.5000000e-01 +1.9101111e+01 +7.7870667e-02 -4.3739556e-02 +2.4011605e+00 +8.4785432e-01 +1.1123123e+00 -4.0685062e-01 +3.3356914e-02 -1.2590988e-02 +7.9981341e+03
2.2913100e-01 +4.5000000e-01 +1.9164000e+01 +7.5498556e-02 -4.3567778e-02 +2.3777778e+00 +8.4020617e-01 +1.0984074e+00 -4.0050123e-01 +3.0712840e-02 -1.3242346e-02 +7.8144832e+03
2.3284600e-01 +4.5000000e-01 +1.9226778e+01 +7.3096556e-02 -4.3304111e-02 +2.3535062e+00 +8.3254321e-01 +1.0848901e+00 -3.9405185e-01 +2.8103827e-02 -1.3980247e-02 +7.6428313e+03
2.3659700e-01 +4.5000000e-01 +1.9289444e+01 +7.0633444e-02 -4.2991111e-02 +2.3286049e+00 +8.2483827e-01 +1.0718247e+00 -3.8739630e-01 +2.5559259e-02 -1.4817654e-02 +7.4805461e+03
2.4038500e-01 +4.5000000e-01 +1.9352222e+01 +6.8058444e-02 -4.2662000e-02 +2.3030988e+00 +8.1704321e-01 +1.0591000e+00 -3.8044691e-01 +2.3233704e-02 -1.5707778e-02 +7.3232052e+03
2.4420900e-01 +4.5000000e-01 +1.9415000e+01 +6.5350000e-02 -4.2339889e-02 +2.2768395e+00 +8.0908765e-01 +1.0462235e+00 -3.7318395e-01 +2.1266049e-02 -1.6557407e-02 +7.1723533e+03
2.4806900e-01 +4.5000000e-01 +1.9477778e+01 +6.2532222e-02 -4.2028778e-02 +2.2499630e+00 +8.0091358e-01 +1.0326951e+00 -3.6565432e-01 +1.9676049e-02 -1.7312716e-02 +7.0264970e+03
2.5196400e-01 +4.5000000e-01 +1.9540556e+01 +5.9653333e-02 -4.1736333e-02 +2.2228519e+00 +7.9250000e-01 +1.0183790e+00 -3.5791852e-01 +1.8326173e-02 -1.8031111e-02 +6.8823444e+03
2.5589500e-01 +4.5000000e-01 +1.9603222e+01 +5.6747667e-02 -4.1480556e-02 +2.1958148e+00 +7.8386667e-01 +1.0034321e+00 -3.5000617e-01 +1.7007407e-02 -1.8824321e-02 +6.7400913e+03
2.5986100e-01 +4.5000000e-01 +1.9665778e+01 +5.3827667e-02 -4.1294000e-02 +2.1688642e+00 +7.7507901e-01 +9.8809630e-01 -3.4196296e-01 +1.5557037e-02 -1.9751111e-02 +6.6013114e+03
2.6386200e-01 +4.5000000e-01 +1.9728000e+01 +5.0899667e-02 -4.1218000e-02 +2.1417284e+00 +7.6625309e-01 +9.7265679e-01 -3.3386420e-01 +1.3945926e-02 -2.0767901e-02 +6.4672220e+03
2.6789700e-01 +4.5000000e-01 +1.9789889e+01 +4.7958000e-02 -4.1261444e-02 +2.1141481e+00 +7.5749012e-01 +9.5737037e-01 -3.2579383e-01 +1.2286296e-02 -2.1755802e-02 +6.3378665e+03
2.7196700e-01 +4.5000000e-01 +1.9851444e+01 +4.4979222e-02 -4.1351444e-02 +2.0862222e+00 +7.4883580e-01 +9.4240864e-01 -3.1782840e-01 +1.0682667e-02 -2.2601852e-02 +6.2102921e+03
2.7607100e-01 +4.5000000e-01 +1.9912556e+01 +4.1941222e-02 -4.1386444e-02 +2.0582840e+00 +7.4031235e-01 +9.2779877e-01 -3.1000741e-01 +9.2431975e-03 -2.3321358e-02 +6.0790543e+03
2.8020900e-01 +4.5000000e-01 +1.9973222e+01 +3.8828556e-02 -4.1325556e-02 +2.0306420e+00 +7.3194815e-01 +9.1334938e-01 -3.0229506e-01 +7.9772840e-03 -2.4034815e-02 +5.9414938e+03
2.8438000e-01 +4.5000000e-01 +2.0033111e+01 +3.5625556e-02 -4.1196778e-02 +2.0034815e+00 +7.2376914e-01 +8.9884321e-01 -2.9459383e-01 +6.8218148e-03 -2.4824815e-02 +5.8006232e+03
2.8858300e-01 +4.5000000e-01 +2.0092444e+01 +3.2330667e-02 -4.1000889e-02 +1.9766296e+00 +7.1578025e-01 +8.8423086e-01 -2.8685679e-01 +5.7906296e-03 -2.5697778e-02 +5.6616866e+03
2.9282000e-01 +4.5000000e-01 +2.0151000e+01 +2.8963667e-02 -4.0649778e-02 +1.9496049e+00 +7.0798025e-01 +8.6948765e-01 -2.7906543e-01 +4.8687778e-03 -2.6587901e-02 +5.5294760e+03
2.9708800e-01 +4.5000000e-01 +2.0208889e+01 +2.5553889e-02 -4.0052111e-02 +1.9220864e+00 +7.0035432e-01 +8.5455432e-01 -2.7117160e-01 +3.9024568e-03 -2.7423580e-02 +5.4050233e+03
3.0138800e-01 +4.5000000e-01 +2.0266222e+01 +2.2124222e-02 -3.9220889e-02 +1.8940741e+00 +6.9285679e-01 +8.3932346e-01 -2.6311975e-01 +2.7644568e-03 -2.8217901e-02 +5.2853409e+03
3.0572000e-01 +4.5000000e-01 +2.0322667e+01 +1.8688333e-02 -3.8257222e-02 +1.8655802e+00 +6.8542346e-01 +8.2361852e-01 -2.5484691e-01 +1.5240864e-03 -2.8991358e-02 +5.1709455e+03
3.1008200e-01 +4.5000000e-01 +2.0378444e+01 +1.5254667e-02 -3.7241111e-02 +1.8365926e+00 +6.7802593e-01 +8.0735926e-01 -2.4628519e-01 +3.7491111e-04 -2.9701111e-02 +5.0643772e+03
3.1447500e-01 +4.5000000e-01 +2.0433222e+01 +1.1833111e-02 -3.6190000e-02 +1.8071481e+00 +6.7068519e-01 +7.9072346e-01 -2.3738765e-01 -5.3970123e-04 -3.0265062e-02 +4.9664563e+03
3.1889700e-01 +4.5000000e-01 +2.0487333e+01 +8.4498444e-03 -3.5085778e-02 +1.7774198e+00 +6.6347037e-01 +7.7416790e-01 -2.2822593e-01 -1.2570864e-03 -3.0622963e-02 +4.8723176e+03
3.2334900e-01 +4.5000000e-01 +2.0540444e+01 +5.1560111e-03 -3.3947222e-02 +1.7476173e+00 +6.5645926e-01 +7.5825062e-01 -2.1895556e-01 -2.0105185e-03 -3.0786667e-02 +4.7765303e+03
3.2783000e-01 +4.5000000e-01 +2.0592889e+01 +2.0215556e-03 -3.2838556e-02 +1.7179506e+00 +6.4969012e-01 +7.4320864e-01 -2.0972099e-01 -3.0100864e-03 -3.0844198e-02 +4.6795149e+03
3.3233800e-01 +4.5000000e-01 +2.0644444e+01 -8.9216444e-04 -3.1798556e-02 +1.6886667e+00 +6.4312099e-01 +7.2896420e-01 -2.0062346e-01 -4.2735926e-03 -3.0896543e-02 +4.5816372e+03
3.3687500e-01 +4.5000000e-01 +2.0695000e+01 -3.5529667e-03 -3.0805222e-02 +1.6601358e+00 +6.3662469e-01 +7.1547531e-01 -1.9174198e-01 -5.6154568e-03 -3.0999136e-02 +4.4824652e+03
3.4143800e-01 +4.5000000e-01 +2.0744444e+01 -5.9624000e-03 -2.9798778e-02 +1.6326420e+00 +6.3006049e-01 +7.0264074e-01 -1.8312222e-01 -6.8161728e-03 -3.1142963e-02 +4.3846540e+03
3.4602800e-01 +4.5000000e-01 +2.0792556e+01 -8.1460667e-03 -2.8701556e-02 +1.6062593e+00 +6.2336173e-01 +6.9019383e-01 -1.7477778e-01 -7.8140370e-03 -3.1263086e-02 +4.2917057e+03
3.5064400e-01 +4.5000000e-01 +2.0839333e+01 -1.0128778e-02 -2.7408556e-02 +1.5812840e+00 +6.1656790e-01 +6.7801852e-01 -1.6674198e-01 -8.6992469e-03 -3.1306790e-02 +4.2013095e+03
3.5528600e-01 +4.5000000e-01 +2.0884778e+01 -1.1917111e-02 -2.5863667e-02 +1.5578519e+00 +6.0977654e-01 +6.6622716e-01 -1.5904938e-01 -9.5635802e-03 -3.1299630e-02 +4.1095956e+03
3.5995100e-01 +4.5000000e-01 +2.0928778e+01 -1.3503444e-02 -2.4171333e-02 +1.5356667e+00 +6.0307407e-01 +6.5478642e-01 -1.5168765e-01 -1.0437259e-02 -3.1297407e-02 +4.0192184e+03
3.6464100e-01 +4.5000000e-01 +2.0971333e+01 -1.4880222e-02 -2.2526222e-02 +1.5145062e+00 +5.9650864e-01 +6.4347654e-01 -1.4463827e-01 -1.1362259e-02 -3.1289877e-02 +3.9346582e+03
3.6935400e-01 +4.5000000e-01 +2.1012556e+01 -1.6038111e-02 -2.1043667e-02 +1.4943827e+00 +5.9012716e-01 +6.3220741e-01 -1.3790741e-01 -1.2386790e-02 -3.1227037e-02 +3.8546216e+03
3.7408900e-01 +4.5000000e-01 +2.1052333e+01 -1.6974556e-02 -1.9703000e-02 +1.4751852e+00 +5.8400000e-01 +6.2115185e-01 -1.3147901e-01 -1.3509259e-02 -3.1096914e-02 +3.7756262e+03
3.7884600e-01 +4.5000000e-01 +2.1090444e+01 -1.7704778e-02 -1.8394111e-02 +1.4563704e+00 +5.7820000e-01 +6.1051481e-01 -1.2529012e-01 -1.4665309e-02 -3.0888272e-02 +3.6988687e+03
3.8362400e-01 +4.5000000e-01 +2.1127111e+01 -1.8251889e-02 -1.7020889e-02 +1.4377531e+00 +5.7278642e-01 +6.0039136e-01 -1.1929840e-01 -1.5784938e-02 -3.0572099e-02 +3.6260322e+03
3.8842300e-01 +4.5000000e-01 +2.1162111e+01 -1.8630778e-02 -1.5584222e-02 +1.4194815e+00 +5.6779136e-01 +5.9085802e-01 -1.1351012e-01 -1.6825802e-02 -3.0103210e-02 +3.5566055e+03
3.9324100e-01 +4.5000000e-01 +2.1195667e+01 -1.8847556e-02 -1.4148444e-02 +1.4016790e+00 +5.6321235e-01 +5.8206543e-01 -1.0792877e-01 -1.7844444e-02 -2.9440617e-02 +3.4900211e+03
3.9807800e-01 +4.5000000e-01 +2.1227667e+01 -1.8906000e-02 -1.2693444e-02 +1.3845062e+00 +5.5901358e-01 +5.7419259e-01 -1.0256506e-01 -1.9068889e-02 -2.8554815e-02 +3.4258445e+03
4.0293300e-01 +4.5000000e-01 +2.1258000e+01 -1.8817222e-02 -1.1091456e-02 +1.3681481e+00 +5.5513210e-01 +5.6721852e-01 -9.7425556e-02 -2.0687778e-02 -2.7450617e-02 +3.3644213e+03
4.0780500e-01 +4.5000000e-01 +2.1286667e+01 -1.8598000e-02 -9.2494778e-03 +1.3528272e+00 +5.5150247e-01 +5.6093457e-01 -9.2492963e-02 -2.2680247e-02 -2.6185062e-02 +3.3070276e+03
4.1269400e-01 +4.5000000e-01 +2.1313667e+01 -1.8262778e-02 -7.1903111e-03 +1.3386914e+00 +5.4809383e-01 +5.5512963e-01 -8.7722963e-02 -2.4889383e-02 -2.4844321e-02 +3.2532643e+03
4.1759800e-01 +4.5000000e-01 +2.1338889e+01 -1.7804667e-02 -5.0395889e-03 +1.3257531e+00 +5.4491481e-01 +5.4962222e-01 -8.3079506e-02 -2.7072716e-02 -2.3530988e-02 +3.2044089e+03
4.2251700e-01 +4.5000000e-01 +2.1362556e+01 -1.7216333e-02 -2.9463556e-03 +1.3138889e+00 +5.4198148e-01 +5.4440617e-01 -7.8561728e-02 -2.9025432e-02 -2.2316173e-02 +3.1614796e+03
4.2745000e-01 +4.5000000e-01 +2.1384556e+01 -1.6509889e-02 -1.0212278e-03 +1.3028889e+00 +5.3927654e-01 +5.3963086e-01 -7.4160988e-02 -3.0657160e-02 -2.1232469e-02 +3.1233600e+03
4.3239600e-01 +4.5000000e-01 +2.1405111e+01 -1.5687778e-02 +6.4878000e-04 +1.2926914e+00 +5.3676914e-01 +5.3539259e-01 -6.9842469e-02 -3.1972222e-02 -2.0259877e-02 +3.0885517e+03
4.3735400e-01 +4.5000000e-01 +2.1424111e+01 -1.4738333e-02 +2.0131000e-03 +1.2832963e+00 +5.3444938e-01 +5.3165185e-01 -6.5554568e-02 -3.3049136e-02 -1.9295926e-02 +3.0562587e+03
4.4232400e-01 +4.5000000e-01 +2.1441667e+01 -1.3672000e-02 +3.0794222e-03 +1.2747037e+00 +5.3232469e-01 +5.2827037e-01 -6.1260741e-02 -3.3996420e-02 -1.8252716e-02 +3.0255600e+03
4.4730400e-01 +4.5000000e-01 +2.1457667e+01 -1.2527889e-02 +3.8308667e-03 +1.2666049e+00 +5.3040864e-01 +5.2510123e-01 -5.6963580e-02 -3.4764198e-02 -1.7125062e-02 +2.9968660e+03
4.5229300e-01 +4.5000000e-01 +2.1472444e+01 -1.1346333e-02 +4.2274667e-03 +1.2585802e+00 +5.2872222e-01 +5.2214198e-01 -5.2692716e-02 -3.5141605e-02 -1.5928025e-02 +2.9696226e+03
4.5729200e-01 +4.5000000e-01 +2.1485667e+01 -1.0154111e-02 +4.2884667e-03 +1.2505185e+00 +5.2728765e-01 +5.1951728e-01 -4.8474938e-02 -3.5019630e-02 -1.4648765e-02 +2.9430142e+03
4.6229800e-01 +4.5000000e-01 +2.1497444e+01 -8.9633111e-03 +4.0584667e-03 +1.2425062e+00 +5.2613457e-01 +5.1729506e-01 -4.4307531e-02 -3.4474074e-02 -1.3279136e-02 +2.9193457e+03
4.6731100e-01 +4.5000000e-01 +2.1507778e+01 -7.7720778e-03 +3.5339000e-03 +1.2349259e+00 +5.2528272e-01 +5.1547531e-01 -4.0166173e-02 -3.3648889e-02 -1.1814235e-02 +2.9000679e+03
4.7233000e-01 +4.5000000e-01 +2.1516667e+01 -6.5693444e-03 +2.7216444e-03 +1.2282309e+00 +5.2473210e-01 +5.1401111e-01 -3.6009630e-02 -3.2652469e-02 -1.0223963e-02 +2.8842824e+03
4.7735400e-01 +4.5000000e-01 +2.1524333e+01 -5.3399778e-03 +1.7401222e-03 +1.2226716e+00 +5.2445062e-01 +5.1290000e-01 -3.1803210e-02 -3.1550000e-02 -8.4819630e-03 +2.8718901e+03
4.8238200e-01 +4.5000000e-01 +2.1530556e+01 -4.0717111e-03 +7.8920444e-04 +1.2183210e+00 +5.2438889e-01 +5.1219753e-01 -2.7563580e-02 -3.0397407e-02 -6.6160000e-03 +2.8612572e+03
4.8741300e-01 +4.5000000e-01 +2.1535222e+01 -2.7567889e-03 -1.7279556e-05 +1.2151160e+00 +5.2447531e-01 +5.1188642e-01 -2.3347778e-02 -2.9252963e-02 -4.6971111e-03 +2.8508449e+03
4.9244700e-01 +4.5000000e-01 +2.1538556e+01 -1.3938444e-03 -6.8961889e-04 +1.2129580e+00 +5.2461235e-01 +5.1185309e-01 -1.9206420e-02 -2.8125062e-02 -2.7947407e-03 +2.8430979e+03
4.9748200e-01 +4.5000000e-01 +2.1540111e+01 +0.0000000e+00 -1.2575000e-03 +1.2118704e+00 +5.2470617e-01 +5.1207654e-01 -1.5155062e-02 -2.7084568e-02 -9.2742222e-04 +2.8396543e+03
5.0251800e-01 +4.5000000e-01 +2.1540111e+01 +1.3938444e-03 -1.7069556e-03 +1.2118704e+00 +5.2470617e-01 +5.1264568e-01 -1.1176691e-02 -2.6303086e-02 +9.2742222e-04 +2.8396543e+03
5.0755300e-01 +4.5000000e-01 +2.1538556e+01 +2.7567889e-03 -2.0100000e-03 +1.2129580e+00 +5.2461235e-01 +5.1356790e-01 -7.2522469e-03 -2.5857160e-02 +2.7947407e-03 +2.8430979e+03
5.1258700e-01 +4.5000000e-01 +2.1535222e+01 +4.0717111e-03 -2.1404667e-03 +1.2151160e+00 +5.2447531e-01 +5.1476420e-01 -3.3661975e-03 -2.5667531e-02 +4.6971111e-03 +2.8508449e+03
5.1761800e-01 +4.5000000e-01 +2.1530556e+01 +5.3399778e-03 -2.0547889e-03 +1.2183210e+00 +5.2438889e-01 +5.1623333e-01 +4.9915309e-04 -2.5649259e-02 +6.6160000e-03 +2.8612572e+03
5.2264600e-01 +4.5000000e-01 +2.1524333e+01 +6.5693444e-03 -1.7747556e-03 +1.2226716e+00 +5.2445062e-01 +5.1804198e-01 +4.3632222e-03 -2.5702469e-02 +8.4819630e-03 +2.8718901e+03
5.2767000e-01 +4.5000000e-01 +2.1516667e+01 +7.7720778e-03 -1.4729333e-03 +1.2282309e+00 +5.2473210e-01 +5.2010617e-01 +8.2280000e-03 -2.5738642e-02 +1.0223963e-02 +2.8842824e+03
5.3268900e-01 +4.5000000e-01 +2.1507778e+01 +8.9633111e-03 -1.3866222e-03 +1.2349259e+00 +5.2528272e-01 +5.2228519e-01 +1.2095605e-02 -2.5769630e-02 +1.1814235e-02 +2.9000679e+03
5.3770200e-01 +4.5000000e-01 +2.1497444e+01 +1.0154111e-02 -1.6262444e-03 +1.2425062e+00 +5.2613457e-01 +5.2465802e-01 +1.6006667e-02 -2.5807654e-02 +1.3279136e-02 +2.9193457e+03
5.4270800e-01 +4.5000000e-01 +2.1485667e+01 +1.1346333e-02 -2.1498000e-03 +1.2505185e+00 +5.2728765e-01 +5.2738395e-01 +1.9999877e-02 -2.5766173e-02 +1.4648765e-02 +2.9430142e+03
5.4770700e-01 +4.5000000e-01 +2.1472444e+01 +1.2527889e-02 -2.9152111e-03 +1.2585802e+00 +5.2872222e-01 +5.3047037e-01 +2.4079383e-02 -2.5507901e-02 +1.5928025e-02 +2.9696226e+03
5.5269600e-01 +4.5000000e-01 +2.1457667e+01 +1.3672000e-02 -3.9483778e-03 +1.2666049e+00 +5.3040864e-01 +5.3381481e-01 +2.8206296e-02 -2.4966667e-02 +1.7125062e-02 +2.9968660e+03
5.5767600e-01 +4.5000000e-01 +2.1441667e+01 +1.4738333e-02 -5.2382000e-03 +1.2747037e+00 +5.3232469e-01 +5.3727037e-01 +3.2301358e-02 -2.4251605e-02 +1.8252716e-02 +3.0255600e+03
5.6264600e-01 +4.5000000e-01 +2.1424111e+01 +1.5687778e-02 -6.7103111e-03 +1.2832963e+00 +5.3444938e-01 +5.4088889e-01 +3.6325802e-02 -2.3551605e-02 +1.9295926e-02 +3.0562587e+03
5.6760400e-01 +4.5000000e-01 +2.1405111e+01 +1.6509889e-02 -8.3304556e-03 +1.2926914e+00 +5.3676914e-01 +5.4490741e-01 +4.0321852e-02 -2.2850494e-02 +2.0259877e-02 +3.0885517e+03
5.7255000e-01 +4.5000000e-01 +2.1384556e+01 +1.7216333e-02 -1.0106122e-02 +1.3028889e+00 +5.3927654e-01 +5.4948025e-01 +4.4361605e-02 -2.1986914e-02 +2.1232469e-02 +3.1233600e+03
5.7748300e-01 +4.5000000e-01 +2.1362556e+01 +1.7804667e-02 -1.2008111e-02 +1.3138889e+00 +5.4198148e-01 +5.5466049e-01 +4.8515926e-02 -2.0843457e-02 +2.2316173e-02 +3.1614796e+03
5.8240200e-01 +4.5000000e-01 +2.1338889e+01 +1.8262778e-02 -1.3981444e-02 +1.3257531e+00 +5.4491481e-01 +5.6041605e-01 +5.2848395e-02 -1.9354198e-02 +2.3530988e-02 +3.2044089e+03
5.8730600e-01 +4.5000000e-01 +2.1313667e+01 +1.8598000e-02 -1.5958556e-02 +1.3386914e+00 +5.4809383e-01 +5.6671111e-01 +5.7402963e-02 -1.7525185e-02 +2.4844321e-02 +3.2532643e+03
5.9219500e-01 +4.5000000e-01 +2.1286667e+01 +1.8817222e-02 -1.7838667e-02 +1.3528272e+00 +5.5150247e-01 +5.7362346e-01 +6.2214568e-02 -1.5565926e-02 +2.6185062e-02 +3.3070276e+03
5.9706700e-01 +4.5000000e-01 +2.1258000e+01 +1.8906000e-02 -1.9539111e-02 +1.3681481e+00 +5.5513210e-01 +5.8124938e-01 +6.7327531e-02 -1.3806296e-02 +2.7450617e-02 +3.3644213e+03
6.0192200e-01 +4.5000000e-01 +2.1227667e+01 +1.8847556e-02 -2.1039556e-02 +1.3845062e+00 +5.5901358e-01 +5.8961111e-01 +7.2759506e-02 -1.2443827e-02 +2.8554815e-02 +3.4258445e+03
6.0675900e-01 +4.5000000e-01 +2.1195667e+01 +1.8630778e-02 -2.2392667e-02 +1.4016790e+00 +5.6321235e-01 +5.9872099e-01 +7.8480000e-02 -1.1483605e-02 +2.9440617e-02 +3.4900211e+03
6.1157700e-01 +4.5000000e-01 +2.1162111e+01 +1.8251889e-02 -2.3686222e-02 +1.4194815e+00 +5.6779136e-01 +6.0848148e-01 +8.4460988e-02 -1.0681136e-02 +3.0103210e-02 +3.5566055e+03
6.1637600e-01 +4.5000000e-01 +2.1127111e+01 +1.7704778e-02 -2.4926111e-02 +1.4377531e+00 +5.7278642e-01 +6.1867407e-01 +9.0713333e-02 -9.7199136e-03 +3.0572099e-02 +3.6260322e+03
6.2115400e-01 +4.5000000e-01 +2.1090444e+01 +1.6974556e-02 -2.6028333e-02 +1.4563704e+00 +5.7820000e-01 +6.2908519e-01 +9.7246296e-02 -8.4300494e-03 +3.0888272e-02 +3.6988687e+03
6.2591100e-01 +4.5000000e-01 +2.1052333e+01 +1.6038111e-02 -2.6979000e-02 +1.4751852e+00 +5.8400000e-01 +6.3971111e-01 +1.0406802e-01 -6.7980617e-03 +3.1096914e-02 +3.7756262e+03
6.3064600e-01 +4.5000000e-01 +2.1012556e+01 +1.4880222e-02 -2.7912667e-02 +1.4943827e+00 +5.9012716e-01 +6.5079136e-01 +1.1121160e-01 -4.9349012e-03 +3.1227037e-02 +3.8546216e+03
6.3535900e-01 +4.5000000e-01 +2.0971333e+01 +1.3503444e-02 -2.9043111e-02 +1.5145062e+00 +5.9650864e-01 +6.6245062e-01 +1.1870383e-01 -2.9735926e-03 +3.1289877e-02 +3.9346582e+03
6.4004900e-01 +4.5000000e-01 +2.0928778e+01 +1.1917111e-02 -3.0495000e-02 +1.5356667e+00 +6.0307407e-01 +6.7457407e-01 +1.2653086e-01 -1.0013123e-03 +3.1297407e-02 +4.0192184e+03
6.4471400e-01 +4.5000000e-01 +2.0884778e+01 +1.0128778e-02 -3.2173333e-02 +1.5578519e+00 +6.0977654e-01 +6.8695062e-01 +1.3465802e-01 +1.0107481e-03 +3.1299630e-02 +4.1095956e+03
6.4935600e-01 +4.5000000e-01 +2.0839333e+01 +8.1460667e-03 -3.3826333e-02 +1.5812840e+00 +6.1656790e-01 +6.9943210e-01 +1.4306790e-01 +3.1108642e-03 +3.1306790e-02 +4.2013095e+03
6.5397200e-01 +4.5000000e-01 +2.0792556e+01 +5.9624000e-03 -3.5279444e-02 +1.6062593e+00 +6.2336173e-01 +7.1195556e-01 +1.5175309e-01 +5.2372963e-03 +3.1263086e-02 +4.2917057e+03
6.5856200e-01 +4.5000000e-01 +2.0744444e+01 +3.5529667e-03 -3.6545333e-02 +1.6326420e+00 +6.3006049e-01 +7.2454074e-01 +1.6069383e-01 +7.3451481e-03 +3.1142963e-02 +4.3846540e+03
6.6312500e-01 +4.5000000e-01 +2.0695000e+01 +8.9216444e-04 -3.7691111e-02 +1.6601358e+00 +6.3662469e-01 +7.3727654e-01 +1.6988395e-01 +9.4900494e-03 +3.0999136e-02 +4.4824652e+03
6.6766200e-01 +4.5000000e-01 +2.0644444e+01 -2.0215556e-03 -3.8779111e-02 +1.6886667e+00 +6.4312099e-01 +7.5027901e-01 +1.7929012e-01 +1.1624333e-02 +3.0896543e-02 +4.5816372e+03
6.7217000e-01 +4.5000000e-01 +2.0592889e+01 -5.1560111e-03 -3.9850000e-02 +1.7179506e+00 +6.4969012e-01 +7.6370370e-01 +1.8882593e-01 +1.3558272e-02 +3.0844198e-02 +4.6795149e+03
6.7665100e-01 +4.5000000e-01 +2.0540444e+01 -8.4498444e-03 -4.0853667e-02 +1.7476173e+00 +6.5645926e-01 +7.7773086e-01 +1.9839383e-01 +1.5181235e-02 +3.0786667e-02 +4.7765303e+03
6.8110300e-01 +4.5000000e-01 +2.0487333e+01 -1.1833111e-02 -4.1693111e-02 +1.7774198e+00 +6.6347037e-01 +7.9235062e-01 +2.0791111e-01 +1.6595679e-02 +3.0622963e-02 +4.8723176e+03
6.8552500e-01 +4.5000000e-01 +2.0433222e+01 -1.5254667e-02 -4.2328889e-02 +1.8071481e+00 +6.7068519e-01 +8.0727284e-01 +2.1730000e-01 +1.8033457e-02 +3.0265062e-02 +4.9664563e+03
6.8991800e-01 +4.5000000e-01 +2.0378444e+01 -1.8688333e-02 -4.2783556e-02 +1.8365926e+00 +6.7802593e-01 +8.2214074e-01 +2.2648519e-01 +1.9678765e-02 +2.9701111e-02 +5.0643772e+03
6.9428000e-01 +4.5000000e-01 +2.0322667e+01 -2.2124222e-02 -4.3062444e-02 +1.8655802e+00 +6.8542346e-01 +8.3678272e-01 +2.3541975e-01 +2.1464198e-02 +2.8991358e-02 +5.1709455e+03
6.9861200e-01 +4.5000000e-01 +2.0266222e+01 -2.5553889e-02 -4.3147667e-02 +1.8940741e+00 +6.9285679e-01 +8.5118642e-01 +2.4412469e-01 +2.3109259e-02 +2.8217901e-02 +5.2853409e+03
7.0291200e-01 +4.5000000e-01 +2.0208889e+01 -2.8963667e-02 -4.3062889e-02 +1.9220864e+00 +7.0035432e-01 +8.6539630e-01 +2.5265185e-01 +2.4389259e-02 +2.7423580e-02 +5.4050233e+03
7.0718000e-01 +4.5000000e-01 +2.0151000e+01 -3.2330667e-02 -4.2836778e-02 +1.9496049e+00 +7.0798025e-01 +8.7947407e-01 +2.6104444e-01 +2.5341605e-02 +2.6587901e-02 +5.5294760e+03
7.1141700e-01 +4.5000000e-01 +2.0092444e+01 -3.5625556e-02 -4.2500667e-02 +1.9766296e+00 +7.1578025e-01 +8.9345556e-01 +2.6935556e-01 +2.6302593e-02 +2.5697778e-02 +5.6616866e+03
7.1562000e-01 +4.5000000e-01 +2.0033111e+01 -3.8828556e-02 -4.2120444e-02 +2.0034815e+00 +7.2376914e-01 +9.0746049e-01 +2.7765679e-01 +2.7566049e-02 +2.4824815e-02 +5.8006232e+03
7.1979100e-01 +4.5000000e-01 +1.9973222e+01 -4.1941222e-02 -4.1766222e-02 +2.0306420e+00 +7.3194815e-01 +9.2153086e-01 +2.8595432e-01 +2.9040370e-02 +2.4034815e-02 +5.9414938e+03
7.2392900e-01 +4.5000000e-01 +1.9912556e+01 -4.4979222e-02 -4.1426778e-02 +2.0582840e+00 +7.4031235e-01 +9.3558519e-01 +2.9423580e-01 +3.0464691e-02 +2.3321358e-02 +6.0790543e+03
7.2803300e-01 +4.5000000e-01 +1.9851444e+01 -4.7958000e-02 -4.1052778e-02 +2.0862222e+00 +7.4883580e-01 +9.4972716e-01 +3.0254691e-01 +3.1723951e-02 +2.2601852e-02 +6.2102921e+03
7.3210300e-01 +4.5000000e-01 +1.9789889e+01 -5.0899667e-02 -4.0670111e-02 +2.1141481e+00 +7.5749012e-01 +9.6414568e-01 +3.1093333e-01 +3.2785432e-02 +2.1755802e-02 +6.3378665e+03
7.3613800e-01 +4.5000000e-01 +1.9728000e+01 -5.3827667e-02 -4.0359778e-02 +2.1417284e+00 +7.6625309e-01 +9.7890494e-01 +3.1941852e-01 +3.3545432e-02 +2.0767901e-02 +6.4672220e+03
7.4013900e-01 +4.5000000e-01 +1.9665778e+01 -5.6747667e-02 -4.0177222e-02 +2.1688642e+00 +7.7507901e-01 +9.9399012e-01 +3.2800247e-01 +3.4009136e-02 +1.9751111e-02 +6.6013114e+03
7.4410500e-01 +4.5000000e-01 +1.9603222e+01 -5.9653333e-02 -4.0125556e-02 +2.1958148e+00 +7.8386667e-01 +1.0091852e+00 +3.3663704e-01 +3.4320494e-02 +1.8824321e-02 +6.7400913e+03
7.4803600e-01 +4.5000000e-01 +1.9540556e+01 -6.2532222e-02 -4.0186222e-02 +2.2228519e+00 +7.9250000e-01 +1.0240543e+00 +3.4522963e-01 +3.4689753e-02 +1.8031111e-02 +6.8823444e+03
7.5193100e-01 +4.5000000e-01 +1.9477778e+01 -6.5350000e-02 -4.0362111e-02 +2.2499630e+00 +8.0091358e-01 +1.0382815e+00 +3.5369630e-01 +3.5236173e-02 +1.7312716e-02 +7.0264970e+03
7.5579100e-01 +4.5000000e-01 +1.9415000e+01 -6.8058444e-02 -4.0681222e-02 +2.2768395e+00 +8.0908765e-01 +1.0518395e+00 +3.6197778e-01 +3.6073086e-02 +1.6557407e-02 +7.1723533e+03
7.5961500e-01 +4.5000000e-01 +1.9352222e+01 -7.0633444e-02 -4.1139000e-02 +2.3030988e+00 +8.1704321e-01 +1.0649222e+00 +3.7001852e-01 +3.7382840e-02 +1.5707778e-02 +7.3232052e+03
7.6340300e-01 +4.5000000e-01 +1.9289444e+01 -7.3096556e-02 -4.1666444e-02 +2.3286049e+00 +8.2483827e-01 +1.0779358e+00 +3.7777407e-01 +3.9147407e-02 +1.4817654e-02 +7.4805461e+03
7.6715400e-01 +4.5000000e-01 +1.9226778e+01 -7.5498556e-02 -4.2146000e-02 +2.3535062e+00 +8.3254321e-01 +1.0912259e+00 +3.8524815e-01 +4.1132099e-02 +1.3980247e-02 +7.6428313e+03
7.7086900e-01 +4.5000000e-01 +1.9164000e+01 -7.7870667e-02 -4.2460556e-02 +2.3777778e+00 +8.4020617e-01 +1.1047778e+00 +3.9250000e-01 +4.3079630e-02 +1.3242346e-02 +7.8144832e+03
7.7454800e-01 +4.5000000e-01 +1.9101111e+01 -8.0198111e-02 -4.2536333e-02 +2.4011605e+00 +8.4785432e-01 +1.1184494e+00 +3.9963210e-01 +4.4889383e-02 +1.2590988e-02 +7.9981341e+03
7.7819000e-01 +4.5000000e-01 +1.9038111e+01 -8.2447111e-02 -4.2365778e-02 +2.4236049e+00 +8.5548765e-01 +1.1321617e+00 +4.0674815e-01 +4.6633210e-02 +1.1931617e-02 +8.1883323e+03
7.8179500e-01 +4.5000000e-01 +1.8974889e+01 -8.4610667e-02 -4.1990778e-02 +2.4451852e+00 +8.6308889e-01 +1.1458605e+00 +4.1385679e-01 +4.8384444e-02 +1.1138802e-02 +8.3809113e+03
7.8536400e-01 +4.5000000e-01 +1.8911556e+01 -8.6733000e-02 -4.1418556e-02 +2.4660617e+00 +8.7064568e-01 +1.1596025e+00 +4.2089012e-01 +5.0135556e-02 +1.0161753e-02 +8.5757377e+03
7.8889500e-01 +4.5000000e-01 +1.8848111e+01 -8.8889778e-02 -4.0614222e-02 +2.4865309e+00 +8.7814568e-01 +1.1734420e+00 +4.2782840e-01 +5.1786667e-02 +9.0362593e-03 +8.7744646e+03
7.9238900e-01 +4.5000000e-01 +1.8784444e+01 -9.1142556e-02 -3.9594889e-02 +2.5070123e+00 +8.8556173e-01 +1.1872432e+00 +4.3472222e-01 +5.3177531e-02 +7.8464568e-03 +8.9782629e+03
7.9584700e-01 +4.5000000e-01 +1.8720778e+01 -9.3501444e-02 -3.8446556e-02 +2.5277037e+00 +8.9289012e-01 +1.2008469e+00 +4.4164198e-01 +5.4248148e-02 +6.6853086e-03 +9.1864545e+03
7.9926700e-01 +4.5000000e-01 +1.8657000e+01 -9.5922333e-02 -3.7240667e-02 +2.5484074e+00 +9.0015802e-01 +1.2142494e+00 +4.4866049e-01 +5.5105432e-02 +5.6189753e-03 +9.3984415e+03
8.0265000e-01 +4.5000000e-01 +1.8593333e+01 -9.8334889e-02 -3.5975667e-02 +2.5687901e+00 +9.0739136e-01 +1.2275259e+00 +4.5585679e-01 +5.5977284e-02 +4.6576049e-03 +9.6118998e+03
8.0599600e-01 +4.5000000e-01 +1.8529889e+01 -1.0067611e-01 -3.4576333e-02 +2.5887284e+00 +9.1460370e-01 +1.2408765e+00 +4.6323827e-01 +5.7138395e-02 +3.7720864e-03 +9.8221220e+03
8.0930400e-01 +4.5000000e-01 +1.8466667e+01 -1.0290233e-01 -3.2973889e-02 +2.6081852e+00 +9.2180741e-01 +1.2544938e+00 +4.7073333e-01 +5.8748642e-02 +2.9304815e-03 +1.0031310e+04
8.1257600e-01 +4.5000000e-01 +1.8403667e+01 -1.0498822e-01 -3.1199778e-02 +2.6274444e+00 +9.2902593e-01 +1.2683951e+00 +4.7826049e-01 +6.0770000e-02 +2.0921975e-03 +1.0244992e+04
8.1581000e-01 +4.5000000e-01 +1.8340778e+01 -1.0692022e-01 -2.9357778e-02 +2.6471358e+00 +9.3626049e-01 +1.2824198e+00 +4.8577284e-01 +6.3053210e-02 +1.2511235e-03 +1.0463195e+04
8.1900800e-01 +4.5000000e-01 +1.8278222e+01 -1.0868856e-01 -2.7519333e-02 +2.6676420e+00 +9.4347531e-01 +1.2964198e+00 +4.9317284e-01 +6.5410000e-02 +4.7755185e-04 +1.0685875e+04
8.2216800e-01 +4.5000000e-01 +1.8215778e+01 -1.1028422e-01 -2.5688000e-02 +2.6888272e+00 +9.5062099e-01 +1.3103210e+00 +5.0033457e-01 +6.7604568e-02 -1.4800370e-04 +1.0915279e+04
8.2529200e-01 +4.5000000e-01 +1.8153556e+01 -1.1170222e-01 -2.3837333e-02 +2.7104074e+00 +9.5765679e-01 +1.3239506e+00 +5.0718519e-01 +6.9438765e-02 -6.1588642e-04 +1.1154202e+04
8.2837800e-01 +4.5000000e-01 +1.8091556e+01 -1.1295000e-01 -2.1937667e-02 +2.7322346e+00 +9.6455802e-01 +1.3371235e+00 +5.1371111e-01 +7.0918642e-02 -9.9116543e-04 +1.1403200e+04
8.3142800e-01 +4.5000000e-01 +1.8029667e+01 -1.1404333e-01 -1.9977222e-02 +2.7543827e+00 +9.7129753e-01 +1.3498025e+00 +5.1992099e-01 +7.2208272e-02 -1.3946420e-03 +1.1660500e+04
8.3444100e-01 +4.5000000e-01 +1.7968000e+01 -1.1499889e-01 -1.7964333e-02 +2.7768765e+00 +9.7785062e-01 +1.3621852e+00 +5.2584198e-01 +7.3431605e-02 -1.9375679e-03 +1.1924846e+04
8.3741800e-01 +4.5000000e-01 +1.7906556e+01 -1.1584222e-01 -1.5902667e-02 +2.7995556e+00 +9.8420370e-01 +1.3745185e+00 +5.3150864e-01 +7.4593333e-02 -2.6725556e-03 +1.2197627e+04
8.4035800e-01 +4.5000000e-01 +1.7845333e+01 -1.1659000e-01 -1.3788889e-02 +2.8223457e+00 +9.9037160e-01 +1.3868765e+00 +5.3696667e-01 +7.5610617e-02 -3.6134815e-03 +1.2480253e+04
8.4326200e-01 +4.5000000e-01 +1.7784444e+01 -1.1726000e-01 -1.1640222e-02 +2.8452099e+00 +9.9640000e-01 +1.3991728e+00 +5.4225432e-01 +7.6420617e-02 -4.7530247e-03 +1.2771112e+04
8.4613000e-01 +4.5000000e-01 +1.7723667e+01 -1.1786222e-01 -9.4914556e-03 +2.8680617e+00 +1.0023568e+00 +1.4112593e+00 +5.4741235e-01 +7.7028272e-02 -6.0440247e-03 +1.3068344e+04
8.4896200e-01 +4.5000000e-01 +1.7663111e+01 -1.1840889e-01 -7.3543111e-03 +2.8907037e+00 +1.0083012e+00 +1.4230741e+00 +5.5250741e-01 +7.7491235e-02 -7.3900123e-03 +1.3371734e+04
8.5175700e-01 +4.5000000e-01 +1.7602667e+01 -1.1891667e-01 -5.2059000e-03 +2.9129383e+00 +1.0142556e+00 +1.4347284e+00 +5.5760864e-01 +7.7890617e-02 -8.7039259e-03 +1.3680521e+04
8.5451800e-01 +4.5000000e-01 +1.7542333e+01 -1.1940222e-01 -3.0510444e-03 +2.9345556e+00 +1.0201951e+00 +1.4463333e+00 +5.6275802e-01 +7.8288889e-02 -9.9667901e-03 +1.3991067e+04
8.5724300e-01 +4.5000000e-01 +1.7482111e+01 -1.1987000e-01 -9.4492889e-04 +2.9553457e+00 +1.0260642e+00 +1.4578272e+00 +5.6795802e-01 +7.8745309e-02 -1.1183568e-02 +1.4305243e+04
8.5993200e-01 +4.5000000e-01 +1.7422000e+01 -1.2031000e-01 +1.0755556e-03 +2.9751852e+00 +1.0317975e+00 +1.4690247e+00 +5.7317531e-01 +7.9337284e-02 -1.2319741e-02 +1.4632827e+04
8.6258600e-01 +4.5000000e-01 +1.7361889e+01 -1.2069556e-01 +3.0327556e-03 +2.9941605e+00 +1.0373383e+00 +1.4799136e+00 +5.7834691e-01 +8.0117284e-02 -1.3308272e-02 +1.4980812e+04
8.6520600e-01 +4.5000000e-01 +1.7301889e+01 -1.2100111e-01 +4.9750889e-03 +3.0126667e+00 +1.0426519e+00 +1.4907160e+00 +5.8340617e-01 +8.1113580e-02 -1.4094074e-02 +1.5347218e+04
8.6779100e-01 +4.5000000e-01 +1.7241889e+01 -1.2121000e-01 +6.9363667e-03 +3.0311852e+00 +1.0477296e+00 +1.5018025e+00 +5.8829506e-01 +8.2365309e-02 -1.4680123e-02 +1.5724308e+04
8.7034100e-01 +4.5000000e-01 +1.7181889e+01 -1.2131333e-01 +8.9334444e-03 +3.0500988e+00 +1.0525889e+00 +1.5133704e+00 +5.9300123e-01 +8.3913210e-02 -1.5122840e-02 +1.6106949e+04
8.7285700e-01 +4.5000000e-01 +1.7122000e+01 -1.2131000e-01 +1.0971533e-02 +3.0694568e+00 +1.0572593e+00 +1.5253210e+00 +5.9756173e-01 +8.5730247e-02 -1.5478025e-02 +1.6494802e+04
8.7534000e-01 +4.5000000e-01 +1.7062111e+01 -1.2120778e-01 +1.3052444e-02 +3.0891111e+00 +1.0617580e+00 +1.5374198e+00 +6.0203951e-01 +8.7730864e-02 -1.5768519e-02 +1.6888923e+04
8.7778800e-01 +4.5000000e-01 +1.7002333e+01 -1.2101444e-01 +1.5194778e-02 +3.1088889e+00 +1.0660827e+00 +1.5494815e+00 +6.0645926e-01 +8.9841481e-02 -1.5983210e-02 +1.7289478e+04
8.8020300e-01 +4.5000000e-01 +1.6942667e+01 -1.2074444e-01 +1.7437111e-02 +3.1287160e+00 +1.0702049e+00 +1.5613827e+00 +6.1080247e-01 +9.2022716e-02 -1.6090741e-02 +1.7699258e+04
8.8258400e-01 +4.5000000e-01 +1.6883000e+01 -1.2041444e-01 +1.9810667e-02 +3.1487407e+00 +1.0740951e+00 +1.5730864e+00 +6.1502593e-01 +9.4257778e-02 -1.6070000e-02 +1.8120915e+04
8.8493300e-01 +4.5000000e-01 +1.6823333e+01 -1.2003889e-01 +2.2315444e-02 +3.1692099e+00 +1.0777383e+00 +1.5846173e+00 +6.1910247e-01 +9.6535432e-02 -1.5925556e-02 +1.8555463e+04
8.8724900e-01 +4.5000000e-01 +1.6763778e+01 -1.1963000e-01 +2.4924111e-02 +3.1903704e+00 +1.0811370e+00 +1.5960617e+00 +6.2303704e-01 +9.8844938e-02 -1.5664568e-02 +1.9004247e+04
8.8953200e-01 +4.5000000e-01 +1.6704222e+01 -1.1919778e-01 +2.7600778e-02 +3.2122346e+00 +1.0843160e+00 +1.6075062e+00 +6.2685679e-01 +1.0116951e-01 -1.5271728e-02 +1.9464970e+04
8.9178300e-01 +4.5000000e-01 +1.6644778e+01 -1.1874333e-01 +3.0319444e-02 +3.2346790e+00 +1.0873210e+00 +1.6190123e+00 +6.3060864e-01 +1.0347815e-01 -1.4726790e-02 +1.9936075e+04
8.9400200e-01 +4.5000000e-01 +1.6585333e+01 -1.1826333e-01 +3.3069222e-02 +3.2574074e+00 +1.0902074e+00 +1.6304938e+00 +6.3433457e-01 +1.0573407e-01 -1.4029259e-02 +2.0421283e+04
8.9619000e-01 +4.5000000e-01 +1.6526000e+01 -1.1774222e-01 +3.5852444e-02 +3.2802099e+00 +1.0930235e+00 +1.6419506e+00 +6.3802346e-01 +1.0789346e-01 -1.3191111e-02 +2.0925561e+04
8.9834600e-01 +4.5000000e-01 +1.6466778e+01 -1.1716222e-01 +3.8680667e-02 +3.3029877e+00 +1.0957938e+00 +1.6534074e+00 +6.4163210e-01 +1.0991309e-01 -1.2219889e-02 +2.1450720e+04
9.0047100e-01 +4.5000000e-01 +1.6407556e+01 -1.1651000e-01 +4.1563889e-02 +3.3257654e+00 +1.0985025e+00 +1.6648519e+00 +6.4510123e-01 +1.1177864e-01 -1.1118988e-02 +2.1995256e+04
9.0256500e-01 +4.5000000e-01 +1.6348333e+01 -1.1577778e-01 +4.4500889e-02 +3.3486420e+00 +1.1011012e+00 +1.6762099e+00 +6.4838519e-01 +1.1351753e-01 -9.9061111e-03 +2.2555729e+04
9.0462900e-01 +4.5000000e-01 +1.6289000e+01 -1.1496111e-01 +4.7478222e-02 +3.3717284e+00 +1.1035272e+00 +1.6873951e+00 +6.5146049e-01 +1.1519519e-01 -8.6197037e-03 +2.3129014e+04
9.0666200e-01 +4.5000000e-01 +1.6229667e+01 -1.1405000e-01 +5.0475000e-02 +3.3951481e+00 +1.1057111e+00 +1.6982593e+00 +6.5434938e-01 +1.1688210e-01 -7.3040370e-03 +2.3716793e+04
9.0866500e-01 +4.5000000e-01 +1.6170222e+01 -1.1303667e-01 +5.3465222e-02 +3.4191605e+00 +1.1075926e+00 +1.7087160e+00 +6.5711481e-01 +1.1860012e-01 -5.9912593e-03 +2.4324097e+04
9.1063900e-01 +4.5000000e-01 +1.6110556e+01 -1.1191222e-01 +5.6421667e-02 +3.4441358e+00 +1.1091173e+00 +1.7187284e+00 +6.5982840e-01 +1.2030173e-01 -4.6957778e-03 +2.4951987e+04
9.1258400e-01 +4.5000000e-01 +1.6050778e+01 -1.1067300e-01 +5.9321222e-02 +3.4704074e+00 +1.1102543e+00 +1.7283951e+00 +6.6254815e-01 +1.2192037e-01 -3.4232840e-03 +2.5596542e+04
9.1449900e-01 +4.5000000e-01 +1.5990889e+01 -1.0932244e-01 +6.2153667e-02 +3.4981852e+00 +1.1110049e+00 +1.7379259e+00 +6.6529630e-01 +1.2343963e-01 -2.1875926e-03 +2.6254284e+04
9.1638500e-01 +4.5000000e-01 +1.5930889e+01 -1.0786867e-01 +6.4925667e-02 +3.5274691e+00 +1.1113901e+00 +1.7474815e+00 +6.6806173e-01 +1.2491111e-01 -1.0182012e-03 +2.6924824e+04
9.1824400e-01 +4.5000000e-01 +1.5870667e+01 -1.0632367e-01 +6.7658000e-02 +3.5580864e+00 +1.1114420e+00 +1.7572222e+00 +6.7081358e-01 +1.2640864e-01 +4.8673580e-05 +2.7609172e+04
9.2007400e-01 +4.5000000e-01 +1.5810444e+01 -1.0470033e-01 +7.0377556e-02 +3.5897407e+00 +1.1111815e+00 +1.7671481e+00 +6.7350988e-01 +1.2795185e-01 +9.8143333e-04 +2.8311062e+04
9.2187600e-01 +4.5000000e-01 +1.5750000e+01 -1.0300922e-01 +7.3106444e-02 +3.6222222e+00 +1.1106148e+00 +1.7771852e+00 +6.7611235e-01 +1.2947778e-01 +1.7566914e-03 +2.9035286e+04
9.2365000e-01 +4.5000000e-01 +1.5689333e+01 -1.0125911e-01 +7.5849889e-02 +3.6554568e+00 +1.1097247e+00 +1.7871728e+00 +6.7859012e-01 +1.3087160e-01 +2.3601358e-03 +2.9785351e+04
9.2539800e-01 +4.5000000e-01 +1.5628556e+01 -9.9457667e-02 +7.8592889e-02 +3.6894074e+00 +1.1084852e+00 +1.7969259e+00 +6.8091975e-01 +1.3204198e-01 +2.7912469e-03 +3.0561622e+04
9.2711800e-01 +4.5000000e-01 +1.5567444e+01 -9.7611889e-02 +8.1306333e-02 +3.7241235e+00 +1.1068593e+00 +1.8062840e+00 +6.8309012e-01 +1.3296296e-01 +3.0690864e-03 +3.1364204e+04
9.2881200e-01 +4.5000000e-01 +1.5506111e+01 -9.5727111e-02 +8.3956556e-02 +3.7596543e+00 +1.1048086e+00 +1.8150741e+00 +6.8509506e-01 +1.3366420e-01 +3.2296914e-03 +3.2195026e+04
9.3048000e-01 +4.5000000e-01 +1.5444333e+01 -9.3805222e-02 +8.6514000e-02 +3.7961111e+00 +1.1022975e+00 +1.8232222e+00 +6.8693210e-01 +1.3420988e-01 +3.3124074e-03 +3.3057818e+04
9.3212100e-01 +4.5000000e-01 +1.5382222e+01 -9.1846667e-02 +8.8958889e-02 +3.8336914e+00 +1.0992951e+00 +1.8306914e+00 +6.8859753e-01 +1.3465802e-01 +3.3457654e-03 +3.3955063e+04
9.3373700e-01 +4.5000000e-01 +1.5319556e+01 -8.9852222e-02 +9.1281444e-02 +3.8726173e+00 +1.0957765e+00 +1.8375185e+00 +6.9009259e-01 +1.3503580e-01 +3.3439136e-03 +3.4885067e+04
9.3532800e-01 +4.5000000e-01 +1.5256556e+01 -8.7826000e-02 +9.3480778e-02 +3.9131111e+00 +1.0917111e+00 +1.8437778e+00 +6.9142840e-01 +1.3533951e-01 +3.3103951e-03 +3.5839514e+04
9.3689300e-01 +4.5000000e-01 +1.5192889e+01 -8.5775111e-02 +9.5564556e-02 +3.9553704e+00 +1.0870716e+00 +1.8495185e+00 +6.9261481e-01 +1.3555309e-01 +3.2410123e-03 +3.6812330e+04
9.3843400e-01 +4.5000000e-01 +1.5128778e+01 -8.3707556e-02 +9.7545222e-02 +3.9994568e+00 +1.0818309e+00 +1.8546914e+00 +6.9366667e-01 +1.3566420e-01 +3.1270494e-03 +3.7809054e+04
9.3995000e-01 +4.5000000e-01 +1.5064000e+01 -8.1630222e-02 +9.9434889e-02 +4.0454074e+00 +1.0759617e+00 +1.8592716e+00 +6.9459259e-01 +1.3567901e-01 +2.9607160e-03 +3.8839463e+04
9.4144200e-01 +4.5000000e-01 +1.4998667e+01 -7.9547111e-02 +1.0124322e-01 +4.0932469e+00 +1.0694494e+00 +1.8632222e+00 +6.9540123e-01 +1.3563580e-01 +2.7365309e-03 +3.9908162e+04
9.4291000e-01 +4.5000000e-01 +1.4932444e+01 -7.7459444e-02 +1.0297856e-01 +4.1430123e+00 +1.0622827e+00 +1.8665432e+00 +6.9610123e-01 +1.3557778e-01 +2.4478765e-03 +4.1019541e+04
9.4435500e-01 +4.5000000e-01 +1.4865556e+01 -7.5366778e-02 +1.0464911e-01 +4.1947407e+00 +1.0544519e+00 +1.8691975e+00 +6.9669383e-01 +1.3552593e-01 +2.0860988e-03 +4.2182131e+04
9.4577700e-01 +4.5000000e-01 +1.4797778e+01 -7.3267556e-02 +1.0626444e-01 +4.2485802e+00 +1.0459506e+00 +1.8711605e+00 +6.9717654e-01 +1.3547160e-01 +1.6439012e-03 +4.3400428e+04
9.4717500e-01 +4.5000000e-01 +1.4728889e+01 -7.1160778e-02 +1.0783300e-01 +4.3047407e+00 +1.0367728e+00 +1.8724321e+00 +6.9754198e-01 +1.3538519e-01 +1.1194173e-03 +4.4670481e+04
9.4855100e-01 +4.5000000e-01 +1.4659000e+01 -6.9046111e-02 +1.0936156e-01 +4.3635185e+00 +1.0269111e+00 +1.8730370e+00 +6.9778889e-01 +1.3524444e-01 +5.1971111e-04 +4.5984458e+04
9.4990500e-01 +4.5000000e-01 +1.4587889e+01 -6.6924556e-02 +1.1085378e-01 +4.4251111e+00 +1.0163593e+00 +1.8730617e+00 +6.9792840e-01 +1.3503827e-01 -1.3953580e-04 +4.7335776e+04
9.5123600e-01 +4.5000000e-01 +1.4515444e+01 -6.4797111e-02 +1.1231000e-01 +4.4895679e+00 +1.0051074e+00 +1.8725432e+00 +6.9798395e-01 +1.3477160e-01 -8.3831975e-04 +4.8721809e+04
9.5254600e-01 +4.5000000e-01 +1.4441667e+01 -6.2664778e-02 +1.1372000e-01 +4.5568642e+00 +9.9314198e-01 +1.8715432e+00 +6.9796420e-01 +1.3445185e-01 -1.5563086e-03 +5.0144495e+04
9.5383400e-01 +4.5000000e-01 +1.4366556e+01 -6.0528444e-02 +1.1507000e-01 +4.6269383e+00 +9.8044321e-01 +1.8700494e+00 +6.9785679e-01 +1.3408642e-01 -2.2742716e-03 +5.1609287e+04
9.5510100e-01 +4.5000000e-01 +1.4289778e+01 -5.8389444e-02 +1.1633556e-01 +4.6997654e+00 +9.6698765e-01 +1.8680123e+00 +6.9762222e-01 +1.3369136e-01 -2.9739506e-03 +5.3122140e+04
9.5634800e-01 +4.5000000e-01 +1.4211444e+01 -5.6249333e-02 +1.1749333e-01 +4.7753086e+00 +9.5274691e-01 +1.8653580e+00 +6.9721358e-01 +1.3328519e-01 -3.6391728e-03 +5.4686053e+04
9.5757400e-01 +4.5000000e-01 +1.4131333e+01 -5.4110778e-02 +1.1852556e-01 +4.8535679e+00 +9.3769877e-01 +1.8620247e+00 +6.9658519e-01 +1.3289259e-01 -4.2580741e-03 +5.6301063e+04
9.5877900e-01 +4.5000000e-01 +1.4049333e+01 -5.1977111e-02 +1.1942111e-01 +4.9344815e+00 +9.2181852e-01 +1.8579136e+00 +6.9569753e-01 +1.3254444e-01 -4.8245679e-03 +5.7967434e+04
9.5996400e-01 +4.5000000e-01 +1.3965222e+01 -4.9852889e-02 +1.2018111e-01 +5.0179506e+00 +9.0509012e-01 +1.8529383e+00 +6.9451605e-01 +1.3227531e-01 -5.3378148e-03 +5.9687284e+04
9.6113000e-01 +4.5000000e-01 +1.3879000e+01 -4.7743556e-02 +1.2081000e-01 +5.1039012e+00 +8.8750617e-01 +1.8470000e+00 +6.9301111e-01 +1.3210988e-01 -5.8001728e-03 +6.1464463e+04
9.6227600e-01 +4.5000000e-01 +1.3790333e+01 -4.5656111e-02 +1.2132000e-01 +5.1922469e+00 +8.6906543e-01 +1.8400123e+00 +6.9116049e-01 +1.3205926e-01 -6.2146049e-03 +6.3302482e+04
9.6340300e-01 +4.5000000e-01 +1.3699222e+01 -4.3598000e-02 +1.2171889e-01 +5.2829630e+00 +8.4977654e-01 +1.8319012e+00 +6.8895432e-01 +1.3210988e-01 -6.5828148e-03 +6.5203961e+04
9.6451100e-01 +4.5000000e-01 +1.3605333e+01 -4.1576000e-02 +1.2201222e-01 +5.3760494e+00 +8.2965926e-01 +1.8226543e+00 +6.8638889e-01 +1.3223086e-01 -6.9055679e-03 +6.7168682e+04
9.6560100e-01 +4.5000000e-01 +1.3508556e+01 -3.9595889e-02 +1.2220333e-01 +5.4715679e+00 +8.0873580e-01 +1.8122716e+00 +6.8347037e-01 +1.3238889e-01 -7.1845185e-03 +6.9191353e+04
9.6667200e-01 +4.5000000e-01 +1.3408444e+01 -3.7661889e-02 +1.2229333e-01 +5.5695556e+00 +7.8704074e-01 +1.8007778e+00 +6.8019753e-01 +1.3254568e-01 -7.4229012e-03 +7.1263884e+04
9.6772500e-01 +4.5000000e-01 +1.3305111e+01 -3.5777111e-02 +1.2227889e-01 +5.6700370e+00 +7.6460988e-01 +1.7881975e+00 +6.7656049e-01 +1.3266296e-01 -7.6228765e-03 +7.3378389e+04
9.6876100e-01 +4.5000000e-01 +1.3197889e+01 -3.3944222e-02 +1.2216000e-01 +5.7729506e+00 +7.4148519e-01 +1.7745556e+00 +6.7254815e-01 +1.3270000e-01 -7.7822469e-03 +7.5527742e+04
9.6977800e-01 +4.5000000e-01 +1.3086889e+01 -3.2165778e-02 +1.2193667e-01 +5.8782099e+00 +7.1771111e-01 +1.7598395e+00 +6.6814444e-01 +1.3261975e-01 -7.8937901e-03 +7.7704710e+04
9.7077900e-01 +4.5000000e-01 +1.2971556e+01 -3.0444444e-02 +1.2160667e-01 +5.9855802e+00 +6.9333704e-01 +1.7440247e+00 +6.6332840e-01 +1.3239136e-01 -7.9481111e-03 +7.9899888e+04
9.7176200e-01 +4.5000000e-01 +1.2851778e+01 -2.8782778e-02 +1.2117000e-01 +6.0947284e+00 +6.6841852e-01 +1.7270988e+00 +6.5807284e-01 +1.3199259e-01 -7.9376543e-03 +8.2103715e+04
9.7272900e-01 +4.5000000e-01 +1.2727000e+01 -2.7183333e-02 +1.2062556e-01 +6.2051605e+00 +6.4301481e-01 +1.7090000e+00 +6.5234321e-01 +1.3140741e-01 -7.8598025e-03 +8.4311871e+04
9.7367900e-01 +4.5000000e-01 +1.2597111e+01 -2.5648111e-02 +1.1996889e-01 +6.3162222e+00 +6.1718642e-01 +1.6896790e+00 +6.4609630e-01 +1.3062716e-01 -7.7178148e-03 +8.6527025e+04
9.7461200e-01 +4.5000000e-01 +1.2461667e+01 -2.4178667e-02 +1.1919667e-01 +6.4271111e+00 +5.9100123e-01 +1.6690741e+00 +6.3928642e-01 +1.2964568e-01 -7.5200370e-03 +8.8754920e+04
9.7553000e-01 +4.5000000e-01 +1.2320111e+01 -2.2775778e-02 +1.1830444e-01 +6.5369136e+00 +5.6452593e-01 +1.6471235e+00 +6.3186173e-01 +1.2846914e-01 -7.2779012e-03 +9.0998155e+04
9.7643200e-01 +4.5000000e-01 +1.2172222e+01 -2.1439444e-02 +1.1728667e-01 +6.6446296e+00 +5.3783210e-01 +1.6237901e+00 +6.2377160e-01 +1.2711111e-01 -7.0037037e-03 +9.3254454e+04
9.7731900e-01 +4.5000000e-01 +1.2017333e+01 -2.0169000e-02 +1.1614333e-01 +6.7491728e+00 +5.1099259e-01 +1.5990123e+00 +6.1496296e-01 +1.2558395e-01 -6.7085309e-03 +9.5517894e+04
9.7819000e-01 +4.5000000e-01 +1.1855000e+01 -1.8963222e-02 +1.1486778e-01 +6.8492963e+00 +4.8408272e-01 +1.5727407e+00 +6.0537778e-01 +1.2389877e-01 -6.4009506e-03 +9.7780262e+04
9.7904600e-01 +4.5000000e-01 +1.1684778e+01 -1.7820222e-02 +1.1346111e-01 +6.9436173e+00 +4.5717778e-01 +1.5449259e+00 +5.9495062e-01 +1.2205852e-01 -6.0866049e-03 +1.0003138e+05
9.7988700e-01 +4.5000000e-01 +1.1506111e+01 -1.6737889e-02 +1.1192000e-01 +7.0306173e+00 +4.3035802e-01 +1.5155185e+00 +5.8361358e-01 +1.2005691e-01 -5.7687654e-03 +1.0225826e+05
9.8071400e-01 +4.5000000e-01 +1.1318222e+01 -1.5713667e-02 +1.1024756e-01 +7.1086049e+00 +4.0370370e-01 +1.4845062e+00 +5.7129012e-01 +1.1788605e-01 -5.4494691e-03 +1.0444412e+05
9.8152600e-01 +4.5000000e-01 +1.1120556e+01 -1.4744333e-02 +1.0844433e-01 +7.1756914e+00 +3.7729630e-01 +1.4518395e+00 +5.5790123e-01 +1.1553605e-01 -5.1300494e-03 +1.0656801e+05
9.8232400e-01 +4.5000000e-01 +1.0912611e+01 -1.3826889e-02 +1.0651411e-01 +7.2298148e+00 +3.5121852e-01 +1.4175062e+00 +5.4336667e-01 +1.1299741e-01 -4.8111111e-03 +1.0860466e+05
9.8310800e-01 +4.5000000e-01 +1.0693611e+01 -1.2957444e-02 +1.0446078e-01 +7.2686543e+00 +3.2555432e-01 +1.3815062e+00 +5.2760864e-01 +1.1025963e-01 -4.4924444e-03 +1.1052508e+05
9.8387800e-01 +4.5000000e-01 +1.0462922e+01 -1.2132222e-02 +1.0228944e-01 +7.2897037e+00 +3.0038765e-01 +1.3438272e+00 +5.1055185e-01 +1.0731136e-01 -4.1732346e-03 +1.1230008e+05
9.8463500e-01 +4.5000000e-01 +1.0219889e+01 -1.1346889e-02 +1.0000511e-01 +7.2901605e+00 +2.7580494e-01 +1.3044691e+00 +4.9213333e-01 +1.0414086e-01 -3.8526049e-03 +1.1390257e+05
9.8537900e-01 +4.5000000e-01 +9.9638556e+00 -1.0597178e-02 +9.7611889e-02 +7.2670370e+00 +2.5189136e-01 +1.2634074e+00 +4.7229877e-01 +1.0073691e-01 -3.5301111e-03 +1.1530839e+05
9.8611000e-01 +4.5000000e-01 +9.6941889e+00 -9.8786000e-03 +9.5112778e-02 +7.2171111e+00 +2.2873086e-01 +1.2206728e+00 +4.5101111e-01 +9.7090864e-02 -3.2060617e-03 +1.1649750e+05
9.8682800e-01 +4.5000000e-01 +9.4102778e+00 -9.1870000e-03 +9.2508444e-02 +7.1370494e+00 +2.0640617e-01 +1.1762691e+00 +4.2825185e-01 +9.3197037e-02 -2.8817284e-03 +1.1745447e+05
9.8753300e-01 +4.5000000e-01 +9.1115778e+00 -8.5186222e-03 +8.9797222e-02 +7.0235185e+00 +1.8499630e-01 +1.1302383e+00 +4.0403457e-01 +8.9054074e-02 -2.5593827e-03 +1.1817204e+05
9.8822500e-01 +4.5000000e-01 +8.7976111e+00 -7.8702667e-03 +8.6975444e-02 +6.8732716e+00 +1.6457284e-01 +1.0826333e+00 +3.7840617e-01 +8.4664815e-02 -2.2424321e-03 +1.1865435e+05
9.8890600e-01 +4.5000000e-01 +8.4680222e+00 -7.2395333e-03 +8.4037444e-02 +6.6833827e+00 +1.4520617e-01 +1.0335160e+00 +3.5145802e-01 +8.0037531e-02 -1.9352222e-03 +1.1892184e+05
9.8957400e-01 +4.5000000e-01 +8.1225778e+00 -6.6248667e-03 +8.0976222e-02 +6.4514444e+00 +1.2695309e-01 +9.8294815e-01 +3.2333951e-01 +7.5186173e-02 -1.6428395e-03 +1.1901666e+05
9.9023100e-01 +4.5000000e-01 +7.7612333e+00 -6.0256778e-03 +7.7784000e-02 +6.1758148e+00 +1.0986827e-01 +9.3098765e-01 +2.9425556e-01 +7.0131235e-02 -1.3705556e-03 +1.1900641e+05
9.9087600e-01 +4.5000000e-01 +7.3841222e+00 -5.4422111e-03 +7.4452667e-02 +5.8559259e+00 +9.3997284e-02 +8.7767407e-01 +2.6448395e-01 +6.4900741e-02 -1.1234309e-03 +1.1898973e+05
9.9150900e-01 +4.5000000e-01 +6.9916444e+00 -4.8755333e-03 +7.0974556e-02 +5.4925679e+00 +7.9378025e-02 +8.2303210e-01 +2.3436790e-01 +5.9529753e-02 -9.0562099e-04 +1.1909535e+05
9.9213200e-01 +4.5000000e-01 +6.5844333e+00 -4.3273111e-03 +6.7342889e-02 +5.0881852e+00 +6.6040741e-02 +7.6707160e-01 +2.0432099e-01 +5.4059259e-02 -7.1984444e-04 +1.1947645e+05
9.9274300e-01 +4.5000000e-01 +6.1634333e+00 -3.7997556e-03 +6.3552667e-02 +4.6471605e+00 +5.4006790e-02 +7.0979012e-01 +1.7481111e-01 +4.8534568e-02 -5.6688148e-04 +1.2029688e+05
9.9334300e-01 +4.5000000e-01 +5.7298556e+00 -3.2953556e-03 +5.9601111e-02 +4.1760000e+00 +4.3287901e-02 +6.5118642e-01 +1.4635062e-01 +4.3004568e-02 -4.4530988e-04 +1.2170727e+05
9.9393300e-01 +4.5000000e-01 +5.2852000e+00 -2.8168333e-03 +5.5488667e-02 +3.6833333e+00 +3.3884938e-02 +5.9127531e-01 +1.1946975e-01 +3.7521481e-02 -3.5160617e-04 +1.2381714e+05
9.9451200e-01 +4.5000000e-01 +4.8312333e+00 -2.3669222e-03 +5.1219111e-02 +3.1797901e+00 +2.5785802e-02 +5.3011358e-01 +9.4684198e-02 +3.2142840e-02 -2.8063210e-04 +1.2666659e+05
9.9508100e-01 +4.5000000e-01 +4.3699444e+00 -1.9483778e-03 +4.6800111e-02 +2.6775679e+00 +1.8963457e-02 +4.6784198e-01 +7.2461481e-02 +2.6933704e-02 -2.2645926e-04 +1.3020212e+05
9.9563900e-01 +4.5000000e-01 +3.9034556e+00 -1.5638556e-03 +4.2242556e-02 +2.1897778e+00 +1.3372099e-02 +4.0472716e-01 +5.3179012e-02 +2.1968642e-02 -1.8334938e-04 +1.3427520e+05
9.9618800e-01 +4.5000000e-01 +3.4339556e+00 -1.2159111e-03 +3.7560333e-02 +1.7295679e+00 +8.9453827e-03 +3.4123704e-01 +3.7085802e-02 +1.7331481e-02 -1.4664444e-04 +1.3866181e+05
9.9672600e-01 +4.5000000e-01 +2.9636333e+00 -9.0700444e-04 +3.2769111e-02 +1.3091728e+00 +5.5923333e-03 +2.7810864e-01 +2.4269012e-02 +1.3110617e-02 -1.1336667e-04 +1.4310869e+05
9.9725500e-01 +4.5000000e-01 +2.4945222e+00 -6.3953556e-04 +2.7885444e-02 +9.3886914e-01 +3.1963086e-03 +2.1643210e-01 +1.4634198e-02 +9.3919753e-03 -8.2411975e-05 +1.4742112e+05
9.9777500e-01 +4.5000000e-01 +2.0284444e+00 -4.1582000e-04 +2.2925556e-02 +6.2632346e-01 +1.6145679e-03 +1.5772963e-01 +7.9046420e-03 +6.2489259e-03 -5.4341605e-05 +1.5155978e+05
9.9828500e-01 +4.5000000e-01 +1.5669111e+00 -2.3811111e-04 +1.7904667e-02 +3.7617037e-01 +6.8169506e-04 +1.0404000e-01 +3.6447778e-03 +3.7333951e-03 -3.0794074e-05 +1.5572817e+05
9.9878600e-01 +4.5000000e-01 +1.1111022e+00 -1.0858067e-04 +1.2835667e-02 +1.9017284e-01 +2.1767778e-04 +5.7990123e-02 +1.3065556e-03 +1.8705679e-03 -1.3603704e-05 +1.6044400e+05
9.9927800e-01 +4.5000000e-01 +6.6181667e-01 -2.9230444e-05 +7.7292444e-03 +6.7863086e-02 +4.3065309e-05 +2.2887284e-02 +2.9205926e-04 +6.5838889e-04 -3.7518519e-06 +1.6652715e+05
9.9976100e-01 +4.5000000e-01 +2.1951222e-01 +0.0000000e+00 +2.5944667e-03 +7.5319753e-03 +3.1540617e-06 +2.8443827e-03 +1.9085432e-05 +7.1490370e-05 -3.0727037e-07 +1.7432934e+05
1.0000000e+00 +4.5000000e-01 +0.0000000e+00 +0.0000000e+00 +0.0000000e+00 +0.0000000e+00 +0.0000000e+00 +0.0000000e+00 +0.0000000e+00 +0.0000000e+00 +0.0000000e+00 +1.7432840e+05
