#    y              z              <u>            <v>            <w>            <u'u'>         <v'v'>         <w'w'>         <u'v'>         <u'w'>         <v'w'>         <eps>         
#----------------------------------------------------------------------------------------------------------------------------------------------------------------------------------
0.0000000e+00 +2.0000000e-01 +0.0000000e+00 +0.0000000e+00 +0.0000000e+00 +0.0000000e+00 +0.0000000e+00 +0.0000000e+00 +0.0000000e+00 +0.0000000e+00 +0.0000000e+00 +1.7968025e+05
2.3900000e-04 +2.0000000e-01 +2.2614000e-01 -9.9903444e-06 +6.6022111e-03 +7.6408395e-03 +2.8408889e-06 +3.0850123e-03 -1.7232222e-05 -5.0039383e-05 -7.7248642e-07 +1.7968125e+05
7.2200000e-04 +2.0000000e-01 +6.8182222e-01 -3.5162889e-05 +1.9681333e-02 +6.8898148e-02 +3.8931605e-05 +2.4838395e-02 -2.6242346e-04 -3.8460741e-04 -1.0473457e-05 +1.7115483e+05
1.2140000e-03 +2.0000000e-01 +1.1447222e+00 -7.3265889e-05 +3.2703667e-02 +1.9318642e-01 +1.9740000e-04 +6.2945062e-02 -1.1705580e-03 -9.1917407e-04 -4.2479877e-05 +1.6443189e+05
1.7150000e-03 +2.0000000e-01 +1.6143556e+00 -1.2149222e-04 +4.5650889e-02 +3.8231358e-01 +6.2013704e-04 +1.1291432e-01 -3.2600494e-03 -1.5241975e-03 -1.0877901e-04 +1.5914837e+05
2.2250000e-03 +2.0000000e-01 +2.0898778e+00 -1.7720556e-04 +5.8503111e-02 +6.3679136e-01 +1.4734691e-03 +1.7110988e-01 -7.0669630e-03 -2.0804321e-03 -2.1921358e-04 +1.5443868e+05
2.7450000e-03 +2.0000000e-01 +2.5700556e+00 -2.3801444e-04 +7.1236222e-02 +9.5478395e-01 +2.9263951e-03 +2.3462716e-01 -1.3090247e-02 -2.4849753e-03 -3.8162222e-04 +1.4974434e+05
3.2740000e-03 +2.0000000e-01 +3.0532667e+00 -3.0183222e-04 +8.3821667e-02 +1.3314074e+00 +5.1365926e-03 +3.0120123e-01 -2.1736420e-02 -2.6591111e-03 -6.0180370e-04 +1.4484818e+05
3.8120000e-03 +2.0000000e-01 +3.5376000e+00 -3.6691778e-04 +9.6225667e-02 +1.7585802e+00 +8.2425062e-03 +3.6913086e-01 -3.3274815e-02 -2.5553580e-03 -8.8339630e-04 +1.3980544e+05
4.3610000e-03 +2.0000000e-01 +4.0209000e+00 -4.3194111e-04 +1.0841033e-01 +2.2253704e+00 +1.2359630e-02 +4.3719753e-01 -4.7812346e-02 -2.1614691e-03 -1.2278210e-03 +1.3485269e+05
4.9190000e-03 +2.0000000e-01 +4.5008556e+00 -4.9601889e-04 +1.2033444e-01 +2.7188642e+00 +1.7579630e-02 +5.0457654e-01 -6.5289383e-02 -1.5003580e-03 -1.6343457e-03 +1.3028744e+05
5.4880000e-03 +2.0000000e-01 +4.9751889e+00 -5.5874556e-04 +1.3195333e-01 +3.2252593e+00 +2.3971728e-02 +5.7075062e-01 -8.5495309e-02 -6.2601852e-04 -2.1002963e-03 +1.2636816e+05
6.0670000e-03 +2.0000000e-01 +5.4416556e+00 -6.2019556e-04 +1.4322444e-01 +3.7308889e+00 +3.1585185e-02 +6.3542716e-01 -1.0809827e-01 +3.8325556e-04 -2.6214815e-03 +1.2325274e+05
6.6570000e-03 +2.0000000e-01 +5.8982222e+00 -6.8086889e-04 +1.5410444e-01 +4.2232469e+00 +4.0450988e-02 +6.9845802e-01 -1.3268148e-01 +1.4330494e-03 -3.1926173e-03 +1.2098055e+05
7.2570000e-03 +2.0000000e-01 +6.3430778e+00 -7.4161778e-04 +1.6455222e-01 +4.6916049e+00 +5.0585309e-02 +7.5978519e-01 -1.5878272e-01 +2.4212593e-03 -3.8077407e-03 +1.1948711e+05
7.8680000e-03 +2.0000000e-01 +6.7747111e+00 -8.0351778e-04 +1.7453333e-01 +5.1274198e+00 +6.1990864e-02 +8.1939506e-01 -1.8592593e-01 +3.2463827e-03 -4.4605309e-03 +1.1863355e+05
8.4910000e-03 +2.0000000e-01 +7.1918889e+00 -8.6771778e-04 +1.8401778e-01 +5.5244444e+00 +7.4659136e-02 +8.7727901e-01 -2.1365185e-01 +3.8154815e-03 -5.1444321e-03 +1.1824197e+05
9.1240000e-03 +2.0000000e-01 +7.5937111e+00 -9.3528333e-04 +1.9298333e-01 +5.8786914e+00 +8.8570864e-02 +9.3342222e-01 -2.4153827e-01 +4.0512840e-03 -5.8526543e-03 +1.1812660e+05
9.7690000e-03 +2.0000000e-01 +7.9795667e+00 -1.0070311e-03 +2.0141444e-01 +6.1881358e+00 +1.0369753e-01 +9.8778642e-01 -2.6921358e-01 +3.8979012e-03 -6.5782222e-03 +1.1811830e+05
1.0426000e-02 +2.0000000e-01 +8.3491000e+00 -1.0833689e-03 +2.0930222e-01 +6.4524444e+00 +1.2000099e-01 +1.0403062e+00 -2.9636667e-01 +3.3238272e-03 -7.3143210e-03 +1.1807765e+05
1.1094000e-02 +2.0000000e-01 +8.7022222e+00 -1.1641556e-03 +2.1664444e-01 +6.6726296e+00 +1.3743457e-01 +1.0908988e+00 -3.2274444e-01 +2.3219136e-03 -8.0546420e-03 +1.1790037e+05
1.1775000e-02 +2.0000000e-01 +9.0390222e+00 -1.2486000e-03 +2.2344556e-01 +6.8506667e+00 +1.5594444e-01 +1.1394642e+00 -3.4815556e-01 +9.0600741e-04 -8.7940370e-03 +1.1751698e+05
1.2467000e-02 +2.0000000e-01 +9.3597667e+00 -1.3351556e-03 +2.2971222e-01 +6.9892469e+00 +1.7546914e-01 +1.1858963e+00 -3.7246296e-01 -8.9466173e-04 -9.5290494e-03 +1.1688805e+05
1.3172000e-02 +2.0000000e-01 +9.6648556e+00 -1.4215556e-03 +2.3545556e-01 +7.0914815e+00 +1.9593951e-01 +1.2300914e+00 -3.9557654e-01 -3.0420617e-03 -1.0258037e-02 +1.1599948e+05
1.3890000e-02 +2.0000000e-01 +9.9548111e+00 -1.5048000e-03 +2.4068778e-01 +7.1606914e+00 +2.1728272e-01 +1.2719630e+00 -4.1744568e-01 -5.4954321e-03 -1.0980963e-02 +1.1485567e+05
1.4621000e-02 +2.0000000e-01 +1.0230189e+01 -1.5812889e-03 +2.4541889e-01 +7.2002346e+00 +2.3941975e-01 +1.3114444e+00 -4.3805556e-01 -8.2154198e-03 -1.1698593e-02 +1.1347377e+05
1.5365000e-02 +2.0000000e-01 +1.0491622e+01 -1.6469444e-03 +2.4966111e-01 +7.2134321e+00 +2.6227037e-01 +1.3484815e+00 -4.5741358e-01 -1.1165420e-02 -1.2411481e-02 +1.1187887e+05
1.6122000e-02 +2.0000000e-01 +1.0739778e+01 -1.6973889e-03 +2.5342222e-01 +7.2034691e+00 +2.8575062e-01 +1.3830988e+00 -4.7554691e-01 -1.4310247e-02 -1.3118642e-02 +1.1009953e+05
1.6892000e-02 +2.0000000e-01 +1.0975333e+01 -1.7280889e-03 +2.5671000e-01 +7.1733457e+00 +3.0977160e-01 +1.4152840e+00 -4.9249753e-01 -1.7612840e-02 -1.3817284e-02 +1.0816461e+05
1.7676000e-02 +2.0000000e-01 +1.1199000e+01 -1.7346222e-03 +2.5952889e-01 +7.1258642e+00 +3.3424691e-01 +1.4451111e+00 -5.0831358e-01 -2.1030494e-02 -1.4502222e-02 +1.0610093e+05
1.8474000e-02 +2.0000000e-01 +1.1411333e+01 -1.7128889e-03 +2.6188111e-01 +7.0635926e+00 +3.5908889e-01 +1.4726420e+00 -5.2304321e-01 -2.4513827e-02 -1.5167160e-02 +1.0393213e+05
1.9286000e-02 +2.0000000e-01 +1.1613111e+01 -1.6594111e-03 +2.6376889e-01 +6.9888889e+00 +3.8420864e-01 +1.4979753e+00 -5.3674074e-01 -2.8006914e-02 -1.5805062e-02 +1.0167917e+05
2.0113000e-02 +2.0000000e-01 +1.1805000e+01 -1.5715333e-03 +2.6519444e-01 +6.9038395e+00 +4.0951975e-01 +1.5211852e+00 -5.4945062e-01 -3.1452593e-02 -1.6408889e-02 +9.9361033e+04
2.0954000e-02 +2.0000000e-01 +1.1987444e+01 -1.4476778e-03 +2.6615889e-01 +6.8103457e+00 +4.3493580e-01 +1.5423704e+00 -5.6121605e-01 -3.4796667e-02 -1.6972469e-02 +9.6995841e+04
2.1810000e-02 +2.0000000e-01 +1.2161222e+01 -1.2874667e-03 +2.6666444e-01 +6.7100370e+00 +4.6037654e-01 +1.5615926e+00 -5.7207901e-01 -3.7992840e-02 -1.7490370e-02 +9.4600882e+04
2.2681000e-02 +2.0000000e-01 +1.2326778e+01 -1.0918067e-03 +2.6671778e-01 +6.6043333e+00 +4.8575802e-01 +1.5789383e+00 -5.8207531e-01 -4.1007407e-02 -1.7958148e-02 +9.2193140e+04
2.3568000e-02 +2.0000000e-01 +1.2484778e+01 -8.6286000e-04 +2.6632556e-01 +6.4944938e+00 +5.1100494e-01 +1.5944568e+00 -5.9124568e-01 -4.3821358e-02 -1.8371728e-02 +8.9788596e+04
2.4470000e-02 +2.0000000e-01 +1.2635778e+01 -6.0400333e-04 +2.6549667e-01 +6.3815802e+00 +5.3604321e-01 +1.6082346e+00 -5.9962840e-01 -4.6430988e-02 -1.8727160e-02 +8.7400064e+04
2.5388000e-02 +2.0000000e-01 +1.2780111e+01 -3.1975778e-04 +2.6424444e-01 +6.2665679e+00 +5.6080247e-01 +1.6203333e+00 -6.0727037e-01 -4.8843086e-02 -1.9019877e-02 +8.5035686e+04
2.6321000e-02 +2.0000000e-01 +1.2918333e+01 -1.5733444e-05 +2.6258333e-01 +6.1503333e+00 +5.8521975e-01 +1.6308642e+00 -6.1421605e-01 -5.1068519e-02 -1.9245185e-02 +8.2698097e+04
2.7271000e-02 +2.0000000e-01 +1.3050889e+01 +3.0148556e-04 +2.6052889e-01 +6.0336420e+00 +6.0923951e-01 +1.6399012e+00 -6.2050988e-01 -5.3115309e-02 -1.9398272e-02 +8.0386653e+04
2.8238000e-02 +2.0000000e-01 +1.3178222e+01 +6.2450111e-04 +2.5810000e-01 +5.9172346e+00 +6.3281235e-01 +1.6475556e+00 -6.2619506e-01 -5.4983704e-02 -1.9476914e-02 +7.8100172e+04
2.9221000e-02 +2.0000000e-01 +1.3300556e+01 +9.4528111e-04 +2.5531556e-01 +5.8017160e+00 +6.5590247e-01 +1.6539136e+00 -6.3130988e-01 -5.6664815e-02 -1.9482222e-02 +7.5839668e+04
3.0222000e-02 +2.0000000e-01 +1.3418333e+01 +1.2552778e-03 +2.5219333e-01 +5.6876049e+00 +6.7847654e-01 +1.6590741e+00 -6.3589630e-01 -5.8145802e-02 -1.9420494e-02 +7.3607587e+04
3.1239000e-02 +2.0000000e-01 +1.3531778e+01 +1.5454667e-03 +2.4875778e-01 +5.5753086e+00 +7.0050741e-01 +1.6631358e+00 -6.3999383e-01 -5.9421111e-02 -1.9301358e-02 +7.1407688e+04
3.2275000e-02 +2.0000000e-01 +1.3641222e+01 +1.8064444e-03 +2.4503222e-01 +5.4651481e+00 +7.2197037e-01 +1.6661975e+00 -6.4364321e-01 -6.0501481e-02 -1.9136420e-02 +6.9244556e+04
3.3328000e-02 +2.0000000e-01 +1.3747000e+01 +2.0283889e-03 +2.4104667e-01 +5.3573333e+00 +7.4284321e-01 +1.6683827e+00 -6.4688765e-01 -6.1412963e-02 -1.8937160e-02 +6.7121608e+04
3.4399000e-02 +2.0000000e-01 +1.3849333e+01 +2.2009444e-03 +2.3683333e-01 +5.2520741e+00 +7.6310000e-01 +1.6697901e+00 -6.4976914e-01 -6.2186296e-02 -1.8714568e-02 +6.5041671e+04
3.5489000e-02 +2.0000000e-01 +1.3948444e+01 +2.3130333e-03 +2.3242111e-01 +5.1495185e+00 +7.8271481e-01 +1.6705185e+00 -6.5232716e-01 -6.2841728e-02 -1.8479383e-02 +6.3008315e+04
3.6597000e-02 +2.0000000e-01 +1.4044667e+01 +2.3531222e-03 +2.2783333e-01 +5.0498395e+00 +8.0166173e-01 +1.6706667e+00 -6.5459012e-01 -6.3381111e-02 -1.8242963e-02 +6.1024470e+04
3.7724000e-02 +2.0000000e-01 +1.4138111e+01 +2.3098000e-03 +2.2308444e-01 +4.9531358e+00 +8.1991728e-01 +1.6703086e+00 -6.5656667e-01 -6.3793210e-02 -1.8016790e-02 +5.9091243e+04
3.8870000e-02 +2.0000000e-01 +1.4229000e+01 +2.1729778e-03 +2.1818333e-01 +4.8594198e+00 +8.3745802e-01 +1.6695185e+00 -6.5825432e-01 -6.4069259e-02 -1.7813827e-02 +5.7210752e+04
4.0036000e-02 +2.0000000e-01 +1.4317667e+01 +1.9349111e-03 +2.1313111e-01 +4.7686049e+00 +8.5426296e-01 +1.6683457e+00 -6.5964198e-01 -6.4216667e-02 -1.7647778e-02 +5.5389178e+04
4.1221000e-02 +2.0000000e-01 +1.4404222e+01 +1.5908889e-03 +2.0792778e-01 +4.6805556e+00 +8.7031235e-01 +1.6667654e+00 -6.6071481e-01 -6.4261605e-02 -1.7530370e-02 +5.3631820e+04
4.2426000e-02 +2.0000000e-01 +1.4488889e+01 +1.1393889e-03 +2.0257000e-01 +4.5951481e+00 +8.8558765e-01 +1.6647778e+00 -6.6146420e-01 -6.4245556e-02 -1.7465679e-02 +5.1938268e+04
4.3652000e-02 +2.0000000e-01 +1.4571889e+01 +5.8170222e-04 +1.9705889e-01 +4.5122593e+00 +9.0007531e-01 +1.6623457e+00 -6.6188642e-01 -6.4220988e-02 -1.7447654e-02 +5.0303416e+04
4.4899000e-02 +2.0000000e-01 +1.4653333e+01 -7.8670556e-05 +1.9140111e-01 +4.4318025e+00 +9.1376667e-01 +1.6594198e+00 -6.6197901e-01 -6.4241852e-02 -1.7464321e-02 +4.8723985e+04
4.6166000e-02 +2.0000000e-01 +1.4733444e+01 -8.3656222e-04 +1.8561667e-01 +4.3536296e+00 +9.2666173e-01 +1.6559259e+00 -6.6174444e-01 -6.4352099e-02 -1.7508025e-02 +4.7198661e+04
4.7454000e-02 +2.0000000e-01 +1.4812222e+01 -1.6856778e-03 +1.7973000e-01 +4.2776790e+00 +9.3876420e-01 +1.6518148e+00 -6.6118642e-01 -6.4575185e-02 -1.7583827e-02 +4.5725430e+04
4.8764000e-02 +2.0000000e-01 +1.4889889e+01 -2.6194667e-03 +1.7377222e-01 +4.2038889e+00 +9.5008395e-01 +1.6470000e+00 -6.6031852e-01 -6.4907778e-02 -1.7710000e-02 +4.4300548e+04
5.0095000e-02 +2.0000000e-01 +1.4966444e+01 -3.6322778e-03 +1.6776556e-01 +4.1322716e+00 +9.6063086e-01 +1.6414321e+00 -6.5915556e-01 -6.5320617e-02 -1.7910741e-02 +4.2918398e+04
5.1449000e-02 +2.0000000e-01 +1.5042000e+01 -4.7199556e-03 +1.6171778e-01 +4.0628642e+00 +9.7041111e-01 +1.6350247e+00 -6.5772222e-01 -6.5775679e-02 -1.8205309e-02 +4.1573023e+04
5.2825000e-02 +2.0000000e-01 +1.5116556e+01 -5.8794000e-03 +1.5562000e-01 +3.9956543e+00 +9.7943333e-01 +1.6277654e+00 -6.5604568e-01 -6.6241728e-02 -1.8601235e-02 +4.0260924e+04
5.4223000e-02 +2.0000000e-01 +1.5190333e+01 -7.1075889e-03 +1.4945444e-01 +3.9305802e+00 +9.8770123e-01 +1.6196420e+00 -6.5415802e-01 -6.6692716e-02 -1.9089753e-02 +3.8985178e+04
5.5645000e-02 +2.0000000e-01 +1.5263111e+01 -8.4009667e-03 +1.4319222e-01 +3.8675062e+00 +9.9521235e-01 +1.6106667e+00 -6.5208889e-01 -6.7097778e-02 -1.9647160e-02 +3.7752128e+04
5.7090000e-02 +2.0000000e-01 +1.5335111e+01 -9.7556556e-03 +1.3680889e-01 +3.8062593e+00 +1.0019642e+00 +1.6008889e+00 -6.4985679e-01 -6.7420988e-02 -2.0240864e-02 +3.6566130e+04
5.8558000e-02 +2.0000000e-01 +1.5406444e+01 -1.1167778e-02 +1.3028333e-01 +3.7466667e+00 +1.0079506e+00 +1.5903457e+00 -6.4746914e-01 -6.7628148e-02 -2.0840123e-02 +3.5427710e+04
6.0050000e-02 +2.0000000e-01 +1.5477000e+01 -1.2633444e-02 +1.2360667e-01 +3.6886543e+00 +1.0131728e+00 +1.5790988e+00 -6.4491975e-01 -6.7691728e-02 -2.1423210e-02 +3.4335786e+04
6.1566000e-02 +2.0000000e-01 +1.5546889e+01 -1.4149556e-02 +1.1677111e-01 +3.6321728e+00 +1.0176333e+00 +1.5672099e+00 -6.4219753e-01 -6.7590988e-02 -2.1977901e-02 +3.3289685e+04
6.3107000e-02 +2.0000000e-01 +1.5616333e+01 -1.5714667e-02 +1.0977044e-01 +3.5772840e+00 +1.0213444e+00 +1.5547778e+00 -6.3928765e-01 -6.7311605e-02 -2.2499630e-02 +3.2287558e+04
6.4672000e-02 +2.0000000e-01 +1.5685111e+01 -1.7328889e-02 +1.0260222e-01 +3.5240617e+00 +1.0243296e+00 +1.5419506e+00 -6.3617778e-01 -6.6845185e-02 -2.2991728e-02 +3.1324938e+04
6.6263000e-02 +2.0000000e-01 +1.5753556e+01 -1.8993889e-02 +9.5270667e-02 +3.4726543e+00 +1.0266296e+00 +1.5288642e+00 -6.3286296e-01 -6.6186790e-02 -2.3473951e-02 +3.0393979e+04
6.7879000e-02 +2.0000000e-01 +1.5821444e+01 -2.0711778e-02 +8.7787667e-02 +3.4231975e+00 +1.0282975e+00 +1.5156049e+00 -6.2935556e-01 -6.5326173e-02 -2.3985926e-02 +2.9486244e+04
6.9520000e-02 +2.0000000e-01 +1.5888889e+01 -2.2484667e-02 +8.0166778e-02 +3.3757654e+00 +1.0294012e+00 +1.5021728e+00 -6.2568272e-01 -6.4246049e-02 -2.4576296e-02 +2.8597132e+04
7.1188000e-02 +2.0000000e-01 +1.5956000e+01 -2.4313000e-02 +7.2419778e-02 +3.3302716e+00 +1.0300160e+00 +1.4885802e+00 -6.2187037e-01 -6.2927654e-02 -2.5285309e-02 +2.7727589e+04
7.2882000e-02 +2.0000000e-01 +1.6022556e+01 -2.6194333e-02 +6.4560778e-02 +3.2864444e+00 +1.0302185e+00 +1.4748395e+00 -6.1793827e-01 -6.1364444e-02 -2.6132346e-02 +2.6880672e+04
7.4602000e-02 +2.0000000e-01 +1.6088778e+01 -2.8124556e-02 +5.6617556e-02 +3.2440000e+00 +1.0300778e+00 +1.4610000e+00 -6.1389383e-01 -5.9591481e-02 -2.7107407e-02 +2.6057834e+04
7.6350000e-02 +2.0000000e-01 +1.6154444e+01 -3.0098556e-02 +4.8638111e-02 +3.2026667e+00 +1.0296444e+00 +1.4471481e+00 -6.0974568e-01 -5.7706049e-02 -2.8169753e-02 +2.5259427e+04
7.8124000e-02 +2.0000000e-01 +1.6219778e+01 -3.2111889e-02 +4.0682778e-02 +3.1622469e+00 +1.0289469e+00 +1.4334198e+00 -6.0549506e-01 -5.5853457e-02 -2.9259012e-02 +2.4485888e+04
7.9926000e-02 +2.0000000e-01 +1.6284556e+01 -3.4161333e-02 +3.2806444e-02 +3.1225802e+00 +1.0279988e+00 +1.4198395e+00 -6.0113580e-01 -5.4182963e-02 -3.0318519e-02 +2.3737119e+04
8.1756000e-02 +2.0000000e-01 +1.6348778e+01 -3.6245556e-02 +2.5046667e-02 +3.0835926e+00 +1.0268086e+00 +1.4063704e+00 -5.9663457e-01 -5.2800370e-02 -3.1318395e-02 +2.3014116e+04
8.3615000e-02 +2.0000000e-01 +1.6412667e+01 -3.8365000e-02 +1.7420222e-02 +3.0451358e+00 +1.0253840e+00 +1.3929259e+00 -5.9193951e-01 -5.1745926e-02 -3.2269136e-02 +2.2320893e+04
8.5501000e-02 +2.0000000e-01 +1.6476111e+01 -4.0521889e-02 +9.9238111e-03 +3.0070000e+00 +1.0237383e+00 +1.3794444e+00 -5.8701235e-01 -5.1007284e-02 -3.3210123e-02 +2.1660674e+04
8.7416000e-02 +2.0000000e-01 +1.6539111e+01 -4.2719333e-02 +2.5410000e-03 +2.9690988e+00 +1.0218840e+00 +1.3659383e+00 -5.8184074e-01 -5.0542099e-02 -3.4181605e-02 +2.1031937e+04
8.9361000e-02 +2.0000000e-01 +1.6601667e+01 -4.4960333e-02 -4.7434333e-03 +2.9314938e+00 +1.0198346e+00 +1.3524321e+00 -5.7643827e-01 -5.0282840e-02 -3.5206420e-02 +2.0429328e+04
9.1335000e-02 +2.0000000e-01 +1.6663778e+01 -4.7246111e-02 -1.1935333e-02 +2.8944198e+00 +1.0175975e+00 +1.3389136e+00 -5.7084074e-01 -5.0153210e-02 -3.6287654e-02 +1.9843563e+04
9.3338000e-02 +2.0000000e-01 +1.6725333e+01 -4.9575778e-02 -1.9038556e-02 +2.8580370e+00 +1.0151840e+00 +1.3253457e+00 -5.6510000e-01 -5.0110741e-02 -3.7412840e-02 +1.9268295e+04
9.5371000e-02 +2.0000000e-01 +1.6786556e+01 -5.1948444e-02 -2.6063222e-02 +2.8224321e+00 +1.0125877e+00 +1.3116667e+00 -5.5926420e-01 -5.0167778e-02 -3.8553827e-02 +1.8706582e+04
9.7435000e-02 +2.0000000e-01 +1.6847222e+01 -5.4363000e-02 -3.3016111e-02 +2.7875062e+00 +1.0098012e+00 +1.2979136e+00 -5.5336914e-01 -5.0364198e-02 -3.9674815e-02 +1.8163965e+04
9.9529000e-02 +2.0000000e-01 +1.6907444e+01 -5.6816111e-02 -3.9882333e-02 +2.7530741e+00 +1.0068272e+00 +1.2842099e+00 -5.4743704e-01 -5.0724444e-02 -4.0747778e-02 +1.7641638e+04
1.0165400e-01 +2.0000000e-01 +1.6967111e+01 -5.9299667e-02 -4.6627667e-02 +2.7190123e+00 +1.0036914e+00 +1.2707531e+00 -5.4148025e-01 -5.1236543e-02 -4.1772840e-02 +1.7138904e+04
1.0381000e-01 +2.0000000e-01 +1.7026444e+01 -6.1803333e-02 -5.3213111e-02 +2.6852963e+00 +1.0004370e+00 +1.2577284e+00 -5.3549753e-01 -5.1886049e-02 -4.2779136e-02 +1.6653086e+04
1.0599800e-01 +2.0000000e-01 +1.7085222e+01 -6.4321778e-02 -5.9606667e-02 +2.6519506e+00 +9.9711235e-01 +1.2451481e+00 -5.2948272e-01 -5.2687654e-02 -4.3798148e-02 +1.6181428e+04
1.0821700e-01 +2.0000000e-01 +1.7143556e+01 -6.6860000e-02 -6.5792000e-02 +2.6190370e+00 +9.9376420e-01 +1.2328494e+00 -5.2341975e-01 -5.3675432e-02 -4.4836543e-02 +1.5724274e+04
1.1046800e-01 +2.0000000e-01 +1.7201444e+01 -6.9430222e-02 -7.1781889e-02 +2.5865679e+00 +9.9043580e-01 +1.2206160e+00 -5.1727778e-01 -5.4877284e-02 -4.5884568e-02 +1.5284105e+04
1.1275100e-01 +2.0000000e-01 +1.7258667e+01 -7.2044222e-02 -7.7626222e-02 +2.5546296e+00 +9.8715556e-01 +1.2083358e+00 -5.1101605e-01 -5.6289383e-02 -4.6939630e-02 +1.4860730e+04
1.1506700e-01 +2.0000000e-01 +1.7315222e+01 -7.4704889e-02 -8.3394000e-02 +2.5233827e+00 +9.8392963e-01 +1.1960593e+00 -5.0459506e-01 -5.7875926e-02 -4.8006667e-02 +1.4452333e+04
1.1741600e-01 +2.0000000e-01 +1.7371222e+01 -7.7403333e-02 -8.9136889e-02 +2.4929753e+00 +9.8072963e-01 +1.1839333e+00 -4.9797654e-01 -5.9588148e-02 -4.9078889e-02 +1.4058904e+04
1.1979700e-01 +2.0000000e-01 +1.7426667e+01 -8.0123222e-02 -9.4875111e-02 +2.4634568e+00 +9.7750988e-01 +1.1721012e+00 -4.9112099e-01 -6.1377901e-02 -5.0138395e-02 +1.3683245e+04
1.2221200e-01 +2.0000000e-01 +1.7481667e+01 -8.2846333e-02 -1.0061467e-01 +2.4348395e+00 +9.7422222e-01 +1.1606099e+00 -4.8401852e-01 -6.3232593e-02 -5.1167531e-02 +1.3330048e+04
1.2466000e-01 +2.0000000e-01 +1.7536111e+01 -8.5557111e-02 -1.0635411e-01 +2.4071481e+00 +9.7082716e-01 +1.1494062e+00 -4.7669630e-01 -6.5170247e-02 -5.2158765e-02 +1.3000333e+04
1.2714300e-01 +2.0000000e-01 +1.7590111e+01 -8.8247333e-02 -1.1207444e-01 +2.3804691e+00 +9.6730741e-01 +1.1384469e+00 -4.6919506e-01 -6.7170741e-02 -5.3118765e-02 +1.2687477e+04
1.2965900e-01 +2.0000000e-01 +1.7643667e+01 -9.0918333e-02 -1.1774222e-01 +2.3549383e+00 +9.6365802e-01 +1.1277407e+00 -4.6152222e-01 -6.9179506e-02 -5.4053210e-02 +1.2381651e+04
1.3220900e-01 +2.0000000e-01 +1.7696667e+01 -9.3575667e-02 -1.2332889e-01 +2.3306790e+00 +9.5988148e-01 +1.1172642e+00 -4.5365309e-01 -7.1212963e-02 -5.4947407e-02 +1.2079435e+04
1.3479400e-01 +2.0000000e-01 +1.7749000e+01 -9.6226222e-02 -1.2880667e-01 +2.3076667e+00 +9.5597778e-01 +1.1069605e+00 -4.4554198e-01 -7.3372963e-02 -5.5774815e-02 +1.1786422e+04
1.3741400e-01 +2.0000000e-01 +1.7800667e+01 -9.8875556e-02 -1.3412111e-01 +2.2856914e+00 +9.5196420e-01 +1.0968037e+00 -4.3716173e-01 -7.5727160e-02 -5.6521975e-02 +1.1507433e+04
1.4006800e-01 +2.0000000e-01 +1.7851333e+01 -1.0152311e-01 -1.3919000e-01 +2.2645062e+00 +9.4789259e-01 +1.0868457e+00 -4.2850000e-01 -7.8239630e-02 -5.7181605e-02 +1.1239842e+04
1.4275700e-01 +2.0000000e-01 +1.7901222e+01 -1.0416178e-01 -1.4393667e-01 +2.2437778e+00 +9.4385432e-01 +1.0771864e+00 -4.1953210e-01 -8.0782840e-02 -5.7739259e-02 +1.0982087e+04
1.4548200e-01 +2.0000000e-01 +1.7950333e+01 -1.0677967e-01 -1.4833556e-01 +2.2232593e+00 +9.3995309e-01 +1.0679160e+00 -4.1023704e-01 -8.3190247e-02 -5.8189012e-02 +1.0736500e+04
1.4824300e-01 +2.0000000e-01 +1.7998556e+01 -1.0936289e-01 -1.5241444e-01 +2.2028519e+00 +9.3627284e-01 +1.0590432e+00 -4.0062963e-01 -8.5367407e-02 -5.8541235e-02 +1.0503368e+04
1.5103800e-01 +2.0000000e-01 +1.8045889e+01 -1.1190111e-01 -1.5621333e-01 +2.1827037e+00 +9.3285185e-01 +1.0504630e+00 -3.9073580e-01 -8.7364444e-02 -5.8812963e-02 +1.0283308e+04
1.5387000e-01 +2.0000000e-01 +1.8092444e+01 -1.1439333e-01 -1.5975667e-01 +2.1631358e+00 +9.2968765e-01 +1.0420370e+00 -3.8054938e-01 -8.9335556e-02 -5.9036543e-02 +1.0076636e+04
1.5673800e-01 +2.0000000e-01 +1.8138111e+01 -1.1684778e-01 -1.6304778e-01 +2.1443951e+00 +9.2677037e-01 +1.0336469e+00 -3.7006914e-01 -9.1445309e-02 -5.9269136e-02 +9.8821606e+03
1.5964200e-01 +2.0000000e-01 +1.8182778e+01 -1.1927000e-01 -1.6607667e-01 +2.1264691e+00 +9.2410494e-01 +1.0251654e+00 -3.5933704e-01 -9.3811605e-02 -5.9580000e-02 +9.6992610e+03
1.6258200e-01 +2.0000000e-01 +1.8226556e+01 -1.2167111e-01 -1.6885222e-01 +2.1092099e+00 +9.2170741e-01 +1.0164704e+00 -3.4840617e-01 -9.6467284e-02 -6.0029753e-02 +9.5273789e+03
1.6555900e-01 +2.0000000e-01 +1.8269333e+01 -1.2405778e-01 -1.7141556e-01 +2.0924815e+00 +9.1958765e-01 +1.0075593e+00 -3.3730000e-01 -9.9370247e-02 -6.0651235e-02 +9.3646313e+03
1.6857200e-01 +2.0000000e-01 +1.8311111e+01 -1.2643444e-01 -1.7382000e-01 +2.0762840e+00 +9.1774691e-01 +9.9850247e-01 -3.2601728e-01 -1.0250728e-01 -6.1418025e-02 +9.2117033e+03
1.7162200e-01 +2.0000000e-01 +1.8352111e+01 -1.2880333e-01 -1.7608889e-01 +2.0607037e+00 +9.1616296e-01 +9.8936543e-01 -3.1456173e-01 -1.0593358e-01 -6.2239877e-02 +9.0728844e+03
1.7470800e-01 +2.0000000e-01 +1.8392111e+01 -1.3116889e-01 -1.7819333e-01 +2.0459259e+00 +9.1480741e-01 +9.8029630e-01 -3.0297160e-01 -1.0968123e-01 -6.3016543e-02 +8.9486943e+03
1.7783200e-01 +2.0000000e-01 +1.8431333e+01 -1.3353000e-01 -1.8005667e-01 +2.0320247e+00 +9.1366420e-01 +9.7156914e-01 -2.9128765e-01 -1.1371111e-01 -6.3689136e-02 +8.8335032e+03
1.8099200e-01 +2.0000000e-01 +1.8469667e+01 -1.3586778e-01 -1.8159556e-01 +2.0191358e+00 +9.1273086e-01 +9.6338889e-01 -2.7950370e-01 -1.1793802e-01 -6.4250494e-02 +8.7226424e+03
1.8419000e-01 +2.0000000e-01 +1.8506889e+01 -1.3813556e-01 -1.8275778e-01 +2.0074198e+00 +9.1200370e-01 +9.5570617e-01 -2.6759753e-01 -1.2225235e-01 -6.4715309e-02 +8.6183224e+03
1.8742400e-01 +2.0000000e-01 +1.8543222e+01 -1.4026556e-01 -1.8349778e-01 +1.9968642e+00 +9.1147654e-01 +9.4835556e-01 -2.5556049e-01 -1.2655679e-01 -6.5065185e-02 +8.5254824e+03
1.9069600e-01 +2.0000000e-01 +1.8578333e+01 -1.4219778e-01 -1.8377444e-01 +1.9872593e+00 +9.1113086e-01 +9.4127654e-01 -2.4340494e-01 -1.3078148e-01 -6.5290741e-02 +8.4440898e+03
1.9400400e-01 +2.0000000e-01 +1.8612333e+01 -1.4390000e-01 -1.8360556e-01 +1.9784444e+00 +9.1094321e-01 +9.3455185e-01 -2.3115556e-01 -1.3490123e-01 -6.5430123e-02 +8.3738283e+03
1.9735000e-01 +2.0000000e-01 +1.8645000e+01 -1.4537778e-01 -1.8307889e-01 +1.9704938e+00 +9.1089259e-01 +9.2836173e-01 -2.1886296e-01 -1.3894074e-01 -6.5509012e-02 +8.3143676e+03
2.0073300e-01 +2.0000000e-01 +1.8676444e+01 -1.4666111e-01 -1.8230000e-01 +1.9637407e+00 +9.1098148e-01 +9.2289877e-01 -2.0660370e-01 -1.4296914e-01 -6.5543951e-02 +8.2610658e+03
2.0415300e-01 +2.0000000e-01 +1.8706556e+01 -1.4777222e-01 -1.8136111e-01 +1.9585926e+00 +9.1123704e-01 +9.1818148e-01 -1.9446420e-01 -1.4713457e-01 -6.5566543e-02 +8.2088930e+03
2.0761100e-01 +2.0000000e-01 +1.8735333e+01 -1.4870556e-01 -1.8030556e-01 +1.9552716e+00 +9.1169630e-01 +9.1398642e-01 -1.8249877e-01 -1.5159630e-01 -6.5586543e-02 +8.1581516e+03
2.1110500e-01 +2.0000000e-01 +1.8762889e+01 -1.4944222e-01 -1.7912667e-01 +1.9538395e+00 +9.1240000e-01 +9.0999012e-01 -1.7073086e-01 -1.5640000e-01 -6.5584444e-02 +8.1143394e+03
2.1463600e-01 +2.0000000e-01 +1.8789333e+01 -1.4997333e-01 -1.7782667e-01 +1.9542840e+00 +9.1340370e-01 +9.0598642e-01 -1.5915062e-01 -1.6146914e-01 -6.5545432e-02 +8.0774276e+03
2.1820500e-01 +2.0000000e-01 +1.8814667e+01 -1.5030556e-01 -1.7642111e-01 +1.9566790e+00 +9.1477531e-01 +9.0196790e-01 -1.4772222e-01 -1.6676667e-01 -6.5466296e-02 +8.0413647e+03
2.2181000e-01 +2.0000000e-01 +1.8839000e+01 -1.5046000e-01 -1.7491778e-01 +1.9609506e+00 +9.1654938e-01 +8.9801235e-01 -1.3639630e-01 -1.7230864e-01 -6.5358765e-02 +8.0046262e+03
2.2545200e-01 +2.0000000e-01 +1.8862111e+01 -1.5045778e-01 -1.7332556e-01 +1.9668765e+00 +9.1871975e-01 +8.9411111e-01 -1.2512716e-01 -1.7802593e-01 -6.5252222e-02 +7.9700364e+03
2.2913100e-01 +2.0000000e-01 +1.8884000e+01 -1.5029778e-01 -1.7160333e-01 +1.9742963e+00 +9.2128025e-01 +8.9017284e-01 -1.1386160e-01 -1.8378272e-01 -6.5152346e-02 +7.9386644e+03
2.3284600e-01 +2.0000000e-01 +1.8904556e+01 -1.4996556e-01 -1.6967556e-01 +1.9830741e+00 +9.2421852e-01 +8.8603580e-01 -1.0254160e-01 -1.8938889e-01 -6.5010494e-02 +7.9131008e+03
2.3659700e-01 +2.0000000e-01 +1.8923667e+01 -1.4946111e-01 -1.6751000e-01 +1.9931111e+00 +9.2750741e-01 +8.8145556e-01 -9.1145556e-02 -1.9460494e-01 -6.4746914e-02 +7.9010971e+03
2.4038500e-01 +2.0000000e-01 +1.8941222e+01 -1.4880889e-01 -1.6511667e-01 +2.0042469e+00 +9.3114815e-01 +8.7636790e-01 -7.9655679e-02 -1.9925679e-01 -6.4298765e-02 +7.9069033e+03
2.4420900e-01 +2.0000000e-01 +1.8957333e+01 -1.4803778e-01 -1.6246556e-01 +2.0162840e+00 +9.3518395e-01 +8.7101111e-01 -6.8024444e-02 -2.0332593e-01 -6.3646914e-02 +7.9266113e+03
2.4806900e-01 +2.0000000e-01 +1.8972222e+01 -1.4717222e-01 -1.5946111e-01 +2.0291111e+00 +9.3967778e-01 +8.6576667e-01 -5.6239630e-02 -2.0705679e-01 -6.2806790e-02 +7.9539544e+03
2.5196400e-01 +2.0000000e-01 +1.8985556e+01 -1.4621667e-01 -1.5599889e-01 +2.0427037e+00 +9.4465926e-01 +8.6089630e-01 -4.4341358e-02 -2.1074198e-01 -6.1783704e-02 +7.9857257e+03
2.5589500e-01 +2.0000000e-01 +1.8997556e+01 -1.4515778e-01 -1.5199444e-01 +2.0570000e+00 +9.5008889e-01 +8.5647037e-01 -3.2354815e-02 -2.1448765e-01 -6.0558765e-02 +8.0209654e+03
2.5986100e-01 +2.0000000e-01 +1.9008111e+01 -1.4398444e-01 -1.4739222e-01 +2.0718519e+00 +9.5587531e-01 +8.5256296e-01 -2.0302469e-02 -2.1827160e-01 -5.9104198e-02 +8.0588010e+03
2.6386200e-01 +2.0000000e-01 +1.9017000e+01 -1.4269333e-01 -1.4221000e-01 +2.0871358e+00 +9.6193580e-01 +8.4933210e-01 -8.2077778e-03 -2.2207037e-01 -5.7408395e-02 +8.0968337e+03
2.6789700e-01 +2.0000000e-01 +1.9024444e+01 -1.4128556e-01 -1.3649111e-01 +2.1029012e+00 +9.6820494e-01 +8.4688642e-01 +3.9178519e-03 -2.2590988e-01 -5.5498272e-02 +8.1336404e+03
2.7196700e-01 +2.0000000e-01 +1.9030333e+01 -1.3976111e-01 -1.3030000e-01 +2.1192346e+00 +9.7460988e-01 +8.4526296e-01 +1.6020494e-02 -2.2986173e-01 -5.3463580e-02 +8.1715131e+03
2.7607100e-01 +2.0000000e-01 +1.9035000e+01 -1.3814111e-01 -1.2372000e-01 +2.1363704e+00 +9.8109383e-01 +8.4446173e-01 +2.7966296e-02 -2.3394198e-01 -5.1433580e-02 +8.2148618e+03
2.8020900e-01 +2.0000000e-01 +1.9038333e+01 -1.3647444e-01 -1.1685222e-01 +2.1543333e+00 +9.8766914e-01 +8.4455926e-01 +3.9650617e-02 -2.3799506e-01 -4.9505432e-02 +8.2605909e+03
2.8438000e-01 +2.0000000e-01 +1.9040556e+01 -1.3479556e-01 -1.0981689e-01 +2.1730247e+00 +9.9441605e-01 +8.4548889e-01 +5.1047531e-02 -2.4186296e-01 -4.7747531e-02 +8.3037760e+03
2.8858300e-01 +2.0000000e-01 +1.9041667e+01 -1.3309333e-01 -1.0271222e-01 +2.1922593e+00 +1.0014654e+00 +8.4698642e-01 +6.2100617e-02 -2.4548519e-01 -4.6211728e-02 +8.3449369e+03
2.9282000e-01 +2.0000000e-01 +1.9041667e+01 -1.3133778e-01 -9.5663000e-02 +2.2117901e+00 +1.0089309e+00 +8.4896420e-01 +7.2671358e-02 -2.4885062e-01 -4.4906173e-02 +8.3849073e+03
2.9708800e-01 +2.0000000e-01 +1.9040444e+01 -1.2952556e-01 -8.8762667e-02 +2.2313951e+00 +1.0168346e+00 +8.5148642e-01 +8.2651481e-02 -2.5197407e-01 -4.3722840e-02 +8.4273328e+03
3.0138800e-01 +2.0000000e-01 +1.9038000e+01 -1.2766556e-01 -8.1952222e-02 +2.2508765e+00 +1.0250988e+00 +8.5448148e-01 +9.1981852e-02 -2.5491605e-01 -4.2432346e-02 +8.4767225e+03
3.0572000e-01 +2.0000000e-01 +1.9034000e+01 -1.2578000e-01 -7.5117889e-02 +2.2700494e+00 +1.0335938e+00 +8.5784691e-01 +1.0060049e-01 -2.5780988e-01 -4.0858519e-02 +8.5302671e+03
3.1008200e-01 +2.0000000e-01 +1.9028778e+01 -1.2386556e-01 -6.8238667e-02 +2.2884691e+00 +1.0422123e+00 +8.6119383e-01 +1.0845951e-01 -2.6069877e-01 -3.9002716e-02 +8.5870404e+03
3.1447500e-01 +2.0000000e-01 +1.9022333e+01 -1.2188889e-01 -6.1362889e-02 +2.3053333e+00 +1.0509173e+00 +8.6414815e-01 +1.1564667e-01 -2.6338642e-01 -3.7027037e-02 +8.6479764e+03
3.1889700e-01 +2.0000000e-01 +1.9014889e+01 -1.1983111e-01 -5.4571333e-02 +2.3200247e+00 +1.0597272e+00 +8.6645926e-01 +1.2234481e-01 -2.6562222e-01 -3.5135679e-02 +8.7117233e+03
3.2334900e-01 +2.0000000e-01 +1.9006444e+01 -1.1769667e-01 -4.7882444e-02 +2.3324691e+00 +1.0687074e+00 +8.6804198e-01 +1.2862469e-01 -2.6730494e-01 -3.3468765e-02 +8.7807714e+03
3.2783000e-01 +2.0000000e-01 +1.8997222e+01 -1.1547333e-01 -4.1175889e-02 +2.3431111e+00 +1.0779296e+00 +8.6937778e-01 +1.3437901e-01 -2.6849877e-01 -3.2018025e-02 +8.8519982e+03
3.3233800e-01 +2.0000000e-01 +1.8986889e+01 -1.1310889e-01 -3.4282000e-02 +2.3527284e+00 +1.0874049e+00 +8.7133457e-01 +1.3951358e-01 -2.6940988e-01 -3.0665309e-02 +8.9201548e+03
3.3687500e-01 +2.0000000e-01 +1.8975444e+01 -1.1054344e-01 -2.7034778e-02 +2.3621358e+00 +1.0970790e+00 +8.7437901e-01 +1.4407654e-01 -2.7036543e-01 -2.9334321e-02 +8.9853722e+03
3.4143800e-01 +2.0000000e-01 +1.8963000e+01 -1.0774011e-01 -1.9286444e-02 +2.3718889e+00 +1.1068420e+00 +8.7838272e-01 +1.4821235e-01 -2.7160494e-01 -2.8058519e-02 +9.0529466e+03
3.4602800e-01 +2.0000000e-01 +1.8949556e+01 -1.0469122e-01 -1.1007589e-02 +2.3821852e+00 +1.1165765e+00 +8.8280247e-01 +1.5206420e-01 -2.7311111e-01 -2.6896543e-02 +9.1285175e+03
3.5064400e-01 +2.0000000e-01 +1.8935333e+01 -1.0143456e-01 -2.2491222e-03 +2.3926667e+00 +1.1262741e+00 +8.8705185e-01 +1.5567654e-01 -2.7475679e-01 -2.5806173e-02 +9.2145514e+03
3.5528600e-01 +2.0000000e-01 +1.8920222e+01 -9.8037889e-02 +7.0003333e-03 +2.4030123e+00 +1.1360284e+00 +8.9086049e-01 +1.5895926e-01 -2.7646667e-01 -2.4688395e-02 +9.3078630e+03
3.5995100e-01 +2.0000000e-01 +1.8904444e+01 -9.4592333e-02 +1.6787667e-02 +2.4132346e+00 +1.1458827e+00 +8.9443210e-01 +1.6169012e-01 -2.7821235e-01 -2.3503827e-02 +9.3951836e+03
3.6464100e-01 +2.0000000e-01 +1.8888000e+01 -9.1187444e-02 +2.7032889e-02 +2.4236296e+00 +1.1557420e+00 +8.9803210e-01 +1.6364568e-01 -2.8008889e-01 -2.2223704e-02 +9.4714138e+03
3.6935400e-01 +2.0000000e-01 +1.8871222e+01 -8.7853333e-02 +3.7474556e-02 +2.4342222e+00 +1.1654420e+00 +9.0162840e-01 +1.6475185e-01 -2.8205432e-01 -2.0851605e-02 +9.5443642e+03
3.7408900e-01 +2.0000000e-01 +1.8854222e+01 -8.4568444e-02 +4.7810778e-02 +2.4442840e+00 +1.1748457e+00 +9.0505062e-01 +1.6500370e-01 -2.8367037e-01 -1.9430864e-02 +9.6196023e+03
3.7884600e-01 +2.0000000e-01 +1.8837222e+01 -8.1298889e-02 +5.7869778e-02 +2.4535432e+00 +1.1838827e+00 +9.0785062e-01 +1.6442346e-01 -2.8473704e-01 -1.7951235e-02 +9.6955111e+03
3.8362400e-01 +2.0000000e-01 +1.8820333e+01 -7.8027444e-02 +6.7586667e-02 +2.4623457e+00 +1.1925333e+00 +9.0956420e-01 +1.6295802e-01 -2.8547160e-01 -1.6397654e-02 +9.7632236e+03
3.8842300e-01 +2.0000000e-01 +1.8803333e+01 -7.4764444e-02 +7.6969111e-02 +2.4703210e+00 +1.2007728e+00 +9.1017531e-01 +1.6046914e-01 -2.8590741e-01 -1.4764815e-02 +9.8218044e+03
3.9324100e-01 +2.0000000e-01 +1.8786556e+01 -7.1561222e-02 +8.5980889e-02 +2.4766543e+00 +1.2084765e+00 +9.0982222e-01 +1.5696914e-01 -2.8614691e-01 -1.2967901e-02 +9.8834818e+03
3.9807800e-01 +2.0000000e-01 +1.8770222e+01 -6.8518444e-02 +9.4583111e-02 +2.4814074e+00 +1.2154975e+00 +9.0902222e-01 +1.5250741e-01 -2.8654444e-01 -1.0991062e-02 +9.9493221e+03
4.0293300e-01 +2.0000000e-01 +1.8754667e+01 -6.5715778e-02 +1.0273522e-01 +2.4857037e+00 +1.2218444e+00 +9.0862593e-01 +1.4715432e-01 -2.8738765e-01 -9.0783086e-03 +1.0012020e+04
4.0780500e-01 +2.0000000e-01 +1.8739889e+01 -6.3163444e-02 +1.1034633e-01 +2.4903580e+00 +1.2277123e+00 +9.0907407e-01 +1.4109012e-01 -2.8888395e-01 -7.5796049e-03 +1.0074349e+04
4.1269400e-01 +2.0000000e-01 +1.8726000e+01 -6.0799444e-02 +1.1732889e-01 +2.4960000e+00 +1.2333210e+00 +9.1027407e-01 +1.3449506e-01 -2.9105679e-01 -6.6510864e-03 +1.0140155e+04
4.1759800e-01 +2.0000000e-01 +1.8712778e+01 -5.8548222e-02 +1.2368000e-01 +2.5028519e+00 +1.2387531e+00 +9.1191358e-01 +1.2757654e-01 -2.9357160e-01 -6.2634444e-03 +1.0206939e+04
4.2251700e-01 +2.0000000e-01 +1.8700111e+01 -5.6276000e-02 +1.2948000e-01 +2.5105062e+00 +1.2439506e+00 +9.1408889e-01 +1.2049333e-01 -2.9616914e-01 -6.2381728e-03 +1.0272226e+04
4.2745000e-01 +2.0000000e-01 +1.8687889e+01 -5.3782444e-02 +1.3476111e-01 +2.5184691e+00 +1.2488148e+00 +9.1689136e-01 +1.1331605e-01 -2.9879877e-01 -6.3283457e-03 +1.0330934e+04
4.3239600e-01 +2.0000000e-01 +1.8676333e+01 -5.0907667e-02 +1.3934222e-01 +2.5265185e+00 +1.2533333e+00 +9.1964938e-01 +1.0604630e-01 -3.0128765e-01 -6.3018642e-03 +1.0382893e+04
4.3735400e-01 +2.0000000e-01 +1.8665556e+01 -4.7582222e-02 +1.4305333e-01 +2.5342840e+00 +1.2575926e+00 +9.2187778e-01 +9.8433457e-02 -3.0341481e-01 -6.0820000e-03 +1.0428354e+04
4.4232400e-01 +2.0000000e-01 +1.8656000e+01 -4.3879222e-02 +1.4587889e-01 +2.5415309e+00 +1.2617160e+00 +9.2382840e-01 +9.0245556e-02 -3.0524074e-01 -5.7793827e-03 +1.0471728e+04
4.4730400e-01 +2.0000000e-01 +1.8647444e+01 -3.9980111e-02 +1.4784111e-01 +2.5487407e+00 +1.2657654e+00 +9.2598148e-01 +8.1611975e-02 -3.0726049e-01 -5.4833086e-03 +1.0505383e+04
4.5229300e-01 +2.0000000e-01 +1.8639667e+01 -3.6073222e-02 +1.4911778e-01 +2.5562963e+00 +1.2697531e+00 +9.2872099e-01 +7.2807778e-02 -3.0991852e-01 -5.3488272e-03 +1.0517081e+04
4.5729200e-01 +2.0000000e-01 +1.8632667e+01 -3.2223778e-02 +1.4997444e-01 +2.5641605e+00 +1.2736543e+00 +9.3172469e-01 +6.3914938e-02 -3.1274568e-01 -5.3858272e-03 +1.0516065e+04
4.6229800e-01 +2.0000000e-01 +1.8626556e+01 -2.8444889e-02 +1.5061778e-01 +2.5718765e+00 +1.2774444e+00 +9.3455679e-01 +5.5118272e-02 -3.1519630e-01 -5.3335062e-03 +1.0509464e+04
4.6731100e-01 +2.0000000e-01 +1.8621444e+01 -2.4756889e-02 +1.5115889e-01 +2.5787284e+00 +1.2811358e+00 +9.3685679e-01 +4.6545926e-02 -3.1745679e-01 -5.1814691e-03 +1.0506341e+04
4.7233000e-01 +2.0000000e-01 +1.8617000e+01 -2.1164556e-02 +1.5168778e-01 +2.5844815e+00 +1.2846790e+00 +9.3858765e-01 +3.8145185e-02 -3.1973827e-01 -4.9641235e-03 +1.0506130e+04
4.7735400e-01 +2.0000000e-01 +1.8613111e+01 -1.7497333e-02 +1.5241778e-01 +2.5892099e+00 +1.2880370e+00 +9.3973333e-01 +2.9886543e-02 -3.2201852e-01 -4.5092099e-03 +1.0505689e+04
4.8238200e-01 +2.0000000e-01 +1.8609667e+01 -1.3569667e-02 +1.5341333e-01 +2.5934198e+00 +1.2911605e+00 +9.4074691e-01 +2.1704444e-02 -3.2410123e-01 -3.7367037e-03 +1.0499841e+04
4.8741300e-01 +2.0000000e-01 +1.8606556e+01 -9.3014111e-03 +1.5439889e-01 +2.5973580e+00 +1.2938889e+00 +9.4176420e-01 +1.3507037e-02 -3.2541605e-01 -2.7053951e-03 +1.0490117e+04
4.9244700e-01 +2.0000000e-01 +1.8604222e+01 -4.7314333e-03 +1.5504556e-01 +2.6008148e+00 +1.2959630e+00 +9.4223580e-01 +5.3271358e-03 -3.2579630e-01 -1.5484815e-03 +1.0486839e+04
4.9748200e-01 +2.0000000e-01 +1.8603000e+01 +0.0000000e+00 +1.5519444e-01 +2.6029506e+00 +1.2970864e+00 +9.4199136e-01 -3.0444198e-03 -3.2555309e-01 -4.8297407e-04 +1.0489481e+04
5.0251800e-01 +2.0000000e-01 +1.8603000e+01 +4.7314333e-03 +1.5478556e-01 +2.6029506e+00 +1.2970864e+00 +9.4099506e-01 -1.1582395e-02 -3.2516296e-01 +4.8297407e-04 +1.0489481e+04
5.0755300e-01 +2.0000000e-01 +1.8604222e+01 +9.3014111e-03 +1.5379667e-01 +2.6008148e+00 +1.2959630e+00 +9.3937160e-01 -1.9814198e-02 -3.2487407e-01 +1.5484815e-03 +1.0486839e+04
5.1258700e-01 +2.0000000e-01 +1.8606556e+01 +1.3569667e-02 +1.5222889e-01 +2.5973580e+00 +1.2938889e+00 +9.3737531e-01 -2.7654321e-02 -3.2430494e-01 +2.7053951e-03 +1.0490117e+04
5.1761800e-01 +2.0000000e-01 +1.8609667e+01 +1.7497333e-02 +1.5019333e-01 +2.5934198e+00 +1.2911605e+00 +9.3537037e-01 -3.5306173e-02 -3.2289136e-01 +3.7367037e-03 +1.0499841e+04
5.2264600e-01 +2.0000000e-01 +1.8613111e+01 +2.1164556e-02 +1.4807556e-01 +2.5892099e+00 +1.2880370e+00 +9.3407778e-01 -4.2881852e-02 -3.2062346e-01 +4.5092099e-03 +1.0505689e+04
5.2767000e-01 +2.0000000e-01 +1.8617000e+01 +2.4756889e-02 +1.4631889e-01 +2.5844815e+00 +1.2846790e+00 +9.3327778e-01 -5.0515926e-02 -3.1791358e-01 +4.9641235e-03 +1.0506130e+04
5.3268900e-01 +2.0000000e-01 +1.8621444e+01 +2.8444889e-02 +1.4498000e-01 +2.5787284e+00 +1.2811358e+00 +9.3209136e-01 -5.8267407e-02 -3.1458889e-01 +5.1814691e-03 +1.0506341e+04
5.3770200e-01 +2.0000000e-01 +1.8626556e+01 +3.2223778e-02 +1.4391111e-01 +2.5718765e+00 +1.2774444e+00 +9.3043951e-01 -6.6200988e-02 -3.1055309e-01 +5.3335062e-03 +1.0509464e+04
5.4270800e-01 +2.0000000e-01 +1.8632667e+01 +3.6073222e-02 +1.4301667e-01 +2.5641605e+00 +1.2736543e+00 +9.2831358e-01 -7.4422222e-02 -3.0594815e-01 +5.3858272e-03 +1.0516065e+04
5.4770700e-01 +2.0000000e-01 +1.8639667e+01 +3.9980111e-02 +1.4208889e-01 +2.5562963e+00 +1.2697531e+00 +9.2577531e-01 -8.2933210e-02 -3.0099012e-01 +5.3488272e-03 +1.0517081e+04
5.5269600e-01 +2.0000000e-01 +1.8647444e+01 +4.3879222e-02 +1.4085222e-01 +2.5487407e+00 +1.2657654e+00 +9.2314815e-01 -9.1591111e-02 -2.9648395e-01 +5.4833086e-03 +1.0505383e+04
5.5767600e-01 +2.0000000e-01 +1.8656000e+01 +4.7582222e-02 +1.3902000e-01 +2.5415309e+00 +1.2617160e+00 +9.2072963e-01 -1.0029938e-01 -2.9288889e-01 +5.7793827e-03 +1.0471728e+04
5.6264600e-01 +2.0000000e-01 +1.8665556e+01 +5.0907667e-02 +1.3644111e-01 +2.5342840e+00 +1.2575926e+00 +9.1832593e-01 -1.0882148e-01 -2.8962222e-01 +6.0820000e-03 +1.0428354e+04
5.6760400e-01 +2.0000000e-01 +1.8676333e+01 +5.3782444e-02 +1.3313333e-01 +2.5265185e+00 +1.2533333e+00 +9.1570370e-01 -1.1691358e-01 -2.8617160e-01 +6.3018642e-03 +1.0382893e+04
5.7255000e-01 +2.0000000e-01 +1.8687889e+01 +5.6276000e-02 +1.2914444e-01 +2.5184691e+00 +1.2488148e+00 +9.1273210e-01 -1.2467284e-01 -2.8261111e-01 +6.3283457e-03 +1.0330934e+04
5.7748300e-01 +2.0000000e-01 +1.8700111e+01 +5.8548222e-02 +1.2458889e-01 +2.5105062e+00 +1.2439506e+00 +9.0979259e-01 -1.3226914e-01 -2.7940123e-01 +6.2381728e-03 +1.0272226e+04
5.8240200e-01 +2.0000000e-01 +1.8712778e+01 +6.0799444e-02 +1.1949444e-01 +2.5028519e+00 +1.2387531e+00 +9.0753086e-01 -1.3968148e-01 -2.7684938e-01 +6.2634444e-03 +1.0206939e+04
5.8730600e-01 +2.0000000e-01 +1.8726000e+01 +6.3163444e-02 +1.1367556e-01 +2.4960000e+00 +1.2333210e+00 +9.0589753e-01 -1.4679753e-01 -2.7484198e-01 +6.6510864e-03 +1.0140155e+04
5.9219500e-01 +2.0000000e-01 +1.8739889e+01 +6.5715778e-02 +1.0701456e-01 +2.4903580e+00 +1.2277123e+00 +9.0466667e-01 -1.5339012e-01 -2.7309630e-01 +7.5796049e-03 +1.0074349e+04
5.9706700e-01 +2.0000000e-01 +1.8754667e+01 +6.8518444e-02 +9.9610111e-02 +2.4857037e+00 +1.2218444e+00 +9.0386296e-01 -1.5926173e-01 -2.7150864e-01 +9.0783086e-03 +1.0012020e+04
6.0192200e-01 +2.0000000e-01 +1.8770222e+01 +7.1561222e-02 +9.1654000e-02 +2.4814074e+00 +1.2154975e+00 +9.0367531e-01 -1.6432222e-01 -2.7023704e-01 +1.0991062e-02 +9.9493221e+03
6.0675900e-01 +2.0000000e-01 +1.8786556e+01 +7.4764444e-02 +8.3330778e-02 +2.4766543e+00 +1.2084765e+00 +9.0396667e-01 -1.6850617e-01 -2.6938025e-01 +1.2967901e-02 +9.8834818e+03
6.1157700e-01 +2.0000000e-01 +1.8803333e+01 +7.8027444e-02 +7.4840111e-02 +2.4703210e+00 +1.2007728e+00 +9.0403704e-01 -1.7180123e-01 -2.6885185e-01 +1.4764815e-02 +9.8218044e+03
6.1637600e-01 +2.0000000e-01 +1.8820333e+01 +8.1298889e-02 +6.6381778e-02 +2.4623457e+00 +1.1925333e+00 +9.0343704e-01 -1.7411481e-01 -2.6861728e-01 +1.6397654e-02 +9.7632236e+03
6.2115400e-01 +2.0000000e-01 +1.8837222e+01 +8.4568444e-02 +5.8004222e-02 +2.4535432e+00 +1.1838827e+00 +9.0199630e-01 -1.7536667e-01 -2.6874815e-01 +1.7951235e-02 +9.6955111e+03
6.2591100e-01 +2.0000000e-01 +1.8854222e+01 +8.7853333e-02 +4.9582667e-02 +2.4442840e+00 +1.1748457e+00 +8.9952099e-01 -1.7561605e-01 -2.6921235e-01 +1.9430864e-02 +9.6196023e+03
6.3064600e-01 +2.0000000e-01 +1.8871222e+01 +9.1187444e-02 +4.1043556e-02 +2.4342222e+00 +1.1654420e+00 +8.9655062e-01 -1.7492099e-01 -2.6976914e-01 +2.0851605e-02 +9.5443642e+03
6.3535900e-01 +2.0000000e-01 +1.8888000e+01 +9.4592333e-02 +3.2405000e-02 +2.4236296e+00 +1.1557420e+00 +8.9366667e-01 -1.7322469e-01 -2.7023457e-01 +2.2223704e-02 +9.4714138e+03
6.4004900e-01 +2.0000000e-01 +1.8904444e+01 +9.8037889e-02 +2.3787444e-02 +2.4132346e+00 +1.1458827e+00 +8.9088889e-01 -1.7040988e-01 -2.7056296e-01 +2.3503827e-02 +9.3951836e+03
6.4471400e-01 +2.0000000e-01 +1.8920222e+01 +1.0143456e-01 +1.5303889e-02 +2.4030123e+00 +1.1360284e+00 +8.8784568e-01 -1.6648889e-01 -2.7058395e-01 +2.4688395e-02 +9.3078630e+03
6.4935600e-01 +2.0000000e-01 +1.8935333e+01 +1.0469122e-01 +6.9827111e-03 +2.3926667e+00 +1.1262741e+00 +8.8411852e-01 -1.6164815e-01 -2.7018272e-01 +2.5806173e-02 +9.2145514e+03
6.5397200e-01 +2.0000000e-01 +1.8949556e+01 +1.0774011e-01 -1.1134333e-03 +2.3821852e+00 +1.1165765e+00 +8.7985309e-01 -1.5614815e-01 -2.6958519e-01 +2.6896543e-02 +9.1285175e+03
6.5856200e-01 +2.0000000e-01 +1.8963000e+01 +1.1054344e-01 -8.8975778e-03 +2.3718889e+00 +1.1068420e+00 +8.7563951e-01 -1.5021111e-01 -2.6916790e-01 +2.8058519e-02 +9.0529466e+03
6.6312500e-01 +2.0000000e-01 +1.8975444e+01 +1.1310889e-01 -1.6365222e-02 +2.3621358e+00 +1.0970790e+00 +8.7200247e-01 -1.4392840e-01 -2.6905432e-01 +2.9334321e-02 +8.9853722e+03
6.6766200e-01 +2.0000000e-01 +1.8986889e+01 +1.1547333e-01 -2.3592778e-02 +2.3527284e+00 +1.0874049e+00 +8.6922840e-01 -1.3729259e-01 -2.6890123e-01 +3.0665309e-02 +8.9201548e+03
6.7217000e-01 +2.0000000e-01 +1.8997222e+01 +1.1769667e-01 -3.0729889e-02 +2.3431111e+00 +1.0779296e+00 +8.6728889e-01 -1.3025185e-01 -2.6822840e-01 +3.2018025e-02 +8.8519982e+03
6.7665100e-01 +2.0000000e-01 +1.9006444e+01 +1.1983111e-01 -3.7883667e-02 +2.3324691e+00 +1.0687074e+00 +8.6579259e-01 -1.2281605e-01 -2.6692963e-01 +3.3468765e-02 +8.7807714e+03
6.8110300e-01 +2.0000000e-01 +1.9014889e+01 +1.2188889e-01 -4.5095333e-02 +2.3200247e+00 +1.0597272e+00 +8.6413580e-01 -1.1507630e-01 -2.6512346e-01 +3.5135679e-02 +8.7117233e+03
6.8552500e-01 +2.0000000e-01 +1.9022333e+01 +1.2386556e-01 -5.2358333e-02 +2.3053333e+00 +1.0509173e+00 +8.6208148e-01 -1.0708198e-01 -2.6290741e-01 +3.7027037e-02 +8.6479764e+03
6.8991800e-01 +2.0000000e-01 +1.9028778e+01 +1.2578000e-01 -5.9570778e-02 +2.2884691e+00 +1.0422123e+00 +8.5981975e-01 -9.8728765e-02 -2.6049012e-01 +3.9002716e-02 +8.5870404e+03
6.9428000e-01 +2.0000000e-01 +1.9034000e+01 +1.2766556e-01 -6.6634000e-02 +2.2700494e+00 +1.0335938e+00 +8.5752963e-01 -8.9813086e-02 -2.5803704e-01 +4.0858519e-02 +8.5302671e+03
6.9861200e-01 +2.0000000e-01 +1.9038000e+01 +1.2952556e-01 -7.3522333e-02 +2.2508765e+00 +1.0250988e+00 +8.5535309e-01 -8.0215556e-02 -2.5548272e-01 +4.2432346e-02 +8.4767225e+03
7.0291200e-01 +2.0000000e-01 +1.9040444e+01 +1.3133778e-01 -8.0261778e-02 +2.2313951e+00 +1.0168346e+00 +8.5332469e-01 -6.9922222e-02 -2.5269259e-01 +4.3722840e-02 +8.4273328e+03
7.0718000e-01 +2.0000000e-01 +1.9041667e+01 +1.3309333e-01 -8.6934333e-02 +2.2117901e+00 +1.0089309e+00 +8.5122840e-01 -5.8932963e-02 -2.4953951e-01 +4.4906173e-02 +8.3849073e+03
7.1141700e-01 +2.0000000e-01 +1.9041667e+01 +1.3479556e-01 -9.3608444e-02 +2.1922593e+00 +1.0014654e+00 +8.4904074e-01 -4.7286049e-02 -2.4597037e-01 +4.6211728e-02 +8.3449369e+03
7.1562000e-01 +2.0000000e-01 +1.9040556e+01 +1.3647444e-01 -1.0028133e-01 +2.1730247e+00 +9.9441605e-01 +8.4691605e-01 -3.5125926e-02 -2.4209877e-01 +4.7747531e-02 +8.3037760e+03
7.1979100e-01 +2.0000000e-01 +1.9038333e+01 +1.3814111e-01 -1.0695122e-01 +2.1543333e+00 +9.8766914e-01 +8.4517901e-01 -2.2666049e-02 -2.3808642e-01 +4.9505432e-02 +8.2605909e+03
7.2392900e-01 +2.0000000e-01 +1.9035000e+01 +1.3976111e-01 -1.1361000e-01 +2.1363704e+00 +9.8109383e-01 +8.4416049e-01 -1.0054210e-02 -2.3399753e-01 +5.1433580e-02 +8.2148618e+03
7.2803300e-01 +2.0000000e-01 +1.9030333e+01 +1.4128556e-01 -1.2016111e-01 +2.1192346e+00 +9.7460988e-01 +8.4393210e-01 +2.6342593e-03 -2.2990000e-01 +5.3463580e-02 +8.1715131e+03
7.3210300e-01 +2.0000000e-01 +1.9024444e+01 +1.4269333e-01 -1.2644333e-01 +2.1029012e+00 +9.6820494e-01 +8.4444568e-01 +1.5340123e-02 -2.2587037e-01 +5.5498272e-02 +8.1336404e+03
7.3613800e-01 +2.0000000e-01 +1.9017000e+01 +1.4398444e-01 -1.3228778e-01 +2.0871358e+00 +9.6193580e-01 +8.4568889e-01 +2.8013333e-02 -2.2189259e-01 +5.7408395e-02 +8.0968337e+03
7.4013900e-01 +2.0000000e-01 +1.9008111e+01 +1.4515778e-01 -1.3758000e-01 +2.0718519e+00 +9.5587531e-01 +8.4753580e-01 +4.0634568e-02 -2.1790617e-01 +5.9104198e-02 +8.0588010e+03
7.4410500e-01 +2.0000000e-01 +1.8997556e+01 +1.4621667e-01 -1.4226000e-01 +2.0570000e+00 +9.5008889e-01 +8.4976049e-01 +5.3196790e-02 -2.1391852e-01 +6.0558765e-02 +8.0209654e+03
7.4803600e-01 +2.0000000e-01 +1.8985556e+01 +1.4717222e-01 -1.4630778e-01 +2.0427037e+00 +9.4465926e-01 +8.5220988e-01 +6.5671852e-02 -2.0996049e-01 +6.1783704e-02 +7.9857257e+03
7.5193100e-01 +2.0000000e-01 +1.8972222e+01 +1.4803778e-01 -1.4975111e-01 +2.0291111e+00 +9.3967778e-01 +8.5488519e-01 +7.8027160e-02 -2.0603580e-01 +6.2806790e-02 +7.9539544e+03
7.5579100e-01 +2.0000000e-01 +1.8957333e+01 +1.4880889e-01 -1.5264222e-01 +2.0162840e+00 +9.3518395e-01 +8.5784815e-01 +9.0235432e-02 -2.0209136e-01 +6.3646914e-02 +7.9266113e+03
7.5961500e-01 +2.0000000e-01 +1.8941222e+01 +1.4946111e-01 -1.5508000e-01 +2.0042469e+00 +9.3114815e-01 +8.6113704e-01 +1.0226914e-01 -1.9792963e-01 +6.4298765e-02 +7.9069033e+03
7.6340300e-01 +2.0000000e-01 +1.8923667e+01 +1.4996556e-01 -1.5721444e-01 +1.9931111e+00 +9.2750741e-01 +8.6466049e-01 +1.1413506e-01 -1.9337407e-01 +6.4746914e-02 +7.9010971e+03
7.6715400e-01 +2.0000000e-01 +1.8904556e+01 +1.5029778e-01 -1.5915444e-01 +1.9830741e+00 +9.2421852e-01 +8.6829259e-01 +1.2587160e-01 -1.8846173e-01 +6.5010494e-02 +7.9131008e+03
7.7086900e-01 +2.0000000e-01 +1.8884000e+01 +1.5045778e-01 -1.6095333e-01 +1.9742963e+00 +9.2128025e-01 +8.7197901e-01 +1.3751358e-01 -1.8333827e-01 +6.5152346e-02 +7.9386644e+03
7.7454800e-01 +2.0000000e-01 +1.8862111e+01 +1.5046000e-01 -1.6265889e-01 +1.9668765e+00 +9.1871975e-01 +8.7567037e-01 +1.4909012e-01 -1.7817531e-01 +6.5252222e-02 +7.9700364e+03
7.7819000e-01 +2.0000000e-01 +1.8839000e+01 +1.5030556e-01 -1.6432000e-01 +1.9609506e+00 +9.1654938e-01 +8.7932346e-01 +1.6065679e-01 -1.7313210e-01 +6.5358765e-02 +8.0046262e+03
7.8179500e-01 +2.0000000e-01 +1.8814667e+01 +1.4997333e-01 -1.6593556e-01 +1.9566790e+00 +9.1477531e-01 +8.8303951e-01 +1.7227901e-01 -1.6834938e-01 +6.5466296e-02 +8.0413647e+03
7.8536400e-01 +2.0000000e-01 +1.8789333e+01 +1.4944222e-01 -1.6745111e-01 +1.9542840e+00 +9.1340370e-01 +8.8696914e-01 +1.8402099e-01 -1.6389877e-01 +6.5545432e-02 +8.0774276e+03
7.8889500e-01 +2.0000000e-01 +1.8762889e+01 +1.4870556e-01 -1.6882778e-01 +1.9538395e+00 +9.1240000e-01 +8.9109012e-01 +1.9593457e-01 -1.5979012e-01 +6.5584444e-02 +8.1143394e+03
7.9238900e-01 +2.0000000e-01 +1.8735333e+01 +1.4777222e-01 -1.7004000e-01 +1.9552716e+00 +9.1169630e-01 +8.9533210e-01 +2.0803704e-01 -1.5606667e-01 +6.5586543e-02 +8.1581516e+03
7.9584700e-01 +2.0000000e-01 +1.8706556e+01 +1.4666111e-01 -1.7106778e-01 +1.9585926e+00 +9.1123704e-01 +8.9982099e-01 +2.2031605e-01 -1.5279506e-01 +6.5566543e-02 +8.2088930e+03
7.9926700e-01 +2.0000000e-01 +1.8676444e+01 +1.4537778e-01 -1.7190333e-01 +1.9637407e+00 +9.1098148e-01 +9.0480864e-01 +2.3273951e-01 -1.4999012e-01 +6.5543951e-02 +8.2610658e+03
8.0265000e-01 +2.0000000e-01 +1.8645000e+01 +1.4390000e-01 -1.7250667e-01 +1.9704938e+00 +9.1089259e-01 +9.1040247e-01 +2.4525556e-01 -1.4756914e-01 +6.5509012e-02 +8.3143676e+03
8.0599600e-01 +2.0000000e-01 +1.8612333e+01 +1.4219778e-01 -1.7280667e-01 +1.9784444e+00 +9.1094321e-01 +9.1655185e-01 +2.5777531e-01 -1.4537901e-01 +6.5430123e-02 +8.3738283e+03
8.0930400e-01 +2.0000000e-01 +1.8578333e+01 +1.4026556e-01 -1.7273444e-01 +1.9872593e+00 +9.1113086e-01 +9.2313827e-01 +2.7023210e-01 -1.4328642e-01 +6.5290741e-02 +8.4440898e+03
8.1257600e-01 +2.0000000e-01 +1.8543222e+01 +1.3813556e-01 -1.7225000e-01 +1.9968642e+00 +9.1147654e-01 +9.3004074e-01 +2.8260123e-01 -1.4119383e-01 +6.5065185e-02 +8.5254824e+03
8.1581000e-01 +2.0000000e-01 +1.8506889e+01 +1.3586778e-01 -1.7135444e-01 +2.0074198e+00 +9.1200370e-01 +9.3721111e-01 +2.9484938e-01 -1.3902716e-01 +6.4715309e-02 +8.6183224e+03
8.1900800e-01 +2.0000000e-01 +1.8469667e+01 +1.3353000e-01 -1.7007556e-01 +2.0191358e+00 +9.1273086e-01 +9.4478519e-01 +3.0692963e-01 -1.3672346e-01 +6.4250494e-02 +8.7226424e+03
8.2216800e-01 +2.0000000e-01 +1.8431333e+01 +1.3116889e-01 -1.6842444e-01 +2.0320247e+00 +9.1366420e-01 +9.5302222e-01 +3.1883704e-01 -1.3423086e-01 +6.3689136e-02 +8.8335032e+03
8.2529200e-01 +2.0000000e-01 +1.8392111e+01 +1.2880333e-01 -1.6642000e-01 +2.0459259e+00 +9.1480741e-01 +9.6200864e-01 +3.3061111e-01 -1.3154691e-01 +6.3016543e-02 +8.9486943e+03
8.2837800e-01 +2.0000000e-01 +1.8352111e+01 +1.2643444e-01 -1.6414000e-01 +2.0607037e+00 +9.1616296e-01 +9.7150123e-01 +3.4227037e-01 -1.2872963e-01 +6.2239877e-02 +9.0728844e+03
8.3142800e-01 +2.0000000e-01 +1.8311111e+01 +1.2405778e-01 -1.6168444e-01 +2.0762840e+00 +9.1774691e-01 +9.8117901e-01 +3.5375802e-01 -1.2586667e-01 +6.1418025e-02 +9.2117033e+03
8.3444100e-01 +2.0000000e-01 +1.8269333e+01 +1.2167111e-01 -1.5911556e-01 +2.0924815e+00 +9.1958765e-01 +9.9088889e-01 +3.6500617e-01 -1.2301358e-01 +6.0651235e-02 +9.3646313e+03
8.3741800e-01 +2.0000000e-01 +1.8226556e+01 +1.1927000e-01 -1.5644667e-01 +2.1092099e+00 +9.2170741e-01 +1.0005975e+00 +3.7598765e-01 -1.2020802e-01 +6.0029753e-02 +9.5273789e+03
8.4035800e-01 +2.0000000e-01 +1.8182778e+01 +1.1684778e-01 -1.5365889e-01 +2.1264691e+00 +9.2410494e-01 +1.0102519e+00 +3.8668519e-01 -1.1750272e-01 +5.9580000e-02 +9.6992610e+03
8.4326200e-01 +2.0000000e-01 +1.8138111e+01 +1.1439333e-01 -1.5073444e-01 +2.1443951e+00 +9.2677037e-01 +1.0197889e+00 +3.9706790e-01 -1.1493988e-01 +5.9269136e-02 +9.8821606e+03
8.4613000e-01 +2.0000000e-01 +1.8092444e+01 +1.1190111e-01 -1.4766444e-01 +2.1631358e+00 +9.2968765e-01 +1.0291827e+00 +4.0710494e-01 -1.1250086e-01 +5.9036543e-02 +1.0076636e+04
8.4896200e-01 +2.0000000e-01 +1.8045889e+01 +1.0936289e-01 -1.4443333e-01 +2.1827037e+00 +9.3285185e-01 +1.0384704e+00 +4.1680617e-01 -1.1009926e-01 +5.8812963e-02 +1.0283308e+04
8.5175700e-01 +2.0000000e-01 +1.7998556e+01 +1.0677967e-01 -1.4100778e-01 +2.2028519e+00 +9.3627284e-01 +1.0477864e+00 +4.2621852e-01 -1.0760173e-01 +5.8541235e-02 +1.0503368e+04
8.5451800e-01 +2.0000000e-01 +1.7950333e+01 +1.0416178e-01 -1.3734556e-01 +2.2232593e+00 +9.3995309e-01 +1.0573123e+00 +4.3536173e-01 -1.0485593e-01 +5.8189012e-02 +1.0736500e+04
8.5724300e-01 +2.0000000e-01 +1.7901222e+01 +1.0152311e-01 -1.3341556e-01 +2.2437778e+00 +9.4385432e-01 +1.0671284e+00 +4.4421235e-01 -1.0176704e-01 +5.7739259e-02 +1.0982087e+04
8.5993200e-01 +2.0000000e-01 +1.7851333e+01 +9.8875556e-02 -1.2921222e-01 +2.2645062e+00 +9.4789259e-01 +1.0771420e+00 +4.5276543e-01 -9.8362593e-02 +5.7181605e-02 +1.1239842e+04
8.6258600e-01 +2.0000000e-01 +1.7800667e+01 +9.6226222e-02 -1.2476889e-01 +2.2856914e+00 +9.5196420e-01 +1.0871815e+00 +4.6105432e-01 -9.4731728e-02 +5.6521975e-02 +1.1507433e+04
8.6520600e-01 +2.0000000e-01 +1.7749000e+01 +9.3575667e-02 -1.2013333e-01 +2.3076667e+00 +9.5597778e-01 +1.0971272e+00 +4.6910494e-01 -9.0973827e-02 +5.5774815e-02 +1.1786422e+04
8.6779100e-01 +2.0000000e-01 +1.7696667e+01 +9.0918333e-02 -1.1533778e-01 +2.3306790e+00 +9.5988148e-01 +1.1069802e+00 +4.7691975e-01 -8.7201358e-02 +5.4947407e-02 +1.2079435e+04
8.7034100e-01 +2.0000000e-01 +1.7643667e+01 +8.8247333e-02 -1.1038811e-01 +2.3549383e+00 +9.6365802e-01 +1.1168593e+00 +4.8450617e-01 -8.3479506e-02 +5.4053210e-02 +1.2381651e+04
8.7285700e-01 +2.0000000e-01 +1.7590111e+01 +8.5557111e-02 -1.0528711e-01 +2.3804691e+00 +9.6730741e-01 +1.1269296e+00 +4.9189630e-01 -7.9814815e-02 +5.3118765e-02 +1.2687477e+04
8.7534000e-01 +2.0000000e-01 +1.7536111e+01 +8.2846333e-02 -1.0005856e-01 +2.4071481e+00 +9.7082716e-01 +1.1373086e+00 +4.9911358e-01 -7.6221358e-02 +5.2158765e-02 +1.3000333e+04
8.7778800e-01 +2.0000000e-01 +1.7481667e+01 +8.0123222e-02 -9.4742444e-02 +2.4348395e+00 +9.7422222e-01 +1.1480407e+00 +5.0615185e-01 -7.2732963e-02 +5.1167531e-02 +1.3330048e+04
8.8020300e-01 +2.0000000e-01 +1.7426667e+01 +7.7403333e-02 -8.9372444e-02 +2.4634568e+00 +9.7750988e-01 +1.1591852e+00 +5.1297531e-01 -6.9378148e-02 +5.0138395e-02 +1.3683245e+04
8.8258400e-01 +2.0000000e-01 +1.7371222e+01 +7.4704889e-02 -8.3968444e-02 +2.4929753e+00 +9.8072963e-01 +1.1708000e+00 +5.1955802e-01 -6.6185432e-02 +4.9078889e-02 +1.4058904e+04
8.8493300e-01 +2.0000000e-01 +1.7315222e+01 +7.2044222e-02 -7.8540778e-02 +2.5233827e+00 +9.8392963e-01 +1.1828420e+00 +5.2590741e-01 -6.3181728e-02 +4.8006667e-02 +1.4452333e+04
8.8724900e-01 +2.0000000e-01 +1.7258667e+01 +6.9430222e-02 -7.3081222e-02 +2.5546296e+00 +9.8715556e-01 +1.1951556e+00 +5.3205062e-01 -6.0383210e-02 +4.6939630e-02 +1.4860730e+04
8.8953200e-01 +2.0000000e-01 +1.7201444e+01 +6.6860000e-02 -6.7553000e-02 +2.5865679e+00 +9.9043580e-01 +1.2075938e+00 +5.3801728e-01 -5.7810494e-02 +4.5884568e-02 +1.5284105e+04
8.9178300e-01 +2.0000000e-01 +1.7143556e+01 +6.4321778e-02 -6.1904667e-02 +2.6190370e+00 +9.9376420e-01 +1.2201210e+00 +5.4385679e-01 -5.5492469e-02 +4.4836543e-02 +1.5724274e+04
8.9400200e-01 +2.0000000e-01 +1.7085222e+01 +6.1803333e-02 -5.6095889e-02 +2.6519506e+00 +9.9711235e-01 +1.2328333e+00 +5.4963333e-01 -5.3440741e-02 +4.3798148e-02 +1.6181428e+04
8.9619000e-01 +2.0000000e-01 +1.7026444e+01 +5.9299667e-02 -5.0107111e-02 +2.6852963e+00 +1.0004370e+00 +1.2459136e+00 +5.5540617e-01 -5.1640370e-02 +4.2779136e-02 +1.6653086e+04
8.9834600e-01 +2.0000000e-01 +1.6967111e+01 +5.6816111e-02 -4.3934222e-02 +2.7190123e+00 +1.0036914e+00 +1.2595185e+00 +5.6120123e-01 -5.0072593e-02 +4.1772840e-02 +1.7138904e+04
9.0047100e-01 +2.0000000e-01 +1.6907444e+01 +5.4363000e-02 -3.7584889e-02 +2.7530741e+00 +1.0068272e+00 +1.2736790e+00 +5.6702222e-01 -4.8735185e-02 +4.0747778e-02 +1.7641638e+04
9.0256500e-01 +2.0000000e-01 +1.6847222e+01 +5.1948444e-02 -3.1077889e-02 +2.7875062e+00 +1.0098012e+00 +1.2883210e+00 +5.7284568e-01 -4.7641852e-02 +3.9674815e-02 +1.8163965e+04
9.0462900e-01 +2.0000000e-01 +1.6786556e+01 +4.9575778e-02 -2.4433444e-02 +2.8224321e+00 +1.0125877e+00 +1.3032716e+00 +5.7864198e-01 -4.6798519e-02 +3.8553827e-02 +1.8706582e+04
9.0666200e-01 +2.0000000e-01 +1.6725333e+01 +4.7246111e-02 -1.7656000e-02 +2.8580370e+00 +1.0151840e+00 +1.3183951e+00 +5.8438025e-01 -4.6188765e-02 +3.7412840e-02 +1.9268295e+04
9.0866500e-01 +2.0000000e-01 +1.6663778e+01 +4.4960333e-02 -1.0735867e-02 +2.8944198e+00 +1.0175975e+00 +1.3335679e+00 +5.9003333e-01 -4.5777778e-02 +3.6287654e-02 +1.9843563e+04
9.1063900e-01 +2.0000000e-01 +1.6601667e+01 +4.2719333e-02 -3.6741778e-03 +2.9314938e+00 +1.0198346e+00 +1.3487407e+00 +5.9556049e-01 -4.5531605e-02 +3.5206420e-02 +2.0429328e+04
9.1258400e-01 +2.0000000e-01 +1.6539111e+01 +4.0521889e-02 +3.5077667e-03 +2.9690988e+00 +1.0218840e+00 +1.3638642e+00 +6.0090370e-01 -4.5447284e-02 +3.4181605e-02 +2.1031937e+04
9.1449900e-01 +2.0000000e-01 +1.6476111e+01 +3.8365000e-02 +1.0784800e-02 +3.0070000e+00 +1.0237383e+00 +1.3788889e+00 +6.0600617e-01 -4.5535679e-02 +3.3210123e-02 +2.1660674e+04
9.1638500e-01 +2.0000000e-01 +1.6412667e+01 +3.6245556e-02 +1.8147111e-02 +3.0451358e+00 +1.0253840e+00 +1.3938025e+00 +6.1082346e-01 -4.5794938e-02 +3.2269136e-02 +2.2320893e+04
9.1824400e-01 +2.0000000e-01 +1.6348778e+01 +3.4161333e-02 +2.5602333e-02 +3.0835926e+00 +1.0268086e+00 +1.4086173e+00 +6.1533457e-01 -4.6222469e-02 +3.1318395e-02 +2.3014116e+04
9.2007400e-01 +2.0000000e-01 +1.6284556e+01 +3.2111889e-02 +3.3163889e-02 +3.1225802e+00 +1.0279988e+00 +1.4233457e+00 +6.1956049e-01 -4.6810247e-02 +3.0318519e-02 +2.3737119e+04
9.2187600e-01 +2.0000000e-01 +1.6219778e+01 +3.0098556e-02 +4.0839222e-02 +3.1622469e+00 +1.0289469e+00 +1.4380494e+00 +6.2355309e-01 -4.7517407e-02 +2.9259012e-02 +2.4485888e+04
9.2365000e-01 +2.0000000e-01 +1.6154444e+01 +2.8124556e-02 +4.8619889e-02 +3.2026667e+00 +1.0296444e+00 +1.4527901e+00 +6.2737037e-01 -4.8271111e-02 +2.8169753e-02 +2.5259427e+04
9.2539800e-01 +2.0000000e-01 +1.6088778e+01 +2.6194333e-02 +5.6475000e-02 +3.2440000e+00 +1.0300778e+00 +1.4675062e+00 +6.3105556e-01 -4.8995185e-02 +2.7107407e-02 +2.6057834e+04
9.2711800e-01 +2.0000000e-01 +1.6022556e+01 +2.4313000e-02 +6.4357444e-02 +3.2864444e+00 +1.0302185e+00 +1.4821358e+00 +6.3462840e-01 -4.9639630e-02 +2.6132346e-02 +2.6880672e+04
9.2881200e-01 +2.0000000e-01 +1.5956000e+01 +2.2484667e-02 +7.2219556e-02 +3.3302716e+00 +1.0300160e+00 +1.4966420e+00 +6.3808889e-01 -5.0191111e-02 +2.5285309e-02 +2.7727589e+04
9.3048000e-01 +2.0000000e-01 +1.5888889e+01 +2.0711778e-02 +8.0024111e-02 +3.3757654e+00 +1.0294012e+00 +1.5109877e+00 +6.4142099e-01 -5.0667160e-02 +2.4576296e-02 +2.8597132e+04
9.3212100e-01 +2.0000000e-01 +1.5821444e+01 +1.8993889e-02 +8.7744111e-02 +3.4231975e+00 +1.0282975e+00 +1.5251235e+00 +6.4459877e-01 -5.1102099e-02 +2.3985926e-02 +2.9486244e+04
9.3373700e-01 +2.0000000e-01 +1.5753556e+01 +1.7328889e-02 +9.5358000e-02 +3.4726543e+00 +1.0266296e+00 +1.5390247e+00 +6.4759506e-01 -5.1533580e-02 +2.3473951e-02 +3.0393979e+04
9.3532800e-01 +2.0000000e-01 +1.5685111e+01 +1.5714667e-02 +1.0284633e-01 +3.5240617e+00 +1.0243296e+00 +1.5526049e+00 +6.5038025e-01 -5.1995062e-02 +2.2991728e-02 +3.1324938e+04
9.3689300e-01 +2.0000000e-01 +1.5616333e+01 +1.4149556e-02 +1.1019133e-01 +3.5772840e+00 +1.0213444e+00 +1.5657531e+00 +6.5293333e-01 -5.2503457e-02 +2.2499630e-02 +3.2287558e+04
9.3843400e-01 +2.0000000e-01 +1.5546889e+01 +1.2633444e-02 +1.1738111e-01 +3.6321728e+00 +1.0176333e+00 +1.5782840e+00 +6.5524691e-01 -5.3036914e-02 +2.1977901e-02 +3.3289685e+04
9.3995000e-01 +2.0000000e-01 +1.5477000e+01 +1.1167778e-02 +1.2441222e-01 +3.6886543e+00 +1.0131728e+00 +1.5900247e+00 +6.5732840e-01 -5.3524444e-02 +2.1423210e-02 +3.4335786e+04
9.4144200e-01 +2.0000000e-01 +1.5406444e+01 +9.7556556e-03 +1.3128556e-01 +3.7466667e+00 +1.0079506e+00 +1.6009012e+00 +6.5919753e-01 -5.3864815e-02 +2.0840123e-02 +3.5427710e+04
9.4291000e-01 +2.0000000e-01 +1.5335111e+01 +8.4009667e-03 +1.3801000e-01 +3.8062593e+00 +1.0019642e+00 +1.6109259e+00 +6.6088025e-01 -5.3963086e-02 +2.0240864e-02 +3.6566130e+04
9.4435500e-01 +2.0000000e-01 +1.5263111e+01 +7.1075889e-03 +1.4460111e-01 +3.8675062e+00 +9.9521235e-01 +1.6201235e+00 +6.6239383e-01 -5.3764074e-02 +1.9647160e-02 +3.7752128e+04
9.4577700e-01 +2.0000000e-01 +1.5190333e+01 +5.8794000e-03 +1.5108222e-01 +3.9305802e+00 +9.8770123e-01 +1.6285432e+00 +6.6374938e-01 -5.3265926e-02 +1.9089753e-02 +3.8985178e+04
9.4717500e-01 +2.0000000e-01 +1.5116556e+01 +4.7199556e-03 +1.5748333e-01 +3.9956543e+00 +9.7943333e-01 +1.6361852e+00 +6.6493704e-01 -5.2506420e-02 +1.8601235e-02 +4.0260924e+04
9.4855100e-01 +2.0000000e-01 +1.5042000e+01 +3.6322778e-03 +1.6383333e-01 +4.0628642e+00 +9.7041111e-01 +1.6430494e+00 +6.6593580e-01 -5.1538148e-02 +1.8205309e-02 +4.1573023e+04
9.4990500e-01 +2.0000000e-01 +1.4966444e+01 +2.6194667e-03 +1.7015333e-01 +4.1322716e+00 +9.6063086e-01 +1.6490988e+00 +6.6671975e-01 -5.0422840e-02 +1.7910741e-02 +4.2918398e+04
9.5123600e-01 +2.0000000e-01 +1.4889889e+01 +1.6856778e-03 +1.7645222e-01 +4.2038889e+00 +9.5008395e-01 +1.6542963e+00 +6.6727407e-01 -4.9238395e-02 +1.7710000e-02 +4.4300548e+04
9.5254600e-01 +2.0000000e-01 +1.4812222e+01 +8.3656222e-04 +1.8271667e-01 +4.2776790e+00 +9.3876420e-01 +1.6586420e+00 +6.6758889e-01 -4.8071605e-02 +1.7583827e-02 +4.5725430e+04
9.5383400e-01 +2.0000000e-01 +1.4733444e+01 +7.8670556e-05 +1.8892222e-01 +4.3536296e+00 +9.2666173e-01 +1.6621605e+00 +6.6765432e-01 -4.6986543e-02 +1.7508025e-02 +4.7198661e+04
9.5510100e-01 +2.0000000e-01 +1.4653333e+01 -5.8170222e-04 +1.9503222e-01 +4.4318025e+00 +9.1376667e-01 +1.6648642e+00 +6.6746296e-01 -4.5997901e-02 +1.7464321e-02 +4.8723985e+04
9.5634800e-01 +2.0000000e-01 +1.4571889e+01 -1.1393889e-03 +2.0101222e-01 +4.5122593e+00 +9.0007531e-01 +1.6668148e+00 +6.6700741e-01 -4.5075802e-02 +1.7447654e-02 +5.0303416e+04
9.5757400e-01 +2.0000000e-01 +1.4488889e+01 -1.5908889e-03 +2.0683889e-01 +4.5951481e+00 +8.8558765e-01 +1.6680741e+00 +6.6629012e-01 -4.4173704e-02 +1.7465679e-02 +5.1938268e+04
9.5877900e-01 +2.0000000e-01 +1.4404222e+01 -1.9349111e-03 +2.1249778e-01 +4.6805556e+00 +8.7031235e-01 +1.6687037e+00 +6.6531975e-01 -4.3257037e-02 +1.7530370e-02 +5.3631820e+04
9.5996400e-01 +2.0000000e-01 +1.4317667e+01 -2.1729778e-03 +2.1798556e-01 +4.7686049e+00 +8.5426296e-01 +1.6687778e+00 +6.6410988e-01 -4.2312099e-02 +1.7647778e-02 +5.5389178e+04
9.6113000e-01 +2.0000000e-01 +1.4229000e+01 -2.3098000e-03 +2.2329889e-01 +4.8594198e+00 +8.3745802e-01 +1.6683704e+00 +6.6267654e-01 -4.1333333e-02 +1.7813827e-02 +5.7210752e+04
9.6227600e-01 +2.0000000e-01 +1.4138111e+01 -2.3531222e-03 +2.2843333e-01 +4.9531358e+00 +8.1991728e-01 +1.6674938e+00 +6.6102716e-01 -4.0307407e-02 +1.8016790e-02 +5.9091243e+04
9.6340300e-01 +2.0000000e-01 +1.4044667e+01 -2.3130333e-03 +2.3338000e-01 +5.0498395e+00 +8.0166173e-01 +1.6661728e+00 +6.5916173e-01 -3.9213333e-02 +1.8242963e-02 +6.1024470e+04
9.6451100e-01 +2.0000000e-01 +1.3948444e+01 -2.2009444e-03 +2.3812444e-01 +5.1495185e+00 +7.8271481e-01 +1.6643580e+00 +6.5706667e-01 -3.8031852e-02 +1.8479383e-02 +6.3008315e+04
9.6560100e-01 +2.0000000e-01 +1.3849333e+01 -2.0283889e-03 +2.4265111e-01 +5.2520741e+00 +7.6310000e-01 +1.6619877e+00 +6.5471728e-01 -3.6748765e-02 +1.8714568e-02 +6.5041671e+04
9.6667200e-01 +2.0000000e-01 +1.3747000e+01 -1.8064444e-03 +2.4694444e-01 +5.3573333e+00 +7.4284321e-01 +1.6589877e+00 +6.5207531e-01 -3.5351605e-02 +1.8937160e-02 +6.7121608e+04
9.6772500e-01 +2.0000000e-01 +1.3641222e+01 -1.5454667e-03 +2.5098444e-01 +5.4651481e+00 +7.2197037e-01 +1.6552840e+00 +6.4909383e-01 -3.3830370e-02 +1.9136420e-02 +6.9244556e+04
9.6876100e-01 +2.0000000e-01 +1.3531778e+01 -1.2552778e-03 +2.5475778e-01 +5.5753086e+00 +7.0050741e-01 +1.6507778e+00 +6.4572716e-01 -3.2180494e-02 +1.9301358e-02 +7.1407688e+04
9.6977800e-01 +2.0000000e-01 +1.3418333e+01 -9.4528111e-04 +2.5824667e-01 +5.6876049e+00 +6.7847654e-01 +1.6453333e+00 +6.4192469e-01 -3.0403210e-02 +1.9420494e-02 +7.3607587e+04
9.7077900e-01 +2.0000000e-01 +1.3300556e+01 -6.2450111e-04 +2.6143778e-01 +5.8017160e+00 +6.5590247e-01 +1.6388642e+00 +6.3764321e-01 -2.8501975e-02 +1.9482222e-02 +7.5839668e+04
9.7176200e-01 +2.0000000e-01 +1.3178222e+01 -3.0148556e-04 +2.6431222e-01 +5.9172346e+00 +6.3281235e-01 +1.6312593e+00 +6.3283457e-01 -2.6478148e-02 +1.9476914e-02 +7.8100172e+04
9.7272900e-01 +2.0000000e-01 +1.3050889e+01 +1.5733444e-05 +2.6685556e-01 +6.0336420e+00 +6.0923951e-01 +1.6224444e+00 +6.2745309e-01 -2.4326543e-02 +1.9398272e-02 +8.0386653e+04
9.7367900e-01 +2.0000000e-01 +1.2918333e+01 +3.1975778e-04 +2.6905000e-01 +6.1503333e+00 +5.8521975e-01 +1.6123210e+00 +6.2145309e-01 -2.2037284e-02 +1.9245185e-02 +8.2698097e+04
9.7461200e-01 +2.0000000e-01 +1.2780111e+01 +6.0400333e-04 +2.7087778e-01 +6.2665679e+00 +5.6080247e-01 +1.6008395e+00 +6.1478642e-01 -1.9601235e-02 +1.9019877e-02 +8.5035686e+04
9.7553000e-01 +2.0000000e-01 +1.2635778e+01 +8.6286000e-04 +2.7232222e-01 +6.3815802e+00 +5.3604321e-01 +1.5879259e+00 +6.0740494e-01 -1.7013827e-02 +1.8727160e-02 +8.7400064e+04
9.7643200e-01 +2.0000000e-01 +1.2484778e+01 +1.0918067e-03 +2.7336778e-01 +6.4944938e+00 +5.1100494e-01 +1.5735185e+00 +5.9925926e-01 -1.4274938e-02 +1.8371728e-02 +8.9788596e+04
9.7731900e-01 +2.0000000e-01 +1.2326778e+01 +1.2874667e-03 +2.7399556e-01 +6.6043333e+00 +4.8575802e-01 +1.5575309e+00 +5.9030247e-01 -1.1388407e-02 +1.7958148e-02 +9.2193140e+04
9.7819000e-01 +2.0000000e-01 +1.2161222e+01 +1.4476778e-03 +2.7419000e-01 +6.7100370e+00 +4.6037654e-01 +1.5398889e+00 +5.8048889e-01 -8.3619753e-03 +1.7490370e-02 +9.4600882e+04
9.7904600e-01 +2.0000000e-01 +1.1987444e+01 +1.5715333e-03 +2.7393667e-01 +6.8103457e+00 +4.3493580e-01 +1.5205185e+00 +5.6977531e-01 -5.2105679e-03 +1.6972469e-02 +9.6995841e+04
9.7988700e-01 +2.0000000e-01 +1.1805000e+01 +1.6594111e-03 +2.7322222e-01 +6.9038395e+00 +4.0951975e-01 +1.4993086e+00 +5.5811852e-01 -1.9598889e-03 +1.6408889e-02 +9.9361033e+04
9.8071400e-01 +2.0000000e-01 +1.1613111e+01 +1.7128889e-03 +2.7203444e-01 +6.9888889e+00 +3.8420864e-01 +1.4761605e+00 +5.4546914e-01 +1.3516296e-03 +1.5805062e-02 +1.0167917e+05
9.8152600e-01 +2.0000000e-01 +1.1411333e+01 +1.7346222e-03 +2.7036333e-01 +7.0635926e+00 +3.5908889e-01 +1.4509506e+00 +5.3177778e-01 +4.6735556e-03 +1.5167160e-02 +1.0393213e+05
9.8232400e-01 +2.0000000e-01 +1.1199000e+01 +1.7280889e-03 +2.6819889e-01 +7.1258642e+00 +3.3424691e-01 +1.4235802e+00 +5.1698765e-01 +7.9471852e-03 +1.4502222e-02 +1.0610093e+05
9.8310800e-01 +2.0000000e-01 +1.0975333e+01 +1.6973889e-03 +2.6553556e-01 +7.1733457e+00 +3.0977160e-01 +1.3939506e+00 +5.0104321e-01 +1.1111358e-02 +1.3817284e-02 +1.0816461e+05
9.8387800e-01 +2.0000000e-01 +1.0739778e+01 +1.6469444e-03 +2.6236444e-01 +7.2034691e+00 +2.8575062e-01 +1.3620000e+00 +4.8388765e-01 +1.4108272e-02 +1.3118642e-02 +1.1009953e+05
9.8463500e-01 +2.0000000e-01 +1.0491622e+01 +1.5812889e-03 +2.5868000e-01 +7.2134321e+00 +2.6227037e-01 +1.3276790e+00 +4.6547284e-01 +1.6887531e-02 +1.2411481e-02 +1.1187887e+05
9.8537900e-01 +2.0000000e-01 +1.0230189e+01 +1.5048000e-03 +2.5447444e-01 +7.2002346e+00 +2.3941975e-01 +1.2909630e+00 +4.4575926e-01 +1.9407407e-02 +1.1698593e-02 +1.1347377e+05
9.8611000e-01 +2.0000000e-01 +9.9548111e+00 +1.4215556e-03 +2.4974000e-01 +7.1606914e+00 +2.1728272e-01 +1.2518519e+00 +4.2472222e-01 +2.1632963e-02 +1.0980963e-02 +1.1485567e+05
9.8682800e-01 +2.0000000e-01 +9.6648556e+00 +1.3351556e-03 +2.4446889e-01 +7.0914815e+00 +1.9593951e-01 +1.2104099e+00 +4.0236049e-01 +2.3533580e-02 +1.0258037e-02 +1.1599948e+05
9.8753300e-01 +2.0000000e-01 +9.3597667e+00 +1.2486000e-03 +2.3865222e-01 +6.9892469e+00 +1.7546914e-01 +1.1666765e+00 +3.7869877e-01 +2.5078272e-02 +9.5290494e-03 +1.1688805e+05
9.8822500e-01 +2.0000000e-01 +9.0390222e+00 +1.1641556e-03 +2.3228333e-01 +6.8506667e+00 +1.5594444e-01 +1.1207407e+00 +3.5380000e-01 +2.6235185e-02 +8.7940370e-03 +1.1751698e+05
9.8890600e-01 +2.0000000e-01 +8.7022222e+00 +1.0833689e-03 +2.2535333e-01 +6.6726296e+00 +1.3743457e-01 +1.0727012e+00 +3.2776790e-01 +2.6970741e-02 +8.0546420e-03 +1.1790037e+05
9.8957400e-01 +2.0000000e-01 +8.3491000e+00 +1.0070311e-03 +2.1785778e-01 +6.4524444e+00 +1.2000099e-01 +1.0226667e+00 +3.0075679e-01 +2.7253457e-02 +7.3143210e-03 +1.1807765e+05
9.9023100e-01 +2.0000000e-01 +7.9795667e+00 +9.3528333e-04 +2.0979667e-01 +6.1881358e+00 +1.0369753e-01 +9.7074321e-01 +2.7297531e-01 +2.7059012e-02 +6.5782222e-03 +1.1811830e+05
9.9087600e-01 +2.0000000e-01 +7.5937111e+00 +8.6771778e-04 +2.0117222e-01 +5.8786914e+00 +8.8570864e-02 +9.1702593e-01 +2.4469259e-01 +2.6375802e-02 +5.8526543e-03 +1.1812660e+05
9.9150900e-01 +2.0000000e-01 +7.1918889e+00 +8.0351778e-04 +1.9199111e-01 +5.5244444e+00 +7.4659136e-02 +8.6159259e-01 +2.1623827e-01 +2.5210988e-02 +5.1444321e-03 +1.1824197e+05
9.9213200e-01 +2.0000000e-01 +6.7747111e+00 +7.4161778e-04 +1.8226889e-01 +5.1274198e+00 +6.1990864e-02 +8.0449630e-01 +1.8799630e-01 +2.3594444e-02 +4.4605309e-03 +1.1863355e+05
9.9274300e-01 +2.0000000e-01 +6.3430778e+00 +6.8086889e-04 +1.7202444e-01 +4.6916049e+00 +5.0585309e-02 +7.4576296e-01 +1.6039753e-01 +2.1580617e-02 +3.8077407e-03 +1.1948711e+05
9.9334300e-01 +2.0000000e-01 +5.8982222e+00 +6.2019556e-04 +1.6128333e-01 +4.2232469e+00 +4.0450988e-02 +6.8540370e-01 +1.3390864e-01 +1.9246914e-02 +3.1926173e-03 +1.2098055e+05
9.9393300e-01 +2.0000000e-01 +5.4416556e+00 +5.5874556e-04 +1.5007667e-01 +3.7308889e+00 +3.1585185e-02 +6.2343457e-01 +1.0900407e-01 +1.6691605e-02 +2.6214815e-03 +1.2325274e+05
9.9451200e-01 +2.0000000e-01 +4.9751889e+00 +4.9601889e-04 +1.3844222e-01 +3.2252593e+00 +2.3971728e-02 +5.5990617e-01 +8.6143704e-02 +1.4027160e-02 +2.1002963e-03 +1.2636816e+05
9.9508100e-01 +2.0000000e-01 +4.5008556e+00 +4.3194111e-04 +1.2641778e-01 +2.7188642e+00 +1.7579630e-02 +4.9494938e-01 +6.5737284e-02 +1.1373519e-02 +1.6343457e-03 +1.3028744e+05
9.9563900e-01 +2.0000000e-01 +4.0209000e+00 +3.6691778e-04 +1.1404667e-01 +2.2253704e+00 +1.2359630e-02 +4.2884074e-01 +4.8108765e-02 +8.8482963e-03 +1.2278210e-03 +1.3485269e+05
9.9618800e-01 +2.0000000e-01 +3.5376000e+00 +3.0183222e-04 +1.0136856e-01 +1.7585802e+00 +8.2425062e-03 +3.6207407e-01 +3.3460123e-02 +6.5562346e-03 +8.8339630e-04 +1.3980544e+05
9.9672600e-01 +2.0000000e-01 +3.0532667e+00 +2.3801444e-04 +8.8424889e-02 +1.3314074e+00 +5.1365926e-03 +2.9544691e-01 +2.1843580e-02 +4.5789259e-03 +6.0180370e-04 +1.4484818e+05
9.9725500e-01 +2.0000000e-01 +2.5700556e+00 +1.7720556e-04 +7.5253222e-02 +9.5478395e-01 +2.9263951e-03 +2.3014691e-01 +1.3145679e-02 +2.9676173e-03 +3.8162222e-04 +1.4974434e+05
9.9777500e-01 +2.0000000e-01 +2.0898778e+00 +1.2149222e-04 +6.1887444e-02 +6.3679136e-01 +1.4734691e-03 +1.6784321e-01 +7.0910494e-03 +1.7403086e-03 +2.1921358e-04 +1.5443868e+05
9.9828500e-01 +2.0000000e-01 +1.6143556e+00 +7.3265889e-05 +4.8357556e-02 +3.8231358e-01 +6.2013704e-04 +1.1075444e-01 +3.2678519e-03 +8.8317901e-04 +1.0877901e-04 +1.5914837e+05
9.9878600e-01 +2.0000000e-01 +1.1447222e+00 +3.5162889e-05 +3.4689222e-02 +1.9318642e-01 +1.9740000e-04 +6.1736667e-02 +1.1718654e-03 +3.5454568e-04 +4.2479877e-05 +1.6443189e+05
9.9927800e-01 +2.0000000e-01 +6.8182222e-01 +9.9903444e-06 +2.0903889e-02 +6.8898148e-02 +3.8931605e-05 +2.4358765e-02 +2.6229506e-04 +8.9598519e-05 +1.0473457e-05 +1.7115483e+05
9.9976100e-01 +2.0000000e-01 +2.2614000e-01 +0.0000000e+00 +7.0225333e-03 +7.6408395e-03 +2.8408889e-06 +3.0248519e-03 +1.7184568e-05 +4.8591235e-06 +7.7248642e-07 +1.7968125e+05
1.0000000e+00 +2.0000000e-01 +0.0000000e+00 +0.0000000e+00 +0.0000000e+00 +0.0000000e+00 +0.0000000e+00 +0.0000000e+00 +0.0000000e+00 +0.0000000e+00 +0.0000000e+00 +1.7968025e+05
