#    y              z              <u>            <v>            <w>            <u'u'>         <v'v'>         <w'w'>         <u'v'>         <u'w'>         <v'w'>         <eps>         
#----------------------------------------------------------------------------------------------------------------------------------------------------------------------------------
0.0000000e+00 +1.5000000e-01 +0.0000000e+00 +0.0000000e+00 +0.0000000e+00 +0.0000000e+00 +0.0000000e+00 +0.0000000e+00 +0.0000000e+00 +0.0000000e+00 +0.0000000e+00 +1.5676667e+05
2.3900000e-04 +1.5000000e-01 +2.1286556e-01 +4.1778000e-05 +7.6838667e-03 +6.6098765e-03 +2.4316420e-06 +2.7165802e-03 -1.2424568e-05 -5.9601852e-05 -8.4920000e-07 +1.5676756e+05
7.2200000e-04 +1.5000000e-01 +6.4176222e-01 +1.5539333e-04 +2.2743000e-02 +5.9548148e-02 +3.3378642e-05 +2.1926049e-02 -1.9210988e-04 -4.9157654e-04 -1.2236111e-05 +1.4913404e+05
1.2140000e-03 +1.5000000e-01 +1.0774378e+00 +3.4106889e-04 +3.7541222e-02 +1.6687778e-01 +1.6949506e-04 +5.5692099e-02 -8.6686543e-04 -1.2653086e-03 -5.1844444e-05 +1.4318328e+05
1.7150000e-03 +1.5000000e-01 +1.5195111e+00 +5.9601444e-04 +5.2052222e-02 +3.3019012e-01 +5.3327901e-04 +1.0013963e-01 -2.4390123e-03 -2.2906914e-03 -1.3769012e-04 +1.3863766e+05
2.2250000e-03 +1.5000000e-01 +1.9672778e+00 +9.1717556e-04 +6.6253667e-02 +5.5012346e-01 +1.2690741e-03 +1.5212099e-01 -5.3375062e-03 -3.4812222e-03 -2.8626173e-04 +1.3475882e+05
2.7450000e-03 +1.5000000e-01 +2.4197556e+00 +1.3014111e-03 +8.0123667e-02 +8.2551111e-01 +2.5245062e-03 +2.0910494e-01 -9.9775185e-03 -4.7595679e-03 -5.1200494e-04 +1.3106741e+05
3.2740000e-03 +1.5000000e-01 +2.8756000e+00 +1.7456000e-03 +9.3640333e-02 +1.1527963e+00 +4.4384691e-03 +2.6910000e-01 -1.6718519e-02 -6.0643580e-03 -8.2681358e-04 +1.2734531e+05
3.8120000e-03 +1.5000000e-01 +3.3332000e+00 +2.2466556e-03 +1.0678144e-01 +1.5258272e+00 +7.1341975e-03 +3.3058889e-01 -2.5828765e-02 -7.3557901e-03 -1.2395062e-03 +1.2359376e+05
4.3610000e-03 +1.5000000e-01 +3.7907444e+00 +2.8016000e-03 +1.1952444e-01 +1.9360864e+00 +1.0715938e-02 +3.9245432e-01 -3.7461728e-02 -8.6191975e-03 -1.7552716e-03 +1.1995377e+05
4.9190000e-03 +1.5000000e-01 +4.2462667e+00 +3.4075333e-03 +1.3184667e-01 +2.3732840e+00 +1.5268148e-02 +4.5391481e-01 -5.1646543e-02 -9.8650741e-03 -2.3752346e-03 +1.1662341e+05
5.4880000e-03 +1.5000000e-01 +4.6977556e+00 +4.0616222e-03 +1.4372444e-01 +2.8261605e+00 +2.0856543e-02 +5.1445062e-01 -6.8292222e-02 -1.1125309e-02 -3.0959506e-03 +1.1378566e+05
6.0670000e-03 +1.5000000e-01 +5.1432556e+00 +4.7610667e-03 +1.5513667e-01 +3.2832963e+00 +2.7529136e-02 +5.7373210e-01 -8.7202346e-02 -1.2445926e-02 -3.9094198e-03 +1.1156106e+05
6.6570000e-03 +1.5000000e-01 +5.5809111e+00 +5.5030222e-03 +1.6606222e-01 +3.7338889e+00 +3.5319259e-02 +6.3157037e-01 -1.0809802e-01 -1.3878272e-02 -4.8031975e-03 +1.0999034e+05
7.2570000e-03 +1.5000000e-01 +6.0090222e+00 +6.2845444e-03 +1.7648222e-01 +4.1683457e+00 +4.4246914e-02 +6.8786173e-01 -1.3064321e-01 -1.5470370e-02 -5.7611481e-03 +1.0903821e+05
7.8680000e-03 +1.5000000e-01 +6.4261556e+00 +7.1026000e-03 +1.8637889e-01 +4.5786296e+00 +5.4320988e-02 +7.4255432e-01 -1.5447407e-01 -1.7261358e-02 -6.7643827e-03 +1.0861088e+05
8.4910000e-03 +1.5000000e-01 +6.8310667e+00 +7.9540889e-03 +1.9573889e-01 +4.9585185e+00 +6.5540864e-02 +7.9562593e-01 -1.7921728e-01 -1.9276790e-02 -7.7925432e-03 +1.0857942e+05
9.1240000e-03 +1.5000000e-01 +7.2228000e+00 +8.8358556e-03 +2.0454889e-01 +5.3035802e+00 +7.7897901e-02 +8.4706049e-01 -2.0451605e-01 -2.1528148e-02 -8.8249630e-03 +1.0880044e+05
9.7690000e-03 +1.5000000e-01 +7.6006556e+00 +9.7447889e-03 +2.1280000e-01 +5.6110617e+00 +9.1375556e-02 +8.9684691e-01 -2.3003951e-01 -2.4012346e-02 -9.8418272e-03 +1.0913575e+05
1.0426000e-02 +1.5000000e-01 +7.9641556e+00 +1.0677833e-02 +2.2048444e-01 +5.8796790e+00 +1.0595099e-01 +9.4496667e-01 -2.5549753e-01 -2.6713951e-02 -1.0825148e-02 +1.0946345e+05
1.1094000e-02 +1.5000000e-01 +8.3130444e+00 +1.1632000e-02 +2.2759556e-01 +6.1094198e+00 +1.2159407e-01 +9.9139383e-01 -2.8063580e-01 -2.9608272e-02 -1.1759395e-02 +1.0968546e+05
1.1775000e-02 +1.5000000e-01 +8.6472889e+00 +1.2604333e-02 +2.3412667e-01 +6.3012469e+00 +1.3826790e-01 +1.0360914e+00 -3.0524815e-01 -3.2664444e-02 -1.2632099e-02 +1.0973072e+05
1.2467000e-02 +1.5000000e-01 +8.9669667e+00 +1.3592000e-02 +2.4007444e-01 +6.4568642e+00 +1.5593086e-01 +1.0790086e+00 -3.2916543e-01 -3.5850617e-02 -1.3434074e-02 +1.0955371e+05
1.3172000e-02 +1.5000000e-01 +9.2723444e+00 +1.4591667e-02 +2.4543556e-01 +6.5784568e+00 +1.7452963e-01 +1.1200840e+00 -3.5225679e-01 -3.9137901e-02 -1.4159506e-02 +1.0913255e+05
1.3890000e-02 +1.5000000e-01 +9.5637556e+00 +1.5599778e-02 +2.5020778e-01 +6.6685556e+00 +1.9400864e-01 +1.1592506e+00 -3.7442469e-01 -4.2503827e-02 -1.4806543e-02 +1.0846389e+05
1.4621000e-02 +1.5000000e-01 +9.8416222e+00 +1.6612111e-02 +2.5438778e-01 +6.7298519e+00 +2.1430123e-01 +1.1964432e+00 -3.9559506e-01 -4.5933827e-02 -1.5376914e-02 +1.0755827e+05
1.5365000e-02 +1.5000000e-01 +1.0106444e+01 +1.7623889e-02 +2.5797556e-01 +6.7650988e+00 +2.3533951e-01 +1.2316025e+00 -4.1571852e-01 -4.9420494e-02 -1.5876173e-02 +1.0643394e+05
1.6122000e-02 +1.5000000e-01 +1.0358744e+01 +1.8628889e-02 +2.6096889e-01 +6.7769877e+00 +2.5704321e-01 +1.2646914e+00 -4.3475926e-01 -5.2962593e-02 -1.6313704e-02 +1.0511330e+05
1.6892000e-02 +1.5000000e-01 +1.0599067e+01 +1.9620333e-02 +2.6336667e-01 +6.7681605e+00 +2.7933457e-01 +1.2956667e+00 -4.5269877e-01 -5.6561358e-02 -1.6702222e-02 +1.0361950e+05
1.7676000e-02 +1.5000000e-01 +1.0827978e+01 +2.0590111e-02 +2.6517000e-01 +6.7411111e+00 +3.0212840e-01 +1.3245556e+00 -4.6952963e-01 -6.0217037e-02 -1.7057531e-02 +1.0197485e+05
1.8474000e-02 +1.5000000e-01 +1.1046044e+01 +2.1529111e-02 +2.6637667e-01 +6.6981852e+00 +3.2534198e-01 +1.3513457e+00 -4.8526049e-01 -6.3924321e-02 -1.7397778e-02 +1.0020016e+05
1.9286000e-02 +1.5000000e-01 +1.1253778e+01 +2.2427444e-02 +2.6698889e-01 +6.6415432e+00 +3.4888889e-01 +1.3760988e+00 -4.9991235e-01 -6.7667160e-02 -1.7742099e-02 +9.8315432e+04
2.0113000e-02 +1.5000000e-01 +1.1451889e+01 +2.3275222e-02 +2.6700778e-01 +6.5731728e+00 +3.7268765e-01 +1.3988395e+00 -5.1351852e-01 -7.1415556e-02 -1.8109136e-02 +9.6340186e+04
2.0954000e-02 +1.5000000e-01 +1.1640778e+01 +2.4061889e-02 +2.6643333e-01 +6.4948519e+00 +3.9665556e-01 +1.4196543e+00 -5.2612840e-01 -7.5124321e-02 -1.8515185e-02 +9.4292824e+04
2.1810000e-02 +1.5000000e-01 +1.1820889e+01 +2.4777667e-02 +2.6526889e-01 +6.4082099e+00 +4.2071481e-01 +1.4386173e+00 -5.3779877e-01 -7.8735185e-02 -1.8972716e-02 +9.2189208e+04
2.2681000e-02 +1.5000000e-01 +1.1993000e+01 +2.5413778e-02 +2.6351889e-01 +6.3147160e+00 +4.4478889e-01 +1.4558025e+00 -5.4859630e-01 -8.2183827e-02 -1.9489012e-02 +9.0042245e+04
2.3568000e-02 +1.5000000e-01 +1.2157333e+01 +2.5962222e-02 +2.6118889e-01 +6.2156790e+00 +4.6880617e-01 +1.4712840e+00 -5.5858395e-01 -8.5407531e-02 -2.0065679e-02 +8.7862072e+04
2.4470000e-02 +1.5000000e-01 +1.2314556e+01 +2.6416222e-02 +2.5828556e-01 +6.1122840e+00 +4.9269506e-01 +1.4851481e+00 -5.6782469e-01 -8.8353827e-02 -2.0699506e-02 +8.5658559e+04
2.5388000e-02 +1.5000000e-01 +1.2465000e+01 +2.6770111e-02 +2.5481889e-01 +6.0055556e+00 +5.1638889e-01 +1.4974444e+00 -5.7636790e-01 -9.0986420e-02 -2.1384074e-02 +8.3441896e+04
2.6321000e-02 +1.5000000e-01 +1.2609222e+01 +2.7018778e-02 +2.5080111e-01 +5.8963827e+00 +5.3982346e-01 +1.5082346e+00 -5.8425679e-01 -9.3288889e-02 -2.2111111e-02 +8.1222191e+04
2.7271000e-02 +1.5000000e-01 +1.2747556e+01 +2.7157667e-02 +2.4624889e-01 +5.7855556e+00 +5.6294074e-01 +1.5175679e+00 -5.9151975e-01 -9.5264815e-02 -2.2871728e-02 +7.9008749e+04
2.8238000e-02 +1.5000000e-01 +1.2880333e+01 +2.7182222e-02 +2.4118000e-01 +5.6737531e+00 +5.8568272e-01 +1.5254815e+00 -5.9817901e-01 -9.6937778e-02 -2.3656173e-02 +7.6810178e+04
2.9221000e-02 +1.5000000e-01 +1.3008000e+01 +2.7087333e-02 +2.3561889e-01 +5.5615802e+00 +6.0799506e-01 +1.5320247e+00 -6.0424444e-01 -9.8348395e-02 -2.4452716e-02 +7.4634200e+04
3.0222000e-02 +1.5000000e-01 +1.3131000e+01 +2.6867556e-02 +2.2959667e-01 +5.4495309e+00 +6.2982963e-01 +1.5372593e+00 -6.0972222e-01 -9.9550123e-02 -2.5246049e-02 +7.2488583e+04
3.1239000e-02 +1.5000000e-01 +1.3249444e+01 +2.6516778e-02 +2.2314556e-01 +5.3380370e+00 +6.5113951e-01 +1.5412469e+00 -6.1461728e-01 -1.0060099e-01 -2.6017654e-02 +7.0379045e+04
3.2275000e-02 +1.5000000e-01 +1.3363778e+01 +2.6028889e-02 +2.1630556e-01 +5.2274568e+00 +6.7188765e-01 +1.5440864e+00 -6.1893210e-01 -1.0155432e-01 -2.6747901e-02 +6.8309180e+04
3.3328000e-02 +1.5000000e-01 +1.3474333e+01 +2.5397556e-02 +2.0911667e-01 +5.1180988e+00 +6.9203827e-01 +1.5458519e+00 -6.2267037e-01 -1.0244975e-01 -2.7421481e-02 +6.6279532e+04
3.4399000e-02 +1.5000000e-01 +1.3581222e+01 +2.4617889e-02 +2.0161778e-01 +5.0102593e+00 +7.1156173e-01 +1.5466790e+00 -6.2584321e-01 -1.0330864e-01 -2.8031975e-02 +6.4286995e+04
3.5489000e-02 +1.5000000e-01 +1.3684778e+01 +2.3685556e-02 +1.9384667e-01 +4.9041728e+00 +7.3043086e-01 +1.5466790e+00 -6.2846420e-01 -1.0413481e-01 -2.8583210e-02 +6.2327957e+04
3.6597000e-02 +1.5000000e-01 +1.3785333e+01 +2.2597444e-02 +1.8583333e-01 +4.8000123e+00 +7.4862593e-01 +1.5459259e+00 -6.3054815e-01 -1.0491556e-01 -2.9085679e-02 +6.0402132e+04
3.7724000e-02 +1.5000000e-01 +1.3882889e+01 +2.1351222e-02 +1.7760000e-01 +4.6979259e+00 +7.6612593e-01 +1.5445062e+00 -6.3211605e-01 -1.0562309e-01 -2.9552346e-02 +5.8514564e+04
3.8870000e-02 +1.5000000e-01 +1.3977889e+01 +1.9945333e-02 +1.6916667e-01 +4.5980123e+00 +7.8291728e-01 +1.5424198e+00 -6.3319383e-01 -1.0622062e-01 -2.9995679e-02 +5.6671653e+04
4.0036000e-02 +1.5000000e-01 +1.4070444e+01 +1.8379222e-02 +1.6055111e-01 +4.5003951e+00 +7.9898272e-01 +1.5396667e+00 -6.3380370e-01 -1.0666802e-01 -3.0425432e-02 +5.4877826e+04
4.1221000e-02 +1.5000000e-01 +1.4160667e+01 +1.6653667e-02 +1.5177111e-01 +4.4052469e+00 +8.1431111e-01 +1.5362222e+00 -6.3397531e-01 -1.0692383e-01 -3.0849136e-02 +5.3133888e+04
4.2426000e-02 +1.5000000e-01 +1.4248778e+01 +1.4771222e-02 +1.4284889e-01 +4.3127901e+00 +8.2888148e-01 +1.5320741e+00 -6.3373580e-01 -1.0694667e-01 -3.1271111e-02 +5.1437580e+04
4.3652000e-02 +1.5000000e-01 +1.4335000e+01 +1.2736667e-02 +1.3380778e-01 +4.2232469e+00 +8.4267778e-01 +1.5272593e+00 -6.3311852e-01 -1.0670728e-01 -3.1693086e-02 +4.9785146e+04
4.4899000e-02 +1.5000000e-01 +1.4419333e+01 +1.0557778e-02 +1.2467444e-01 +4.1367654e+00 +8.5567901e-01 +1.5218272e+00 -6.3215802e-01 -1.0620605e-01 -3.2114321e-02 +4.8173578e+04
4.6166000e-02 +1.5000000e-01 +1.4502111e+01 +8.2446556e-03 +1.1547889e-01 +4.0534198e+00 +8.6787284e-01 +1.5158025e+00 -6.3089383e-01 -1.0547864e-01 -3.2535432e-02 +4.6603682e+04
4.7454000e-02 +1.5000000e-01 +1.4583222e+01 +5.8097111e-03 +1.0624689e-01 +3.9730988e+00 +8.7925556e-01 +1.5091728e+00 -6.2936420e-01 -1.0458642e-01 -3.2962222e-02 +4.5079890e+04
4.8764000e-02 +1.5000000e-01 +1.4662778e+01 +3.2661778e-03 +9.7001444e-02 +3.8956296e+00 +8.8983457e-01 +1.5019259e+00 -6.2760123e-01 -1.0360074e-01 -3.3406914e-02 +4.3608624e+04
5.0095000e-02 +1.5000000e-01 +1.4741111e+01 +6.2657333e-04 +8.7759556e-02 +3.8207778e+00 +8.9963086e-01 +1.4940247e+00 -6.2562840e-01 -1.0258556e-01 -3.3886296e-02 +4.2194335e+04
5.1449000e-02 +1.5000000e-01 +1.4818111e+01 -2.0987111e-03 +7.8534778e-02 +3.7484321e+00 +9.0867407e-01 +1.4854444e+00 -6.2345309e-01 -1.0158630e-01 -3.4417778e-02 +4.0838118e+04
5.2825000e-02 +1.5000000e-01 +1.4893778e+01 -4.9020444e-03 +6.9339333e-02 +3.6785062e+00 +9.1700494e-01 +1.4761975e+00 -6.2107160e-01 -1.0062654e-01 -3.5015556e-02 +3.9534372e+04
5.4223000e-02 +1.5000000e-01 +1.4968444e+01 -7.7783222e-03 +6.0184000e-02 +3.6110000e+00 +9.2466543e-01 +1.4663580e+00 -6.1847407e-01 -9.9708025e-02 -3.5687407e-02 +3.8272820e+04
5.5645000e-02 +1.5000000e-01 +1.5042000e+01 -1.0724144e-02 +5.1079444e-02 +3.5458519e+00 +9.3170617e-01 +1.4560617e+00 -6.1564938e-01 -9.8826914e-02 -3.6437407e-02 +3.7046700e+04
5.7090000e-02 +1.5000000e-01 +1.5114444e+01 -1.3736556e-02 +4.2037222e-02 +3.4829630e+00 +9.3817284e-01 +1.4454691e+00 -6.1259136e-01 -9.8006914e-02 -3.7271852e-02 +3.5856775e+04
5.8558000e-02 +1.5000000e-01 +1.5185889e+01 -1.6812111e-02 +3.3070778e-02 +3.4222222e+00 +9.4410988e-01 +1.4346914e+00 -6.0930000e-01 -9.7320988e-02 -3.8201481e-02 +3.4705721e+04
6.0050000e-02 +1.5000000e-01 +1.5256556e+01 -1.9946000e-02 +2.4195778e-02 +3.3635185e+00 +9.4955309e-01 +1.4238148e+00 -6.0578148e-01 -9.6872716e-02 -3.9235309e-02 +3.3592466e+04
6.1566000e-02 +1.5000000e-01 +1.5326333e+01 -2.3134444e-02 +1.5430333e-02 +3.3066790e+00 +9.5452716e-01 +1.4128519e+00 -6.0205432e-01 -9.6745679e-02 -4.0370741e-02 +3.2513590e+04
6.3107000e-02 +1.5000000e-01 +1.5395444e+01 -2.6376222e-02 +6.7975111e-03 +3.2514815e+00 +9.5904074e-01 +1.4017654e+00 -5.9814074e-01 -9.6969012e-02 -4.1586296e-02 +3.1470688e+04
6.4672000e-02 +1.5000000e-01 +1.5463889e+01 -2.9675111e-02 -1.6725556e-03 +3.1976914e+00 +9.6309259e-01 +1.3904691e+00 -5.9406790e-01 -9.7523333e-02 -4.2845309e-02 +3.0472005e+04
6.6263000e-02 +1.5000000e-01 +1.5531778e+01 -3.3038889e-02 -9.9433222e-03 +3.1452222e+00 +9.6667531e-01 +1.3788642e+00 -5.8986049e-01 -9.8371605e-02 -4.4107778e-02 +2.9522027e+04
6.7879000e-02 +1.5000000e-01 +1.5599000e+01 -3.6477222e-02 -1.7978111e-02 +3.0942099e+00 +9.6978889e-01 +1.3669630e+00 -5.8553704e-01 -9.9475926e-02 -4.5345062e-02 +2.8614222e+04
6.9520000e-02 +1.5000000e-01 +1.5665778e+01 -3.9998444e-02 -2.5751222e-02 +3.0448272e+00 +9.7245062e-01 +1.3548519e+00 -5.8110617e-01 -1.0078938e-01 -4.6545679e-02 +2.7739593e+04
7.1188000e-02 +1.5000000e-01 +1.5732000e+01 -4.3606778e-02 -3.3259111e-02 +2.9971975e+00 +9.7469383e-01 +1.3426296e+00 -5.7656049e-01 -1.0225741e-01 -4.7710988e-02 +2.6894822e+04
7.2882000e-02 +1.5000000e-01 +1.5797556e+01 -4.7301111e-02 -4.0522222e-02 +2.9513457e+00 +9.7655926e-01 +1.3303827e+00 -5.7188148e-01 -1.0382728e-01 -4.8844815e-02 +2.6078800e+04
7.4602000e-02 +1.5000000e-01 +1.5862444e+01 -5.1075000e-02 -4.7577333e-02 +2.9073210e+00 +9.7808642e-01 +1.3181605e+00 -5.6706296e-01 -1.0544753e-01 -4.9944198e-02 +2.5287027e+04
7.6350000e-02 +1.5000000e-01 +1.5926778e+01 -5.4918444e-02 -5.4458222e-02 +2.8652099e+00 +9.7930617e-01 +1.3059877e+00 -5.6210617e-01 -1.0707235e-01 -5.1001852e-02 +2.4513428e+04
7.8124000e-02 +1.5000000e-01 +1.5990333e+01 -5.8821000e-02 -6.1177222e-02 +2.8250741e+00 +9.8024938e-01 +1.2938519e+00 -5.5702099e-01 -1.0866988e-01 -5.2016049e-02 +2.3759682e+04
7.9926000e-02 +1.5000000e-01 +1.6053222e+01 -6.2775889e-02 -6.7715556e-02 +2.7867284e+00 +9.8094568e-01 +1.2817531e+00 -5.5181481e-01 -1.1023025e-01 -5.2992222e-02 +2.3035279e+04
8.1756000e-02 +1.5000000e-01 +1.6115222e+01 -6.6780778e-02 -7.4028333e-02 +2.7499506e+00 +9.8143086e-01 +1.2696914e+00 -5.4648765e-01 -1.1176778e-01 -5.3941975e-02 +2.2348399e+04
8.3615000e-02 +1.5000000e-01 +1.6176556e+01 -7.0836111e-02 -8.0063778e-02 +2.7145185e+00 +9.8174444e-01 +1.2577531e+00 -5.4104321e-01 -1.1330802e-01 -5.4883457e-02 +2.1696353e+04
8.5501000e-02 +1.5000000e-01 +1.6237111e+01 -7.4940000e-02 -8.5790889e-02 +2.6803704e+00 +9.8192963e-01 +1.2460000e+00 -5.3548148e-01 -1.1488000e-01 -5.5835432e-02 +2.1070593e+04
8.7416000e-02 +1.5000000e-01 +1.6296778e+01 -7.9084111e-02 -9.1214333e-02 +2.6474321e+00 +9.8202099e-01 +1.2344938e+00 -5.2979012e-01 -1.1651963e-01 -5.6803580e-02 +2.0467116e+04
8.9361000e-02 +1.5000000e-01 +1.6355778e+01 -8.3252111e-02 -9.6363667e-02 +2.6156173e+00 +9.8205309e-01 +1.2232123e+00 -5.2396543e-01 -1.1826358e-01 -5.7776543e-02 +1.9887119e+04
9.1335000e-02 +1.5000000e-01 +1.6413889e+01 -8.7420889e-02 -1.0127467e-01 +2.5848148e+00 +9.8204938e-01 +1.2121284e+00 -5.1802593e-01 -1.2012741e-01 -5.8735309e-02 +1.9331577e+04
9.3338000e-02 +1.5000000e-01 +1.6471111e+01 -9.1563222e-02 -1.0597567e-01 +2.5550000e+00 +9.8203333e-01 +1.2012111e+00 -5.1201728e-01 -1.2210247e-01 -5.9666173e-02 +1.8797539e+04
9.5371000e-02 +1.5000000e-01 +1.6527444e+01 -9.5650111e-02 -1.1047989e-01 +2.5260741e+00 +9.8203086e-01 +1.1904432e+00 -5.0597654e-01 -1.2417160e-01 -6.0566173e-02 +1.8283746e+04
9.7435000e-02 +1.5000000e-01 +1.6582889e+01 -9.9652556e-02 -1.1478556e-01 +2.4978889e+00 +9.8207284e-01 +1.1798309e+00 -4.9990617e-01 -1.2630370e-01 -6.1437284e-02 +1.7796245e+04
9.9529000e-02 +1.5000000e-01 +1.6637444e+01 -1.0354478e-01 -1.1888333e-01 +2.4703086e+00 +9.8218765e-01 +1.1694049e+00 -4.9376667e-01 -1.2843951e-01 -6.2279630e-02 +1.7340854e+04
1.0165400e-01 +1.5000000e-01 +1.6691111e+01 -1.0730800e-01 -1.2277889e-01 +2.4434074e+00 +9.8237778e-01 +1.1591852e+00 -4.8748395e-01 -1.3050864e-01 -6.3095432e-02 +1.6915112e+04
1.0381000e-01 +1.5000000e-01 +1.6744111e+01 -1.1093289e-01 -1.2650222e-01 +2.4173580e+00 +9.8262469e-01 +1.1491531e+00 -4.8098272e-01 -1.3246790e-01 -6.3888642e-02 +1.6511604e+04
1.0599800e-01 +1.5000000e-01 +1.6796333e+01 -1.1441778e-01 -1.3010556e-01 +2.3924074e+00 +9.8289012e-01 +1.1392506e+00 -4.7421605e-01 -1.3434198e-01 -6.4662840e-02 +1.6124666e+04
1.0821700e-01 +1.5000000e-01 +1.6847889e+01 -1.1776333e-01 -1.3364111e-01 +2.3686914e+00 +9.8312593e-01 +1.1294383e+00 -4.6719012e-01 -1.3621358e-01 -6.5426049e-02 +1.5752743e+04
1.1046800e-01 +1.5000000e-01 +1.6898667e+01 -1.2097111e-01 -1.3714889e-01 +2.3462716e+00 +9.8329259e-01 +1.1197148e+00 -4.5991852e-01 -1.3819136e-01 -6.6199383e-02 +1.5396301e+04
1.1275100e-01 +1.5000000e-01 +1.6948667e+01 -1.2404000e-01 -1.4065333e-01 +2.3250864e+00 +9.8335679e-01 +1.1100827e+00 -4.5239753e-01 -1.4036296e-01 -6.7005432e-02 +1.5056520e+04
1.1506700e-01 +1.5000000e-01 +1.6997778e+01 -1.2696889e-01 -1.4415889e-01 +2.3050741e+00 +9.8330247e-01 +1.1005358e+00 -4.4459259e-01 -1.4276296e-01 -6.7843333e-02 +1.4734903e+04
1.1741600e-01 +1.5000000e-01 +1.7046000e+01 -1.2975222e-01 -1.4764333e-01 +2.2862222e+00 +9.8312963e-01 +1.0910531e+00 -4.3646667e-01 -1.4541728e-01 -6.8687531e-02 +1.4432909e+04
1.1979700e-01 +1.5000000e-01 +1.7093444e+01 -1.3238222e-01 -1.5107222e-01 +2.2685802e+00 +9.8286173e-01 +1.0816099e+00 -4.2798889e-01 -1.4837407e-01 -6.9509630e-02 +1.4151070e+04
1.2221200e-01 +1.5000000e-01 +1.7140111e+01 -1.3484667e-01 -1.5440444e-01 +2.2521605e+00 +9.8253951e-01 +1.0722358e+00 -4.1915679e-01 -1.5168025e-01 -7.0291481e-02 +1.3889364e+04
1.2466000e-01 +1.5000000e-01 +1.7185778e+01 -1.3712444e-01 -1.5761000e-01 +2.2370370e+00 +9.8222963e-01 +1.0630654e+00 -4.0999630e-01 -1.5537160e-01 -7.1014815e-02 +1.3643972e+04
1.2714300e-01 +1.5000000e-01 +1.7230667e+01 -1.3919444e-01 -1.6066556e-01 +2.2232222e+00 +9.8200370e-01 +1.0543160e+00 -4.0052963e-01 -1.5947284e-01 -7.1657284e-02 +1.3408238e+04
1.2965900e-01 +1.5000000e-01 +1.7274444e+01 -1.4103778e-01 -1.6355778e-01 +2.2107037e+00 +9.8190000e-01 +1.0461790e+00 -3.9075679e-01 -1.6395926e-01 -7.2214938e-02 +1.3180336e+04
1.3220900e-01 +1.5000000e-01 +1.7317333e+01 -1.4265889e-01 -1.6626667e-01 +2.1993827e+00 +9.8190000e-01 +1.0387099e+00 -3.8067531e-01 -1.6869259e-01 -7.2718395e-02 +1.2962217e+04
1.3479400e-01 +1.5000000e-01 +1.7359222e+01 -1.4408000e-01 -1.6876333e-01 +2.1891852e+00 +9.8195309e-01 +1.0318642e+00 -3.7030988e-01 -1.7345926e-01 -7.3209012e-02 +1.2756633e+04
1.3741400e-01 +1.5000000e-01 +1.7400111e+01 -1.4531889e-01 -1.7102889e-01 +2.1799630e+00 +9.8202099e-01 +1.0255889e+00 -3.5969753e-01 -1.7813086e-01 -7.3702222e-02 +1.2565650e+04
1.4006800e-01 +1.5000000e-01 +1.7440000e+01 -1.4637889e-01 -1.7303889e-01 +2.1715556e+00 +9.8210988e-01 +1.0198519e+00 -3.4890000e-01 -1.8271235e-01 -7.4183086e-02 +1.2388581e+04
1.4275700e-01 +1.5000000e-01 +1.7478889e+01 -1.4724667e-01 -1.7475889e-01 +2.1639012e+00 +9.8226173e-01 +1.0145951e+00 -3.3802346e-01 -1.8725679e-01 -7.4627654e-02 +1.2222798e+04
1.4548200e-01 +1.5000000e-01 +1.7516778e+01 -1.4789778e-01 -1.7615333e-01 +2.1569259e+00 +9.8253580e-01 +1.0097185e+00 -3.2718148e-01 -1.9178272e-01 -7.5029012e-02 +1.2067091e+04
1.4824300e-01 +1.5000000e-01 +1.7553778e+01 -1.4831111e-01 -1.7721667e-01 +2.1505432e+00 +9.8299012e-01 +1.0050938e+00 -3.1645679e-01 -1.9630864e-01 -7.5399630e-02 +1.1922080e+04
1.5103800e-01 +1.5000000e-01 +1.7589667e+01 -1.4847000e-01 -1.7798556e-01 +2.1448148e+00 +9.8367284e-01 +1.0005864e+00 -3.0591358e-01 -2.0086420e-01 -7.5751358e-02 +1.1788618e+04
1.5387000e-01 +1.5000000e-01 +1.7624667e+01 -1.4836222e-01 -1.7854222e-01 +2.1398272e+00 +9.8462099e-01 +9.9613951e-01 -2.9560247e-01 -2.0545926e-01 -7.6077407e-02 +1.1665788e+04
1.5673800e-01 +1.5000000e-01 +1.7658556e+01 -1.4798778e-01 -1.7899222e-01 +2.1356049e+00 +9.8585185e-01 +9.9170494e-01 -2.8553457e-01 -2.1002840e-01 -7.6328519e-02 +1.1553904e+04
1.5964200e-01 +1.5000000e-01 +1.7691667e+01 -1.4735889e-01 -1.7939222e-01 +2.1321605e+00 +9.8735309e-01 +9.8716296e-01 -2.7570247e-01 -2.1444815e-01 -7.6422840e-02 +1.1456591e+04
1.6258200e-01 +1.5000000e-01 +1.7723667e+01 -1.4648778e-01 -1.7971444e-01 +2.1296543e+00 +9.8910494e-01 +9.8251852e-01 -2.6608765e-01 -2.1865309e-01 -7.6279506e-02 +1.1370696e+04
1.6555900e-01 +1.5000000e-01 +1.7754889e+01 -1.4537778e-01 -1.7986333e-01 +2.1282716e+00 +9.9109136e-01 +9.7793580e-01 -2.5662346e-01 -2.2273704e-01 -7.5836543e-02 +1.1289879e+04
1.6857200e-01 +1.5000000e-01 +1.7785111e+01 -1.4403222e-01 -1.7973111e-01 +2.1280864e+00 +9.9329877e-01 +9.7353457e-01 -2.4720247e-01 -2.2687778e-01 -7.5072840e-02 +1.1215094e+04
1.7162200e-01 +1.5000000e-01 +1.7814333e+01 -1.4247556e-01 -1.7924000e-01 +2.1291235e+00 +9.9570988e-01 +9.6931852e-01 -2.3772716e-01 -2.3118519e-01 -7.4029383e-02 +1.1149274e+04
1.7470800e-01 +1.5000000e-01 +1.7842556e+01 -1.4073778e-01 -1.7833667e-01 +2.1316420e+00 +9.9830864e-01 +9.6527284e-01 -2.2814444e-01 -2.3567284e-01 -7.2783457e-02 +1.1090280e+04
1.7783200e-01 +1.5000000e-01 +1.7869889e+01 -1.3883556e-01 -1.7699000e-01 +2.1358765e+00 +1.0010728e+00 +9.6140247e-01 -2.1843333e-01 -2.4027778e-01 -7.1401975e-02 +1.1036341e+04
1.8099200e-01 +1.5000000e-01 +1.7896111e+01 -1.3677333e-01 -1.7522889e-01 +2.1416173e+00 +1.0039790e+00 +9.5760247e-01 -2.0860741e-01 -2.4483704e-01 -6.9906173e-02 +1.0989173e+04
1.8419000e-01 +1.5000000e-01 +1.7921444e+01 -1.3456000e-01 -1.7313667e-01 +2.1485309e+00 +1.0069938e+00 +9.5369259e-01 -1.9871235e-01 -2.4916667e-01 -6.8270247e-02 +1.0950357e+04
1.8742400e-01 +1.5000000e-01 +1.7945667e+01 -1.3219889e-01 -1.7082222e-01 +2.1562716e+00 +1.0100753e+00 +9.4955926e-01 -1.8881235e-01 -2.5318519e-01 -6.6456667e-02 +1.0919085e+04
1.9069600e-01 +1.5000000e-01 +1.7969000e+01 -1.2970000e-01 -1.6838222e-01 +2.1645926e+00 +1.0131790e+00 +9.4520864e-01 -1.7892469e-01 -2.5690988e-01 -6.4467531e-02 +1.0892940e+04
1.9400400e-01 +1.5000000e-01 +1.7991333e+01 -1.2708000e-01 -1.6587111e-01 +2.1733827e+00 +1.0162679e+00 +9.4078519e-01 -1.6898642e-01 -2.6037901e-01 -6.2374444e-02 +1.0867661e+04
1.9735000e-01 +1.5000000e-01 +1.8012556e+01 -1.2436667e-01 -1.6331000e-01 +2.1826173e+00 +1.0193494e+00 +9.3645556e-01 -1.5891605e-01 -2.6367531e-01 -6.0284074e-02 +1.0844564e+04
2.0073300e-01 +1.5000000e-01 +1.8032667e+01 -1.2157556e-01 -1.6072444e-01 +2.1922840e+00 +1.0224914e+00 +9.3237531e-01 -1.4864444e-01 -2.6692716e-01 -5.8277160e-02 +1.0831090e+04
2.0415300e-01 +1.5000000e-01 +1.8051778e+01 -1.1872556e-01 -1.5817556e-01 +2.2023827e+00 +1.0258000e+00 +9.2877284e-01 -1.3811852e-01 -2.7013457e-01 -5.6382716e-02 +1.0830636e+04
2.0761100e-01 +1.5000000e-01 +1.8069667e+01 -1.1584667e-01 -1.5573444e-01 +2.2130123e+00 +1.0293728e+00 +9.2583457e-01 -1.2729506e-01 -2.7318765e-01 -5.4621481e-02 +1.0840040e+04
2.1110500e-01 +1.5000000e-01 +1.8086556e+01 -1.1297667e-01 -1.5343000e-01 +2.2241975e+00 +1.0332716e+00 +9.2359383e-01 -1.1617679e-01 -2.7610000e-01 -5.3032963e-02 +1.0855073e+04
2.1463600e-01 +1.5000000e-01 +1.8102111e+01 -1.1012433e-01 -1.5123222e-01 +2.2360000e+00 +1.0375296e+00 +9.2197531e-01 -1.0483173e-01 -2.7904691e-01 -5.1623333e-02 +1.0875805e+04
2.1820500e-01 +1.5000000e-01 +1.8116333e+01 -1.0725689e-01 -1.4904222e-01 +2.2487531e+00 +1.0421580e+00 +9.2081111e-01 -9.3385802e-02 -2.8231235e-01 -5.0356049e-02 +1.0905314e+04
2.2181000e-01 +1.5000000e-01 +1.8129333e+01 -1.0432556e-01 -1.4674556e-01 +2.2630741e+00 +1.0471531e+00 +9.1992593e-01 -8.1951358e-02 -2.8622593e-01 -4.9226667e-02 +1.0939586e+04
2.2545200e-01 +1.5000000e-01 +1.8140889e+01 -1.0129567e-01 -1.4425111e-01 +2.2796049e+00 +1.0525000e+00 +9.1926049e-01 -7.0522716e-02 -2.9094691e-01 -4.8296296e-02 +1.0978545e+04
2.2913100e-01 +1.5000000e-01 +1.8151444e+01 -9.8151333e-02 -1.4150111e-01 +2.2982963e+00 +1.0582074e+00 +9.1895062e-01 -5.9044691e-02 -2.9631235e-01 -4.7607531e-02 +1.1027387e+04
2.3284600e-01 +1.5000000e-01 +1.8160889e+01 -9.4887556e-02 -1.3845778e-01 +2.3186296e+00 +1.0643210e+00 +9.1917654e-01 -4.7557531e-02 -3.0197531e-01 -4.7085926e-02 +1.1081160e+04
2.3659700e-01 +1.5000000e-01 +1.8169333e+01 -9.1517222e-02 -1.3513889e-01 +2.3401975e+00 +1.0708667e+00 +9.1982840e-01 -3.6146914e-02 -3.0748519e-01 -4.6583086e-02 +1.1135765e+04
2.4038500e-01 +1.5000000e-01 +1.8176667e+01 -8.8080556e-02 -1.3160333e-01 +2.3624938e+00 +1.0777877e+00 +9.2057654e-01 -2.4882593e-02 -3.1245802e-01 -4.5980864e-02 +1.1193786e+04
2.4420900e-01 +1.5000000e-01 +1.8182667e+01 -8.4619333e-02 -1.2785889e-01 +2.3850247e+00 +1.0849728e+00 +9.2122346e-01 -1.3839136e-02 -3.1682346e-01 -4.5215062e-02 +1.1253414e+04
2.4806900e-01 +1.5000000e-01 +1.8187444e+01 -8.1143222e-02 -1.2386889e-01 +2.4073086e+00 +1.0923049e+00 +9.2166420e-01 -3.0984568e-03 -3.2068272e-01 -4.4229012e-02 +1.1315047e+04
2.5196400e-01 +1.5000000e-01 +1.8190778e+01 -7.7630556e-02 -1.1962444e-01 +2.4288889e+00 +1.0996914e+00 +9.2194815e-01 +7.2318272e-03 -3.2410494e-01 -4.2913704e-02 +1.1383180e+04
2.5589500e-01 +1.5000000e-01 +1.8192667e+01 -7.4060667e-02 -1.1512000e-01 +2.4496667e+00 +1.1070605e+00 +9.2229877e-01 +1.7045556e-02 -3.2719136e-01 -4.1145062e-02 +1.1458175e+04
2.5986100e-01 +1.5000000e-01 +1.8193333e+01 -7.0460444e-02 -1.1030522e-01 +2.4699383e+00 +1.1143531e+00 +9.2283951e-01 +2.6367531e-02 -3.3004815e-01 -3.8924321e-02 +1.1538317e+04
2.6386200e-01 +1.5000000e-01 +1.8192889e+01 -6.6892333e-02 -1.0518867e-01 +2.4899506e+00 +1.1215556e+00 +9.2354938e-01 +3.5383580e-02 -3.3279259e-01 -3.6488025e-02 +1.1618225e+04
2.6789700e-01 +1.5000000e-01 +1.8191667e+01 -6.3394667e-02 -9.9888556e-02 +2.5095309e+00 +1.1287296e+00 +9.2431481e-01 +4.4252346e-02 -3.3545432e-01 -3.4130247e-02 +1.1696846e+04
2.7196700e-01 +1.5000000e-01 +1.8189444e+01 -5.9949778e-02 -9.4563667e-02 +2.5284691e+00 +1.1359951e+00 +9.2511111e-01 +5.3044198e-02 -3.3788395e-01 -3.1964938e-02 +1.1776491e+04
2.7607100e-01 +1.5000000e-01 +1.8186556e+01 -5.6519444e-02 -8.9265556e-02 +2.5468889e+00 +1.1434556e+00 +9.2600000e-01 +6.1825432e-02 -3.3984074e-01 -2.9927778e-02 +1.1853115e+04
2.8020900e-01 +1.5000000e-01 +1.8182778e+01 -5.3095333e-02 -8.3879667e-02 +2.5649383e+00 +1.1511296e+00 +9.2711235e-01 +7.0653704e-02 -3.4119012e-01 -2.7969753e-02 +1.1925306e+04
2.8438000e-01 +1.5000000e-01 +1.8177889e+01 -4.9701000e-02 -7.8269778e-02 +2.5825432e+00 +1.1589210e+00 +9.2857160e-01 +7.9470617e-02 -3.4195926e-01 -2.6164691e-02 +1.1997814e+04
2.8858300e-01 +1.5000000e-01 +1.8172111e+01 -4.6349556e-02 -7.2370222e-02 +2.5996914e+00 +1.1667000e+00 +9.3042469e-01 +8.8283827e-02 -3.4224938e-01 -2.4594444e-02 +1.2080738e+04
2.9282000e-01 +1.5000000e-01 +1.8165222e+01 -4.3031667e-02 -6.6154778e-02 +2.6162222e+00 +1.1744037e+00 +9.3260494e-01 +9.7265802e-02 -3.4231605e-01 -2.3256420e-02 +1.2170518e+04
2.9708800e-01 +1.5000000e-01 +1.8157333e+01 -3.9722000e-02 -5.9620667e-02 +2.6315185e+00 +1.1820778e+00 +9.3514568e-01 +1.0652519e-01 -3.4262099e-01 -2.2041481e-02 +1.2259486e+04
3.0138800e-01 +1.5000000e-01 +1.8148444e+01 -3.6374556e-02 -5.2802889e-02 +2.6450741e+00 +1.1898346e+00 +9.3812346e-01 +1.1597827e-01 -3.4352222e-01 -2.0804691e-02 +1.2348614e+04
3.0572000e-01 +1.5000000e-01 +1.8138778e+01 -3.2991889e-02 -4.5825889e-02 +2.6570988e+00 +1.1978000e+00 +9.4170494e-01 +1.2533827e-01 -3.4488519e-01 -1.9435802e-02 +1.2432031e+04
3.1008200e-01 +1.5000000e-01 +1.8128222e+01 -2.9678222e-02 -3.8876444e-02 +2.6681235e+00 +1.2060605e+00 +9.4590741e-01 +1.3429630e-01 -3.4630370e-01 -1.7841358e-02 +1.2507399e+04
3.1447500e-01 +1.5000000e-01 +1.8116778e+01 -2.6548667e-02 -3.2026444e-02 +2.6785679e+00 +1.2146432e+00 +9.5027037e-01 +1.4277654e-01 -3.4762346e-01 -1.6020000e-02 +1.2586710e+04
3.1889700e-01 +1.5000000e-01 +1.8104222e+01 -2.3627889e-02 -2.5080333e-02 +2.6882963e+00 +1.2235605e+00 +9.5435062e-01 +1.5085309e-01 -3.4882963e-01 -1.4006543e-02 +1.2680894e+04
3.2334900e-01 +1.5000000e-01 +1.8090444e+01 -2.0865333e-02 -1.7820667e-02 +2.6971852e+00 +1.2328296e+00 +9.5815432e-01 +1.5859259e-01 -3.4989630e-01 -1.1836198e-02 +1.2789713e+04
3.2783000e-01 +1.5000000e-01 +1.8075778e+01 -1.8223667e-02 -1.0168467e-02 +2.7057654e+00 +1.2424198e+00 +9.6224691e-01 +1.6592346e-01 -3.5084815e-01 -9.6203704e-03 +1.2904845e+04
3.3233800e-01 +1.5000000e-01 +1.8060333e+01 -1.5753556e-02 -2.2150667e-03 +2.7140988e+00 +1.2522222e+00 +9.6671975e-01 +1.7270741e-01 -3.5176543e-01 -7.5182222e-03 +1.3021991e+04
3.3687500e-01 +1.5000000e-01 +1.8044222e+01 -1.3558333e-02 +5.8801889e-03 +2.7219877e+00 +1.2620864e+00 +9.7121975e-01 +1.7903457e-01 -3.5258765e-01 -5.6045556e-03 +1.3132718e+04
3.4143800e-01 +1.5000000e-01 +1.8027667e+01 -1.1708111e-02 +1.4051778e-02 +2.7293210e+00 +1.2719877e+00 +9.7589136e-01 +1.8496296e-01 -3.5300741e-01 -3.8088642e-03 +1.3237629e+04
3.4602800e-01 +1.5000000e-01 +1.8010778e+01 -1.0170433e-02 +2.2392222e-02 +2.7365309e+00 +1.2819877e+00 +9.8060988e-01 +1.9043457e-01 -3.5308642e-01 -2.0281852e-03 +1.3339430e+04
3.5064400e-01 +1.5000000e-01 +1.7993556e+01 -8.8801889e-03 +3.1004778e-02 +2.7444321e+00 +1.2921358e+00 +9.8474691e-01 +1.9534938e-01 -3.5304691e-01 -3.1748395e-04 +1.3435055e+04
3.5528600e-01 +1.5000000e-01 +1.7975889e+01 -7.7804889e-03 +3.9827333e-02 +2.7525679e+00 +1.3023704e+00 +9.8783704e-01 +1.9953951e-01 -3.5277284e-01 +1.1861420e-03 +1.3532296e+04
3.5995100e-01 +1.5000000e-01 +1.7957556e+01 -6.7685778e-03 +4.8781111e-02 +2.7598765e+00 +1.3126420e+00 +9.9008272e-01 +2.0310494e-01 -3.5234691e-01 +2.3931111e-03 +1.3628983e+04
3.6464100e-01 +1.5000000e-01 +1.7938667e+01 -5.7405111e-03 +5.7940778e-02 +2.7667160e+00 +1.3228395e+00 +9.9210247e-01 +2.0628642e-01 -3.5203580e-01 +3.3474568e-03 +1.3720811e+04
3.6935400e-01 +1.5000000e-01 +1.7919333e+01 -4.6491000e-03 +6.7342222e-02 +2.7739383e+00 +1.3329259e+00 +9.9425556e-01 +2.0909877e-01 -3.5210123e-01 +4.1616049e-03 +1.3811507e+04
3.7408900e-01 +1.5000000e-01 +1.7899556e+01 -3.5112111e-03 +7.6858667e-02 +2.7817654e+00 +1.3428395e+00 +9.9697037e-01 +2.1140617e-01 -3.5262963e-01 +4.7579753e-03 +1.3900847e+04
3.7884600e-01 +1.5000000e-01 +1.7879667e+01 -2.4465667e-03 +8.6174444e-02 +2.7905309e+00 +1.3526543e+00 +1.0003222e+00 +2.1296049e-01 -3.5340123e-01 +5.0487778e-03 +1.3981914e+04
3.8362400e-01 +1.5000000e-01 +1.7859889e+01 -1.5313111e-03 +9.4956556e-02 +2.8002222e+00 +1.3624198e+00 +1.0037037e+00 +2.1336420e-01 -3.5408272e-01 +5.1053086e-03 +1.4071227e+04
3.8842300e-01 +1.5000000e-01 +1.7840222e+01 -7.4997000e-04 +1.0311478e-01 +2.8102346e+00 +1.3721605e+00 +1.0069951e+00 +2.1224691e-01 -3.5445679e-01 +5.0584815e-03 +1.4175114e+04
3.9324100e-01 +1.5000000e-01 +1.7821222e+01 -9.8959333e-05 +1.1072356e-01 +2.8199877e+00 +1.3817778e+00 +1.0105037e+00 +2.0945432e-01 -3.5467778e-01 +4.9501111e-03 +1.4267468e+04
3.9807800e-01 +1.5000000e-01 +1.7802889e+01 +4.2447444e-04 +1.1775556e-01 +2.8291605e+00 +1.3910494e+00 +1.0136864e+00 +2.0507901e-01 -3.5491728e-01 +4.9287037e-03 +1.4348453e+04
4.0293300e-01 +1.5000000e-01 +1.7784889e+01 +7.9348667e-04 +1.2428333e-01 +2.8376914e+00 +1.3998148e+00 +1.0161716e+00 +1.9956790e-01 -3.5508642e-01 +5.1848272e-03 +1.4432792e+04
4.0780500e-01 +1.5000000e-01 +1.7767111e+01 +9.1644222e-04 +1.3056556e-01 +2.8453580e+00 +1.4078519e+00 +1.0179469e+00 +1.9322963e-01 -3.5530988e-01 +5.6383827e-03 +1.4525739e+04
4.1269400e-01 +1.5000000e-01 +1.7749556e+01 +7.1721667e-04 +1.3677778e-01 +2.8521235e+00 +1.4150370e+00 +1.0183704e+00 +1.8600247e-01 -3.5586049e-01 +6.0236296e-03 +1.4626229e+04
4.1759800e-01 +1.5000000e-01 +1.7732444e+01 +2.6761333e-04 +1.4296778e-01 +2.8581481e+00 +1.4214691e+00 +1.0174580e+00 +1.7781235e-01 -3.5686420e-01 +6.2507284e-03 +1.4719855e+04
4.2251700e-01 +1.5000000e-01 +1.7715778e+01 -2.6575222e-04 +1.4896556e-01 +2.8638519e+00 +1.4274198e+00 +1.0167111e+00 +1.6863580e-01 -3.5835926e-01 +6.4018272e-03 +1.4792832e+04
4.2745000e-01 +1.5000000e-01 +1.7699556e+01 -7.5332222e-04 +1.5446333e-01 +2.8693580e+00 +1.4332099e+00 +1.0170247e+00 +1.5873704e-01 -3.5993086e-01 +6.6611481e-03 +1.4833963e+04
4.3239600e-01 +1.5000000e-01 +1.7684222e+01 -1.1225778e-03 +1.5930111e-01 +2.8750000e+00 +1.4390247e+00 +1.0178728e+00 +1.4851235e-01 -3.6109506e-01 +7.0282469e-03 +1.4860439e+04
4.3735400e-01 +1.5000000e-01 +1.7669889e+01 -1.3972333e-03 +1.6351889e-01 +2.8813210e+00 +1.4448148e+00 +1.0186864e+00 +1.3835802e-01 -3.6199259e-01 +7.4379383e-03 +1.4892666e+04
4.4232400e-01 +1.5000000e-01 +1.7657000e+01 -1.6883556e-03 +1.6703000e-01 +2.8879877e+00 +1.4504691e+00 +1.0194074e+00 +1.2831111e-01 -3.6345926e-01 +7.7567778e-03 +1.4938708e+04
4.4730400e-01 +1.5000000e-01 +1.7645667e+01 -2.0194222e-03 +1.6983111e-01 +2.8949753e+00 +1.4560370e+00 +1.0201185e+00 +1.1809309e-01 -3.6565309e-01 +7.8900864e-03 +1.4980827e+04
4.5229300e-01 +1.5000000e-01 +1.7636333e+01 -2.2478000e-03 +1.7225222e-01 +2.9023580e+00 +1.4616543e+00 +1.0207605e+00 +1.0759877e-01 -3.6801481e-01 +7.8677654e-03 +1.5004243e+04
4.5729200e-01 +1.5000000e-01 +1.7628444e+01 -2.2024667e-03 +1.7450333e-01 +2.9093951e+00 +1.4674074e+00 +1.0217494e+00 +9.6839012e-02 -3.7000247e-01 +7.8529259e-03 +1.5009975e+04
4.6229800e-01 +1.5000000e-01 +1.7621778e+01 -1.8859222e-03 +1.7649000e-01 +2.9155432e+00 +1.4731235e+00 +1.0232790e+00 +8.5799753e-02 -3.7138395e-01 +7.8084444e-03 +1.5004966e+04
4.6731100e-01 +1.5000000e-01 +1.7616222e+01 -1.3740889e-03 +1.7812000e-01 +2.9210864e+00 +1.4785185e+00 +1.0242679e+00 +7.4619136e-02 -3.7266173e-01 +7.3688395e-03 +1.5001588e+04
4.7233000e-01 +1.5000000e-01 +1.7611556e+01 -7.9010333e-04 +1.7921111e-01 +2.9260988e+00 +1.4833704e+00 +1.0244593e+00 +6.3610123e-02 -3.7433333e-01 +6.3678889e-03 +1.5001963e+04
4.7735400e-01 +1.5000000e-01 +1.7607778e+01 -2.8495778e-04 +1.7943556e-01 +2.9302716e+00 +1.4875432e+00 +1.0241037e+00 +5.2748642e-02 -3.7610988e-01 +5.1951605e-03 +1.4999198e+04
4.8238200e-01 +1.5000000e-01 +1.7604889e+01 +5.8251889e-05 +1.7904556e-01 +2.9331481e+00 +1.4908889e+00 +1.0237605e+00 +4.1845926e-02 -3.7789877e-01 +4.2841975e-03 +1.4993311e+04
4.8741300e-01 +1.5000000e-01 +1.7602556e+01 +2.2342222e-04 +1.7843111e-01 +2.9356173e+00 +1.4933457e+00 +1.0239889e+00 +3.0961605e-02 -3.7962346e-01 +3.4385432e-03 +1.4989624e+04
4.9244700e-01 +1.5000000e-01 +1.7600889e+01 +1.8645333e-04 +1.7770222e-01 +2.9382963e+00 +1.4948889e+00 +1.0246951e+00 +2.0346049e-02 -3.8132593e-01 +2.2892222e-03 +1.4989382e+04
4.9748200e-01 +1.5000000e-01 +1.7600000e+01 +0.0000000e+00 +1.7708667e-01 +2.9401605e+00 +1.4956049e+00 +1.0254111e+00 +1.0044765e-02 -3.8269506e-01 +8.0282593e-04 +1.4991605e+04
5.0251800e-01 +1.5000000e-01 +1.7600000e+01 -1.8645333e-04 +1.7688444e-01 +2.9401605e+00 +1.4956049e+00 +1.0256815e+00 -1.4565309e-04 -3.8346420e-01 -8.0282593e-04 +1.4991605e+04
5.0755300e-01 +1.5000000e-01 +1.7600889e+01 -2.2342222e-04 +1.7703333e-01 +2.9382963e+00 +1.4948889e+00 +1.0252321e+00 -1.0535864e-02 -3.8357901e-01 -2.2892222e-03 +1.4989382e+04
5.1258700e-01 +1.5000000e-01 +1.7602556e+01 -5.8251889e-05 +1.7724222e-01 +2.9356173e+00 +1.4933457e+00 +1.0246012e+00 -2.1309012e-02 -3.8330000e-01 -3.4385432e-03 +1.4989624e+04
5.1761800e-01 +1.5000000e-01 +1.7604889e+01 +2.8495778e-04 +1.7724667e-01 +2.9331481e+00 +1.4908889e+00 +1.0243519e+00 -3.2470988e-02 -3.8278025e-01 -4.2841975e-03 +1.4993311e+04
5.2264600e-01 +1.5000000e-01 +1.7607778e+01 +7.9010333e-04 +1.7683778e-01 +2.9302716e+00 +1.4875432e+00 +1.0246210e+00 -4.3939383e-02 -3.8173333e-01 -5.1951605e-03 +1.4999198e+04
5.2767000e-01 +1.5000000e-01 +1.7611556e+01 +1.3740889e-03 +1.7577889e-01 +2.9260988e+00 +1.4833704e+00 +1.0250444e+00 -5.5799259e-02 -3.8009630e-01 -6.3678889e-03 +1.5001963e+04
5.3268900e-01 +1.5000000e-01 +1.7616222e+01 +1.8859222e-03 +1.7390333e-01 +2.9210864e+00 +1.4785185e+00 +1.0249704e+00 -6.8120617e-02 -3.7770247e-01 -7.3688395e-03 +1.5001588e+04
5.3770200e-01 +1.5000000e-01 +1.7621778e+01 +2.2024667e-03 +1.7143333e-01 +2.9155432e+00 +1.4731235e+00 +1.0241407e+00 -8.0678025e-02 -3.7459877e-01 -7.8084444e-03 +1.5004966e+04
5.4270800e-01 +1.5000000e-01 +1.7628444e+01 +2.2478000e-03 +1.6863444e-01 +2.9093951e+00 +1.4674074e+00 +1.0230605e+00 -9.3036914e-02 -3.7092963e-01 -7.8529259e-03 +1.5009975e+04
5.4770700e-01 +1.5000000e-01 +1.7636333e+01 +2.0194222e-03 +1.6566556e-01 +2.9023580e+00 +1.4616543e+00 +1.0226222e+00 -1.0505296e-01 -3.6695309e-01 -7.8677654e-03 +1.5004243e+04
5.5269600e-01 +1.5000000e-01 +1.7645667e+01 +1.6883556e-03 +1.6255222e-01 +2.8949753e+00 +1.4560370e+00 +1.0221444e+00 -1.1663469e-01 -3.6267407e-01 -7.8900864e-03 +1.4980827e+04
5.5767600e-01 +1.5000000e-01 +1.7657000e+01 +1.3972333e-03 +1.5906333e-01 +2.8879877e+00 +1.4504691e+00 +1.0207642e+00 -1.2763704e-01 -3.5816049e-01 -7.7567778e-03 +1.4938708e+04
5.6264600e-01 +1.5000000e-01 +1.7669889e+01 +1.1225778e-03 +1.5487000e-01 +2.8813210e+00 +1.4448148e+00 +1.0182938e+00 -1.3820864e-01 -3.5372346e-01 -7.4379383e-03 +1.4892666e+04
5.6760400e-01 +1.5000000e-01 +1.7684222e+01 +7.5332222e-04 +1.5006556e-01 +2.8750000e+00 +1.4390247e+00 +1.0151679e+00 -1.4871852e-01 -3.4952346e-01 -7.0282469e-03 +1.4860439e+04
5.7255000e-01 +1.5000000e-01 +1.7699556e+01 +2.6575222e-04 +1.4484889e-01 +2.8693580e+00 +1.4332099e+00 +1.0123074e+00 -1.5934568e-01 -3.4539506e-01 -6.6611481e-03 +1.4833963e+04
5.7748300e-01 +1.5000000e-01 +1.7715778e+01 -2.6761333e-04 +1.3913889e-01 +2.8638519e+00 +1.4274198e+00 +1.0106951e+00 -1.6995062e-01 -3.4141481e-01 -6.4018272e-03 +1.4792832e+04
5.8240200e-01 +1.5000000e-01 +1.7732444e+01 -7.1721667e-04 +1.3311444e-01 +2.8581481e+00 +1.4214691e+00 +1.0107778e+00 -1.8021852e-01 -3.3822099e-01 -6.2507284e-03 +1.4719855e+04
5.8730600e-01 +1.5000000e-01 +1.7749556e+01 -9.1644222e-04 +1.2715667e-01 +2.8521235e+00 +1.4150370e+00 +1.0115272e+00 -1.8985062e-01 -3.3633951e-01 -6.0236296e-03 +1.4626229e+04
5.9219500e-01 +1.5000000e-01 +1.7767111e+01 -7.9348667e-04 +1.2144556e-01 +2.8453580e+00 +1.4078519e+00 +1.0115481e+00 -1.9865926e-01 -3.3579012e-01 -5.6383827e-03 +1.4525739e+04
5.9706700e-01 +1.5000000e-01 +1.7784889e+01 -4.2447444e-04 +1.1588556e-01 +2.8376914e+00 +1.3998148e+00 +1.0103827e+00 -2.0656296e-01 -3.3610617e-01 -5.1848272e-03 +1.4432792e+04
6.0192200e-01 +1.5000000e-01 +1.7802889e+01 +9.8959333e-05 +1.1024756e-01 +2.8291605e+00 +1.3910494e+00 +1.0083469e+00 -2.1353951e-01 -3.3647037e-01 -4.9287037e-03 +1.4348453e+04
6.0675900e-01 +1.5000000e-01 +1.7821222e+01 +7.4997000e-04 +1.0425044e-01 +2.8199877e+00 +1.3817778e+00 +1.0055951e+00 -2.1922346e-01 -3.3684815e-01 -4.9501111e-03 +1.4267468e+04
6.1157700e-01 +1.5000000e-01 +1.7840222e+01 +1.5313111e-03 +9.7794889e-02 +2.8102346e+00 +1.3721605e+00 +1.0021148e+00 -2.2325556e-01 -3.3769630e-01 -5.0584815e-03 +1.4175114e+04
6.1637600e-01 +1.5000000e-01 +1.7859889e+01 +2.4465667e-03 +9.0937222e-02 +2.8002222e+00 +1.3624198e+00 +9.9840741e-01 -2.2562469e-01 -3.3897037e-01 -5.1053086e-03 +1.4071227e+04
6.2115400e-01 +1.5000000e-01 +1.7879667e+01 +3.5112111e-03 +8.3745444e-02 +2.7905309e+00 +1.3526543e+00 +9.9483210e-01 -2.2647284e-01 -3.4042963e-01 -5.0487778e-03 +1.3981914e+04
6.2591100e-01 +1.5000000e-01 +1.7899556e+01 +4.6491000e-03 +7.6261333e-02 +2.7817654e+00 +1.3428395e+00 +9.9159630e-01 -2.2615432e-01 -3.4183951e-01 -4.7579753e-03 +1.3900847e+04
6.3064600e-01 +1.5000000e-01 +1.7919333e+01 +5.7405111e-03 +6.8566667e-02 +2.7739383e+00 +1.3329259e+00 +9.8894444e-01 -2.2502222e-01 -3.4305679e-01 -4.1616049e-03 +1.3811507e+04
6.3535900e-01 +1.5000000e-01 +1.7938667e+01 +6.7685778e-03 +6.0863222e-02 +2.7667160e+00 +1.3228395e+00 +9.8692963e-01 -2.2324074e-01 -3.4430123e-01 -3.3474568e-03 +1.3720811e+04
6.4004900e-01 +1.5000000e-01 +1.7957556e+01 +7.7804889e-03 +5.3302556e-02 +2.7598765e+00 +1.3126420e+00 +9.8516790e-01 -2.2089753e-01 -3.4597407e-01 -2.3931111e-03 +1.3628983e+04
6.4471400e-01 +1.5000000e-01 +1.7975889e+01 +8.8801889e-03 +4.5858667e-02 +2.7525679e+00 +1.3023704e+00 +9.8311481e-01 -2.1785556e-01 -3.4825062e-01 -1.1861420e-03 +1.3532296e+04
6.4935600e-01 +1.5000000e-01 +1.7993556e+01 +1.0170433e-02 +3.8351556e-02 +2.7444321e+00 +1.2921358e+00 +9.8021358e-01 -2.1370741e-01 -3.5084074e-01 +3.1748395e-04 +1.3435055e+04
6.5397200e-01 +1.5000000e-01 +1.8010778e+01 +1.1708111e-02 +3.0676444e-02 +2.7365309e+00 +1.2819877e+00 +9.7619259e-01 -2.0834198e-01 -3.5330864e-01 +2.0281852e-03 +1.3339430e+04
6.5856200e-01 +1.5000000e-01 +1.8027667e+01 +1.3558333e-02 +2.2887111e-02 +2.7293210e+00 +1.2719877e+00 +9.7140741e-01 -2.0198395e-01 -3.5546296e-01 +3.8088642e-03 +1.3237629e+04
6.6312500e-01 +1.5000000e-01 +1.8044222e+01 +1.5753556e-02 +1.5089111e-02 +2.7219877e+00 +1.2620864e+00 +9.6673333e-01 -1.9479753e-01 -3.5727778e-01 +5.6045556e-03 +1.3132718e+04
6.6766200e-01 +1.5000000e-01 +1.8060333e+01 +1.8223667e-02 +7.3131889e-03 +2.7140988e+00 +1.2522222e+00 +9.6247160e-01 -1.8694691e-01 -3.5872840e-01 +7.5182222e-03 +1.3021991e+04
6.7217000e-01 +1.5000000e-01 +1.8075778e+01 +2.0865333e-02 -3.9937333e-04 +2.7057654e+00 +1.2424198e+00 +9.5831975e-01 -1.7859630e-01 -3.5965309e-01 +9.6203704e-03 +1.2904845e+04
6.7665100e-01 +1.5000000e-01 +1.8090444e+01 +2.3627889e-02 -7.9021111e-03 +2.6971852e+00 +1.2328296e+00 +9.5455679e-01 -1.6973210e-01 -3.5966790e-01 +1.1836198e-02 +1.2789713e+04
6.8110300e-01 +1.5000000e-01 +1.8104222e+01 +2.6548667e-02 -1.5012778e-02 +2.6882963e+00 +1.2235605e+00 +9.5108889e-01 -1.6038272e-01 -3.5860617e-01 +1.4006543e-02 +1.2680894e+04
6.8552500e-01 +1.5000000e-01 +1.8116778e+01 +2.9678222e-02 -2.1672000e-02 +2.6785679e+00 +1.2146432e+00 +9.4729877e-01 -1.5061852e-01 -3.5675309e-01 +1.6020000e-02 +1.2586710e+04
6.8991800e-01 +1.5000000e-01 +1.8128222e+01 +3.2991889e-02 -2.7985889e-02 +2.6681235e+00 +1.2060605e+00 +9.4320247e-01 -1.4050617e-01 -3.5466790e-01 +1.7841358e-02 +1.2507399e+04
6.9428000e-01 +1.5000000e-01 +1.8138778e+01 +3.6374556e-02 -3.4155444e-02 +2.6570988e+00 +1.1978000e+00 +9.3915309e-01 -1.3011975e-01 -3.5276049e-01 +1.9435802e-02 +1.2432031e+04
6.9861200e-01 +1.5000000e-01 +1.8148444e+01 +3.9722000e-02 -4.0296000e-02 +2.6450741e+00 +1.1898346e+00 +9.3539506e-01 -1.1957926e-01 -3.5105802e-01 +2.0804691e-02 +1.2348614e+04
7.0291200e-01 +1.5000000e-01 +1.8157333e+01 +4.3031667e-02 -4.6456667e-02 +2.6315185e+00 +1.1820778e+00 +9.3199877e-01 -1.0911025e-01 -3.4955556e-01 +2.2041481e-02 +1.2259486e+04
7.0718000e-01 +1.5000000e-01 +1.8165222e+01 +4.6349556e-02 -5.2595889e-02 +2.6162222e+00 +1.1744037e+00 +9.2902346e-01 -9.8907160e-02 -3.4824198e-01 +2.3256420e-02 +1.2170518e+04
7.1141700e-01 +1.5000000e-01 +1.8172111e+01 +4.9701000e-02 -5.8575444e-02 +2.5996914e+00 +1.1667000e+00 +9.2654198e-01 -8.9004444e-02 -3.4699259e-01 +2.4594444e-02 +1.2080738e+04
7.1562000e-01 +1.5000000e-01 +1.8177889e+01 +5.3095333e-02 -6.4260111e-02 +2.5825432e+00 +1.1589210e+00 +9.2452593e-01 -7.9283210e-02 -3.4558395e-01 +2.6164691e-02 +1.1997814e+04
7.1979100e-01 +1.5000000e-01 +1.8182778e+01 +5.6519444e-02 -6.9661778e-02 +2.5649383e+00 +1.1511296e+00 +9.2290864e-01 -6.9578025e-02 -3.4376790e-01 +2.7969753e-02 +1.1925306e+04
7.2392900e-01 +1.5000000e-01 +1.8186556e+01 +5.9949778e-02 -7.4946333e-02 +2.5468889e+00 +1.1434556e+00 +9.2158765e-01 -5.9889506e-02 -3.4134074e-01 +2.9927778e-02 +1.1853115e+04
7.2803300e-01 +1.5000000e-01 +1.8189444e+01 +6.3394667e-02 -8.0305111e-02 +2.5284691e+00 +1.1359951e+00 +9.2037284e-01 -5.0255185e-02 -3.3822963e-01 +3.1964938e-02 +1.1776491e+04
7.3210300e-01 +1.5000000e-01 +1.8191667e+01 +6.6892333e-02 -8.5814111e-02 +2.5095309e+00 +1.1287296e+00 +9.1895185e-01 -4.0612963e-02 -3.3451975e-01 +3.4130247e-02 +1.1696846e+04
7.3613800e-01 +1.5000000e-01 +1.8192889e+01 +7.0460444e-02 -9.1342667e-02 +2.4899506e+00 +1.1215556e+00 +9.1723086e-01 -3.0856420e-02 -3.3055432e-01 +3.6488025e-02 +1.1618225e+04
7.4013900e-01 +1.5000000e-01 +1.8193333e+01 +7.4060667e-02 -9.6658333e-02 +2.4699383e+00 +1.1143531e+00 +9.1547778e-01 -2.0837654e-02 -3.2667654e-01 +3.8924321e-02 +1.1538317e+04
7.4410500e-01 +1.5000000e-01 +1.8192667e+01 +7.7630556e-02 -1.0161022e-01 +2.4496667e+00 +1.1070605e+00 +9.1399136e-01 -1.0424469e-02 -3.2296420e-01 +4.1145062e-02 +1.1458175e+04
7.4803600e-01 +1.5000000e-01 +1.8190778e+01 +8.1143222e-02 -1.0616489e-01 +2.4288889e+00 +1.0996914e+00 +9.1274321e-01 +4.7110247e-04 -3.1934568e-01 +4.2913704e-02 +1.1383180e+04
7.5193100e-01 +1.5000000e-01 +1.8187444e+01 +8.4619333e-02 -1.1032611e-01 +2.4073086e+00 +1.0923049e+00 +9.1155679e-01 +1.1812160e-02 -3.1559506e-01 +4.4229012e-02 +1.1315047e+04
7.5579100e-01 +1.5000000e-01 +1.8182667e+01 +8.8080556e-02 -1.1408889e-01 +2.3850247e+00 +1.0849728e+00 +9.1030864e-01 +2.3462593e-02 -3.1145926e-01 +4.5215062e-02 +1.1253414e+04
7.5961500e-01 +1.5000000e-01 +1.8176667e+01 +9.1517222e-02 -1.1751000e-01 +2.3624938e+00 +1.0777877e+00 +9.0894691e-01 +3.5294938e-02 -3.0688272e-01 +4.5980864e-02 +1.1193786e+04
7.6340300e-01 +1.5000000e-01 +1.8169333e+01 +9.4887556e-02 -1.2071556e-01 +2.3401975e+00 +1.0708667e+00 +9.0758642e-01 +4.7245679e-02 -3.0192716e-01 +4.6583086e-02 +1.1135765e+04
7.6715400e-01 +1.5000000e-01 +1.8160889e+01 +9.8151333e-02 -1.2379889e-01 +2.3186296e+00 +1.0643210e+00 +9.0661111e-01 +5.9243951e-02 -2.9677407e-01 +4.7085926e-02 +1.1081160e+04
7.7086900e-01 +1.5000000e-01 +1.8151444e+01 +1.0129567e-01 -1.2674444e-01 +2.2982963e+00 +1.0582074e+00 +9.0647037e-01 +7.1185679e-02 -2.9189259e-01 +4.7607531e-02 +1.1027387e+04
7.7454800e-01 +1.5000000e-01 +1.8140889e+01 +1.0432556e-01 -1.2953333e-01 +2.2796049e+00 +1.0525000e+00 +9.0715309e-01 +8.2990000e-02 -2.8779753e-01 +4.8296296e-02 +1.0978545e+04
7.7819000e-01 +1.5000000e-01 +1.8129333e+01 +1.0725689e-01 -1.3221222e-01 +2.2630741e+00 +1.0471531e+00 +9.0824568e-01 +9.4683086e-02 -2.8472222e-01 +4.9226667e-02 +1.0939586e+04
7.8179500e-01 +1.5000000e-01 +1.8116333e+01 +1.1012433e-01 -1.3483111e-01 +2.2487531e+00 +1.0421580e+00 +9.0940370e-01 +1.0636198e-01 -2.8254691e-01 +5.0356049e-02 +1.0905314e+04
7.8536400e-01 +1.5000000e-01 +1.8102111e+01 +1.1297667e-01 -1.3739000e-01 +2.2360000e+00 +1.0375296e+00 +9.1050123e-01 +1.1805111e-01 -2.8087901e-01 +5.1623333e-02 +1.0875805e+04
7.8889500e-01 +1.5000000e-01 +1.8086556e+01 +1.1584667e-01 -1.3989444e-01 +2.2241975e+00 +1.0332716e+00 +9.1160864e-01 +1.2965679e-01 -2.7931111e-01 +5.3032963e-02 +1.0855073e+04
7.9238900e-01 +1.5000000e-01 +1.8069667e+01 +1.1872556e-01 -1.4237778e-01 +2.2130123e+00 +1.0293728e+00 +9.1301358e-01 +1.4105802e-01 -2.7755802e-01 +5.4621481e-02 +1.0840040e+04
7.9584700e-01 +1.5000000e-01 +1.8051778e+01 +1.2157556e-01 -1.4486889e-01 +2.2023827e+00 +1.0258000e+00 +9.1503951e-01 +1.5219383e-01 -2.7550988e-01 +5.6382716e-02 +1.0830636e+04
7.9926700e-01 +1.5000000e-01 +1.8032667e+01 +1.2436667e-01 -1.4737000e-01 +2.1922840e+00 +1.0224914e+00 +9.1780864e-01 +1.6306420e-01 -2.7319383e-01 +5.8277160e-02 +1.0831090e+04
8.0265000e-01 +1.5000000e-01 +1.8012556e+01 +1.2708000e-01 -1.4987111e-01 +2.1826173e+00 +1.0193494e+00 +9.2117284e-01 +1.7370617e-01 -2.7064074e-01 +6.0284074e-02 +1.0844564e+04
8.0599600e-01 +1.5000000e-01 +1.7991333e+01 +1.2970000e-01 -1.5236889e-01 +2.1733827e+00 +1.0162679e+00 +9.2487901e-01 +1.8416667e-01 -2.6778519e-01 +6.2374444e-02 +1.0867661e+04
8.0930400e-01 +1.5000000e-01 +1.7969000e+01 +1.3219889e-01 -1.5487889e-01 +2.1645926e+00 +1.0131790e+00 +9.2872963e-01 +1.9448025e-01 -2.6452346e-01 +6.4467531e-02 +1.0892940e+04
8.1257600e-01 +1.5000000e-01 +1.7945667e+01 +1.3456000e-01 -1.5740111e-01 +2.1562716e+00 +1.0100753e+00 +9.3249259e-01 +2.0468519e-01 -2.6084691e-01 +6.6456667e-02 +1.0919085e+04
8.1581000e-01 +1.5000000e-01 +1.7921444e+01 +1.3677333e-01 -1.5988333e-01 +2.1485309e+00 +1.0069938e+00 +9.3597284e-01 +2.1482222e-01 -2.5687160e-01 +6.8270247e-02 +1.0950357e+04
8.1900800e-01 +1.5000000e-01 +1.7896111e+01 +1.3883556e-01 -1.6223222e-01 +2.1416173e+00 +1.0039790e+00 +9.3921358e-01 +2.2488025e-01 -2.5276790e-01 +6.9906173e-02 +1.0989173e+04
8.2216800e-01 +1.5000000e-01 +1.7869889e+01 +1.4073778e-01 -1.6436111e-01 +2.1358765e+00 +1.0010728e+00 +9.4242963e-01 +2.3478519e-01 -2.4868519e-01 +7.1401975e-02 +1.1036341e+04
8.2529200e-01 +1.5000000e-01 +1.7842556e+01 +1.4247556e-01 -1.6621778e-01 +2.1316420e+00 +9.9830864e-01 +9.4588889e-01 +2.4447284e-01 -2.4473580e-01 +7.2783457e-02 +1.1090280e+04
8.2837800e-01 +1.5000000e-01 +1.7814333e+01 +1.4403222e-01 -1.6779333e-01 +2.1291235e+00 +9.9570988e-01 +9.4979753e-01 +2.5392593e-01 -2.4099259e-01 +7.4029383e-02 +1.1149274e+04
8.3142800e-01 +1.5000000e-01 +1.7785111e+01 +1.4537778e-01 -1.6911111e-01 +2.1280864e+00 +9.9329877e-01 +9.5422716e-01 +2.6316296e-01 -2.3746049e-01 +7.5072840e-02 +1.1215094e+04
8.3444100e-01 +1.5000000e-01 +1.7754889e+01 +1.4648778e-01 -1.7020000e-01 +2.1282716e+00 +9.9109136e-01 +9.5914074e-01 +2.7223333e-01 -2.3407778e-01 +7.5836543e-02 +1.1289879e+04
8.3741800e-01 +1.5000000e-01 +1.7723667e+01 +1.4735889e-01 -1.7110889e-01 +2.1296543e+00 +9.8910494e-01 +9.6439259e-01 +2.8123457e-01 -2.3070370e-01 +7.6279506e-02 +1.1370696e+04
8.4035800e-01 +1.5000000e-01 +1.7691667e+01 +1.4798778e-01 -1.7190333e-01 +2.1321605e+00 +9.8735309e-01 +9.6973827e-01 +2.9029877e-01 -2.2713457e-01 +7.6422840e-02 +1.1456591e+04
8.4326200e-01 +1.5000000e-01 +1.7658556e+01 +1.4836222e-01 -1.7264111e-01 +2.1356049e+00 +9.8585185e-01 +9.7497531e-01 +2.9951852e-01 -2.2326667e-01 +7.6328519e-02 +1.1553904e+04
8.4613000e-01 +1.5000000e-01 +1.7624667e+01 +1.4847000e-01 -1.7332444e-01 +2.1398272e+00 +9.8462099e-01 +9.8011852e-01 +3.0892469e-01 -2.1911605e-01 +7.6077407e-02 +1.1665788e+04
8.4896200e-01 +1.5000000e-01 +1.7589667e+01 +1.4831111e-01 -1.7388333e-01 +2.1448148e+00 +9.8367284e-01 +9.8532099e-01 +3.1851975e-01 -2.1470247e-01 +7.5751358e-02 +1.1788618e+04
8.5175700e-01 +1.5000000e-01 +1.7553778e+01 +1.4789778e-01 -1.7420000e-01 +2.1505432e+00 +9.8299012e-01 +9.9061358e-01 +3.2828765e-01 -2.1000247e-01 +7.5399630e-02 +1.1922080e+04
8.5451800e-01 +1.5000000e-01 +1.7516778e+01 +1.4724667e-01 -1.7417000e-01 +2.1569259e+00 +9.8253580e-01 +9.9590494e-01 +3.3818765e-01 -2.0498148e-01 +7.5029012e-02 +1.2067091e+04
8.5724300e-01 +1.5000000e-01 +1.7478889e+01 +1.4637889e-01 -1.7373000e-01 +2.1639012e+00 +9.8226173e-01 +1.0011395e+00 +3.4818148e-01 -1.9964815e-01 +7.4627654e-02 +1.2222798e+04
8.5993200e-01 +1.5000000e-01 +1.7440000e+01 +1.4531889e-01 -1.7286667e-01 +2.1715556e+00 +9.8210988e-01 +1.0063543e+00 +3.5821975e-01 -1.9409383e-01 +7.4183086e-02 +1.2388581e+04
8.6258600e-01 +1.5000000e-01 +1.7400111e+01 +1.4408000e-01 -1.7159778e-01 +2.1799630e+00 +9.8202099e-01 +1.0117198e+00 +3.6820864e-01 -1.8841235e-01 +7.3702222e-02 +1.2565650e+04
8.6520600e-01 +1.5000000e-01 +1.7359222e+01 +1.4265889e-01 -1.6994889e-01 +2.1891852e+00 +9.8195309e-01 +1.0174556e+00 +3.7803827e-01 -1.8264074e-01 +7.3209012e-02 +1.2756633e+04
8.6779100e-01 +1.5000000e-01 +1.7317333e+01 +1.4103778e-01 -1.6793667e-01 +2.1993827e+00 +9.8190000e-01 +1.0237333e+00 +3.8762222e-01 -1.7680741e-01 +7.2718395e-02 +1.2962217e+04
8.7034100e-01 +1.5000000e-01 +1.7274444e+01 +1.3919444e-01 -1.6559000e-01 +2.2107037e+00 +9.8190000e-01 +1.0306617e+00 +3.9690617e-01 -1.7102963e-01 +7.2214938e-02 +1.3180336e+04
8.7285700e-01 +1.5000000e-01 +1.7230667e+01 +1.3712444e-01 -1.6295000e-01 +2.2232222e+00 +9.8200370e-01 +1.0382765e+00 +4.0587778e-01 -1.6549012e-01 +7.1657284e-02 +1.3408238e+04
8.7534000e-01 +1.5000000e-01 +1.7185778e+01 +1.3484667e-01 -1.6005778e-01 +2.2370370e+00 +9.8222963e-01 +1.0464765e+00 +4.1457407e-01 -1.6033086e-01 +7.1014815e-02 +1.3643972e+04
8.7778800e-01 +1.5000000e-01 +1.7140111e+01 +1.3238222e-01 -1.5694778e-01 +2.2521605e+00 +9.8253951e-01 +1.0550691e+00 +4.2303704e-01 -1.5558642e-01 +7.0291481e-02 +1.3889364e+04
8.8020300e-01 +1.5000000e-01 +1.7093444e+01 +1.2975222e-01 -1.5365111e-01 +2.2685802e+00 +9.8286173e-01 +1.0638901e+00 +4.3125679e-01 -1.5122963e-01 +6.9509630e-02 +1.4151070e+04
8.8258400e-01 +1.5000000e-01 +1.7046000e+01 +1.2696889e-01 -1.5021333e-01 +2.2862222e+00 +9.8312963e-01 +1.0728877e+00 +4.3920247e-01 -1.4725309e-01 +6.8687531e-02 +1.4432909e+04
8.8493300e-01 +1.5000000e-01 +1.6997778e+01 +1.2404000e-01 -1.4668889e-01 +2.3050741e+00 +9.8330247e-01 +1.0821049e+00 +4.4686296e-01 -1.4367284e-01 +6.7843333e-02 +1.4734903e+04
8.8724900e-01 +1.5000000e-01 +1.6948667e+01 +1.2097111e-01 -1.4313000e-01 +2.3250864e+00 +9.8335679e-01 +1.0915975e+00 +4.5425926e-01 -1.4049877e-01 +6.7005432e-02 +1.5056520e+04
8.8953200e-01 +1.5000000e-01 +1.6898667e+01 +1.1776333e-01 -1.3955222e-01 +2.3462716e+00 +9.8329259e-01 +1.1014136e+00 +4.6141852e-01 -1.3772716e-01 +6.6199383e-02 +1.5396301e+04
8.9178300e-01 +1.5000000e-01 +1.6847889e+01 +1.1441778e-01 -1.3593778e-01 +2.3686914e+00 +9.8312593e-01 +1.1116037e+00 +4.6835432e-01 -1.3530988e-01 +6.5426049e-02 +1.5752743e+04
8.9400200e-01 +1.5000000e-01 +1.6796333e+01 +1.1093289e-01 -1.3225000e-01 +2.3924074e+00 +9.8289012e-01 +1.1222136e+00 +4.7505062e-01 -1.3314815e-01 +6.4662840e-02 +1.6124666e+04
8.9619000e-01 +1.5000000e-01 +1.6744111e+01 +1.0730800e-01 -1.2844667e-01 +2.4173580e+00 +9.8262469e-01 +1.1332790e+00 +4.8148765e-01 -1.3113580e-01 +6.3888642e-02 +1.6511604e+04
8.9834600e-01 +1.5000000e-01 +1.6691111e+01 +1.0354478e-01 -1.2448444e-01 +2.4434074e+00 +9.8237778e-01 +1.1448272e+00 +4.8767160e-01 -1.2919259e-01 +6.3095432e-02 +1.6915112e+04
9.0047100e-01 +1.5000000e-01 +1.6637444e+01 +9.9652556e-02 -1.2032222e-01 +2.4703086e+00 +9.8218765e-01 +1.1568704e+00 +4.9364938e-01 -1.2727531e-01 +6.2279630e-02 +1.7340854e+04
9.0256500e-01 +1.5000000e-01 +1.6582889e+01 +9.5650111e-02 -1.1592889e-01 +2.4978889e+00 +9.8207284e-01 +1.1693556e+00 +4.9949012e-01 -1.2537160e-01 +6.1437284e-02 +1.7796245e+04
9.0462900e-01 +1.5000000e-01 +1.6527444e+01 +9.1563222e-02 -1.1129556e-01 +2.5260741e+00 +9.8203086e-01 +1.1821395e+00 +5.0526543e-01 -1.2347531e-01 +6.0566173e-02 +1.8283746e+04
9.0666200e-01 +1.5000000e-01 +1.6471111e+01 +8.7420889e-02 -1.0642833e-01 +2.5550000e+00 +9.8203333e-01 +1.1950420e+00 +5.1102346e-01 -1.2157679e-01 +5.9666173e-02 +1.8797539e+04
9.0866500e-01 +1.5000000e-01 +1.6413889e+01 +8.3252111e-02 -1.0133211e-01 +2.5848148e+00 +9.8204938e-01 +1.2079235e+00 +5.1677160e-01 -1.1965210e-01 +5.8735309e-02 +1.9331577e+04
9.1063900e-01 +1.5000000e-01 +1.6355778e+01 +7.9084111e-02 -9.6010333e-02 +2.6156173e+00 +9.8205309e-01 +1.2207309e+00 +5.2248272e-01 -1.1769259e-01 +5.7776543e-02 +1.9887119e+04
9.1258400e-01 +1.5000000e-01 +1.6296778e+01 +7.4940000e-02 -9.0461222e-02 +2.6474321e+00 +9.8202099e-01 +1.2334889e+00 +5.2812593e-01 -1.1570568e-01 +5.6803580e-02 +2.0467116e+04
9.1449900e-01 +1.5000000e-01 +1.6237111e+01 +7.0836111e-02 -8.4675222e-02 +2.6803704e+00 +9.8192963e-01 +1.2462469e+00 +5.3368642e-01 -1.1368383e-01 +5.5835432e-02 +2.1070593e+04
9.1638500e-01 +1.5000000e-01 +1.6176556e+01 +6.6780778e-02 -7.8639222e-02 +2.7145185e+00 +9.8174444e-01 +1.2590617e+00 +5.3916667e-01 -1.1161198e-01 +5.4883457e-02 +2.1696353e+04
9.1824400e-01 +1.5000000e-01 +1.6115222e+01 +6.2775889e-02 -7.2350778e-02 +2.7499506e+00 +9.8143086e-01 +1.2719259e+00 +5.4457160e-01 -1.0950037e-01 +5.3941975e-02 +2.2348399e+04
9.2007400e-01 +1.5000000e-01 +1.6053222e+01 +5.8821000e-02 -6.5829111e-02 +2.7867284e+00 +9.8094568e-01 +1.2848272e+00 +5.4990864e-01 -1.0737914e-01 +5.2992222e-02 +2.3035279e+04
9.2187600e-01 +1.5000000e-01 +1.5990333e+01 +5.4918444e-02 -5.9105889e-02 +2.8250741e+00 +9.8024938e-01 +1.2977407e+00 +5.5518148e-01 -1.0526617e-01 +5.2016049e-02 +2.3759682e+04
9.2365000e-01 +1.5000000e-01 +1.5926778e+01 +5.1075000e-02 -5.2204556e-02 +2.8652099e+00 +9.7930617e-01 +1.3106420e+00 +5.6039012e-01 -1.0316383e-01 +5.1001852e-02 +2.4513428e+04
9.2539800e-01 +1.5000000e-01 +1.5862444e+01 +4.7301111e-02 -4.5126222e-02 +2.9073210e+00 +9.7808642e-01 +1.3234815e+00 +5.6551605e-01 -1.0108173e-01 +4.9944198e-02 +2.5287027e+04
9.2711800e-01 +1.5000000e-01 +1.5797556e+01 +4.3606778e-02 -3.7850000e-02 +2.9513457e+00 +9.7655926e-01 +1.3362222e+00 +5.7052963e-01 -9.9058765e-02 +4.8844815e-02 +2.6078800e+04
9.2881200e-01 +1.5000000e-01 +1.5732000e+01 +3.9998444e-02 -3.0344111e-02 +2.9971975e+00 +9.7469383e-01 +1.3487901e+00 +5.7540617e-01 -9.7162840e-02 +4.7710988e-02 +2.6894822e+04
9.3048000e-01 +1.5000000e-01 +1.5665778e+01 +3.6477222e-02 -2.2585111e-02 +3.0448272e+00 +9.7245062e-01 +1.3611235e+00 +5.8013210e-01 -9.5456049e-02 +4.6545679e-02 +2.7739593e+04
9.3212100e-01 +1.5000000e-01 +1.5599000e+01 +3.3038889e-02 -1.4571889e-02 +3.0942099e+00 +9.6978889e-01 +1.3731852e+00 +5.8471111e-01 -9.3973210e-02 +4.5345062e-02 +2.8614222e+04
9.3373700e-01 +1.5000000e-01 +1.5531778e+01 +2.9675111e-02 -6.3291444e-03 +3.1452222e+00 +9.6667531e-01 +1.3849753e+00 +5.8914691e-01 -9.2738272e-02 +4.4107778e-02 +2.9522027e+04
9.3532800e-01 +1.5000000e-01 +1.5463889e+01 +2.6376222e-02 +2.1019000e-03 +3.1976914e+00 +9.6309259e-01 +1.3965309e+00 +5.9343827e-01 -9.1775185e-02 +4.2845309e-02 +3.0472005e+04
9.3689300e-01 +1.5000000e-01 +1.5395444e+01 +2.3134444e-02 +1.0678967e-02 +3.2514815e+00 +9.5904074e-01 +1.4079506e+00 +5.9758519e-01 -9.1105062e-02 +4.1586296e-02 +3.1470688e+04
9.3843400e-01 +1.5000000e-01 +1.5326333e+01 +1.9946000e-02 +1.9372556e-02 +3.3066790e+00 +9.5452716e-01 +1.4193210e+00 +6.0158395e-01 -9.0753951e-02 +4.0370741e-02 +3.2513590e+04
9.3995000e-01 +1.5000000e-01 +1.5256556e+01 +1.6812111e-02 +2.8170667e-02 +3.3635185e+00 +9.4955309e-01 +1.4306914e+00 +6.0542469e-01 -9.0744198e-02 +3.9235309e-02 +3.3592466e+04
9.4144200e-01 +1.5000000e-01 +1.5185889e+01 +1.3736556e-02 +3.7073222e-02 +3.4222222e+00 +9.4410988e-01 +1.4419753e+00 +6.0909136e-01 -9.1062469e-02 +3.8201481e-02 +3.4705721e+04
9.4291000e-01 +1.5000000e-01 +1.5114444e+01 +1.0724144e-02 +4.6084111e-02 +3.4829630e+00 +9.3817284e-01 +1.4530864e+00 +6.1256296e-01 -9.1639012e-02 +3.7271852e-02 +3.5856775e+04
9.4435500e-01 +1.5000000e-01 +1.5042000e+01 +7.7783222e-03 +5.5204889e-02 +3.5458519e+00 +9.3170617e-01 +1.4638889e+00 +6.1582593e-01 -9.2370123e-02 +3.6437407e-02 +3.7046700e+04
9.4577700e-01 +1.5000000e-01 +1.4968444e+01 +4.9020444e-03 +6.4434556e-02 +3.6110000e+00 +9.2466543e-01 +1.4742593e+00 +6.1887284e-01 -9.3162222e-02 +3.5687407e-02 +3.8272820e+04
9.4717500e-01 +1.5000000e-01 +1.4893778e+01 +2.0987111e-03 +7.3770000e-02 +3.6785062e+00 +9.1700494e-01 +1.4840988e+00 +6.2170494e-01 -9.3953333e-02 +3.5015556e-02 +3.9534372e+04
9.4855100e-01 +1.5000000e-01 +1.4818111e+01 -6.2657333e-04 +8.3205222e-02 +3.7484321e+00 +9.0867407e-01 +1.4932963e+00 +6.2432963e-01 -9.4706914e-02 +3.4417778e-02 +4.0838118e+04
9.4990500e-01 +1.5000000e-01 +1.4741111e+01 -3.2661778e-03 +9.2729667e-02 +3.8207778e+00 +8.9963086e-01 +1.5017778e+00 +6.2675679e-01 -9.5403210e-02 +3.3886296e-02 +4.2194335e+04
9.5123600e-01 +1.5000000e-01 +1.4662778e+01 -5.8097111e-03 +1.0232778e-01 +3.8956296e+00 +8.8983457e-01 +1.5095309e+00 +6.2898025e-01 -9.6028272e-02 +3.3406914e-02 +4.3608624e+04
9.5254600e-01 +1.5000000e-01 +1.4583222e+01 -8.2446556e-03 +1.1198111e-01 +3.9730988e+00 +8.7925556e-01 +1.5165679e+00 +6.3098148e-01 -9.6563827e-02 +3.2962222e-02 +4.5079890e+04
9.5383400e-01 +1.5000000e-01 +1.4502111e+01 -1.0557778e-02 +1.2166889e-01 +4.0534198e+00 +8.6787284e-01 +1.5229136e+00 +6.3272222e-01 -9.6985185e-02 +3.2535432e-02 +4.6603682e+04
9.5510100e-01 +1.5000000e-01 +1.4419333e+01 -1.2736667e-02 +1.3136444e-01 +4.1367654e+00 +8.5567901e-01 +1.5285926e+00 +6.3415432e-01 -9.7272840e-02 +3.2114321e-02 +4.8173578e+04
9.5634800e-01 +1.5000000e-01 +1.4335000e+01 -1.4771222e-02 +1.4104000e-01 +4.2232469e+00 +8.4267778e-01 +1.5336296e+00 +6.3522716e-01 -9.7421111e-02 +3.1693086e-02 +4.9785146e+04
9.5757400e-01 +1.5000000e-01 +1.4248778e+01 -1.6653667e-02 +1.5066111e-01 +4.3127901e+00 +8.2888148e-01 +1.5380000e+00 +6.3589630e-01 -9.7445802e-02 +3.1271111e-02 +5.1437580e+04
9.5877900e-01 +1.5000000e-01 +1.4160667e+01 -1.8379222e-02 +1.6019556e-01 +4.4052469e+00 +8.1431111e-01 +1.5416790e+00 +6.3612469e-01 -9.7385185e-02 +3.0849136e-02 +5.3133888e+04
9.5996400e-01 +1.5000000e-01 +1.4070444e+01 -1.9945333e-02 +1.6960222e-01 +4.5003951e+00 +7.9898272e-01 +1.5446543e+00 +6.3588272e-01 -9.7293210e-02 +3.0425432e-02 +5.4877826e+04
9.6113000e-01 +1.5000000e-01 +1.3977889e+01 -2.1351222e-02 +1.7884333e-01 +4.5980123e+00 +7.8291728e-01 +1.5468889e+00 +6.3514815e-01 -9.7227778e-02 +2.9995679e-02 +5.6671653e+04
9.6227600e-01 +1.5000000e-01 +1.3882889e+01 -2.2597444e-02 +1.8787333e-01 +4.6979259e+00 +7.6612593e-01 +1.5483827e+00 +6.3390000e-01 -9.7237654e-02 +2.9552346e-02 +5.8514564e+04
9.6340300e-01 +1.5000000e-01 +1.3785333e+01 -2.3685556e-02 +1.9664667e-01 +4.8000123e+00 +7.4862593e-01 +1.5490988e+00 +6.3212099e-01 -9.7351481e-02 +2.9085679e-02 +6.0402132e+04
9.6451100e-01 +1.5000000e-01 +1.3684778e+01 -2.4617889e-02 +2.0512222e-01 +4.9041728e+00 +7.3043086e-01 +1.5490000e+00 +6.2980247e-01 -9.7568148e-02 +2.8583210e-02 +6.2327957e+04
9.6560100e-01 +1.5000000e-01 +1.3581222e+01 -2.5397556e-02 +2.1325667e-01 +5.0102593e+00 +7.1156173e-01 +1.5480000e+00 +6.2693827e-01 -9.7859259e-02 +2.8031975e-02 +6.4286994e+04
9.6667200e-01 +1.5000000e-01 +1.3474333e+01 -2.6028889e-02 +2.2100667e-01 +5.1180988e+00 +6.9203827e-01 +1.5460247e+00 +6.2352593e-01 -9.8180000e-02 +2.7421481e-02 +6.6279532e+04
9.6772500e-01 +1.5000000e-01 +1.3363778e+01 -2.6516778e-02 +2.2833222e-01 +5.2274568e+00 +6.7188765e-01 +1.5430000e+00 +6.1956296e-01 -9.8478025e-02 +2.6747901e-02 +6.8309180e+04
9.6876100e-01 +1.5000000e-01 +1.3249444e+01 -2.6867556e-02 +2.3519222e-01 +5.3380370e+00 +6.5113951e-01 +1.5388519e+00 +6.1504568e-01 -9.8693951e-02 +2.6017654e-02 +7.0379045e+04
9.6977800e-01 +1.5000000e-01 +1.3131000e+01 -2.7087333e-02 +2.4154444e-01 +5.4495309e+00 +6.2982963e-01 +1.5335432e+00 +6.0997531e-01 -9.8759753e-02 +2.5246049e-02 +7.2488583e+04
9.7077900e-01 +1.5000000e-01 +1.3008000e+01 -2.7182222e-02 +2.4735222e-01 +5.5615802e+00 +6.0799506e-01 +1.5270123e+00 +6.0435062e-01 -9.8600741e-02 +2.4452716e-02 +7.4634200e+04
9.7176200e-01 +1.5000000e-01 +1.2880333e+01 -2.7157667e-02 +2.5258111e-01 +5.6737531e+00 +5.8568272e-01 +1.5192469e+00 +5.9817160e-01 -9.8143951e-02 +2.3656173e-02 +7.6810178e+04
9.7272900e-01 +1.5000000e-01 +1.2747556e+01 -2.7018778e-02 +2.5720556e-01 +5.7855556e+00 +5.6294074e-01 +1.5102222e+00 +5.9143210e-01 -9.7329259e-02 +2.2871728e-02 +7.9008749e+04
9.7367900e-01 +1.5000000e-01 +1.2609222e+01 -2.6770111e-02 +2.6120556e-01 +5.8963827e+00 +5.3982346e-01 +1.4999383e+00 +5.8412222e-01 -9.6119259e-02 +2.2111111e-02 +8.1222191e+04
9.7461200e-01 +1.5000000e-01 +1.2465000e+01 -2.6416222e-02 +2.6457000e-01 +6.0055556e+00 +5.1638889e-01 +1.4883580e+00 +5.7622099e-01 -9.4501111e-02 +2.1384074e-02 +8.3441896e+04
9.7553000e-01 +1.5000000e-01 +1.2314556e+01 -2.5962222e-02 +2.6729333e-01 +6.1122840e+00 +4.9269506e-01 +1.4754938e+00 +5.6769753e-01 -9.2484074e-02 +2.0699506e-02 +8.5658559e+04
9.7643200e-01 +1.5000000e-01 +1.2157333e+01 -2.5413778e-02 +2.6937556e-01 +6.2156790e+00 +4.6880617e-01 +1.4612840e+00 +5.5851111e-01 -9.0093210e-02 +2.0065679e-02 +8.7862072e+04
9.7731900e-01 +1.5000000e-01 +1.1993000e+01 -2.4777667e-02 +2.7082333e-01 +6.3147160e+00 +4.4478889e-01 +1.4456914e+00 +5.4860741e-01 -8.7364444e-02 +1.9489012e-02 +9.0042245e+04
9.7819000e-01 +1.5000000e-01 +1.1820889e+01 -2.4061889e-02 +2.7164444e-01 +6.4082099e+00 +4.2071481e-01 +1.4286296e+00 +5.3792346e-01 -8.4341852e-02 +1.8972716e-02 +9.2189208e+04
9.7904600e-01 +1.5000000e-01 +1.1640778e+01 -2.3275222e-02 +2.7185000e-01 +6.4948519e+00 +3.9665556e-01 +1.4099753e+00 +5.2639012e-01 -8.1075926e-02 +1.8515185e-02 +9.4292824e+04
9.7988700e-01 +1.5000000e-01 +1.1451889e+01 -2.2427444e-02 +2.7145222e-01 +6.5731728e+00 +3.7268765e-01 +1.3896296e+00 +5.1393951e-01 -7.7623086e-02 +1.8109136e-02 +9.6340186e+04
9.8071400e-01 +1.5000000e-01 +1.1253778e+01 -2.1529111e-02 +2.7046222e-01 +6.6415432e+00 +3.4888889e-01 +1.3674321e+00 +5.0050741e-01 -7.4041235e-02 +1.7742099e-02 +9.8315432e+04
9.8152600e-01 +1.5000000e-01 +1.1046044e+01 -2.0590111e-02 +2.6889111e-01 +6.6981852e+00 +3.2534198e-01 +1.3432716e+00 +4.8604444e-01 -7.0385556e-02 +1.7397778e-02 +1.0020016e+05
9.8232400e-01 +1.5000000e-01 +1.0827978e+01 -1.9620333e-02 +2.6675000e-01 +6.7411111e+00 +3.0212840e-01 +1.3170494e+00 +4.7051111e-01 -6.6702716e-02 +1.7057531e-02 +1.0197485e+05
9.8310800e-01 +1.5000000e-01 +1.0599067e+01 -1.8628889e-02 +2.6404556e-01 +6.7681605e+00 +2.7933457e-01 +1.2886914e+00 +4.5388642e-01 -6.3028148e-02 +1.6702222e-02 +1.0361950e+05
9.8387800e-01 +1.5000000e-01 +1.0358744e+01 -1.7623889e-02 +2.6078556e-01 +6.7769877e+00 +2.5704321e-01 +1.2581605e+00 +4.3615556e-01 -5.9383827e-02 +1.6313704e-02 +1.0511330e+05
9.8463500e-01 +1.5000000e-01 +1.0106444e+01 -1.6612111e-02 +2.5697556e-01 +6.7650988e+00 +2.3533951e-01 +1.2254556e+00 +4.1732346e-01 -5.5779630e-02 +1.5876173e-02 +1.0643394e+05
9.8537900e-01 +1.5000000e-01 +9.8416222e+00 -1.5599778e-02 +2.5262111e-01 +6.7298519e+00 +2.1430123e-01 +1.1906086e+00 +3.9740370e-01 -5.2215679e-02 +1.5376914e-02 +1.0755827e+05
9.8611000e-01 +1.5000000e-01 +9.5637556e+00 -1.4591667e-02 +2.4772667e-01 +6.6685556e+00 +1.9400864e-01 +1.1536716e+00 +3.7642222e-01 -4.8688765e-02 +1.4806543e-02 +1.0846389e+05
9.8682800e-01 +1.5000000e-01 +9.2723444e+00 -1.3592000e-02 +2.4229889e-01 +6.5784568e+00 +1.7452963e-01 +1.1147123e+00 +3.5442593e-01 -4.5197654e-02 +1.4159506e-02 +1.0913255e+05
9.8753300e-01 +1.5000000e-01 +8.9669667e+00 -1.2604333e-02 +2.3634222e-01 +6.4568642e+00 +1.5593086e-01 +1.0738099e+00 +3.3148025e-01 -4.1749012e-02 +1.3434074e-02 +1.0955371e+05
9.8822500e-01 +1.5000000e-01 +8.6472889e+00 -1.1632000e-02 +2.2986333e-01 +6.3012469e+00 +1.3826790e-01 +1.0310444e+00 +3.0767901e-01 -3.8359383e-02 +1.2632099e-02 +1.0973072e+05
9.8890600e-01 +1.5000000e-01 +8.3130444e+00 -1.0677833e-02 +2.2286778e-01 +6.1094198e+00 +1.2159407e-01 +9.8649136e-01 +2.8315062e-01 -3.5055185e-02 +1.1759395e-02 +1.0968546e+05
9.8957400e-01 +1.5000000e-01 +7.9641556e+00 -9.7447889e-03 +2.1536444e-01 +5.8796790e+00 +1.0595099e-01 +9.4021235e-01 +2.5805802e-01 -3.1869136e-02 +1.0825148e-02 +1.0946345e+05
9.9023100e-01 +1.5000000e-01 +7.6006556e+00 -8.8358556e-03 +2.0735778e-01 +5.6110617e+00 +9.1375556e-02 +8.9225926e-01 +2.3260864e-01 -2.8836173e-02 +9.8418272e-03 +1.0913575e+05
9.9087600e-01 +1.5000000e-01 +7.2228000e+00 -7.9540889e-03 +1.9885667e-01 +5.3035802e+00 +7.7897901e-02 +8.4266914e-01 +2.0705185e-01 -2.5988272e-02 +8.8249630e-03 +1.0880044e+05
9.9150900e-01 +1.5000000e-01 +6.8310667e+00 -7.1026000e-03 +1.8986889e-01 +4.9585185e+00 +6.5540864e-02 +7.9146667e-01 +1.8167901e-01 -2.3350123e-02 +7.7925432e-03 +1.0857942e+05
9.9213200e-01 +1.5000000e-01 +6.4261556e+00 -6.2845444e-03 +1.8040222e-01 +4.5786296e+00 +5.4320988e-02 +7.3866420e-01 +1.5681975e-01 -2.0935062e-02 +6.7643827e-03 +1.0861088e+05
9.9274300e-01 +1.5000000e-01 +6.0090222e+00 -5.5030222e-03 +1.7046778e-01 +4.1683457e+00 +4.4246914e-02 +6.8427531e-01 +1.3283333e-01 -1.8742346e-02 +5.7611481e-03 +1.0903821e+05
9.9334300e-01 +1.5000000e-01 +5.5809111e+00 -4.7610667e-03 +1.6007778e-01 +3.7338889e+00 +3.5319259e-02 +6.2831728e-01 +1.1009309e-01 -1.6756049e-02 +4.8031975e-03 +1.0999034e+05
9.9393300e-01 +1.5000000e-01 +5.1432556e+00 -4.0616222e-03 +1.4924778e-01 +3.2832963e+00 +2.7529136e-02 +5.7083210e-01 +8.8970741e-02 -1.4945309e-02 +3.9094198e-03 +1.1156106e+05
9.9451200e-01 +1.5000000e-01 +4.6977556e+00 -3.4075333e-03 +1.3799444e-01 +2.8261605e+00 +2.0856543e-02 +5.1191235e-01 +6.9809877e-02 -1.3268025e-02 +3.0959506e-03 +1.1378566e+05
9.9508100e-01 +1.5000000e-01 +4.2462667e+00 -2.8016000e-03 +1.2633889e-01 +2.3732840e+00 +1.5268148e-02 +4.5173951e-01 +5.2900370e-02 -1.1675728e-02 +2.3752346e-03 +1.1662341e+05
9.9563900e-01 +1.5000000e-01 +3.7907444e+00 -2.2466556e-03 +1.1430222e-01 +1.9360864e+00 +1.0715938e-02 +3.9063086e-01 +3.8451852e-02 -1.0122667e-02 +1.7552716e-03 +1.1995377e+05
9.9618800e-01 +1.5000000e-01 +3.3332000e+00 -1.7456000e-03 +1.0190944e-01 +1.5258272e+00 +7.1341975e-03 +3.2909877e-01 +2.6569506e-02 -8.5751358e-03 +1.2395062e-03 +1.2359376e+05
9.9672600e-01 +1.5000000e-01 +2.8756000e+00 -1.3014111e-03 +8.9184333e-02 +1.1527963e+00 +4.4384691e-03 +2.6791975e-01 +1.7236914e-02 -7.0204444e-03 +8.2681358e-04 +1.2734531e+05
9.9725500e-01 +1.5000000e-01 +2.4197556e+00 -9.1717556e-04 +7.6152222e-02 +8.2551111e-01 +2.5245062e-03 +2.0820864e-01 +1.0311099e-02 -5.4730741e-03 +5.1200494e-04 +1.3106741e+05
9.9777500e-01 +1.5000000e-01 +1.9672778e+00 -5.9601444e-04 +6.2837556e-02 +5.5012346e-01 +1.2690741e-03 +1.5147901e-01 +5.5294691e-03 -3.9761728e-03 +2.8626173e-04 +1.3475882e+05
9.9828500e-01 +1.5000000e-01 +1.5195111e+00 -3.4106889e-04 +4.9264333e-02 +3.3019012e-01 +5.3327901e-04 +9.9720123e-02 +2.5332716e-03 -2.5980494e-03 +1.3769012e-04 +1.3863766e+05
9.9878600e-01 +1.5000000e-01 +1.0774378e+00 -1.5539333e-04 +3.5455667e-02 +1.6687778e-01 +1.6949506e-04 +5.5458765e-02 +9.0289136e-04 -1.4244198e-03 +5.1844444e-05 +1.4318328e+05
9.9927800e-01 +1.5000000e-01 +6.4176222e-01 -4.1778000e-05 +2.1434333e-02 +5.9548148e-02 +3.3378642e-05 +2.1833333e-02 +2.0072716e-04 -5.4902963e-04 +1.2236111e-05 +1.4913404e+05
9.9976100e-01 +1.5000000e-01 +2.1286556e-01 +0.0000000e+00 +7.2250667e-03 +6.6098765e-03 +2.4316420e-06 +2.7048889e-03 +1.3035432e-05 -6.5969383e-05 +8.4920000e-07 +1.5676756e+05
1.0000000e+00 +1.5000000e-01 +0.0000000e+00 +0.0000000e+00 +0.0000000e+00 +0.0000000e+00 +0.0000000e+00 +0.0000000e+00 +0.0000000e+00 +0.0000000e+00 +0.0000000e+00 +1.5676667e+05
