#    y              z              <u>            <v>            <w>            <u'u'>         <v'v'>         <w'w'>         <u'v'>         <u'w'>         <v'w'>         <eps>         
#----------------------------------------------------------------------------------------------------------------------------------------------------------------------------------
0.0000000e+00 +5.0000000e-01 +0.0000000e+00 +0.0000000e+00 +0.0000000e+00 +0.0000000e+00 +0.0000000e+00 +0.0000000e+00 +0.0000000e+00 +0.0000000e+00 +0.0000000e+00 +1.7602099e+05
2.3900000e-04 +5.0000000e-01 +2.1787444e-01 +1.2492778e-05 +0.0000000e+00 +7.6356914e-03 +3.2286914e-06 +2.9821358e-03 -1.8816049e-05 +8.5528272e-20 +2.7412963e-21 +1.7602192e+05
7.2200000e-04 +5.0000000e-01 +6.5686889e-01 +4.7207444e-05 +0.0000000e+00 +6.8822840e-02 +4.3956914e-05 +2.3920494e-02 -2.8722469e-04 +7.1054321e-19 +3.3717901e-20 +1.6812579e+05
1.2140000e-03 +5.0000000e-01 +1.1027656e+00 +1.0534033e-04 +0.0000000e+00 +1.9287407e-01 +2.2160741e-04 +6.0431358e-02 -1.2817284e-03 +1.8596914e-18 +1.2171333e-19 +1.6187823e+05
1.7150000e-03 +5.0000000e-01 +1.5550778e+00 +1.8749667e-04 +0.0000000e+00 +3.8139383e-01 +6.9216420e-04 +1.0810259e-01 -3.5656049e-03 +3.4211358e-18 +2.7412963e-19 +1.5687810e+05
2.2250000e-03 +5.0000000e-01 +2.0129667e+00 +2.9452111e-04 +0.0000000e+00 +6.3453457e-01 +1.6349630e-03 +1.6341481e-01 -7.7100494e-03 +5.2281852e-18 +4.7808148e-19 +1.5229070e+05
2.7450000e-03 +5.0000000e-01 +2.4752333e+00 +4.2754556e-04 +0.0000000e+00 +9.5000741e-01 +3.2281481e-03 +2.2360864e-01 -1.4231605e-02 +7.0177037e-18 +7.1492840e-19 +1.4763039e+05
3.2740000e-03 +5.0000000e-01 +2.9403222e+00 +5.8798444e-04 +0.0000000e+00 +1.3225062e+00 +5.6339259e-03 +2.8658395e-01 -2.3534321e-02 +9.0528395e-18 +9.6493457e-19 +1.4275662e+05
3.8120000e-03 +5.0000000e-01 +3.4063889e+00 +7.7751444e-04 +0.0000000e+00 +1.7436790e+00 +8.9912840e-03 +3.5080741e-01 -3.5868025e-02 +1.0526556e-17 +1.2105543e-18 +1.3778772e+05
4.3610000e-03 +5.0000000e-01 +3.8714111e+00 +9.9802556e-04 +0.0000000e+00 +2.2026667e+00 +1.3413580e-02 +4.1522222e-01 -5.1307284e-02 +1.1438864e-17 +1.4474074e-18 +1.3299250e+05
4.9190000e-03 +5.0000000e-01 +4.3332333e+00 +1.2515444e-03 +0.0000000e+00 +2.6868889e+00 +1.8989259e-02 +4.7915062e-01 -6.9754568e-02 +1.1438864e-17 +1.6579383e-18 +1.2866132e+05
5.4880000e-03 +5.0000000e-01 +4.7897111e+00 +1.5401333e-03 +0.0000000e+00 +3.1831852e+00 +2.5784074e-02 +5.4219877e-01 -9.0960864e-02 +1.0526556e-17 +1.8772346e-18 +1.2502691e+05
6.0670000e-03 +5.0000000e-01 +5.2388000e+00 +1.8657444e-03 +0.0000000e+00 +3.6787160e+00 +3.3843827e-02 +6.0417654e-01 -1.1456086e-01 +8.4914198e-18 +2.0526790e-18 +1.2220507e+05
6.6570000e-03 +5.0000000e-01 +5.6786111e+00 +2.2300667e-03 +0.0000000e+00 +4.1618395e+00 +4.3197407e-02 +6.6502469e-01 -1.4011358e-01 +5.5439877e-18 +2.2281235e-18 +1.2020003e+05
7.2570000e-03 +5.0000000e-01 +6.1074444e+00 +2.6344000e-03 +0.0000000e+00 +4.6225926e+00 +5.3859506e-02 +7.2475802e-01 -1.6713951e-01 +1.7105679e-18 +2.3333827e-18 +1.1892126e+05
7.8680000e-03 +5.0000000e-01 +6.5239000e+00 +3.0795667e-03 +0.0000000e+00 +5.0530494e+00 +6.5832593e-02 +7.8341235e-01 -1.9516173e-01 -2.7193580e-18 +2.3684815e-18 +1.1821897e+05
8.4910000e-03 +5.0000000e-01 +6.9268444e+00 +3.5659333e-03 +0.0000000e+00 +5.4473704e+00 +7.9109012e-02 +8.4102469e-01 -2.2372346e-01 -7.5089506e-18 +2.2632099e-18 +1.1791931e+05
9.1240000e-03 +5.0000000e-01 +7.3153889e+00 +4.0933889e-03 +0.0000000e+00 +5.8016914e+00 +9.3671728e-02 +8.9760247e-01 -2.5241358e-01 -1.2210802e-17 +1.9474074e-18 +1.1785142e+05
9.7690000e-03 +5.0000000e-01 +7.6889556e+00 +4.6615222e-03 +0.0000000e+00 +6.1138889e+00 +1.0949593e-01 +9.5312346e-01 -2.8087407e-01 -1.6982840e-17 +1.3772222e-18 +1.1786579e+05
1.0426000e-02 +5.0000000e-01 +8.0471556e+00 +5.2697222e-03 +0.0000000e+00 +6.3833827e+00 +1.2654938e-01 +1.0075370e+00 -3.0880247e-01 -2.1193457e-17 +5.3948642e-19 +1.1784300e+05
1.1094000e-02 +5.0000000e-01 +8.3898778e+00 +5.9173000e-03 +0.0000000e+00 +6.6107531e+00 +1.4479259e-01 +1.0607654e+00 -3.3595432e-01 -2.5123333e-17 -5.8334691e-19 +1.1769533e+05
1.1775000e-02 +5.0000000e-01 +8.7171556e+00 +6.6037222e-03 +0.0000000e+00 +6.7975679e+00 +1.6418025e-01 +1.1127136e+00 -3.6214074e-01 -2.8632222e-17 -1.9474074e-18 +1.1736540e+05
1.2467000e-02 +5.0000000e-01 +9.0292111e+00 +7.3286444e-03 +0.0000000e+00 +6.9460123e+00 +1.8465926e-01 +1.1632765e+00 -3.8722099e-01 -3.1720000e-17 -3.4386790e-18 +1.1682059e+05
1.3172000e-02 +5.0000000e-01 +9.3263889e+00 +8.0921556e-03 +0.0000000e+00 +7.0587778e+00 +2.0617037e-01 +1.2123444e+00 -4.1109877e-01 -3.4807778e-17 -4.9825679e-18 +1.1604810e+05
1.3890000e-02 +5.0000000e-01 +9.6091333e+00 +8.8949000e-03 +0.0000000e+00 +7.1388272e+00 +2.2864938e-01 +1.2598025e+00 -4.3371605e-01 -3.7614938e-17 -6.3861111e-18 +1.1504891e+05
1.4621000e-02 +5.0000000e-01 +9.8779556e+00 +9.7381889e-03 +0.0000000e+00 +7.1892346e+00 +2.5202099e-01 +1.3055679e+00 -4.5504568e-01 -4.0141235e-17 -7.5089506e-18 +1.1383460e+05
1.5365000e-02 +5.0000000e-01 +1.0133456e+01 +1.0624078e-02 +0.0000000e+00 +7.2131235e+00 +2.7620494e-01 +1.3495185e+00 -4.7509012e-01 -4.4071235e-17 -8.2107160e-18 +1.1242317e+05
1.6122000e-02 +5.0000000e-01 +1.0376244e+01 +1.1555222e-02 +0.0000000e+00 +7.2135432e+00 +3.0111235e-01 +1.3915926e+00 -4.9386790e-01 -4.5755432e-17 -8.4914198e-18 +1.1083736e+05
1.6892000e-02 +5.0000000e-01 +1.0606956e+01 +1.2534444e-02 +0.0000000e+00 +7.1933951e+00 +3.2664321e-01 +1.4317284e+00 -5.1141852e-01 -4.7159012e-17 -8.1405432e-18 +1.0910218e+05
1.7676000e-02 +5.0000000e-01 +1.0826233e+01 +1.3564667e-02 +0.0000000e+00 +7.1554444e+00 +3.5269877e-01 +1.4698765e+00 -5.2778272e-01 -5.1369630e-17 -7.1580617e-18 +1.0724334e+05
1.8474000e-02 +5.0000000e-01 +1.1034711e+01 +1.4648222e-02 +0.0000000e+00 +7.1022099e+00 +3.7917037e-01 +1.5060123e+00 -5.4300617e-01 -5.0527531e-17 -5.6492593e-18 +1.0528470e+05
1.9286000e-02 +5.0000000e-01 +1.1233000e+01 +1.5786000e-02 +0.0000000e+00 +7.0360494e+00 +4.0595185e-01 +1.5401481e+00 -5.5713086e-01 -5.2492469e-17 -3.6842963e-18 +1.0324733e+05
2.0113000e-02 +5.0000000e-01 +1.1421778e+01 +1.6977889e-02 +0.0000000e+00 +6.9590864e+00 +4.3293951e-01 +1.5723086e+00 -5.7019136e-01 -5.2773210e-17 -1.4123086e-18 +1.0114920e+05
2.0954000e-02 +5.0000000e-01 +1.1601444e+01 +1.8221889e-02 +0.0000000e+00 +6.8732593e+00 +4.6002963e-01 +1.6025556e+00 -5.8221235e-01 -5.3615309e-17 +1.0438840e-18 +9.9003100e+04
2.1810000e-02 +5.0000000e-01 +1.1772778e+01 +1.9514333e-02 +0.0000000e+00 +6.7803210e+00 +4.8712593e-01 +1.6309877e+00 -5.9321975e-01 -5.3615309e-17 +3.5790247e-18 +9.6816686e+04
2.2681000e-02 +5.0000000e-01 +1.1936222e+01 +2.0850444e-02 +0.0000000e+00 +6.6818272e+00 +5.1413704e-01 +1.6577037e+00 -6.0323704e-01 -5.3053827e-17 +6.1755802e-18 +9.4594319e+04
2.3568000e-02 +5.0000000e-01 +1.2092222e+01 +2.2224556e-02 +0.0000000e+00 +6.5791481e+00 +5.4097778e-01 +1.6828148e+00 -6.1229506e-01 -5.3615309e-17 +8.7721358e-18 +9.2341246e+04
2.4470000e-02 +5.0000000e-01 +1.2241333e+01 +2.3631667e-02 +0.0000000e+00 +6.4734198e+00 +5.6756790e-01 +1.7064321e+00 -6.2043457e-01 -5.7825926e-17 +1.1438864e-17 +9.0067551e+04
2.5388000e-02 +5.0000000e-01 +1.2384000e+01 +2.5067111e-02 +0.0000000e+00 +6.3656420e+00 +5.9383086e-01 +1.7285926e+00 -6.2770494e-01 -6.2317284e-17 +1.4035432e-17 +8.7787457e+04
2.6321000e-02 +5.0000000e-01 +1.2520667e+01 +2.6527333e-02 +0.0000000e+00 +6.2566296e+00 +6.1969136e-01 +1.7493457e+00 -6.3416049e-01 -6.8492840e-17 +1.6842469e-17 +8.5517093e+04
2.7271000e-02 +5.0000000e-01 +1.2651667e+01 +2.8010333e-02 +0.0000000e+00 +6.1470988e+00 +6.4508519e-01 +1.7686914e+00 -6.3985432e-01 -7.5229753e-17 +1.9649630e-17 +8.3271668e+04
2.8238000e-02 +5.0000000e-01 +1.2777333e+01 +2.9515000e-02 +0.0000000e+00 +6.0376667e+00 +6.6994815e-01 +1.7866049e+00 -6.4484321e-01 -8.5896667e-17 +2.2456667e-17 +8.1061279e+04
2.9221000e-02 +5.0000000e-01 +1.2898222e+01 +3.1042111e-02 +0.0000000e+00 +5.9288519e+00 +6.9422716e-01 +1.8031481e+00 -6.4917778e-01 -9.9370741e-17 +2.5404074e-17 +7.8888718e+04
3.0222000e-02 +5.0000000e-01 +1.3014444e+01 +3.2594111e-02 +0.0000000e+00 +5.8210988e+00 +7.1787284e-01 +1.8183827e+00 -6.5291235e-01 -1.0835333e-16 +2.8070864e-17 +7.6752265e+04
3.1239000e-02 +5.0000000e-01 +1.3126556e+01 +3.4174333e-02 +0.0000000e+00 +5.7147778e+00 +7.4084691e-01 +1.8323827e+00 -6.5609877e-01 -1.1677457e-16 +3.0597160e-17 +7.4650130e+04
3.2275000e-02 +5.0000000e-01 +1.3234667e+01 +3.5786667e-02 +0.0000000e+00 +5.6101481e+00 +7.6311358e-01 +1.8452716e+00 -6.5877778e-01 -1.2463457e-16 +3.2562099e-17 +7.2582916e+04
3.3328000e-02 +5.0000000e-01 +1.3339000e+01 +3.7434444e-02 +0.0000000e+00 +5.5074321e+00 +7.8464568e-01 +1.8571481e+00 -6.6098395e-01 -1.3137160e-16 +3.4527160e-17 +7.0552637e+04
3.4399000e-02 +5.0000000e-01 +1.3440000e+01 +3.9119889e-02 +0.0000000e+00 +5.4067901e+00 +8.0541728e-01 +1.8681235e+00 -6.6273827e-01 -1.3473951e-16 +3.5930617e-17 +6.8563809e+04
3.5489000e-02 +5.0000000e-01 +1.3537889e+01 +4.0842667e-02 +0.0000000e+00 +5.3083210e+00 +8.2540741e-01 +1.8782469e+00 -6.6405432e-01 -1.3586296e-16 +3.7053457e-17 +6.6622071e+04
3.6597000e-02 +5.0000000e-01 +1.3632667e+01 +4.2600889e-02 +0.0000000e+00 +5.2121235e+00 +8.4459383e-01 +1.8875679e+00 -6.6494074e-01 -1.3586296e-16 +3.7895556e-17 +6.4732928e+04
3.7724000e-02 +5.0000000e-01 +1.3724778e+01 +4.4390889e-02 +0.0000000e+00 +5.1182593e+00 +8.6295926e-01 +1.8961358e+00 -6.6542222e-01 -1.3473951e-16 +3.8176296e-17 +6.2903160e+04
3.8870000e-02 +5.0000000e-01 +1.3814222e+01 +4.6208444e-02 +0.0000000e+00 +5.0268025e+00 +8.8049136e-01 +1.9039877e+00 -6.6553333e-01 -1.3249383e-16 +3.8457037e-17 +6.1140416e+04
4.0036000e-02 +5.0000000e-01 +1.3901222e+01 +4.8049778e-02 +0.0000000e+00 +4.9378395e+00 +8.9718642e-01 +1.9111728e+00 -6.6532469e-01 -1.2912593e-16 +3.8176296e-17 +5.9448051e+04
4.1221000e-02 +5.0000000e-01 +1.3986000e+01 +4.9912889e-02 +0.0000000e+00 +4.8514568e+00 +9.1305062e-01 +1.9177284e+00 -6.6485679e-01 -1.2912593e-16 +3.7334198e-17 +5.7822100e+04
4.2426000e-02 +5.0000000e-01 +1.4068778e+01 +5.1797667e-02 +0.0000000e+00 +4.7677654e+00 +9.2809877e-01 +1.9236914e+00 -6.6420247e-01 -1.2688025e-16 +3.5930617e-17 +5.6254293e+04
4.3652000e-02 +5.0000000e-01 +1.4149667e+01 +5.3705333e-02 +0.0000000e+00 +4.6868765e+00 +9.4235309e-01 +1.9290000e+00 -6.6343333e-01 -1.2575679e-16 +3.4246420e-17 +5.4735957e+04
4.4899000e-02 +5.0000000e-01 +1.4228778e+01 +5.5637222e-02 +0.0000000e+00 +4.6089383e+00 +9.5583827e-01 +1.9335926e+00 -6.6261728e-01 -1.2463457e-16 +3.1720000e-17 +5.3258734e+04
4.6166000e-02 +5.0000000e-01 +1.4306333e+01 +5.7594889e-02 +0.0000000e+00 +4.5340617e+00 +9.6858642e-01 +1.9373457e+00 -6.6181358e-01 -1.2351111e-16 +2.9193704e-17 +5.1814901e+04
4.7454000e-02 +5.0000000e-01 +1.4382333e+01 +5.9579556e-02 +0.0000000e+00 +4.4623086e+00 +9.8062963e-01 +1.9401852e+00 -6.6106296e-01 -1.2351111e-16 +2.5965556e-17 +5.0399818e+04
4.8764000e-02 +5.0000000e-01 +1.4457000e+01 +6.1592556e-02 +0.0000000e+00 +4.3936914e+00 +9.9199630e-01 +1.9420617e+00 -6.6038025e-01 -1.2238877e-16 +2.2737407e-17 +4.9013341e+04
5.0095000e-02 +5.0000000e-01 +1.4530222e+01 +6.3634556e-02 +0.0000000e+00 +4.3281605e+00 +1.0027099e+00 +1.9430123e+00 -6.5975062e-01 -1.2238877e-16 +1.9368889e-17 +4.7659578e+04
5.1449000e-02 +5.0000000e-01 +1.4602111e+01 +6.5704889e-02 +0.0000000e+00 +4.2656049e+00 +1.0127827e+00 +1.9431235e+00 -6.5913457e-01 -1.2238877e-16 +1.6000370e-17 +4.6341315e+04
5.2825000e-02 +5.0000000e-01 +1.4672889e+01 +6.7802333e-02 +0.0000000e+00 +4.2058889e+00 +1.0222173e+00 +1.9425062e+00 -6.5847901e-01 -1.2126593e-16 +1.2842346e-17 +4.5058980e+04
5.4223000e-02 +5.0000000e-01 +1.4742556e+01 +6.9925222e-02 +0.0000000e+00 +4.1488642e+00 +1.0310025e+00 +1.9412099e+00 -6.5773580e-01 -1.1902025e-16 +1.0386210e-17 +4.3815150e+04
5.5645000e-02 +5.0000000e-01 +1.4811333e+01 +7.2073111e-02 +0.0000000e+00 +4.0944444e+00 +1.0391222e+00 +1.9392222e+00 -6.5687407e-01 -1.1789741e-16 +8.9124815e-18 +4.2613051e+04
5.7090000e-02 +5.0000000e-01 +1.4879111e+01 +7.4247222e-02 +0.0000000e+00 +4.0425802e+00 +1.0465506e+00 +1.9364074e+00 -6.5588642e-01 -1.1677457e-16 +8.6317778e-18 +4.1455237e+04
5.8558000e-02 +5.0000000e-01 +1.4946111e+01 +7.6450333e-02 +0.0000000e+00 +3.9932222e+00 +1.0532765e+00 +1.9326296e+00 -6.5478272e-01 -1.1452901e-16 +9.3335432e-18 +4.0343501e+04
6.0050000e-02 +5.0000000e-01 +1.5012444e+01 +7.8686222e-02 +0.0000000e+00 +3.9462593e+00 +1.0593000e+00 +1.9277901e+00 -6.5358519e-01 -1.1565185e-16 +1.0666914e-17 +3.9274274e+04
6.1566000e-02 +5.0000000e-01 +1.5078000e+01 +8.0959000e-02 +0.0000000e+00 +3.9015062e+00 +1.0646420e+00 +1.9218395e+00 -6.5232963e-01 -1.1452901e-16 +1.2000272e-17 +3.8239696e+04
6.3107000e-02 +5.0000000e-01 +1.5143111e+01 +8.3271889e-02 +0.0000000e+00 +3.8587407e+00 +1.0693321e+00 +1.9147654e+00 -6.5105926e-01 -1.1565185e-16 +1.2561728e-17 +3.7234974e+04
6.4672000e-02 +5.0000000e-01 +1.5207556e+01 +8.5627000e-02 +0.0000000e+00 +3.8178025e+00 +1.0734173e+00 +1.9065432e+00 -6.4981728e-01 -1.1789741e-16 +1.2210802e-17 +3.6258712e+04
6.6263000e-02 +5.0000000e-01 +1.5271556e+01 +8.8024667e-02 +0.0000000e+00 +3.7786296e+00 +1.0769506e+00 +1.8972346e+00 -6.4863827e-01 -1.1789741e-16 +1.0526556e-17 +3.5308753e+04
6.7879000e-02 +5.0000000e-01 +1.5335000e+01 +9.0462222e-02 +0.0000000e+00 +3.7412469e+00 +1.0799889e+00 +1.8869506e+00 -6.4753333e-01 -1.1677457e-16 +7.2984198e-18 +3.4380008e+04
6.9520000e-02 +5.0000000e-01 +1.5398111e+01 +9.2932222e-02 +0.0000000e+00 +3.7057284e+00 +1.0825926e+00 +1.8758765e+00 -6.4649136e-01 -1.1677457e-16 +2.8421728e-18 +3.3467143e+04
7.1188000e-02 +5.0000000e-01 +1.5460667e+01 +9.5422667e-02 +0.0000000e+00 +3.6720370e+00 +1.0848062e+00 +1.8642469e+00 -6.4547160e-01 -1.1565185e-16 -2.2105802e-18 +3.2569208e+04
7.2882000e-02 +5.0000000e-01 +1.5523000e+01 +9.7917556e-02 +0.0000000e+00 +3.6400741e+00 +1.0866630e+00 +1.8522346e+00 -6.4441605e-01 -1.1228333e-16 -6.9475309e-18 +3.1693047e+04
7.4602000e-02 +5.0000000e-01 +1.5584889e+01 +1.0039944e-01 +0.0000000e+00 +3.6097037e+00 +1.0881741e+00 +1.8399506e+00 -6.4325432e-01 -1.0891481e-16 -1.0456383e-17 +3.0851496e+04
7.6350000e-02 +5.0000000e-01 +1.5646667e+01 +1.0285222e-01 +0.0000000e+00 +3.5807778e+00 +1.0893358e+00 +1.8274444e+00 -6.4193951e-01 -1.0554630e-16 -1.2491481e-17 +3.0051596e+04
7.8124000e-02 +5.0000000e-01 +1.5708111e+01 +1.0526278e-01 +0.0000000e+00 +3.5532222e+00 +1.0901321e+00 +1.8147654e+00 -6.4046296e-01 -1.0049358e-16 -1.3052963e-17 +2.9289183e+04
7.9926000e-02 +5.0000000e-01 +1.5769444e+01 +1.0762178e-01 +0.0000000e+00 +3.5270000e+00 +1.0905494e+00 +1.8019383e+00 -6.3885309e-01 -9.6002222e-17 -1.3052963e-17 +2.8555558e+04
8.1756000e-02 +5.0000000e-01 +1.5830667e+01 +1.0992289e-01 +0.0000000e+00 +3.5020247e+00 +1.0905778e+00 +1.7890000e+00 -6.3714198e-01 -8.9265185e-17 -1.3193333e-17 +2.7845329e+04
8.3615000e-02 +5.0000000e-01 +1.5891778e+01 +1.1216111e-01 +0.0000000e+00 +3.4781605e+00 +1.0902247e+00 +1.7760247e+00 -6.3535432e-01 -8.3089630e-17 -1.3895062e-17 +2.7158162e+04
8.5501000e-02 +5.0000000e-01 +1.5952667e+01 +1.1433556e-01 +0.0000000e+00 +3.4552963e+00 +1.0895099e+00 +1.7632099e+00 -6.3352346e-01 -7.5791235e-17 -1.5579259e-17 +2.6491152e+04
8.7416000e-02 +5.0000000e-01 +1.6013222e+01 +1.1644556e-01 +0.0000000e+00 +3.4334691e+00 +1.0884617e+00 +1.7507901e+00 -6.3169136e-01 -7.0738519e-17 -1.7824938e-17 +2.5837373e+04
8.9361000e-02 +5.0000000e-01 +1.6073556e+01 +1.1849667e-01 +0.0000000e+00 +3.4126420e+00 +1.0871185e+00 +1.7389630e+00 -6.2988148e-01 -6.6247160e-17 -2.0070617e-17 +2.5191232e+04
9.1335000e-02 +5.0000000e-01 +1.6133556e+01 +1.2048444e-01 +0.0000000e+00 +3.3926667e+00 +1.0855198e+00 +1.7277901e+00 -6.2807654e-01 -6.1755802e-17 -2.2035556e-17 +2.4553073e+04
9.3338000e-02 +5.0000000e-01 +1.6193333e+01 +1.2240000e-01 +0.0000000e+00 +3.3732840e+00 +1.0836975e+00 +1.7171358e+00 -6.2622593e-01 -5.9510123e-17 -2.2597037e-17 +2.3928228e+04
9.5371000e-02 +5.0000000e-01 +1.6252778e+01 +1.2422556e-01 +0.0000000e+00 +3.3542099e+00 +1.0816667e+00 +1.7067901e+00 -6.2428025e-01 -5.9510123e-17 -2.2175926e-17 +2.3320661e+04
9.7435000e-02 +5.0000000e-01 +1.6312222e+01 +1.2593778e-01 +0.0000000e+00 +3.3352222e+00 +1.0794284e+00 +1.6965432e+00 -6.2221235e-01 -5.8948765e-17 -2.1193457e-17 +2.2733548e+04
9.9529000e-02 +5.0000000e-01 +1.6371556e+01 +1.2751556e-01 +0.0000000e+00 +3.3162099e+00 +1.0769864e+00 +1.6861235e+00 -6.2002099e-01 -5.8387284e-17 -2.0210988e-17 +2.2171035e+04
1.0165400e-01 +5.0000000e-01 +1.6431000e+01 +1.2894444e-01 +0.0000000e+00 +3.2972099e+00 +1.0743531e+00 +1.6753580e+00 -6.1770617e-01 -5.6141605e-17 -1.9789877e-17 +2.1630181e+04
1.0381000e-01 +5.0000000e-01 +1.6490444e+01 +1.3021889e-01 +0.0000000e+00 +3.2784568e+00 +1.0715519e+00 +1.6641852e+00 -6.1524568e-01 -5.2773210e-17 -2.0491728e-17 +2.1101401e+04
1.0599800e-01 +5.0000000e-01 +1.6549778e+01 +1.3134444e-01 +0.0000000e+00 +3.2601605e+00 +1.0686111e+00 +1.6527284e+00 -6.1261852e-01 -4.8562469e-17 -2.2035556e-17 +2.0575921e+04
1.0821700e-01 +5.0000000e-01 +1.6609222e+01 +1.3233333e-01 +0.0000000e+00 +3.2423951e+00 +1.0655469e+00 +1.6411358e+00 -6.0983210e-01 -4.4071235e-17 -2.4281235e-17 +2.0054542e+04
1.1046800e-01 +5.0000000e-01 +1.6668667e+01 +1.3320333e-01 +0.0000000e+00 +3.2250123e+00 +1.0623691e+00 +1.6295185e+00 -6.0693580e-01 -4.2106296e-17 -2.6948025e-17 +1.9548930e+04
1.1275100e-01 +5.0000000e-01 +1.6728222e+01 +1.3397556e-01 +0.0000000e+00 +3.2077284e+00 +1.0590951e+00 +1.6179630e+00 -6.0401111e-01 -4.1264074e-17 -2.9474321e-17 +1.9069130e+04
1.1506700e-01 +5.0000000e-01 +1.6787778e+01 +1.3466778e-01 +0.0000000e+00 +3.1904198e+00 +1.0557617e+00 +1.6066296e+00 -6.0113333e-01 -4.2106296e-17 -3.2562099e-17 +1.8614883e+04
1.1741600e-01 +5.0000000e-01 +1.6847444e+01 +1.3529556e-01 +0.0000000e+00 +3.1731852e+00 +1.0524136e+00 +1.5956790e+00 -5.9834568e-01 -4.4351852e-17 -3.5369259e-17 +1.8178247e+04
1.1979700e-01 +5.0000000e-01 +1.6907000e+01 +1.3586333e-01 +0.0000000e+00 +3.1562469e+00 +1.0490877e+00 +1.5852222e+00 -5.9565309e-01 -4.7159012e-17 -3.7895556e-17 +1.7753460e+04
1.2221200e-01 +5.0000000e-01 +1.6966556e+01 +1.3636222e-01 +0.0000000e+00 +3.1397037e+00 +1.0458025e+00 +1.5753580e+00 -5.9302099e-01 -4.9404691e-17 -3.9860617e-17 +1.7339665e+04
1.2466000e-01 +5.0000000e-01 +1.7026000e+01 +1.3677222e-01 +0.0000000e+00 +3.1235679e+00 +1.0425728e+00 +1.5660123e+00 -5.9040247e-01 -5.1930988e-17 -4.0702716e-17 +1.6932589e+04
1.2714300e-01 +5.0000000e-01 +1.7085333e+01 +1.3707556e-01 +0.0000000e+00 +3.1077778e+00 +1.0394136e+00 +1.5570247e+00 -5.8774444e-01 -5.4176667e-17 -3.9860617e-17 +1.6528752e+04
1.2965900e-01 +5.0000000e-01 +1.7144556e+01 +1.3725111e-01 +0.0000000e+00 +3.0919877e+00 +1.0363222e+00 +1.5481975e+00 -5.8497531e-01 -5.6703086e-17 -3.7895556e-17 +1.6135207e+04
1.3220900e-01 +5.0000000e-01 +1.7203778e+01 +1.3728444e-01 +0.0000000e+00 +3.0756173e+00 +1.0332889e+00 +1.5394198e+00 -5.8202222e-01 -5.8948765e-17 -3.4807778e-17 +1.5758994e+04
1.3479400e-01 +5.0000000e-01 +1.7263000e+01 +1.3717333e-01 +0.0000000e+00 +3.0581235e+00 +1.0302938e+00 +1.5306173e+00 -5.7884815e-01 -6.1755802e-17 -3.2000741e-17 +1.5397921e+04
1.3741400e-01 +5.0000000e-01 +1.7322333e+01 +1.3694000e-01 +0.0000000e+00 +3.0392840e+00 +1.0273173e+00 +1.5216543e+00 -5.7546420e-01 -6.2878642e-17 -2.9474321e-17 +1.5043155e+04
1.4006800e-01 +5.0000000e-01 +1.7382000e+01 +1.3661222e-01 +0.0000000e+00 +3.0191111e+00 +1.0243086e+00 +1.5125062e+00 -5.7188395e-01 -6.2317284e-17 -2.7369012e-17 +1.4689449e+04
1.4275700e-01 +5.0000000e-01 +1.7441778e+01 +1.3620889e-01 +0.0000000e+00 +2.9979136e+00 +1.0211840e+00 +1.5031111e+00 -5.6809506e-01 -6.0632963e-17 -2.5123333e-17 +1.4342868e+04
1.4548200e-01 +5.0000000e-01 +1.7501778e+01 +1.3574000e-01 +0.0000000e+00 +2.9761111e+00 +1.0178457e+00 +1.4932716e+00 -5.6409753e-01 -5.7825926e-17 -2.2456667e-17 +1.4010251e+04
1.4824300e-01 +5.0000000e-01 +1.7562000e+01 +1.3520667e-01 +0.0000000e+00 +2.9540494e+00 +1.0142272e+00 +1.4827654e+00 -5.5994815e-01 -5.4176667e-17 -1.9509259e-17 +1.3688903e+04
1.5103800e-01 +5.0000000e-01 +1.7622333e+01 +1.3460444e-01 +0.0000000e+00 +2.9319506e+00 +1.0103086e+00 +1.4713951e+00 -5.5573457e-01 -5.0527531e-17 -1.6561728e-17 +1.3371159e+04
1.5387000e-01 +5.0000000e-01 +1.7682778e+01 +1.3393111e-01 +0.0000000e+00 +2.9098519e+00 +1.0060901e+00 +1.4590988e+00 -5.5153210e-01 -4.8001111e-17 -1.3684568e-17 +1.3054264e+04
1.5673800e-01 +5.0000000e-01 +1.7743222e+01 +1.3318111e-01 +0.0000000e+00 +2.8877407e+00 +1.0015728e+00 +1.4459259e+00 -5.4736296e-01 -4.6878272e-17 -1.0386210e-17 +1.2743100e+04
1.5964200e-01 +5.0000000e-01 +1.7803667e+01 +1.3233444e-01 +0.0000000e+00 +2.8656667e+00 +9.9676296e-01 +1.4320247e+00 -5.4322840e-01 -4.7720370e-17 -6.8773580e-18 +1.2446453e+04
1.6258200e-01 +5.0000000e-01 +1.7864111e+01 +1.3136000e-01 +0.0000000e+00 +2.8436667e+00 +9.9167901e-01 +1.4176173e+00 -5.3915802e-01 -4.9966049e-17 -3.5088519e-18 +1.2167775e+04
1.6555900e-01 +5.0000000e-01 +1.7924778e+01 +1.3023000e-01 +0.0000000e+00 +2.8218395e+00 +9.8634815e-01 +1.4030247e+00 -5.3517284e-01 -5.2211728e-17 -1.0438840e-18 +1.1900808e+04
1.6857200e-01 +5.0000000e-01 +1.7985778e+01 +1.2894333e-01 +0.0000000e+00 +2.8004074e+00 +9.8078272e-01 +1.3885432e+00 -5.3121975e-01 -5.4738148e-17 +1.4254691e-19 +1.1638756e+04
1.7162200e-01 +5.0000000e-01 +1.8047111e+01 +1.2751667e-01 +0.0000000e+00 +2.7795802e+00 +9.7499136e-01 +1.3743704e+00 -5.2719753e-01 -5.6141605e-17 +6.5790988e-20 +1.1382176e+04
1.7470800e-01 +5.0000000e-01 +1.8109000e+01 +1.2598111e-01 +0.0000000e+00 +2.7595185e+00 +9.6899259e-01 +1.3604074e+00 -5.2301235e-01 -5.8387284e-17 -9.4739012e-19 +1.1136352e+04
1.7783200e-01 +5.0000000e-01 +1.8171222e+01 +1.2435333e-01 +0.0000000e+00 +2.7399877e+00 +9.6284444e-01 +1.3461975e+00 -5.1858519e-01 -6.2317284e-17 -2.4035679e-18 +1.0902567e+04
1.8099200e-01 +5.0000000e-01 +1.8233889e+01 +1.2262889e-01 +0.0000000e+00 +2.7204691e+00 +9.5662222e-01 +1.3314444e+00 -5.1385185e-01 -6.6247160e-17 -3.6141235e-18 +1.0676220e+04
1.8419000e-01 +5.0000000e-01 +1.8296778e+01 +1.2077889e-01 +0.0000000e+00 +2.7004815e+00 +9.5038765e-01 +1.3161481e+00 -5.0876790e-01 -6.8492840e-17 -3.6492099e-18 +1.0453965e+04
1.8742400e-01 +5.0000000e-01 +1.8360111e+01 +1.1877667e-01 +0.0000000e+00 +2.6799630e+00 +9.4413210e-01 +1.3004074e+00 -5.0331975e-01 -6.8492840e-17 -1.8421481e-18 +1.0236208e+04
1.9069600e-01 +5.0000000e-01 +1.8423667e+01 +1.1659333e-01 +0.0000000e+00 +2.6592469e+00 +9.3778519e-01 +1.2843951e+00 -4.9755432e-01 -6.8492840e-17 +1.5877531e-18 +1.0022057e+04
1.9400400e-01 +5.0000000e-01 +1.8487667e+01 +1.1420111e-01 +0.0000000e+00 +2.6388395e+00 +9.3126667e-01 +1.2682099e+00 -4.9157778e-01 -6.9054198e-17 +5.7194321e-18 +9.8069745e+03
1.9735000e-01 +5.0000000e-01 +1.8552111e+01 +1.1158000e-01 +0.0000000e+00 +2.6187284e+00 +9.2454444e-01 +1.2518272e+00 -4.8552963e-01 -6.9615679e-17 +9.1230123e-18 +9.5894489e+03
2.0073300e-01 +5.0000000e-01 +1.8617000e+01 +1.0875056e-01 +0.0000000e+00 +2.5985802e+00 +9.1763210e-01 +1.2352222e+00 -4.7952469e-01 -6.9054198e-17 +1.1087975e-17 +9.3705856e+03
2.0415300e-01 +5.0000000e-01 +1.8682222e+01 +1.0576989e-01 +0.0000000e+00 +2.5783704e+00 +9.1055062e-01 +1.2184901e+00 -4.7362346e-01 -6.5685679e-17 +1.1859926e-17 +9.1537897e+03
2.0761100e-01 +5.0000000e-01 +1.8747556e+01 +1.0271100e-01 +0.0000000e+00 +2.5581111e+00 +9.0330123e-01 +1.2016556e+00 -4.6777778e-01 -6.1194444e-17 +1.2561728e-17 +8.9464729e+03
2.1110500e-01 +5.0000000e-01 +1.8812778e+01 +9.9620444e-02 +0.0000000e+00 +2.5377284e+00 +8.9585802e-01 +1.1847173e+00 -4.6182346e-01 -5.4457407e-17 +1.4035432e-17 +8.7535720e+03
2.1463600e-01 +5.0000000e-01 +1.8877778e+01 +9.6500222e-02 +0.0000000e+00 +2.5170864e+00 +8.8819630e-01 +1.1678506e+00 -4.5559630e-01 -4.8281852e-17 +1.5719630e-17 +8.5726225e+03
2.1820500e-01 +5.0000000e-01 +1.8942444e+01 +9.3322000e-02 +0.0000000e+00 +2.4959506e+00 +8.8031728e-01 +1.1514790e+00 -4.4902716e-01 -4.3229012e-17 +1.6982840e-17 +8.3960074e+03
2.2181000e-01 +5.0000000e-01 +1.9007000e+01 +9.0060889e-02 +0.0000000e+00 +2.4741111e+00 +8.7223086e-01 +1.1359506e+00 -4.4212469e-01 -3.8737778e-17 +1.7263580e-17 +8.2194794e+03
2.2545200e-01 +5.0000000e-01 +1.9071333e+01 +8.6735000e-02 +0.0000000e+00 +2.4512222e+00 +8.6394444e-01 +1.1212519e+00 -4.3496173e-01 -3.5369259e-17 +1.7544321e-17 +8.0485486e+03
2.2913100e-01 +5.0000000e-01 +1.9135667e+01 +8.3411000e-02 +0.0000000e+00 +2.4269506e+00 +8.5542963e-01 +1.1071827e+00 -4.2764074e-01 -3.2562099e-17 +1.8526790e-17 +7.8887030e+03
2.3284600e-01 +5.0000000e-01 +1.9200111e+01 +8.0164111e-02 +0.0000000e+00 +2.4014444e+00 +8.4664444e-01 +1.0933247e+00 -4.2020247e-01 -2.9193704e-17 +1.9930247e-17 +7.7377070e+03
2.3659700e-01 +5.0000000e-01 +1.9264889e+01 +7.7049333e-02 +0.0000000e+00 +2.3751852e+00 +8.3754198e-01 +1.0790383e+00 -4.1260494e-01 -2.5263704e-17 +2.1895185e-17 +7.5930959e+03
2.4038500e-01 +5.0000000e-01 +1.9330000e+01 +7.4085000e-02 +0.0000000e+00 +2.3485432e+00 +8.2811975e-01 +1.0641988e+00 -4.0478519e-01 -2.2175926e-17 +2.3439136e-17 +7.4509221e+03
2.4420900e-01 +5.0000000e-01 +1.9395222e+01 +7.1247111e-02 +0.0000000e+00 +2.3215062e+00 +8.1848025e-01 +1.0493235e+00 -3.9668889e-01 -2.0772469e-17 +2.3579506e-17 +7.3072741e+03
2.4806900e-01 +5.0000000e-01 +1.9460444e+01 +6.8517556e-02 +0.0000000e+00 +2.2936667e+00 +8.0879630e-01 +1.0349198e+00 -3.8831728e-01 -2.0491728e-17 +2.2597037e-17 +7.1625181e+03
2.5196400e-01 +5.0000000e-01 +1.9525667e+01 +6.5909667e-02 +0.0000000e+00 +2.2648395e+00 +7.9921111e-01 +1.0211840e+00 -3.7972840e-01 -2.0491728e-17 +2.0772469e-17 +7.0142309e+03
2.5589500e-01 +5.0000000e-01 +1.9590778e+01 +6.3430667e-02 +0.0000000e+00 +2.2354074e+00 +7.8975926e-01 +1.0079099e+00 -3.7100741e-01 -2.0210988e-17 +1.9368889e-17 +6.8596423e+03
2.5986100e-01 +5.0000000e-01 +1.9655333e+01 +6.1042556e-02 +0.0000000e+00 +2.2058395e+00 +7.8040864e-01 +9.9482469e-01 -3.6221111e-01 -1.8947778e-17 +1.8807407e-17 +6.6980385e+03
2.6386200e-01 +5.0000000e-01 +1.9719333e+01 +5.8687222e-02 +0.0000000e+00 +2.1760370e+00 +7.7113086e-01 +9.8181852e-01 -3.5341235e-01 -1.6702099e-17 +1.9228519e-17 +6.5355776e+03
2.6789700e-01 +5.0000000e-01 +1.9782667e+01 +5.6321222e-02 +0.0000000e+00 +2.1456420e+00 +7.6192716e-01 +9.6876543e-01 -3.4469383e-01 -1.4316173e-17 +2.0070617e-17 +6.3814760e+03
2.7196700e-01 +5.0000000e-01 +1.9845667e+01 +5.3902000e-02 +0.0000000e+00 +2.1145679e+00 +7.5280247e-01 +9.5564568e-01 -3.3603580e-01 -1.2351111e-17 +2.1754938e-17 +6.2381008e+03
2.7607100e-01 +5.0000000e-01 +1.9908333e+01 +5.1373333e-02 +0.0000000e+00 +2.0829877e+00 +7.4374815e-01 +9.4229506e-01 -3.2730617e-01 -1.0807272e-17 +2.4842716e-17 +6.1061294e+03
2.8020900e-01 +5.0000000e-01 +1.9970667e+01 +4.8691333e-02 +0.0000000e+00 +2.0513086e+00 +7.3476667e-01 +9.2824691e-01 -3.1837654e-01 -9.0528395e-18 +2.8351481e-17 +5.9830795e+03
2.8438000e-01 +5.0000000e-01 +2.0032778e+01 +4.5852333e-02 +0.0000000e+00 +2.0199877e+00 +7.2589506e-01 +9.1347160e-01 -3.0918148e-01 -6.7019136e-18 +3.0877901e-17 +5.8606738e+03
2.8858300e-01 +5.0000000e-01 +2.0094444e+01 +4.2889000e-02 +0.0000000e+00 +1.9889506e+00 +7.1717778e-01 +8.9835679e-01 -2.9966914e-01 -4.3158889e-18 +3.2000741e-17 +5.7369334e+03
2.9282000e-01 +5.0000000e-01 +2.0155333e+01 +3.9847333e-02 +0.0000000e+00 +1.9577407e+00 +7.0862469e-01 +8.8303086e-01 -2.8986914e-01 -2.4211111e-18 +3.2842840e-17 +5.6191317e+03
2.9708800e-01 +5.0000000e-01 +2.0215667e+01 +3.6773111e-02 +0.0000000e+00 +1.9262346e+00 +7.0020123e-01 +8.6747531e-01 -2.7996667e-01 -2.1403951e-18 +3.3123580e-17 +5.5073173e+03
3.0138800e-01 +5.0000000e-01 +2.0275333e+01 +3.3701000e-02 +0.0000000e+00 +1.8947654e+00 +6.9187407e-01 +8.5174815e-01 -2.7018395e-01 -2.7018148e-18 +3.2842840e-17 +5.3939907e+03
3.0572000e-01 +5.0000000e-01 +2.0334222e+01 +3.0633667e-02 +0.0000000e+00 +1.8636173e+00 +6.8364074e-01 +8.3577037e-01 -2.6066543e-01 -3.1404198e-18 +3.2000741e-17 +5.2747207e+03
3.1008200e-01 +5.0000000e-01 +2.0392222e+01 +2.7553556e-02 +0.0000000e+00 +1.8328148e+00 +6.7552840e-01 +8.1920864e-01 -2.5149136e-01 -3.4211358e-18 +3.2000741e-17 +5.1538932e+03
3.1447500e-01 +5.0000000e-01 +2.0449222e+01 +2.4470889e-02 +0.0000000e+00 +1.8025062e+00 +6.6757407e-01 +8.0185679e-01 -2.4276914e-01 -3.8246543e-18 +3.2842840e-17 +5.0346742e+03
3.1889700e-01 +5.0000000e-01 +2.0505111e+01 +2.1410111e-02 +0.0000000e+00 +1.7728519e+00 +6.5978889e-01 +7.8423086e-01 -2.3463580e-01 -4.7369506e-18 +3.4246420e-17 +4.9120209e+03
3.2334900e-01 +5.0000000e-01 +2.0559778e+01 +1.8368889e-02 +0.0000000e+00 +1.7434938e+00 +6.5214691e-01 +7.6714815e-01 -2.2712840e-01 -5.5439877e-18 +3.4807778e-17 +4.7869990e+03
3.2783000e-01 +5.0000000e-01 +2.0613444e+01 +1.5331000e-02 +0.0000000e+00 +1.7142469e+00 +6.4458765e-01 +7.5099506e-01 -2.2012222e-01 -6.1755802e-18 +3.4807778e-17 +4.6671770e+03
3.3233800e-01 +5.0000000e-01 +2.0666000e+01 +1.2305333e-02 +0.0000000e+00 +1.6855679e+00 +6.3703827e-01 +7.3581852e-01 -2.1343457e-01 -5.7896049e-18 +3.4527160e-17 +4.5510928e+03
3.3687500e-01 +5.0000000e-01 +2.0717222e+01 +9.3231667e-03 +0.0000000e+00 +1.6579630e+00 +6.2940988e-01 +7.2152469e-01 -2.0692469e-01 -4.1053580e-18 +3.4246420e-17 +4.4358039e+03
3.4143800e-01 +5.0000000e-01 +2.0767000e+01 +6.4095000e-03 +0.0000000e+00 +1.6313827e+00 +6.2162222e-01 +7.0788272e-01 -2.0041605e-01 -1.1228333e-18 +3.4246420e-17 +4.3257010e+03
3.4602800e-01 +5.0000000e-01 +2.0815444e+01 +3.5945222e-03 +0.0000000e+00 +1.6055802e+00 +6.1367654e-01 +6.9484938e-01 -1.9378395e-01 +3.0176173e-18 +3.4246420e-17 +4.2231030e+03
3.5064400e-01 +5.0000000e-01 +2.0862556e+01 +9.1887000e-04 +0.0000000e+00 +1.5804444e+00 +6.0569012e-01 +6.8255556e-01 -1.8702346e-01 +7.5089506e-18 +3.3404321e-17 +4.1254866e+03
3.5528600e-01 +5.0000000e-01 +2.0908444e+01 -1.5812556e-03 +0.0000000e+00 +1.5559753e+00 +5.9781728e-01 +6.7099506e-01 -1.8014815e-01 +1.0947617e-17 +3.2842840e-17 +4.0294098e+03
3.5995100e-01 +5.0000000e-01 +2.0953222e+01 -3.8772333e-03 +0.0000000e+00 +1.5321481e+00 +5.9016790e-01 +6.5974444e-01 -1.7318519e-01 +1.2561728e-17 +3.3123580e-17 +3.9350987e+03
3.6464100e-01 +5.0000000e-01 +2.0996778e+01 -5.9329889e-03 +0.0000000e+00 +1.5087901e+00 +5.8278642e-01 +6.4825802e-01 -1.6617654e-01 +1.3333580e-17 +3.4527160e-17 +3.8438452e+03
3.6935400e-01 +5.0000000e-01 +2.1039222e+01 -7.7050333e-03 +0.0000000e+00 +1.4858765e+00 +5.7566914e-01 +6.3634938e-01 -1.5917160e-01 +1.3824938e-17 +3.6772840e-17 +3.7575278e+03
3.7408900e-01 +5.0000000e-01 +2.1080667e+01 -9.1814000e-03 +0.0000000e+00 +1.4636173e+00 +5.6880370e-01 +6.2415556e-01 -1.5217901e-01 +1.4737160e-17 +3.9299136e-17 +3.6799668e+03
3.7884600e-01 +5.0000000e-01 +2.1121222e+01 -1.0406289e-02 +0.0000000e+00 +1.4423086e+00 +5.6220617e-01 +6.1218272e-01 -1.4515062e-01 +1.5298642e-17 +4.0141235e-17 +3.6098546e+03
3.8362400e-01 +5.0000000e-01 +2.1160778e+01 -1.1447000e-02 +0.0000000e+00 +1.4219259e+00 +5.5593704e-01 +6.0089259e-01 -1.3808148e-01 +1.6140741e-17 +4.0421975e-17 +3.5435940e+03
3.8842300e-01 +5.0000000e-01 +2.1199333e+01 -1.2353333e-02 +0.0000000e+00 +1.4022469e+00 +5.5006543e-01 +5.9038025e-01 -1.3108519e-01 +1.7263580e-17 +3.9579877e-17 +3.4780298e+03
3.9324100e-01 +5.0000000e-01 +2.1236556e+01 -1.3146778e-02 +0.0000000e+00 +1.3830988e+00 +5.4463704e-01 +5.8061605e-01 -1.2428519e-01 +1.8246049e-17 +3.8457037e-17 +3.4103542e+03
3.9807800e-01 +5.0000000e-01 +2.1272222e+01 -1.3806111e-02 +0.0000000e+00 +1.3642840e+00 +5.3965309e-01 +5.7169136e-01 -1.1772173e-01 +1.9368889e-17 +3.7614938e-17 +3.3419287e+03
4.0293300e-01 +5.0000000e-01 +2.1306333e+01 -1.4273556e-02 +0.0000000e+00 +1.3455185e+00 +5.3507037e-01 +5.6378642e-01 -1.1138951e-01 +2.1193457e-17 +3.5930617e-17 +3.2763022e+03
4.0780500e-01 +5.0000000e-01 +2.1338444e+01 -1.4489333e-02 +0.0000000e+00 +1.3269630e+00 +5.3081111e-01 +5.5682593e-01 -1.0525889e-01 +2.4140864e-17 +3.3684938e-17 +3.2158127e+03
4.1269400e-01 +5.0000000e-01 +2.1368667e+01 -1.4431778e-02 +0.0000000e+00 +1.3091111e+00 +5.2679383e-01 +5.5052346e-01 -9.9281481e-02 +2.7369012e-17 +3.1439383e-17 +3.1599494e+03
4.1759800e-01 +5.0000000e-01 +2.1396889e+01 -1.4136333e-02 +0.0000000e+00 +1.2921481e+00 +5.2295185e-01 +5.4474198e-01 -9.3429630e-02 +3.0316543e-17 +2.8632222e-17 +3.1088534e+03
4.2251700e-01 +5.0000000e-01 +2.1423333e+01 -1.3689444e-02 +0.0000000e+00 +1.2761605e+00 +5.1924321e-01 +5.3953827e-01 -8.7688889e-02 +3.2281481e-17 +2.6386543e-17 +3.0614570e+03
4.2745000e-01 +5.0000000e-01 +2.1448222e+01 -1.3169333e-02 +0.0000000e+00 +1.2614938e+00 +5.1567160e-01 +5.3485679e-01 -8.2038272e-02 +3.3684938e-17 +2.4000494e-17 +3.0157682e+03
4.3239600e-01 +5.0000000e-01 +2.1471556e+01 -1.2588222e-02 +0.0000000e+00 +1.2483951e+00 +5.1229753e-01 +5.3036543e-01 -7.6470988e-02 +3.4807778e-17 +2.1754938e-17 +2.9718459e+03
4.3735400e-01 +5.0000000e-01 +2.1493111e+01 -1.1919333e-02 +0.0000000e+00 +1.2366914e+00 +5.0916790e-01 +5.2583457e-01 -7.0991852e-02 +3.5930617e-17 +2.0632099e-17 +2.9294997e+03
4.4232400e-01 +5.0000000e-01 +2.1513000e+01 -1.1151667e-02 +0.0000000e+00 +1.2260704e+00 +5.0626790e-01 +5.2121481e-01 -6.5605309e-02 +3.7334198e-17 +2.0210988e-17 +2.8903018e+03
4.4730400e-01 +5.0000000e-01 +2.1531222e+01 -1.0305589e-02 +0.0000000e+00 +1.2164358e+00 +5.0355802e-01 +5.1647407e-01 -6.0333704e-02 +3.8737778e-17 +2.0351358e-17 +2.8556863e+03
4.5229300e-01 +5.0000000e-01 +2.1547778e+01 -9.4251000e-03 +0.0000000e+00 +1.2079864e+00 +5.0103457e-01 +5.1176173e-01 -5.5225185e-02 +3.9299136e-17 +2.0351358e-17 +2.8228037e+03
4.5729200e-01 +5.0000000e-01 +2.1562667e+01 -8.5325222e-03 +0.0000000e+00 +1.2009123e+00 +4.9873210e-01 +5.0736420e-01 -5.0297160e-02 +3.9018395e-17 +2.0070617e-17 +2.7912587e+03
4.6229800e-01 +5.0000000e-01 +2.1575778e+01 -7.6271778e-03 +0.0000000e+00 +1.1951988e+00 +4.9668519e-01 +5.0343704e-01 -4.5515432e-02 +3.8176296e-17 +1.9088148e-17 +2.7630111e+03
4.6731100e-01 +5.0000000e-01 +2.1587333e+01 -6.7153444e-03 +0.0000000e+00 +1.1907420e+00 +4.9489630e-01 +5.0005802e-01 -4.0878272e-02 +3.6492099e-17 +1.7544321e-17 +2.7389190e+03
4.7233000e-01 +5.0000000e-01 +2.1597111e+01 -5.7898444e-03 +0.0000000e+00 +1.1874889e+00 +4.9337531e-01 +4.9735062e-01 -3.6432099e-02 +3.4527160e-17 +1.5439012e-17 +2.7185660e+03
4.7735400e-01 +5.0000000e-01 +2.1605444e+01 -4.8009556e-03 +0.0000000e+00 +1.1853037e+00 +4.9214074e-01 +4.9535432e-01 -3.2188889e-02 +3.2842840e-17 +1.2491481e-17 +2.7022480e+03
4.8238200e-01 +5.0000000e-01 +2.1612000e+01 -3.7067667e-03 +0.0000000e+00 +1.1839938e+00 +4.9119753e-01 +4.9399259e-01 -2.8129753e-02 +3.1158642e-17 +9.1931975e-18 +2.6896646e+03
4.8741300e-01 +5.0000000e-01 +2.1616778e+01 -2.5179889e-03 +0.0000000e+00 +1.1834457e+00 +4.9052346e-01 +4.9314938e-01 -2.4225309e-02 +2.9474321e-17 +6.2106667e-18 +2.6790547e+03
4.9244700e-01 +5.0000000e-01 +2.1619889e+01 -1.2718333e-03 +0.0000000e+00 +1.1834864e+00 +4.9007901e-01 +4.9273457e-01 -2.0404938e-02 +2.8912963e-17 +3.6842963e-18 +2.6707645e+03
4.9748200e-01 +5.0000000e-01 +2.1621444e+01 +0.0000000e+00 +0.0000000e+00 +1.1837037e+00 +4.8984815e-01 +4.9282469e-01 -1.6611111e-02 +2.8070864e-17 +1.2719630e-18 +2.6667531e+03
5.0251800e-01 +5.0000000e-01 +2.1621444e+01 +1.2718333e-03 +0.0000000e+00 +1.1837037e+00 +4.8984815e-01 +4.9352469e-01 -1.2855062e-02 +2.7088395e-17 -1.2719630e-18 +2.6667531e+03
5.0755300e-01 +5.0000000e-01 +2.1619889e+01 +2.5179889e-03 +0.0000000e+00 +1.1834864e+00 +4.9007901e-01 +4.9472593e-01 -9.1809877e-03 +2.6246173e-17 -3.6842963e-18 +2.6707645e+03
5.1258700e-01 +5.0000000e-01 +2.1616778e+01 +3.7067667e-03 +0.0000000e+00 +1.1834457e+00 +4.9052346e-01 +4.9626543e-01 -5.6010988e-03 +2.5404074e-17 -6.2106667e-18 +2.6790547e+03
5.1761800e-01 +5.0000000e-01 +2.1612000e+01 +4.8009556e-03 +0.0000000e+00 +1.1839938e+00 +4.9119753e-01 +4.9822346e-01 -2.0457284e-03 +2.5123333e-17 -9.1931975e-18 +2.6896646e+03
5.2264600e-01 +5.0000000e-01 +2.1605444e+01 +5.7898444e-03 +0.0000000e+00 +1.1853037e+00 +4.9214074e-01 +5.0077284e-01 +1.5421358e-03 +2.4842716e-17 -1.2491481e-17 +2.7022480e+03
5.2767000e-01 +5.0000000e-01 +2.1597111e+01 +6.7153444e-03 +0.0000000e+00 +1.1874889e+00 +4.9337531e-01 +5.0389383e-01 +5.1369506e-03 +2.4000494e-17 -1.5439012e-17 +2.7185660e+03
5.3268900e-01 +5.0000000e-01 +2.1587333e+01 +7.6271778e-03 +0.0000000e+00 +1.1907420e+00 +4.9489630e-01 +5.0748272e-01 +8.7440988e-03 +2.3579506e-17 -1.7544321e-17 +2.7389190e+03
5.3770200e-01 +5.0000000e-01 +2.1575778e+01 +8.5325222e-03 +0.0000000e+00 +1.1951988e+00 +4.9668519e-01 +5.1145309e-01 +1.2439753e-02 +2.4842716e-17 -1.9088148e-17 +2.7630111e+03
5.4270800e-01 +5.0000000e-01 +2.1562667e+01 +9.4251000e-03 +0.0000000e+00 +1.2009123e+00 +4.9873210e-01 +5.1569136e-01 +1.6326296e-02 +2.6526914e-17 -2.0070617e-17 +2.7912587e+03
5.4770700e-01 +5.0000000e-01 +2.1547778e+01 +1.0305589e-02 +0.0000000e+00 +1.2079864e+00 +5.0103457e-01 +5.2009753e-01 +2.0473210e-02 +2.7228642e-17 -2.0351358e-17 +2.8228037e+03
5.5269600e-01 +5.0000000e-01 +2.1531222e+01 +1.1151667e-02 +0.0000000e+00 +1.2164358e+00 +5.0355802e-01 +5.2461481e-01 +2.4900864e-02 +2.7369012e-17 -2.0351358e-17 +2.8556863e+03
5.5767600e-01 +5.0000000e-01 +2.1513000e+01 +1.1919333e-02 +0.0000000e+00 +1.2260704e+00 +5.0626790e-01 +5.2909383e-01 +2.9609506e-02 +2.6667284e-17 -2.0210988e-17 +2.8903018e+03
5.6264600e-01 +5.0000000e-01 +2.1493111e+01 +1.2588222e-02 +0.0000000e+00 +1.2366914e+00 +5.0916790e-01 +5.3339259e-01 +3.4578889e-02 +2.5544444e-17 -2.0632099e-17 +2.9294997e+03
5.6760400e-01 +5.0000000e-01 +2.1471556e+01 +1.3169333e-02 +0.0000000e+00 +1.2483951e+00 +5.1229753e-01 +5.3766914e-01 +3.9748519e-02 +2.4140864e-17 -2.1754938e-17 +2.9718459e+03
5.7255000e-01 +5.0000000e-01 +2.1448222e+01 +1.3689444e-02 +0.0000000e+00 +1.2614938e+00 +5.1567160e-01 +5.4216420e-01 +4.5051358e-02 +2.2737407e-17 -2.4000494e-17 +3.0157682e+03
5.7748300e-01 +5.0000000e-01 +2.1423333e+01 +1.4136333e-02 +0.0000000e+00 +1.2761605e+00 +5.1924321e-01 +5.4708395e-01 +5.0498519e-02 +2.1895185e-17 -2.6386543e-17 +3.0614570e+03
5.8240200e-01 +5.0000000e-01 +2.1396889e+01 +1.4431778e-02 +0.0000000e+00 +1.2921481e+00 +5.2295185e-01 +5.5274198e-01 +5.6162469e-02 +2.0632099e-17 -2.8632222e-17 +3.1088534e+03
5.8730600e-01 +5.0000000e-01 +2.1368667e+01 +1.4489333e-02 +0.0000000e+00 +1.3091111e+00 +5.2679383e-01 +5.5940123e-01 +6.2107160e-02 +1.8526790e-17 -3.1439383e-17 +3.1599494e+03
5.9219500e-01 +5.0000000e-01 +2.1338444e+01 +1.4273556e-02 +0.0000000e+00 +1.3269630e+00 +5.3081111e-01 +5.6710247e-01 +6.8360741e-02 +1.5719630e-17 -3.3684938e-17 +3.2158127e+03
5.9706700e-01 +5.0000000e-01 +2.1306333e+01 +1.3806111e-02 +0.0000000e+00 +1.3455185e+00 +5.3507037e-01 +5.7578148e-01 +7.4941481e-02 +1.3333580e-17 -3.5930617e-17 +3.2763022e+03
6.0192200e-01 +5.0000000e-01 +2.1272222e+01 +1.3146778e-02 +0.0000000e+00 +1.3642840e+00 +5.3965309e-01 +5.8540000e-01 +8.1864444e-02 +1.1649395e-17 -3.7614938e-17 +3.3419287e+03
6.0675900e-01 +5.0000000e-01 +2.1236556e+01 +1.2353333e-02 +0.0000000e+00 +1.3830988e+00 +5.4463704e-01 +5.9574198e-01 +8.9113086e-02 +1.0456383e-17 -3.8457037e-17 +3.4103542e+03
6.1157700e-01 +5.0000000e-01 +2.1199333e+01 +1.1447000e-02 +0.0000000e+00 +1.4022469e+00 +5.5006543e-01 +6.0642346e-01 +9.6648642e-02 +9.1931975e-18 -3.9579877e-17 +3.4780298e+03
6.1637600e-01 +5.0000000e-01 +2.1160778e+01 +1.0406289e-02 +0.0000000e+00 +1.4219259e+00 +5.5593704e-01 +6.1732469e-01 +1.0439605e-01 +7.7194815e-18 -4.0421975e-17 +3.5435940e+03
6.2115400e-01 +5.0000000e-01 +2.1121222e+01 +9.1814000e-03 +0.0000000e+00 +1.4423086e+00 +5.6220617e-01 +6.2866296e-01 +1.1224346e-01 +6.6317284e-18 -4.0141235e-17 +3.6098546e+03
6.2591100e-01 +5.0000000e-01 +2.1080667e+01 +7.7050333e-03 +0.0000000e+00 +1.4636173e+00 +5.6880370e-01 +6.4061728e-01 +1.2012012e-01 +6.1404938e-18 -3.9299136e-17 +3.6799668e+03
6.3064600e-01 +5.0000000e-01 +2.1039222e+01 +5.9329889e-03 +0.0000000e+00 +1.4858765e+00 +5.7566914e-01 +6.5284938e-01 +1.2804321e-01 +4.9825679e-18 -3.6772840e-17 +3.7575278e+03
6.3535900e-01 +5.0000000e-01 +2.0996778e+01 +3.8772333e-03 +0.0000000e+00 +1.5087901e+00 +5.8278642e-01 +6.6495309e-01 +1.3607901e-01 +4.4211605e-18 -3.4527160e-17 +3.8438452e+03
6.4004900e-01 +5.0000000e-01 +2.0953222e+01 +1.5812556e-03 +0.0000000e+00 +1.5321481e+00 +5.9016790e-01 +6.7693580e-01 +1.4425432e-01 +3.9299136e-18 -3.3123580e-17 +3.9350987e+03
6.4471400e-01 +5.0000000e-01 +2.0908444e+01 -9.1887000e-04 +0.0000000e+00 +1.5559753e+00 +5.9781728e-01 +6.8894198e-01 +1.5251728e-01 +2.5088272e-18 -3.2842840e-17 +4.0294098e+03
6.4935600e-01 +5.0000000e-01 +2.0862556e+01 -3.5945222e-03 +0.0000000e+00 +1.5804444e+00 +6.0569012e-01 +7.0126790e-01 +1.6073580e-01 -7.9826420e-19 -3.3404321e-17 +4.1254866e+03
6.5397200e-01 +5.0000000e-01 +2.0815444e+01 -6.4095000e-03 +0.0000000e+00 +1.6055802e+00 +6.1367654e-01 +7.1419877e-01 +1.6878272e-01 -5.6843457e-18 -3.4246420e-17 +4.2231030e+03
6.5856200e-01 +5.0000000e-01 +2.0767000e+01 -9.3231667e-03 +0.0000000e+00 +1.6313827e+00 +6.2162222e-01 +7.2771728e-01 +1.7664938e-01 -1.0526556e-17 -3.4246420e-17 +4.3257010e+03
6.6312500e-01 +5.0000000e-01 +2.0717222e+01 -1.2305333e-02 +0.0000000e+00 +1.6579630e+00 +6.2940988e-01 +7.4158272e-01 +1.8440864e-01 -1.4596790e-17 -3.4246420e-17 +4.4358039e+03
6.6766200e-01 +5.0000000e-01 +2.0666000e+01 -1.5331000e-02 +0.0000000e+00 +1.6855679e+00 +6.3703827e-01 +7.5578025e-01 +1.9215802e-01 -1.8246049e-17 -3.4527160e-17 +4.5510928e+03
6.7217000e-01 +5.0000000e-01 +2.0613444e+01 -1.8368889e-02 +0.0000000e+00 +1.7142469e+00 +6.4458765e-01 +7.7060988e-01 +2.0000494e-01 -2.1333827e-17 -3.4807778e-17 +4.6671770e+03
6.7665100e-01 +5.0000000e-01 +2.0559778e+01 -2.1410111e-02 +0.0000000e+00 +1.7434938e+00 +6.5214691e-01 +7.8611852e-01 +2.0805679e-01 -2.3298765e-17 -3.4807778e-17 +4.7869990e+03
6.8110300e-01 +5.0000000e-01 +2.0505111e+01 -2.4470889e-02 +0.0000000e+00 +1.7728519e+00 +6.5978889e-01 +8.0219383e-01 +2.1644691e-01 -2.5544444e-17 -3.4246420e-17 +4.9120209e+03
6.8552500e-01 +5.0000000e-01 +2.0449222e+01 -2.7553556e-02 +0.0000000e+00 +1.8025062e+00 +6.6757407e-01 +8.1852469e-01 +2.2524444e-01 -2.8070864e-17 -3.2842840e-17 +5.0346742e+03
6.8991800e-01 +5.0000000e-01 +2.0392222e+01 -3.0633667e-02 +0.0000000e+00 +1.8328148e+00 +6.7552840e-01 +8.3437284e-01 +2.3442469e-01 -3.0316543e-17 -3.2000741e-17 +5.1538932e+03
6.9428000e-01 +5.0000000e-01 +2.0334222e+01 -3.3701000e-02 +0.0000000e+00 +1.8636173e+00 +6.8364074e-01 +8.4928272e-01 +2.4394198e-01 -3.1720000e-17 -3.2000741e-17 +5.2747207e+03
6.9861200e-01 +5.0000000e-01 +2.0275333e+01 -3.6773111e-02 +0.0000000e+00 +1.8947654e+00 +6.9187407e-01 +8.6362593e-01 +2.5376914e-01 -3.2842840e-17 -3.2842840e-17 +5.3939907e+03
7.0291200e-01 +5.0000000e-01 +2.0215667e+01 -3.9847333e-02 +0.0000000e+00 +1.9262346e+00 +7.0020123e-01 +8.7789136e-01 +2.6382593e-01 -3.3965679e-17 -3.3123580e-17 +5.5073173e+03
7.0718000e-01 +5.0000000e-01 +2.0155333e+01 -4.2889000e-02 +0.0000000e+00 +1.9577407e+00 +7.0862469e-01 +8.9223333e-01 +2.7396667e-01 -3.5369259e-17 -3.2842840e-17 +5.6191317e+03
7.1141700e-01 +5.0000000e-01 +2.0094444e+01 -4.5852333e-02 +0.0000000e+00 +1.9889506e+00 +7.1717778e-01 +9.0670988e-01 +2.8403827e-01 -3.5930617e-17 -3.2000741e-17 +5.7369334e+03
7.1562000e-01 +5.0000000e-01 +2.0032778e+01 -4.8691333e-02 +0.0000000e+00 +2.0199877e+00 +7.2589506e-01 +9.2150123e-01 +2.9392222e-01 -3.5930617e-17 -3.0877901e-17 +5.8606738e+03
7.1979100e-01 +5.0000000e-01 +1.9970667e+01 -5.1373333e-02 +0.0000000e+00 +2.0513086e+00 +7.3476667e-01 +9.3645556e-01 +3.0359877e-01 -3.5369259e-17 -2.8351481e-17 +5.9830795e+03
7.2392900e-01 +5.0000000e-01 +1.9908333e+01 -5.3902000e-02 +0.0000000e+00 +2.0829877e+00 +7.4374815e-01 +9.5098889e-01 +3.1308765e-01 -3.5369259e-17 -2.4842716e-17 +6.1061294e+03
7.2803300e-01 +5.0000000e-01 +1.9845667e+01 -5.6321222e-02 +0.0000000e+00 +2.1145679e+00 +7.5280247e-01 +9.6494691e-01 +3.2245062e-01 -3.5088519e-17 -2.1754938e-17 +6.2381008e+03
7.3210300e-01 +5.0000000e-01 +1.9782667e+01 -5.8687222e-02 +0.0000000e+00 +2.1456420e+00 +7.6192716e-01 +9.7866543e-01 +3.3186049e-01 -3.5088519e-17 -2.0070617e-17 +6.3814760e+03
7.3613800e-01 +5.0000000e-01 +1.9719333e+01 -6.1042556e-02 +0.0000000e+00 +2.1760370e+00 +7.7113086e-01 +9.9238272e-01 +3.4148272e-01 -3.5650000e-17 -1.9228519e-17 +6.5355776e+03
7.4013900e-01 +5.0000000e-01 +1.9655333e+01 -6.3430667e-02 +0.0000000e+00 +2.2058395e+00 +7.8040864e-01 +1.0064185e+00 +3.5132469e-01 -3.6211358e-17 -1.8807407e-17 +6.6980385e+03
7.4410500e-01 +5.0000000e-01 +1.9590778e+01 -6.5909667e-02 +0.0000000e+00 +2.2354074e+00 +7.8975926e-01 +1.0210383e+00 +3.6127160e-01 -3.6492099e-17 -1.9368889e-17 +6.8596423e+03
7.4803600e-01 +5.0000000e-01 +1.9525667e+01 -6.8517556e-02 +0.0000000e+00 +2.2648395e+00 +7.9921111e-01 +1.0359963e+00 +3.7119259e-01 -3.6492099e-17 -2.0772469e-17 +7.0142309e+03
7.5193100e-01 +5.0000000e-01 +1.9460444e+01 -7.1247111e-02 +0.0000000e+00 +2.2936667e+00 +8.0879630e-01 +1.0509951e+00 +3.8099753e-01 -3.5930617e-17 -2.2597037e-17 +7.1625181e+03
7.5579100e-01 +5.0000000e-01 +1.9395222e+01 -7.4085000e-02 +0.0000000e+00 +2.3215062e+00 +8.1848025e-01 +1.0660049e+00 +3.9059753e-01 -3.6211358e-17 -2.3579506e-17 +7.3072741e+03
7.5961500e-01 +5.0000000e-01 +1.9330000e+01 -7.7049333e-02 +0.0000000e+00 +2.3485432e+00 +8.2811975e-01 +1.0809296e+00 +3.9991975e-01 -3.7053457e-17 -2.3439136e-17 +7.4509221e+03
7.6340300e-01 +5.0000000e-01 +1.9264889e+01 -8.0164111e-02 +0.0000000e+00 +2.3751852e+00 +8.3754198e-01 +1.0955086e+00 +4.0898395e-01 -3.9018395e-17 -2.1895185e-17 +7.5930959e+03
7.6715400e-01 +5.0000000e-01 +1.9200111e+01 -8.3411000e-02 +0.0000000e+00 +2.4014444e+00 +8.4664444e-01 +1.1094654e+00 +4.1788272e-01 -4.0983457e-17 -1.9930247e-17 +7.7377070e+03
7.7086900e-01 +5.0000000e-01 +1.9135667e+01 -8.6735000e-02 +0.0000000e+00 +2.4269506e+00 +8.5542963e-01 +1.1230062e+00 +4.2666296e-01 -4.2948395e-17 -1.8526790e-17 +7.8887030e+03
7.7454800e-01 +5.0000000e-01 +1.9071333e+01 -9.0060889e-02 +0.0000000e+00 +2.4512222e+00 +8.6394444e-01 +1.1366420e+00 +4.3533457e-01 -4.4632593e-17 -1.7544321e-17 +8.0485486e+03
7.7819000e-01 +5.0000000e-01 +1.9007000e+01 -9.3322000e-02 +0.0000000e+00 +2.4741111e+00 +8.7223086e-01 +1.1506914e+00 +4.4391358e-01 -4.5194074e-17 -1.7263580e-17 +8.2194794e+03
7.8179500e-01 +5.0000000e-01 +1.8942444e+01 -9.6500222e-02 +0.0000000e+00 +2.4959506e+00 +8.8031728e-01 +1.1653198e+00 +4.5239630e-01 -4.5474691e-17 -1.6982840e-17 +8.3960074e+03
7.8536400e-01 +5.0000000e-01 +1.8877778e+01 -9.9620444e-02 +0.0000000e+00 +2.5170864e+00 +8.8819630e-01 +1.1803185e+00 +4.6076173e-01 -4.6316914e-17 -1.5719630e-17 +8.5726225e+03
7.8889500e-01 +5.0000000e-01 +1.8812778e+01 -1.0271100e-01 +0.0000000e+00 +2.5377284e+00 +8.9585802e-01 +1.1950716e+00 +4.6900000e-01 -4.8562469e-17 -1.4035432e-17 +8.7535720e+03
7.9238900e-01 +5.0000000e-01 +1.8747556e+01 -1.0576989e-01 +0.0000000e+00 +2.5581111e+00 +9.0330123e-01 +1.2091556e+00 +4.7715926e-01 -5.2492469e-17 -1.2561728e-17 +8.9464729e+03
7.9584700e-01 +5.0000000e-01 +1.8682222e+01 -1.0875056e-01 +0.0000000e+00 +2.5783704e+00 +9.1055062e-01 +1.2226457e+00 +4.8531481e-01 -5.6703086e-17 -1.1859926e-17 +9.1537897e+03
7.9926700e-01 +5.0000000e-01 +1.8617000e+01 -1.1158000e-01 +0.0000000e+00 +2.5985802e+00 +9.1763210e-01 +1.2358395e+00 +4.9348642e-01 -6.0632963e-17 -1.1087975e-17 +9.3705856e+03
8.0265000e-01 +5.0000000e-01 +1.8552111e+01 -1.1420111e-01 +0.0000000e+00 +2.6187284e+00 +9.2454444e-01 +1.2488642e+00 +5.0161975e-01 -6.4001481e-17 -9.1230123e-18 +9.5894489e+03
8.0599600e-01 +5.0000000e-01 +1.8487667e+01 -1.1659333e-01 +0.0000000e+00 +2.6388395e+00 +9.3126667e-01 +1.2616543e+00 +5.0962840e-01 -6.6247160e-17 -5.7194321e-18 +9.8069745e+03
8.0930400e-01 +5.0000000e-01 +1.8423667e+01 -1.1877667e-01 +0.0000000e+00 +2.6592469e+00 +9.3778519e-01 +1.2740247e+00 +5.1742099e-01 -6.7931358e-17 -1.5877531e-18 +1.0022057e+04
8.1257600e-01 +5.0000000e-01 +1.8360111e+01 -1.2077889e-01 +0.0000000e+00 +2.6799630e+00 +9.4413210e-01 +1.2859136e+00 +5.2488025e-01 -7.0177037e-17 +1.8421481e-18 +1.0236208e+04
8.1581000e-01 +5.0000000e-01 +1.8296778e+01 -1.2262889e-01 +0.0000000e+00 +2.7004815e+00 +9.5038765e-01 +1.2974815e+00 +5.3189012e-01 -7.1861358e-17 +3.6492099e-18 +1.0453965e+04
8.1900800e-01 +5.0000000e-01 +1.8233889e+01 -1.2435333e-01 +0.0000000e+00 +2.7204691e+00 +9.5662222e-01 +1.3090494e+00 +5.3840988e-01 -7.1299877e-17 +3.6141235e-18 +1.0676220e+04
8.2216800e-01 +5.0000000e-01 +1.8171222e+01 -1.2598111e-01 +0.0000000e+00 +2.7399877e+00 +9.6284444e-01 +1.3209506e+00 +5.4446790e-01 -7.0177037e-17 +2.4035679e-18 +1.0902567e+04
8.2529200e-01 +5.0000000e-01 +1.8109000e+01 -1.2751667e-01 +0.0000000e+00 +2.7595185e+00 +9.6899259e-01 +1.3333827e+00 +5.5013457e-01 -6.8492840e-17 +9.4739012e-19 +1.1136352e+04
8.2837800e-01 +5.0000000e-01 +1.8047111e+01 -1.2894333e-01 +0.0000000e+00 +2.7795802e+00 +9.7499136e-01 +1.3465185e+00 +5.5550741e-01 -6.7370000e-17 -6.5790988e-20 +1.1382176e+04
8.3142800e-01 +5.0000000e-01 +1.7985778e+01 -1.3023000e-01 +0.0000000e+00 +2.8004074e+00 +9.8078272e-01 +1.3604815e+00 +5.6068272e-01 -6.7931358e-17 -1.4254691e-19 +1.1638756e+04
8.3444100e-01 +5.0000000e-01 +1.7924778e+01 -1.3136000e-01 +0.0000000e+00 +2.8218395e+00 +9.8634815e-01 +1.3750617e+00 +5.6572469e-01 -6.7370000e-17 +1.0438840e-18 +1.1900808e+04
8.3741800e-01 +5.0000000e-01 +1.7864111e+01 -1.3233444e-01 +0.0000000e+00 +2.8436667e+00 +9.9167901e-01 +1.3897778e+00 +5.7068519e-01 -6.8492840e-17 +3.5088519e-18 +1.2167775e+04
8.4035800e-01 +5.0000000e-01 +1.7803667e+01 -1.3318111e-01 +0.0000000e+00 +2.8656667e+00 +9.9676296e-01 +1.4041605e+00 +5.7559012e-01 -7.0177037e-17 +6.8773580e-18 +1.2446453e+04
8.4326200e-01 +5.0000000e-01 +1.7743222e+01 -1.3393111e-01 +0.0000000e+00 +2.8877407e+00 +1.0015728e+00 +1.4178765e+00 +5.8044815e-01 -7.2422716e-17 +1.0386210e-17 +1.2743100e+04
8.4613000e-01 +5.0000000e-01 +1.7682778e+01 -1.3460444e-01 +0.0000000e+00 +2.9098519e+00 +1.0060901e+00 +1.4307778e+00 +5.8528642e-01 -7.4668395e-17 +1.3684568e-17 +1.3054264e+04
8.4896200e-01 +5.0000000e-01 +1.7622333e+01 -1.3520667e-01 +0.0000000e+00 +2.9319506e+00 +1.0103086e+00 +1.4428272e+00 +5.9014074e-01 -7.8036914e-17 +1.6561728e-17 +1.3371159e+04
8.5175700e-01 +5.0000000e-01 +1.7562000e+01 -1.3574000e-01 +0.0000000e+00 +2.9540494e+00 +1.0142272e+00 +1.4540247e+00 +5.9498395e-01 -8.1966790e-17 +1.9509259e-17 +1.3688903e+04
8.5451800e-01 +5.0000000e-01 +1.7501778e+01 -1.3620889e-01 +0.0000000e+00 +2.9761111e+00 +1.0178457e+00 +1.4642840e+00 +5.9972963e-01 -8.6458148e-17 +2.2456667e-17 +1.4010251e+04
8.5724300e-01 +5.0000000e-01 +1.7441778e+01 -1.3661222e-01 +0.0000000e+00 +2.9979136e+00 +1.0211840e+00 +1.4736667e+00 +6.0427037e-01 -9.1510864e-17 +2.5123333e-17 +1.4342868e+04
8.5993200e-01 +5.0000000e-01 +1.7382000e+01 -1.3694000e-01 +0.0000000e+00 +3.0191111e+00 +1.0243086e+00 +1.4824691e+00 +6.0851235e-01 -9.6563580e-17 +2.7369012e-17 +1.4689449e+04
8.6258600e-01 +5.0000000e-01 +1.7322333e+01 -1.3717333e-01 +0.0000000e+00 +3.0392840e+00 +1.0273173e+00 +1.4910864e+00 +6.1239630e-01 -1.0105494e-16 +2.9474321e-17 +1.5043155e+04
8.6520600e-01 +5.0000000e-01 +1.7263000e+01 -1.3728444e-01 +0.0000000e+00 +3.0581235e+00 +1.0302938e+00 +1.4998025e+00 +6.1590741e-01 -1.0554630e-16 +3.2000741e-17 +1.5397921e+04
8.6779100e-01 +5.0000000e-01 +1.7203778e+01 -1.3725111e-01 +0.0000000e+00 +3.0756173e+00 +1.0332889e+00 +1.5086667e+00 +6.1905679e-01 -1.0666914e-16 +3.4807778e-17 +1.5758994e+04
8.7034100e-01 +5.0000000e-01 +1.7144556e+01 -1.3707556e-01 +0.0000000e+00 +3.0919877e+00 +1.0363222e+00 +1.5176667e+00 +6.2188765e-01 -1.0723049e-16 +3.7895556e-17 +1.6135207e+04
8.7285700e-01 +5.0000000e-01 +1.7085333e+01 -1.3677222e-01 +0.0000000e+00 +3.1077778e+00 +1.0394136e+00 +1.5267407e+00 +6.2448148e-01 -1.0610765e-16 +3.9860617e-17 +1.6528752e+04
8.7534000e-01 +5.0000000e-01 +1.7026000e+01 -1.3636222e-01 +0.0000000e+00 +3.1235679e+00 +1.0425728e+00 +1.5358889e+00 +6.2692716e-01 -1.0498494e-16 +4.0702716e-17 +1.6932589e+04
8.7778800e-01 +5.0000000e-01 +1.6966556e+01 -1.3586333e-01 +0.0000000e+00 +3.1397037e+00 +1.0458025e+00 +1.5452716e+00 +6.2929259e-01 -1.0273926e-16 +3.9860617e-17 +1.7339665e+04
8.8020300e-01 +5.0000000e-01 +1.6907000e+01 -1.3529556e-01 +0.0000000e+00 +3.1562469e+00 +1.0490877e+00 +1.5550617e+00 +6.3161358e-01 -1.0105494e-16 +3.7895556e-17 +1.7753460e+04
8.8258400e-01 +5.0000000e-01 +1.6847444e+01 -1.3466778e-01 +0.0000000e+00 +3.1731852e+00 +1.0524136e+00 +1.5653210e+00 +6.3391605e-01 -9.8809259e-17 +3.5369259e-17 +1.8178247e+04
8.8493300e-01 +5.0000000e-01 +1.6787778e+01 -1.3397556e-01 +0.0000000e+00 +3.1904198e+00 +1.0557617e+00 +1.5760123e+00 +6.3620617e-01 -9.7686420e-17 +3.2562099e-17 +1.8614883e+04
8.8724900e-01 +5.0000000e-01 +1.6728222e+01 -1.3320333e-01 +0.0000000e+00 +3.2077284e+00 +1.0590951e+00 +1.5869877e+00 +6.3846420e-01 -9.8809259e-17 +2.9474321e-17 +1.9069130e+04
8.8953200e-01 +5.0000000e-01 +1.6668667e+01 -1.3233333e-01 +0.0000000e+00 +3.2250123e+00 +1.0623691e+00 +1.5980741e+00 +6.4065185e-01 -1.0161642e-16 +2.6948025e-17 +1.9548930e+04
8.9178300e-01 +5.0000000e-01 +1.6609222e+01 -1.3134444e-01 +0.0000000e+00 +3.2423951e+00 +1.0655469e+00 +1.6092469e+00 +6.4273086e-01 -1.0554630e-16 +2.4281235e-17 +2.0054542e+04
8.9400200e-01 +5.0000000e-01 +1.6549778e+01 -1.3021889e-01 +0.0000000e+00 +3.2601605e+00 +1.0686111e+00 +1.6206296e+00 +6.4466914e-01 -1.1003765e-16 +2.2035556e-17 +2.0575921e+04
8.9619000e-01 +5.0000000e-01 +1.6490444e+01 -1.2894444e-01 +0.0000000e+00 +3.2784568e+00 +1.0715519e+00 +1.6322469e+00 +6.4644938e-01 -1.1452901e-16 +2.0491728e-17 +2.1101401e+04
8.9834600e-01 +5.0000000e-01 +1.6431000e+01 -1.2751556e-01 +0.0000000e+00 +3.2972099e+00 +1.0743531e+00 +1.6439383e+00 +6.4807531e-01 -1.1789741e-16 +1.9789877e-17 +2.1630181e+04
9.0047100e-01 +5.0000000e-01 +1.6371556e+01 -1.2593778e-01 +0.0000000e+00 +3.3162099e+00 +1.0769864e+00 +1.6554815e+00 +6.4956667e-01 -1.2126593e-16 +2.0210988e-17 +2.2171035e+04
9.0256500e-01 +5.0000000e-01 +1.6312222e+01 -1.2422556e-01 +0.0000000e+00 +3.3352222e+00 +1.0794284e+00 +1.6668395e+00 +6.5094568e-01 -1.2351111e-16 +2.1193457e-17 +2.2733548e+04
9.0462900e-01 +5.0000000e-01 +1.6252778e+01 -1.2240000e-01 +0.0000000e+00 +3.3542099e+00 +1.0816667e+00 +1.6782346e+00 +6.5222840e-01 -1.2688025e-16 +2.2175926e-17 +2.3320661e+04
9.0666200e-01 +5.0000000e-01 +1.6193333e+01 -1.2048444e-01 +0.0000000e+00 +3.3732840e+00 +1.0836975e+00 +1.6899753e+00 +6.5342346e-01 -1.2800247e-16 +2.2597037e-17 +2.3928228e+04
9.0866500e-01 +5.0000000e-01 +1.6133556e+01 -1.1849667e-01 +0.0000000e+00 +3.3926667e+00 +1.0855198e+00 +1.7022840e+00 +6.5455556e-01 -1.3249383e-16 +2.2035556e-17 +2.4553073e+04
9.1063900e-01 +5.0000000e-01 +1.6073556e+01 -1.1644556e-01 +0.0000000e+00 +3.4126420e+00 +1.0871185e+00 +1.7152469e+00 +6.5565802e-01 -1.3923086e-16 +2.0070617e-17 +2.5191232e+04
9.1258400e-01 +5.0000000e-01 +1.6013222e+01 -1.1433556e-01 +0.0000000e+00 +3.4334691e+00 +1.0884617e+00 +1.7287654e+00 +6.5676914e-01 -1.4484568e-16 +1.7824938e-17 +2.5837373e+04
9.1449900e-01 +5.0000000e-01 +1.5952667e+01 -1.1216111e-01 +0.0000000e+00 +3.4552963e+00 +1.0895099e+00 +1.7426049e+00 +6.5790864e-01 -1.4933704e-16 +1.5579259e-17 +2.6491152e+04
9.1638500e-01 +5.0000000e-01 +1.5891778e+01 -1.0992289e-01 +0.0000000e+00 +3.4781605e+00 +1.0902247e+00 +1.7564321e+00 +6.5906667e-01 -1.5495062e-16 +1.3895062e-17 +2.7158162e+04
9.1824400e-01 +5.0000000e-01 +1.5830667e+01 -1.0762178e-01 +0.0000000e+00 +3.5020247e+00 +1.0905778e+00 +1.7699753e+00 +6.6020864e-01 -1.6168765e-16 +1.3193333e-17 +2.7845329e+04
9.2007400e-01 +5.0000000e-01 +1.5769444e+01 -1.0526278e-01 +0.0000000e+00 +3.5270000e+00 +1.0905494e+00 +1.7830370e+00 +6.6130988e-01 -1.6505679e-16 +1.3052963e-17 +2.8555558e+04
9.2187600e-01 +5.0000000e-01 +1.5708111e+01 -1.0285222e-01 +0.0000000e+00 +3.5532222e+00 +1.0901321e+00 +1.7955062e+00 +6.6235556e-01 -1.6954815e-16 +1.3052963e-17 +2.9289183e+04
9.2365000e-01 +5.0000000e-01 +1.5646667e+01 -1.0039944e-01 +0.0000000e+00 +3.5807778e+00 +1.0893358e+00 +1.8073704e+00 +6.6332593e-01 -1.7179383e-16 +1.2491481e-17 +3.0051596e+04
9.2539800e-01 +5.0000000e-01 +1.5584889e+01 -9.7917556e-02 +0.0000000e+00 +3.6097037e+00 +1.0881741e+00 +1.8186667e+00 +6.6419259e-01 -1.7403951e-16 +1.0456383e-17 +3.0851496e+04
9.2711800e-01 +5.0000000e-01 +1.5523000e+01 -9.5422667e-02 +0.0000000e+00 +3.6400741e+00 +1.0866630e+00 +1.8294568e+00 +6.6495926e-01 -1.7740741e-16 +6.9475309e-18 +3.1693047e+04
9.2881200e-01 +5.0000000e-01 +1.5460667e+01 -9.2932222e-02 +0.0000000e+00 +3.6720370e+00 +1.0848062e+00 +1.8397654e+00 +6.6566173e-01 -1.8077654e-16 +2.2105802e-18 +3.2569208e+04
9.3048000e-01 +5.0000000e-01 +1.5398111e+01 -9.0462222e-02 +0.0000000e+00 +3.7057284e+00 +1.0825926e+00 +1.8496173e+00 +6.6635062e-01 -1.8414444e-16 -2.8421728e-18 +3.3467143e+04
9.3212100e-01 +5.0000000e-01 +1.5335000e+01 -8.8024667e-02 +0.0000000e+00 +3.7412469e+00 +1.0799889e+00 +1.8589506e+00 +6.6707160e-01 -1.8526790e-16 -7.2984198e-18 +3.4380008e+04
9.3373700e-01 +5.0000000e-01 +1.5271556e+01 -8.5627000e-02 +0.0000000e+00 +3.7786296e+00 +1.0769506e+00 +1.8676296e+00 +6.6785432e-01 -1.8526790e-16 -1.0526556e-17 +3.5308753e+04
9.3532800e-01 +5.0000000e-01 +1.5207556e+01 -8.3271889e-02 +0.0000000e+00 +3.8178025e+00 +1.0734173e+00 +1.8755926e+00 +6.6871481e-01 -1.8751358e-16 -1.2210802e-17 +3.6258712e+04
9.3689300e-01 +5.0000000e-01 +1.5143111e+01 -8.0959000e-02 +0.0000000e+00 +3.8587407e+00 +1.0693321e+00 +1.8827901e+00 +6.6965556e-01 -1.8639012e-16 -1.2561728e-17 +3.7234974e+04
9.3843400e-01 +5.0000000e-01 +1.5078000e+01 -7.8686222e-02 +0.0000000e+00 +3.9015062e+00 +1.0646420e+00 +1.8892222e+00 +6.7065679e-01 -1.8526790e-16 -1.2000272e-17 +3.8239696e+04
9.3995000e-01 +5.0000000e-01 +1.5012444e+01 -7.6450333e-02 +0.0000000e+00 +3.9462593e+00 +1.0593000e+00 +1.8948642e+00 +6.7168889e-01 -1.8526790e-16 -1.0666914e-17 +3.9274274e+04
9.4144200e-01 +5.0000000e-01 +1.4946111e+01 -7.4247222e-02 +0.0000000e+00 +3.9932222e+00 +1.0532765e+00 +1.8996667e+00 +6.7271975e-01 -1.8414444e-16 -9.3335432e-18 +4.0343501e+04
9.4291000e-01 +5.0000000e-01 +1.4879111e+01 -7.2073111e-02 +0.0000000e+00 +4.0425802e+00 +1.0465506e+00 +1.9036296e+00 +6.7371111e-01 -1.8414444e-16 -8.6317778e-18 +4.1455237e+04
9.4435500e-01 +5.0000000e-01 +1.4811333e+01 -6.9925222e-02 +0.0000000e+00 +4.0944444e+00 +1.0391222e+00 +1.9067654e+00 +6.7462469e-01 -1.8751358e-16 -8.9124815e-18 +4.2613051e+04
9.4577700e-01 +5.0000000e-01 +1.4742556e+01 -6.7802333e-02 +0.0000000e+00 +4.1488642e+00 +1.0310025e+00 +1.9091605e+00 +6.7544074e-01 -1.8975926e-16 -1.0386210e-17 +4.3815150e+04
9.4717500e-01 +5.0000000e-01 +1.4672889e+01 -6.5704889e-02 +0.0000000e+00 +4.2058889e+00 +1.0222173e+00 +1.9108642e+00 +6.7615556e-01 -1.9200494e-16 -1.2842346e-17 +4.5058980e+04
9.4855100e-01 +5.0000000e-01 +1.4602111e+01 -6.3634556e-02 +0.0000000e+00 +4.2656049e+00 +1.0127827e+00 +1.9118642e+00 +6.7679630e-01 -1.9425062e-16 -1.6000370e-17 +4.6341315e+04
9.4990500e-01 +5.0000000e-01 +1.4530222e+01 -6.1592556e-02 +0.0000000e+00 +4.3281605e+00 +1.0027099e+00 +1.9120494e+00 +6.7741358e-01 -1.9761852e-16 -1.9368889e-17 +4.7659578e+04
9.5123600e-01 +5.0000000e-01 +1.4457000e+01 -5.9579556e-02 +0.0000000e+00 +4.3936914e+00 +9.9199630e-01 +1.9113086e+00 +6.7806667e-01 -1.9761852e-16 -2.2737407e-17 +4.9013341e+04
9.5254600e-01 +5.0000000e-01 +1.4382333e+01 -5.7594889e-02 +0.0000000e+00 +4.4623086e+00 +9.8062963e-01 +1.9095802e+00 +6.7880370e-01 -1.9761852e-16 -2.5965556e-17 +5.0399818e+04
9.5383400e-01 +5.0000000e-01 +1.4306333e+01 -5.5637222e-02 +0.0000000e+00 +4.5340617e+00 +9.6858642e-01 +1.9068642e+00 +6.7964691e-01 -1.9874198e-16 -2.9193704e-17 +5.1814901e+04
9.5510100e-01 +5.0000000e-01 +1.4228778e+01 -5.3705333e-02 +0.0000000e+00 +4.6089383e+00 +9.5583827e-01 +1.9032099e+00 +6.8058889e-01 -1.9986420e-16 -3.1720000e-17 +5.3258734e+04
9.5634800e-01 +5.0000000e-01 +1.4149667e+01 -5.1797667e-02 +0.0000000e+00 +4.6868765e+00 +9.4235309e-01 +1.8987407e+00 +6.8159506e-01 -1.9874198e-16 -3.4246420e-17 +5.4735957e+04
9.5757400e-01 +5.0000000e-01 +1.4068778e+01 -4.9912889e-02 +0.0000000e+00 +4.7677654e+00 +9.2809877e-01 +1.8935432e+00 +6.8261852e-01 -1.9649630e-16 -3.5930617e-17 +5.6254293e+04
9.5877900e-01 +5.0000000e-01 +1.3986000e+01 -4.8049778e-02 +0.0000000e+00 +4.8514568e+00 +9.1305062e-01 +1.8876667e+00 +6.8359877e-01 -1.9537284e-16 -3.7334198e-17 +5.7822100e+04
9.5996400e-01 +5.0000000e-01 +1.3901222e+01 -4.6208444e-02 +0.0000000e+00 +4.9378395e+00 +8.9718642e-01 +1.8811235e+00 +6.8446667e-01 -1.9537284e-16 -3.8176296e-17 +5.9448051e+04
9.6113000e-01 +5.0000000e-01 +1.3814222e+01 -4.4390889e-02 +0.0000000e+00 +5.0268025e+00 +8.8049136e-01 +1.8738765e+00 +6.8514815e-01 -1.9425062e-16 -3.8457037e-17 +6.1140416e+04
9.6227600e-01 +5.0000000e-01 +1.3724778e+01 -4.2600889e-02 +0.0000000e+00 +5.1182593e+00 +8.6295926e-01 +1.8659259e+00 +6.8557284e-01 -1.9537284e-16 -3.8176296e-17 +6.2903160e+04
9.6340300e-01 +5.0000000e-01 +1.3632667e+01 -4.0842667e-02 +0.0000000e+00 +5.2121235e+00 +8.4459383e-01 +1.8572222e+00 +6.8567531e-01 -1.9537284e-16 -3.7895556e-17 +6.4732928e+04
9.6451100e-01 +5.0000000e-01 +1.3537889e+01 -3.9119889e-02 +0.0000000e+00 +5.3083210e+00 +8.2540741e-01 +1.8477654e+00 +6.8540000e-01 -1.9312716e-16 -3.7053457e-17 +6.6622071e+04
9.6560100e-01 +5.0000000e-01 +1.3440000e+01 -3.7434444e-02 +0.0000000e+00 +5.4067901e+00 +8.0541728e-01 +1.8375185e+00 +6.8470370e-01 -1.9312716e-16 -3.5930617e-17 +6.8563809e+04
9.6667200e-01 +5.0000000e-01 +1.3339000e+01 -3.5786667e-02 +0.0000000e+00 +5.5074321e+00 +7.8464568e-01 +1.8264444e+00 +6.8355432e-01 -1.9088148e-16 -3.4527160e-17 +7.0552637e+04
9.6772500e-01 +5.0000000e-01 +1.3234667e+01 -3.4174333e-02 +0.0000000e+00 +5.6101481e+00 +7.6311358e-01 +1.8144691e+00 +6.8191235e-01 -1.8975926e-16 -3.2562099e-17 +7.2582916e+04
9.6876100e-01 +5.0000000e-01 +1.3126556e+01 -3.2594111e-02 +0.0000000e+00 +5.7147778e+00 +7.4084691e-01 +1.8015062e+00 +6.7973580e-01 -1.8639012e-16 -3.0597160e-17 +7.4650130e+04
9.6977800e-01 +5.0000000e-01 +1.3014444e+01 -3.1042111e-02 +0.0000000e+00 +5.8210988e+00 +7.1787284e-01 +1.7874074e+00 +6.7697037e-01 -1.8302222e-16 -2.8070864e-17 +7.6752265e+04
9.7077900e-01 +5.0000000e-01 +1.2898222e+01 -2.9515000e-02 +0.0000000e+00 +5.9288519e+00 +6.9422716e-01 +1.7720617e+00 +6.7355679e-01 -1.7853086e-16 -2.5404074e-17 +7.8888718e+04
9.7176200e-01 +5.0000000e-01 +1.2777333e+01 -2.8010333e-02 +0.0000000e+00 +6.0376667e+00 +6.6994815e-01 +1.7553210e+00 +6.6943704e-01 -1.7516173e-16 -2.2456667e-17 +8.1061279e+04
9.7272900e-01 +5.0000000e-01 +1.2651667e+01 -2.6527333e-02 +0.0000000e+00 +6.1470988e+00 +6.4508519e-01 +1.7370988e+00 +6.6455432e-01 -1.7067037e-16 -1.9649630e-17 +8.3271668e+04
9.7367900e-01 +5.0000000e-01 +1.2520667e+01 -2.5067111e-02 +0.0000000e+00 +6.2566296e+00 +6.1969136e-01 +1.7173333e+00 +6.5885926e-01 -1.6954815e-16 -1.6842469e-17 +8.5517093e+04
9.7461200e-01 +5.0000000e-01 +1.2384000e+01 -2.3631667e-02 +0.0000000e+00 +6.3656420e+00 +5.9383086e-01 +1.6960370e+00 +6.5230247e-01 -1.6730247e-16 -1.4035432e-17 +8.7787457e+04
9.7553000e-01 +5.0000000e-01 +1.2241333e+01 -2.2224556e-02 +0.0000000e+00 +6.4734198e+00 +5.6756790e-01 +1.6731975e+00 +6.4484074e-01 -1.6617901e-16 -1.1438864e-17 +9.0067551e+04
9.7643200e-01 +5.0000000e-01 +1.2092222e+01 -2.0850444e-02 +0.0000000e+00 +6.5791481e+00 +5.4097778e-01 +1.6488519e+00 +6.3643333e-01 -1.6393333e-16 -8.7721358e-18 +9.2341246e+04
9.7731900e-01 +5.0000000e-01 +1.1936222e+01 -1.9514333e-02 +0.0000000e+00 +6.6818272e+00 +5.1413704e-01 +1.6229383e+00 +6.2704691e-01 -1.6505679e-16 -6.1755802e-18 +9.4594319e+04
9.7819000e-01 +5.0000000e-01 +1.1772778e+01 -1.8221889e-02 +0.0000000e+00 +6.7803210e+00 +4.8712593e-01 +1.5954321e+00 +6.1665309e-01 -1.6281111e-16 -3.5790247e-18 +9.6816686e+04
9.7904600e-01 +5.0000000e-01 +1.1601444e+01 -1.6977889e-02 +0.0000000e+00 +6.8732593e+00 +4.6002963e-01 +1.5662222e+00 +6.0523580e-01 -1.6168765e-16 -1.0438840e-18 +9.9003100e+04
9.7988700e-01 +5.0000000e-01 +1.1421778e+01 -1.5786000e-02 +0.0000000e+00 +6.9590864e+00 +4.3293951e-01 +1.5352346e+00 +5.9277901e-01 -1.6056543e-16 +1.4123086e-18 +1.0114920e+05
9.8071400e-01 +5.0000000e-01 +1.1233000e+01 -1.4648222e-02 +0.0000000e+00 +7.0360494e+00 +4.0595185e-01 +1.5024198e+00 +5.7926296e-01 -1.5719630e-16 +3.6842963e-18 +1.0324733e+05
9.8152600e-01 +5.0000000e-01 +1.1034711e+01 -1.3564667e-02 +0.0000000e+00 +7.1022099e+00 +3.7917037e-01 +1.4677160e+00 +5.6466296e-01 -1.5270494e-16 +5.6492593e-18 +1.0528470e+05
9.8232400e-01 +5.0000000e-01 +1.0826233e+01 -1.2534444e-02 +0.0000000e+00 +7.1554444e+00 +3.5269877e-01 +1.4310988e+00 +5.4894444e-01 -1.5158272e-16 +7.1580617e-18 +1.0724334e+05
9.8310800e-01 +5.0000000e-01 +1.0606956e+01 -1.1555222e-02 +0.0000000e+00 +7.1933951e+00 +3.2664321e-01 +1.3925802e+00 +5.3206790e-01 -1.4372222e-16 +8.1405432e-18 +1.0910218e+05
9.8387800e-01 +5.0000000e-01 +1.0376244e+01 -1.0624078e-02 +0.0000000e+00 +7.2135432e+00 +3.0111235e-01 +1.3522099e+00 +5.1398642e-01 -1.3698519e-16 +8.4914198e-18 +1.1083736e+05
9.8463500e-01 +5.0000000e-01 +1.0133456e+01 -9.7381889e-03 +0.0000000e+00 +7.2131235e+00 +2.7620494e-01 +1.3100370e+00 +4.9465309e-01 -1.2912593e-16 +8.2107160e-18 +1.1242317e+05
9.8537900e-01 +5.0000000e-01 +9.8779556e+00 -8.8949000e-03 +0.0000000e+00 +7.1892346e+00 +2.5202099e-01 +1.2661605e+00 +4.7402716e-01 -1.2238877e-16 +7.5089506e-18 +1.1383460e+05
9.8611000e-01 +5.0000000e-01 +9.6091333e+00 -8.0921556e-03 +0.0000000e+00 +7.1388272e+00 +2.2864938e-01 +1.2206605e+00 +4.5208025e-01 -1.1340617e-16 +6.3861111e-18 +1.1504891e+05
9.8682800e-01 +5.0000000e-01 +9.3263889e+00 -7.3286444e-03 +0.0000000e+00 +7.0587778e+00 +2.0617037e-01 +1.1736654e+00 +4.2880123e-01 -1.0498494e-16 +4.9825679e-18 +1.1604810e+05
9.8753300e-01 +5.0000000e-01 +9.0292111e+00 -6.6037222e-03 +0.0000000e+00 +6.9460123e+00 +1.8465926e-01 +1.1252864e+00 +4.0420988e-01 -9.6002222e-17 +3.4386790e-18 +1.1682059e+05
9.8822500e-01 +5.0000000e-01 +8.7171556e+00 -5.9173000e-03 +0.0000000e+00 +6.7975679e+00 +1.6418025e-01 +1.0756346e+00 +3.7835556e-01 -8.7580988e-17 +1.9474074e-18 +1.1736540e+05
9.8890600e-01 +5.0000000e-01 +8.3898778e+00 -5.2697222e-03 +0.0000000e+00 +6.6107531e+00 +1.4479259e-01 +1.0248136e+00 +3.5132593e-01 -7.8036914e-17 +5.8334691e-19 +1.1769533e+05
9.8957400e-01 +5.0000000e-01 +8.0471556e+00 -4.6615222e-03 +0.0000000e+00 +6.3833827e+00 +1.2654938e-01 +9.7291358e-01 +3.2325432e-01 -6.9054198e-17 -5.3948642e-19 +1.1784300e+05
9.9023100e-01 +5.0000000e-01 +7.6889556e+00 -4.0933889e-03 +0.0000000e+00 +6.1138889e+00 +1.0949593e-01 +9.2000000e-01 +2.9432840e-01 -5.9510123e-17 -1.3772222e-18 +1.1786579e+05
9.9087600e-01 +5.0000000e-01 +7.3153889e+00 -3.5659333e-03 +0.0000000e+00 +5.8016914e+00 +9.3671728e-02 +8.6612346e-01 +2.6479012e-01 -4.9685309e-17 -1.9474074e-18 +1.1785142e+05
9.9150900e-01 +5.0000000e-01 +6.9268444e+00 -3.0795667e-03 +0.0000000e+00 +5.4473704e+00 +7.9109012e-02 +8.1130370e-01 +2.3494691e-01 -4.0141235e-17 -2.2632099e-18 +1.1791931e+05
9.9213200e-01 +5.0000000e-01 +6.5239000e+00 -2.6344000e-03 +0.0000000e+00 +5.0530494e+00 +6.5832593e-02 +7.5553580e-01 +2.0517037e-01 -3.0597160e-17 -2.3684815e-18 +1.1821897e+05
9.9274300e-01 +5.0000000e-01 +6.1074444e+00 -2.2300667e-03 +0.0000000e+00 +4.6225926e+00 +5.3859506e-02 +6.9879259e-01 +1.7589259e-01 -2.1474198e-17 -2.3333827e-18 +1.1892126e+05
9.9334300e-01 +5.0000000e-01 +5.6786111e+00 -1.8657444e-03 +0.0000000e+00 +4.1618395e+00 +4.3197407e-02 +6.4102716e-01 +1.4759506e-01 -1.3123086e-17 -2.2281235e-18 +1.2020003e+05
9.9393300e-01 +5.0000000e-01 +5.2388000e+00 -1.5401333e-03 +0.0000000e+00 +3.6787160e+00 +3.3843827e-02 +5.8219877e-01 +1.2079049e-01 -5.9299630e-18 -2.0526790e-18 +1.2220507e+05
9.9451200e-01 +5.0000000e-01 +4.7897111e+00 -1.2515444e-03 +0.0000000e+00 +3.1831852e+00 +2.5784074e-02 +5.2229506e-01 +9.5990741e-02 -1.9874321e-20 -1.8772346e-18 +1.2502691e+05
9.9508100e-01 +5.0000000e-01 +4.3332333e+00 -9.9802556e-04 +0.0000000e+00 +2.6868889e+00 +1.8989259e-02 +4.6138025e-01 +7.3671852e-02 +4.3509753e-18 -1.6579383e-18 +1.2866132e+05
9.9563900e-01 +5.0000000e-01 +3.8714111e+00 -7.7751444e-04 +0.0000000e+00 +2.2026667e+00 +1.3413580e-02 +3.9964444e-01 +5.4229877e-02 +7.3685926e-18 -1.4474074e-18 +1.3299250e+05
9.9618800e-01 +5.0000000e-01 +3.4063889e+00 -5.8798444e-04 +0.0000000e+00 +1.7436790e+00 +8.9912840e-03 +3.3747654e-01 +3.7937901e-02 +8.3510741e-18 -1.2105543e-18 +1.3778772e+05
9.9672600e-01 +5.0000000e-01 +2.9403222e+00 -4.2754556e-04 +0.0000000e+00 +1.3225062e+00 +5.6339259e-03 +2.7554321e-01 +2.4908642e-02 +8.3510741e-18 -9.6493457e-19 +1.4275662e+05
9.9725500e-01 +5.0000000e-01 +2.4752333e+00 -2.9452111e-04 +0.0000000e+00 +9.5000741e-01 +3.2281481e-03 +2.1486667e-01 +1.5071358e-02 +7.2282346e-18 -7.1492840e-19 +1.4763039e+05
9.9777500e-01 +5.0000000e-01 +2.0129667e+00 -1.8749667e-04 +0.0000000e+00 +6.3453457e-01 +1.6349630e-03 +1.5692840e-01 +8.1692469e-03 +5.7545185e-18 -4.7808148e-19 +1.5229070e+05
9.9828500e-01 +5.0000000e-01 +1.5550778e+00 -1.0534033e-04 +0.0000000e+00 +3.8139383e-01 +6.9216420e-04 +1.0374383e-01 +3.7797160e-03 +3.9299136e-18 -2.7412963e-19 +1.5687810e+05
9.9878600e-01 +5.0000000e-01 +1.1027656e+00 -4.7207444e-05 +0.0000000e+00 +1.9287407e-01 +2.2160741e-04 +5.7955432e-02 +1.3593086e-03 +2.2281235e-18 -1.2171333e-19 +1.6187823e+05
9.9927800e-01 +5.0000000e-01 +6.5686889e-01 -1.2492778e-05 +0.0000000e+00 +6.8822840e-02 +4.3956914e-05 +2.2924198e-02 +3.0476790e-04 +8.7721358e-19 -3.3717901e-20 +1.6812579e+05
9.9976100e-01 +5.0000000e-01 +2.1787444e-01 +0.0000000e+00 +0.0000000e+00 +7.6356914e-03 +3.2286914e-06 +2.8555802e-03 +1.9980370e-05 +1.0581383e-19 -2.7412963e-21 +1.7602192e+05
1.0000000e+00 +5.0000000e-01 +0.0000000e+00 +0.0000000e+00 +0.0000000e+00 +0.0000000e+00 +0.0000000e+00 +0.0000000e+00 +0.0000000e+00 +0.0000000e+00 +0.0000000e+00 +1.7602099e+05
