#    y              z              <u>            <v>            <w>            <u'u'>         <v'v'>         <w'w'>         <u'v'>         <u'w'>         <v'w'>         <eps>         
#----------------------------------------------------------------------------------------------------------------------------------------------------------------------------------
0.0000000e+00 +5.0000000e-02 +0.0000000e+00 +0.0000000e+00 +0.0000000e+00 +0.0000000e+00 +0.0000000e+00 +0.0000000e+00 +0.0000000e+00 +0.0000000e+00 +0.0000000e+00 +1.0055790e+05
2.3900000e-04 +5.0000000e-02 +2.0235222e-01 -9.8420000e-05 +1.6165778e-02 +4.2969136e-03 +1.0799654e-06 +1.6395309e-03 -8.8127160e-06 +2.0494444e-04 -2.5970864e-06 +1.0055871e+05
7.2200000e-04 +5.0000000e-02 +6.1005111e-01 -3.7696556e-04 +4.6888778e-02 +3.8773457e-02 +1.4997037e-05 +1.3372593e-02 -1.3376667e-04 +1.8188395e-03 -3.4704691e-05 +9.6060439e+04
1.2140000e-03 +5.0000000e-02 +1.0242611e+00 -8.5001556e-04 +7.5923556e-02 +1.0879593e-01 +7.6935926e-05 +3.4238395e-02 -5.9679630e-04 +5.0050617e-03 -1.4080988e-04 +9.2376829e+04
1.7150000e-03 +5.0000000e-02 +1.4447556e+00 -1.5252333e-03 +1.0317289e-01 +2.1557901e-01 +2.4458272e-04 +6.1963951e-02 -1.6669012e-03 +9.6917531e-03 -3.6264815e-04 +8.9409408e+04
2.2250000e-03 +5.0000000e-02 +1.8711222e+00 -2.4095444e-03 +1.2856000e-01 +3.5988025e-01 +5.8824938e-04 +9.4595062e-02 -3.6338765e-03 +1.5761235e-02 -7.3823457e-04 +8.6769678e+04
2.7450000e-03 +5.0000000e-02 +2.3026889e+00 -3.5092778e-03 +1.5201333e-01 +5.4151605e-01 +1.1828914e-03 +1.3045556e-01 -6.7873210e-03 +2.3041975e-02 -1.3033951e-03 +8.4179492e+04
3.2740000e-03 +5.0000000e-02 +2.7385556e+00 -4.8302000e-03 +1.7346444e-01 +7.5894938e-01 +2.1026914e-03 +1.6812469e-01 -1.1392000e-02 +3.1305185e-02 -2.0921852e-03 +8.1486473e+04
3.8120000e-03 +5.0000000e-02 +3.1775778e+00 -6.3775667e-03 +1.9284889e-01 +1.0090407e+00 +3.4176543e-03 +2.0642840e-01 -1.7663333e-02 +4.0267654e-02 -3.1364198e-03 +7.8655990e+04
4.3610000e-03 +5.0000000e-02 +3.6183889e+00 -8.1562222e-03 +2.1010778e-01 +1.2870000e+00 +5.1918642e-03 +2.4441605e-01 -2.5746667e-02 +4.9600617e-02 -4.4644198e-03 +7.5753297e+04
4.9190000e-03 +5.0000000e-02 +4.0594667e+00 -1.0170633e-02 +2.2518333e-01 +1.5865926e+00 +7.4826296e-03 +2.8135556e-01 -3.5703951e-02 +5.8945679e-02 -6.0994198e-03 +7.2909989e+04
5.4880000e-03 +5.0000000e-02 +4.4991333e+00 -1.2425000e-02 +2.3802778e-01 +1.9004444e+00 +1.0340580e-02 +3.1670494e-01 -4.7508148e-02 +6.7936420e-02 -8.0580000e-03 +7.0286132e+04
6.0670000e-03 +5.0000000e-02 +4.9356889e+00 -1.4923000e-02 +2.4859778e-01 +2.2205926e+00 +1.3810000e-02 +3.5009630e-01 -6.1045432e-02 +7.6223580e-02 -1.0348630e-02 +6.8031692e+04
6.6570000e-03 +5.0000000e-02 +5.3673667e+00 -1.7668111e-02 +2.5686778e-01 +2.5390370e+00 +1.7929506e-02 +3.8130988e-01 -7.6124938e-02 +8.3500247e-02 -1.2970864e-02 +6.6258476e+04
7.2570000e-03 +5.0000000e-02 +5.7925000e+00 -2.0662889e-02 +2.6282222e-01 +2.8481728e+00 +2.2732222e-02 +4.1024938e-01 -9.2492716e-02 +8.9523457e-02 -1.5914938e-02 +6.5022830e+04
7.8680000e-03 +5.0000000e-02 +6.2094889e+00 -2.3909111e-02 +2.6647111e-01 +3.1412840e+00 +2.8246914e-02 +4.3691605e-01 -1.0984852e-01 +9.4127901e-02 -1.9162469e-02 +6.4322204e+04
8.4910000e-03 +5.0000000e-02 +6.6168778e+00 -2.7407444e-02 +2.6783889e-01 +3.4128272e+00 +3.4497407e-02 +4.6139012e-01 -1.2786420e-01 +9.7231728e-02 -2.2687531e-02 +6.4102124e+04
9.1240000e-03 +5.0000000e-02 +7.0133778e+00 -3.1156778e-02 +2.6697889e-01 +3.6585679e+00 +4.1503210e-02 +4.8380617e-01 -1.4619753e-01 +9.8833457e-02 -2.6457654e-02 +6.4268296e+04
9.7690000e-03 +5.0000000e-02 +7.3979111e+00 -3.5154222e-02 +2.6396444e-01 +3.8757037e+00 +4.9279259e-02 +5.0433333e-01 -1.6451605e-01 +9.9001481e-02 -3.0436543e-02 +6.4704865e+04
1.0426000e-02 +5.0000000e-02 +7.7695778e+00 -3.9395222e-02 +2.5889222e-01 +4.0626790e+00 +5.7835432e-02 +5.2315432e-01 -1.8249877e-01 +9.7859259e-02 -3.4585185e-02 +6.5289487e+04
1.1094000e-02 +5.0000000e-02 +8.1276889e+00 -4.3872667e-02 +2.5188111e-01 +4.2191358e+00 +6.7176420e-02 +5.4046049e-01 -1.9985679e-01 +9.5567654e-02 -3.8863827e-02 +6.5906921e+04
1.1775000e-02 +5.0000000e-02 +8.4717556e+00 -4.8577556e-02 +2.4306444e-01 +4.3456914e+00 +7.7300864e-02 +5.5643086e-01 -2.1633333e-01 +9.2307778e-02 -4.3233951e-02 +6.6459328e+04
1.2467000e-02 +5.0000000e-02 +8.8014556e+00 -5.3498556e-02 +2.3259222e-01 +4.4436914e+00 +8.8201852e-02 +5.7122716e-01 -2.3171605e-01 +8.8265309e-02 -4.7659136e-02 +6.6871170e+04
1.3172000e-02 +5.0000000e-02 +9.1166667e+00 -5.8622889e-02 +2.2062333e-01 +4.5150617e+00 +9.9866173e-02 +5.8499136e-01 -2.4583086e-01 +8.3617778e-02 -5.2105556e-02 +6.7091067e+04
1.3890000e-02 +5.0000000e-02 +9.4173778e+00 -6.3935444e-02 +2.0732556e-01 +4.5620864e+00 +1.1227432e-01 +5.9784074e-01 -2.5854938e-01 +7.8526543e-02 -5.6542593e-02 +6.7090431e+04
1.4621000e-02 +5.0000000e-02 +9.7037333e+00 -6.9420333e-02 +1.9286778e-01 +4.5872346e+00 +1.2540123e-01 +6.0986790e-01 -2.6978148e-01 +7.3131358e-02 -6.0942840e-02 +6.6860192e+04
1.5365000e-02 +5.0000000e-02 +9.9759667e+00 -7.5060111e-02 +1.7741889e-01 +4.5930617e+00 +1.3921728e-01 +6.2114321e-01 -2.7947901e-01 +6.7549630e-02 -6.5281358e-02 +6.6406092e+04
1.6122000e-02 +5.0000000e-02 +1.0234411e+01 -8.0836778e-02 +1.6114444e-01 +4.5820988e+00 +1.5368765e-01 +6.3172222e-01 -2.8762469e-01 +6.1878148e-02 -6.9535679e-02 +6.5743933e+04
1.6892000e-02 +5.0000000e-02 +1.0479478e+01 -8.6731667e-02 +1.4420556e-01 +4.5567901e+00 +1.6877284e-01 +6.4164198e-01 -2.9423210e-01 +5.6195309e-02 -7.3684938e-02 +6.4895494e+04
1.7676000e-02 +5.0000000e-02 +1.0711611e+01 -9.2725889e-02 +1.2675444e-01 +4.5194198e+00 +1.8443333e-01 +6.5093704e-01 -2.9934198e-01 +5.0565185e-02 -7.7709506e-02 +6.3885264e+04
1.8474000e-02 +5.0000000e-02 +1.0931289e+01 -9.8799889e-02 +1.0893278e-01 +4.4721235e+00 +2.0062469e-01 +6.5963086e-01 -3.0301481e-01 +4.5039136e-02 -8.1590864e-02 +6.2738559e+04
1.9286000e-02 +5.0000000e-02 +1.1139000e+01 -1.0493433e-01 +9.0874667e-02 +4.4167901e+00 +2.1730370e-01 +6.6775062e-01 -3.0532593e-01 +3.9657037e-02 -8.5310617e-02 +6.1480123e+04
2.0113000e-02 +5.0000000e-02 +1.1335333e+01 -1.1110911e-01 +7.2702556e-02 +4.3551605e+00 +2.3442469e-01 +6.7532593e-01 -3.0636173e-01 +3.4448148e-02 -8.8851358e-02 +6.0134416e+04
2.0954000e-02 +5.0000000e-02 +1.1520778e+01 -1.1730444e-01 +5.4528889e-02 +4.2887160e+00 +2.5194568e-01 +6.8239012e-01 -3.0621481e-01 +2.9431481e-02 -9.2196420e-02 +5.8725019e+04
2.1810000e-02 +5.0000000e-02 +1.1695889e+01 -1.2349889e-01 +3.6456222e-02 +4.2187407e+00 +2.6982099e-01 +6.8898272e-01 -3.0498272e-01 +2.4616543e-02 -9.5330000e-02 +5.7273920e+04
2.2681000e-02 +5.0000000e-02 +1.1861222e+01 -1.2967222e-01 +1.8577556e-02 +4.1463704e+00 +2.8801235e-01 +6.9514938e-01 -3.0276420e-01 +2.0003457e-02 -9.8238395e-02 +5.5801292e+04
2.3568000e-02 +5.0000000e-02 +1.2017222e+01 -1.3580444e-01 +9.7715667e-04 +4.0725062e+00 +3.0647778e-01 +7.0093951e-01 -2.9966173e-01 +1.5581235e-02 -1.0091136e-01 +5.4325064e+04
2.4470000e-02 +5.0000000e-02 +1.2164444e+01 -1.4187333e-01 -1.6268111e-02 +3.9979506e+00 +3.2517901e-01 +7.0640494e-01 -2.9577778e-01 +1.1326951e-02 -1.0334272e-01 +5.2860352e+04
2.5388000e-02 +5.0000000e-02 +1.2303444e+01 -1.4785778e-01 -3.3087778e-02 +3.9233333e+00 +3.4408272e-01 +7.1159136e-01 -2.9121235e-01 +7.2046420e-03 -1.0553210e-01 +5.1419458e+04
2.6321000e-02 +5.0000000e-02 +1.2434556e+01 -1.5373889e-01 -4.9416556e-02 +3.8492469e+00 +3.6315309e-01 +7.1653457e-01 -2.8606543e-01 +3.1665802e-03 -1.0748519e-01 +5.0012500e+04
2.7271000e-02 +5.0000000e-02 +1.2558333e+01 -1.5949556e-01 -6.5193333e-02 +3.7761358e+00 +3.8235926e-01 +7.2125556e-01 -2.8043457e-01 -8.4371235e-04 -1.0921333e-01 +4.8648653e+04
2.8238000e-02 +5.0000000e-02 +1.2675111e+01 -1.6510889e-01 -8.0361000e-02 +3.7044568e+00 +4.0166914e-01 +7.2576543e-01 -2.7440617e-01 -4.8852840e-03 -1.1073173e-01 +4.7335793e+04
2.9221000e-02 +5.0000000e-02 +1.2785444e+01 -1.7056000e-01 -9.4865667e-02 +3.6345556e+00 +4.2104815e-01 +7.3006543e-01 -2.6806049e-01 -9.0112469e-03 -1.1205827e-01 +4.6079797e+04
3.0222000e-02 +5.0000000e-02 +1.2889556e+01 -1.7583000e-01 -1.0865756e-01 +3.5667901e+00 +4.4046543e-01 +7.3415185e-01 -2.6146173e-01 -1.3261235e-02 -1.1321160e-01 +4.4883990e+04
3.1239000e-02 +5.0000000e-02 +1.2988000e+01 -1.8090333e-01 -1.2169111e-01 +3.5014444e+00 +4.5988765e-01 +7.3801852e-01 -2.5466420e-01 -1.7658025e-02 -1.1420901e-01 +4.3748556e+04
3.2275000e-02 +5.0000000e-02 +1.3080889e+01 -1.8576444e-01 -1.3392444e-01 +3.4387160e+00 +4.7928889e-01 +7.4165556e-01 -2.4770494e-01 -2.2210000e-02 -1.1506395e-01 +4.2672498e+04
3.3328000e-02 +5.0000000e-02 +1.3168778e+01 -1.9039667e-01 -1.4532111e-01 +3.3787901e+00 +4.9864074e-01 +7.4504815e-01 -2.4062222e-01 -2.6917037e-02 -1.1578383e-01 +4.1654155e+04
3.4399000e-02 +5.0000000e-02 +1.3251778e+01 -1.9478889e-01 -1.5585222e-01 +3.3217778e+00 +5.1791975e-01 +7.4817778e-01 -2.3344938e-01 -3.1776173e-02 -1.1637025e-01 +4.0693000e+04
3.5489000e-02 +5.0000000e-02 +1.3330333e+01 -1.9892556e-01 -1.6549333e-01 +3.2677654e+00 +5.3710494e-01 +7.5102346e-01 -2.2622963e-01 -3.6786667e-02 -1.1682099e-01 +3.9789486e+04
3.6597000e-02 +5.0000000e-02 +1.3404556e+01 -2.0279444e-01 -1.7423111e-01 +3.2168025e+00 +5.5617778e-01 +7.5357037e-01 -2.1900494e-01 -4.1950370e-02 -1.1713346e-01 +3.8944190e+04
3.7724000e-02 +5.0000000e-02 +1.3474889e+01 -2.0638111e-01 -1.8206000e-01 +3.1689630e+00 +5.7512346e-01 +7.5581358e-01 -2.1182099e-01 -4.7272593e-02 -1.1730815e-01 +3.8156833e+04
3.8870000e-02 +5.0000000e-02 +1.3541333e+01 -2.0967444e-01 -1.8898556e-01 +3.1243457e+00 +5.9392963e-01 +7.5775679e-01 -2.0471605e-01 -5.2762716e-02 -1.1735025e-01 +3.7425404e+04
4.0036000e-02 +5.0000000e-02 +1.3604333e+01 -2.1266000e-01 -1.9502444e-01 +3.0830247e+00 +6.1259012e-01 +7.5941852e-01 -1.9772593e-01 -5.8433580e-02 -1.1726951e-01 +3.6746933e+04
4.1221000e-02 +5.0000000e-02 +1.3663889e+01 -2.1532667e-01 -2.0019889e-01 +3.0450864e+00 +6.3110123e-01 +7.6083457e-01 -1.9087778e-01 -6.4300123e-02 -1.1707951e-01 +3.6119762e+04
4.2426000e-02 +5.0000000e-02 +1.3720222e+01 -2.1766111e-01 -2.0453667e-01 +3.0105926e+00 +6.4946420e-01 +7.6206296e-01 -1.8419383e-01 -7.0376420e-02 -1.1679506e-01 +3.5542140e+04
4.3652000e-02 +5.0000000e-02 +1.3773556e+01 -2.1965222e-01 -2.0806778e-01 +2.9795679e+00 +6.6768272e-01 +7.6318025e-01 -1.7769259e-01 -7.6674815e-02 -1.1642963e-01 +3.5012090e+04
4.4899000e-02 +5.0000000e-02 +1.3824000e+01 -2.2129111e-01 -2.1082111e-01 +2.9520123e+00 +6.8576296e-01 +7.6427531e-01 -1.7138889e-01 -8.3205802e-02 -1.1599111e-01 +3.4528607e+04
4.6166000e-02 +5.0000000e-02 +1.3871667e+01 -2.2256778e-01 -2.1282333e-01 +2.9278642e+00 +7.0370617e-01 +7.6543333e-01 -1.6529877e-01 -8.9974938e-02 -1.1548123e-01 +3.4091210e+04
4.7454000e-02 +5.0000000e-02 +1.3916778e+01 -2.2347222e-01 -2.1410000e-01 +2.9070123e+00 +7.2151852e-01 +7.6672222e-01 -1.5943457e-01 -9.6979506e-02 -1.1489605e-01 +3.3700661e+04
4.8764000e-02 +5.0000000e-02 +1.3959333e+01 -2.2400000e-01 -2.1467556e-01 +2.8892963e+00 +7.3920000e-01 +7.6817284e-01 -1.5380370e-01 -1.0420741e-01 -1.1422938e-01 +3.3358595e+04
5.0095000e-02 +5.0000000e-02 +1.3999444e+01 -2.2414333e-01 -2.1458000e-01 +2.8745062e+00 +7.5675309e-01 +7.6979630e-01 -1.4841358e-01 -1.1164185e-01 -1.1347494e-01 +3.3067617e+04
5.1449000e-02 +5.0000000e-02 +1.4037444e+01 -2.2389889e-01 -2.1384889e-01 +2.8624568e+00 +7.7418025e-01 +7.7158395e-01 -1.4327407e-01 -1.1926765e-01 -1.1262654e-01 +3.2829465e+04
5.2825000e-02 +5.0000000e-02 +1.4073333e+01 -2.2326222e-01 -2.1252222e-01 +2.8530494e+00 +7.9148765e-01 +7.7353086e-01 -1.3840123e-01 -1.2707407e-01 -1.1167753e-01 +3.2642411e+04
5.4223000e-02 +5.0000000e-02 +1.4107111e+01 -2.2222889e-01 -2.1063556e-01 +2.8462963e+00 +8.0868148e-01 +7.7563827e-01 -1.3381975e-01 -1.3505679e-01 -1.1062074e-01 +3.2500431e+04
5.5645000e-02 +5.0000000e-02 +1.4139111e+01 -2.2079667e-01 -2.0821444e-01 +2.8422346e+00 +8.2577284e-01 +7.7791605e-01 -1.2955556e-01 -1.4321975e-01 -1.0944901e-01 +3.2396864e+04
5.7090000e-02 +5.0000000e-02 +1.4169111e+01 -2.1896556e-01 -2.0528111e-01 +2.8409012e+00 +8.4277160e-01 +7.8038519e-01 -1.2563457e-01 -1.5156914e-01 -1.0815519e-01 +3.2327039e+04
5.8558000e-02 +5.0000000e-02 +1.4197556e+01 -2.1673111e-01 -2.0185444e-01 +2.8422840e+00 +8.5969506e-01 +7.8304691e-01 -1.2208481e-01 -1.6010123e-01 -1.0673222e-01 +3.2290112e+04
6.0050000e-02 +5.0000000e-02 +1.4224222e+01 -2.1409667e-01 -1.9796333e-01 +2.8463827e+00 +8.7655309e-01 +7.8589383e-01 -1.1893506e-01 -1.6879383e-01 -1.0517383e-01 +3.2287840e+04
6.1566000e-02 +5.0000000e-02 +1.4249222e+01 -2.1105889e-01 -1.9364444e-01 +2.8531728e+00 +8.9335679e-01 +7.8889877e-01 -1.1621272e-01 -1.7762222e-01 -1.0347506e-01 +3.2321882e+04
6.3107000e-02 +5.0000000e-02 +1.4272889e+01 -2.0762000e-01 -1.8894889e-01 +2.8626296e+00 +9.1011235e-01 +7.9201728e-01 -1.1393333e-01 -1.8656543e-01 -1.0163321e-01 +3.2391688e+04
6.4672000e-02 +5.0000000e-02 +1.4295000e+01 -2.0377778e-01 -1.8393333e-01 +2.8747284e+00 +9.2682469e-01 +7.9519136e-01 -1.1209358e-01 -1.9560370e-01 -9.9649383e-02 +3.2492629e+04
6.6263000e-02 +5.0000000e-02 +1.4315778e+01 -1.9953222e-01 -1.7865778e-01 +2.8893951e+00 +9.4349506e-01 +7.9834198e-01 -1.1067358e-01 -2.0469383e-01 -9.7528642e-02 +3.2618851e+04
6.7879000e-02 +5.0000000e-02 +1.4335222e+01 -1.9488000e-01 -1.7317778e-01 +2.9063951e+00 +9.6011605e-01 +8.0138148e-01 -1.0964407e-01 -2.1376296e-01 -9.5277407e-02 +3.2766207e+04
6.9520000e-02 +5.0000000e-02 +1.4353556e+01 -1.8981778e-01 -1.6753444e-01 +2.9254074e+00 +9.7667778e-01 +8.0423580e-01 -1.0897086e-01 -2.2271852e-01 -9.2905062e-02 +3.2932625e+04
7.1188000e-02 +5.0000000e-02 +1.4370667e+01 -1.8434333e-01 -1.6175111e-01 +2.9460370e+00 +9.9316914e-01 +8.0685926e-01 -1.0861407e-01 -2.3145926e-01 -9.0430864e-02 +3.3117072e+04
7.2882000e-02 +5.0000000e-02 +1.4386667e+01 -1.7845333e-01 -1.5584111e-01 +2.9678642e+00 +1.0095704e+00 +8.0923333e-01 -1.0852963e-01 -2.3988765e-01 -8.7889383e-02 +3.3318504e+04
7.4602000e-02 +5.0000000e-02 +1.4401667e+01 -1.7214667e-01 -1.4981444e-01 +2.9904691e+00 +1.0258617e+00 +8.1135432e-01 -1.0868037e-01 -2.4792840e-01 -8.5325679e-02 +3.3539440e+04
7.6350000e-02 +5.0000000e-02 +1.4415778e+01 -1.6543000e-01 -1.4369778e-01 +3.0134568e+00 +1.0420296e+00 +8.1324444e-01 -1.0904247e-01 -2.5554074e-01 -8.2783951e-02 +3.3783263e+04
7.8124000e-02 +5.0000000e-02 +1.4429111e+01 -1.5832000e-01 -1.3752778e-01 +3.0364815e+00 +1.0580728e+00 +8.1496049e-01 -1.0959926e-01 -2.6271481e-01 -8.0302963e-02 +3.4048826e+04
7.9926000e-02 +5.0000000e-02 +1.4441667e+01 -1.5084667e-01 -1.3135778e-01 +3.0593704e+00 +1.0740000e+00 +8.1660123e-01 -1.1032926e-01 -2.6946543e-01 -7.7918272e-02 +3.4331532e+04
8.1756000e-02 +5.0000000e-02 +1.4453556e+01 -1.4305111e-01 -1.2524778e-01 +3.0820123e+00 +1.0898296e+00 +8.1829136e-01 -1.1120790e-01 -2.7583333e-01 -7.5660247e-02 +3.4630737e+04
8.3615000e-02 +5.0000000e-02 +1.4464778e+01 -1.3498000e-01 -1.1924556e-01 +3.1043951e+00 +1.1055840e+00 +8.2017654e-01 -1.1222790e-01 -2.8190247e-01 -7.3546790e-02 +3.4947328e+04
8.5501000e-02 +5.0000000e-02 +1.4475556e+01 -1.2667778e-01 -1.1338000e-01 +3.1266543e+00 +1.1212963e+00 +8.2237778e-01 -1.1341395e-01 -2.8779136e-01 -7.1582593e-02 +3.5276313e+04
8.7416000e-02 +5.0000000e-02 +1.4485667e+01 -1.1818556e-01 -1.0767122e-01 +3.1489753e+00 +1.1369951e+00 +8.2493704e-01 -1.1479963e-01 -2.9360741e-01 -6.9752716e-02 +3.5612114e+04
8.9361000e-02 +5.0000000e-02 +1.4495222e+01 -1.0953767e-01 -1.0213600e-01 +3.1715432e+00 +1.1526963e+00 +8.2780741e-01 -1.1638704e-01 -2.9940864e-01 -6.8009012e-02 +3.5954577e+04
9.1335000e-02 +5.0000000e-02 +1.4504222e+01 -1.0076333e-01 -9.6781667e-02 +3.1945185e+00 +1.1683938e+00 +8.3089877e-01 -1.1813605e-01 -3.0518148e-01 -6.6275802e-02 +3.6301295e+04
9.3338000e-02 +5.0000000e-02 +1.4512778e+01 -9.1888111e-02 -9.1586556e-02 +3.2182099e+00 +1.1840654e+00 +8.3417407e-01 -1.1999136e-01 -3.1089877e-01 -6.4486914e-02 +3.6643687e+04
9.5371000e-02 +5.0000000e-02 +1.4521000e+01 -8.2938000e-02 -8.6503111e-02 +3.2429383e+00 +1.1996679e+00 +8.3767160e-01 -1.2191988e-01 -3.1662963e-01 -6.2616543e-02 +3.6977247e+04
9.7435000e-02 +5.0000000e-02 +1.4528889e+01 -7.3947556e-02 -8.1490778e-02 +3.2688148e+00 +1.2151432e+00 +8.4141481e-01 -1.2390617e-01 -3.2252469e-01 -6.0679753e-02 +3.7307210e+04
9.9529000e-02 +5.0000000e-02 +1.4536444e+01 -6.4960667e-02 -7.6552000e-02 +3.2956543e+00 +1.2304358e+00 +8.4536049e-01 -1.2590494e-01 -3.2867531e-01 -5.8724938e-02 +3.7637753e+04
1.0165400e-01 +5.0000000e-02 +1.4543889e+01 -5.6028111e-02 -7.1743667e-02 +3.3229877e+00 +1.2455062e+00 +8.4940988e-01 -1.2779877e-01 -3.3507160e-01 -5.6831975e-02 +3.7974145e+04
1.0381000e-01 +5.0000000e-02 +1.4551222e+01 -4.7202444e-02 -6.7148778e-02 +3.3502222e+00 +1.2603210e+00 +8.5345556e-01 -1.2941975e-01 -3.4170617e-01 -5.5098889e-02 +3.8322616e+04
1.0599800e-01 +5.0000000e-02 +1.4558667e+01 -3.8529667e-02 -6.2831222e-02 +3.3770247e+00 +1.2749012e+00 +8.5745556e-01 -1.3066049e-01 -3.4857284e-01 -5.3602222e-02 +3.8675180e+04
1.0821700e-01 +5.0000000e-02 +1.4566222e+01 -3.0037889e-02 -5.8816889e-02 +3.4032963e+00 +1.2892716e+00 +8.6136914e-01 -1.3153333e-01 -3.5556296e-01 -5.2350000e-02 +3.9015702e+04
1.1046800e-01 +5.0000000e-02 +1.4573889e+01 -2.1731333e-02 -5.5101000e-02 +3.4289506e+00 +1.3034568e+00 +8.6513827e-01 -1.3210494e-01 -3.6248765e-01 -5.1280617e-02 +3.9346460e+04
1.1275100e-01 +5.0000000e-02 +1.4581778e+01 -1.3596222e-02 -5.1648889e-02 +3.4538148e+00 +1.3174444e+00 +8.6874815e-01 -1.3239506e-01 -3.6913827e-01 -5.0307654e-02 +3.9687471e+04
1.1506700e-01 +5.0000000e-02 +1.4589889e+01 -5.6147333e-03 -4.8411889e-02 +3.4780000e+00 +1.3311728e+00 +8.7225309e-01 -1.3242593e-01 -3.7531235e-01 -4.9353951e-02 +4.0047333e+04
1.1741600e-01 +5.0000000e-02 +1.4598222e+01 +2.2274000e-03 -4.5347889e-02 +3.5018889e+00 +1.3445926e+00 +8.7574568e-01 -1.3232593e-01 -3.8087284e-01 -4.8355309e-02 +4.0413123e+04
1.1979700e-01 +5.0000000e-02 +1.4607111e+01 +9.9500889e-03 -4.2401667e-02 +3.5258025e+00 +1.3576667e+00 +8.7927037e-01 -1.3228889e-01 -3.8584074e-01 -4.7251358e-02 +4.0776193e+04
1.2221200e-01 +5.0000000e-02 +1.4616444e+01 +1.7587444e-02 -3.9503889e-02 +3.5499136e+00 +1.3703951e+00 +8.8281605e-01 -1.3248395e-01 -3.9039630e-01 -4.6033457e-02 +4.1135907e+04
1.2466000e-01 +5.0000000e-02 +1.4626111e+01 +2.5180000e-02 -3.6642444e-02 +3.5744691e+00 +1.3828272e+00 +8.8623704e-01 -1.3302099e-01 -3.9471852e-01 -4.4789259e-02 +4.1482450e+04
1.2714300e-01 +5.0000000e-02 +1.4636000e+01 +3.2757889e-02 -3.3910556e-02 +3.5996296e+00 +1.3949630e+00 +8.8934691e-01 -1.3388642e-01 -3.9876049e-01 -4.3626420e-02 +4.1814122e+04
1.2965900e-01 +5.0000000e-02 +1.4646111e+01 +4.0336556e-02 -3.1403000e-02 +3.6252222e+00 +1.4067901e+00 +8.9222840e-01 -1.3489630e-01 -4.0225185e-01 -4.2582222e-02 +4.2140672e+04
1.3220900e-01 +5.0000000e-02 +1.4656444e+01 +4.7918556e-02 -2.9136889e-02 +3.6513704e+00 +1.4182469e+00 +8.9515062e-01 -1.3582963e-01 -4.0503210e-01 -4.1629630e-02 +4.2454606e+04
1.3479400e-01 +5.0000000e-02 +1.4666889e+01 +5.5502333e-02 -2.7135667e-02 +3.6784568e+00 +1.4292840e+00 +8.9819630e-01 -1.3664444e-01 -4.0728889e-01 -4.0699136e-02 +4.2737575e+04
1.3741400e-01 +5.0000000e-02 +1.4677778e+01 +6.3089000e-02 -2.5454333e-02 +3.7063704e+00 +1.4399506e+00 +9.0123457e-01 -1.3742222e-01 -4.0925926e-01 -3.9692222e-02 +4.2986569e+04
1.4006800e-01 +5.0000000e-02 +1.4689000e+01 +7.0661444e-02 -2.4124778e-02 +3.7344815e+00 +1.4502593e+00 +9.0417160e-01 -1.3816173e-01 -4.1102716e-01 -3.8534321e-02 +4.3212004e+04
1.4275700e-01 +5.0000000e-02 +1.4700778e+01 +7.8158111e-02 -2.3124667e-02 +3.7618148e+00 +1.4601975e+00 +9.0701605e-01 -1.3869506e-01 -4.1266543e-01 -3.7236420e-02 +4.3424113e+04
1.4548200e-01 +5.0000000e-02 +1.4713333e+01 +8.5485667e-02 -2.2366111e-02 +3.7877407e+00 +1.4697407e+00 +9.0979259e-01 -1.3875556e-01 -4.1423704e-01 -3.5871975e-02 +4.3608394e+04
1.4824300e-01 +5.0000000e-02 +1.4726667e+01 +9.2576444e-02 -2.1764111e-02 +3.8119136e+00 +1.4788642e+00 +9.1234691e-01 -1.3812469e-01 -4.1567284e-01 -3.4570617e-02 +4.3762492e+04
1.5103800e-01 +5.0000000e-02 +1.4740667e+01 +9.9419556e-02 -2.1311000e-02 +3.8345556e+00 +1.4875679e+00 +9.1438272e-01 -1.3673827e-01 -4.1693827e-01 -3.3427284e-02 +4.3914072e+04
1.5387000e-01 +5.0000000e-02 +1.4755111e+01 +1.0603367e-01 -2.1028333e-02 +3.8563704e+00 +1.4958519e+00 +9.1592222e-01 -1.3470247e-01 -4.1817654e-01 -3.2388395e-02 +4.4071728e+04
1.5673800e-01 +5.0000000e-02 +1.4769556e+01 +1.1243667e-01 -2.0863667e-02 +3.8781975e+00 +1.5038025e+00 +9.1755556e-01 -1.3217901e-01 -4.1964568e-01 -3.1343580e-02 +4.4221376e+04
1.5964200e-01 +5.0000000e-02 +1.4784000e+01 +1.1863000e-01 -2.0698778e-02 +3.9008765e+00 +1.5115432e+00 +9.1982222e-01 -1.2928889e-01 -4.2166420e-01 -3.0273457e-02 +4.4345141e+04
1.6258200e-01 +5.0000000e-02 +1.4798222e+01 +1.2461556e-01 -2.0437889e-02 +3.9252593e+00 +1.5191481e+00 +9.2241605e-01 -1.2613827e-01 -4.2429383e-01 -2.9242099e-02 +4.4450264e+04
1.6555900e-01 +5.0000000e-02 +1.4812111e+01 +1.3040333e-01 -2.0051444e-02 +3.9512222e+00 +1.5267407e+00 +9.2494568e-01 -1.2282420e-01 -4.2729383e-01 -2.8318148e-02 +4.4538746e+04
1.6857200e-01 +5.0000000e-02 +1.4825889e+01 +1.3602889e-01 -1.9620556e-02 +3.9770617e+00 +1.5345062e+00 +9.2751358e-01 -1.1930481e-01 -4.3048272e-01 -2.7476790e-02 +4.4634539e+04
1.7162200e-01 +5.0000000e-02 +1.4839333e+01 +1.4154889e-01 -1.9328889e-02 +4.0017160e+00 +1.5425926e+00 +9.3013333e-01 -1.1542420e-01 -4.3382963e-01 -2.6573827e-02 +4.4753161e+04
1.7470800e-01 +5.0000000e-02 +1.4852667e+01 +1.4700556e-01 -1.9304444e-02 +4.0253086e+00 +1.5510123e+00 +9.3281235e-01 -1.1114074e-01 -4.3731481e-01 -2.5601481e-02 +4.4875739e+04
1.7783200e-01 +5.0000000e-02 +1.4865889e+01 +1.5240222e-01 -1.9565222e-02 +4.0481852e+00 +1.5596543e+00 +9.3574198e-01 -1.0655074e-01 -4.4088395e-01 -2.4702963e-02 +4.4989144e+04
1.8099200e-01 +5.0000000e-02 +1.4879111e+01 +1.5771667e-01 -2.0135222e-02 +4.0700247e+00 +1.5683951e+00 +9.3904938e-01 -1.0179148e-01 -4.4431358e-01 -2.3852716e-02 +4.5092004e+04
1.8419000e-01 +5.0000000e-02 +1.4892333e+01 +1.6290333e-01 -2.1038556e-02 +4.0891111e+00 +1.5772469e+00 +9.4263827e-01 -9.6994074e-02 -4.4734444e-01 -2.2890247e-02 +4.5185119e+04
1.8742400e-01 +5.0000000e-02 +1.4906000e+01 +1.6791778e-01 -2.2192444e-02 +4.1039506e+00 +1.5862346e+00 +9.4635432e-01 -9.2272469e-02 -4.4993704e-01 -2.1827901e-02 +4.5254091e+04
1.9069600e-01 +5.0000000e-02 +1.4920222e+01 +1.7278889e-01 -2.3420778e-02 +4.1149383e+00 +1.5952840e+00 +9.5003457e-01 -8.7666173e-02 -4.5242716e-01 -2.0788765e-02 +4.5305075e+04
1.9400400e-01 +5.0000000e-02 +1.4934889e+01 +1.7763556e-01 -2.4585444e-02 +4.1232346e+00 +1.6042469e+00 +9.5361481e-01 -8.3208272e-02 -4.5504321e-01 -1.9785432e-02 +4.5357683e+04
1.9735000e-01 +5.0000000e-02 +1.4949667e+01 +1.8258889e-01 -2.5579111e-02 +4.1305802e+00 +1.6130000e+00 +9.5691852e-01 -7.8842593e-02 -4.5776049e-01 -1.8769383e-02 +4.5419303e+04
2.0073300e-01 +5.0000000e-02 +1.4964000e+01 +1.8771556e-01 -2.6384333e-02 +4.1392840e+00 +1.6214568e+00 +9.5957778e-01 -7.4416914e-02 -4.6060494e-01 -1.7654815e-02 +4.5490813e+04
2.0415300e-01 +5.0000000e-02 +1.4977333e+01 +1.9300556e-01 -2.6980667e-02 +4.1503457e+00 +1.6295185e+00 +9.6134074e-01 -6.9948272e-02 -4.6365309e-01 -1.6399136e-02 +4.5565468e+04
2.0761100e-01 +5.0000000e-02 +1.4989667e+01 +1.9836222e-01 -2.7362222e-02 +4.1626049e+00 +1.6371358e+00 +9.6233333e-01 -6.5397407e-02 -4.6663210e-01 -1.5054815e-02 +4.5636210e+04
2.1110500e-01 +5.0000000e-02 +1.5001111e+01 +2.0367889e-01 -2.7603444e-02 +4.1735802e+00 +1.6442963e+00 +9.6266790e-01 -6.0579259e-02 -4.6886296e-01 -1.3832469e-02 +4.5701131e+04
2.1463600e-01 +5.0000000e-02 +1.5012333e+01 +2.0888667e-01 -2.7731778e-02 +4.1814074e+00 +1.6510370e+00 +9.6248395e-01 -5.4960864e-02 -4.7024691e-01 -1.2796420e-02 +4.5760543e+04
2.1820500e-01 +5.0000000e-02 +1.5023333e+01 +2.1400778e-01 -2.7730222e-02 +4.1856420e+00 +1.6573086e+00 +9.6217407e-01 -4.8159630e-02 -4.7086173e-01 -1.1846531e-02 +4.5821526e+04
2.2181000e-01 +5.0000000e-02 +1.5033889e+01 +2.1914444e-01 -2.7504222e-02 +4.1870370e+00 +1.6629753e+00 +9.6215432e-01 -4.0348148e-02 -4.7047778e-01 -1.1002889e-02 +4.5892813e+04
2.2545200e-01 +5.0000000e-02 +1.5043889e+01 +2.2437333e-01 -2.7038222e-02 +4.1870000e+00 +1.6677407e+00 +9.6204321e-01 -3.1866543e-02 -4.6900000e-01 -1.0181037e-02 +4.5983222e+04
2.2913100e-01 +5.0000000e-02 +1.5053333e+01 +2.2970222e-01 -2.6388556e-02 +4.1880617e+00 +1.6714938e+00 +9.6164568e-01 -2.3084074e-02 -4.6643951e-01 -9.0765309e-03 +4.6104953e+04
2.3284600e-01 +5.0000000e-02 +1.5061778e+01 +2.3511444e-01 -2.5411222e-02 +4.1933333e+00 +1.6746173e+00 +9.6128148e-01 -1.4265432e-02 -4.6333580e-01 -7.2628765e-03 +4.6218989e+04
2.3659700e-01 +5.0000000e-02 +1.5068889e+01 +2.4054556e-01 -2.3873222e-02 +4.2049136e+00 +1.6778765e+00 +9.6125062e-01 -5.5758395e-03 -4.6080000e-01 -4.6698765e-03 +4.6331955e+04
2.4038500e-01 +5.0000000e-02 +1.5074444e+01 +2.4582556e-01 -2.1707000e-02 +4.2221111e+00 +1.6818642e+00 +9.6190123e-01 +2.8539383e-03 -4.5944568e-01 -1.8040741e-03 +4.6472154e+04
2.4420900e-01 +5.0000000e-02 +1.5078556e+01 +2.5078000e-01 -1.9093556e-02 +4.2425926e+00 +1.6867531e+00 +9.6281852e-01 +1.1197148e-02 -4.5902716e-01 +7.4278519e-04 +4.6635364e+04
2.4806900e-01 +5.0000000e-02 +1.5081444e+01 +2.5539000e-01 -1.6271778e-02 +4.2624691e+00 +1.6923827e+00 +9.6314938e-01 +1.9627778e-02 -4.5849877e-01 +2.7431975e-03 +4.6817514e+04
2.5196400e-01 +5.0000000e-02 +1.5083667e+01 +2.5967444e-01 -1.3448222e-02 +4.2797284e+00 +1.6983827e+00 +9.6328889e-01 +2.8378642e-02 -4.5791605e-01 +4.2858519e-03 +4.6986917e+04
2.5589500e-01 +5.0000000e-02 +1.5085556e+01 +2.6356667e-01 -1.0950322e-02 +4.2952346e+00 +1.7042099e+00 +9.6467160e-01 +3.7509259e-02 -4.5800494e-01 +5.4084815e-03 +4.7146284e+04
2.5986100e-01 +5.0000000e-02 +1.5087222e+01 +2.6700000e-01 -9.2022778e-03 +4.3098148e+00 +1.7095062e+00 +9.6778642e-01 +4.6954938e-02 -4.5842222e-01 +6.2499012e-03 +4.7328034e+04
2.6386200e-01 +5.0000000e-02 +1.5088556e+01 +2.7003556e-01 -8.4558111e-03 +4.3238395e+00 +1.7143827e+00 +9.7089506e-01 +5.6079012e-02 -4.5873951e-01 +7.0721235e-03 +4.7504807e+04
2.6789700e-01 +5.0000000e-02 +1.5089333e+01 +2.7275889e-01 -8.5527333e-03 +4.3349506e+00 +1.7190864e+00 +9.7300741e-01 +6.4644321e-02 -4.5809136e-01 +7.5023333e-03 +4.7649716e+04
2.7196700e-01 +5.0000000e-02 +1.5089667e+01 +2.7533778e-01 -8.9220222e-03 +4.3418519e+00 +1.7236173e+00 +9.7484198e-01 +7.2576173e-02 -4.5590000e-01 +7.1560370e-03 +4.7758285e+04
2.7607100e-01 +5.0000000e-02 +1.5089889e+01 +2.7795889e-01 -9.2820889e-03 +4.3444444e+00 +1.7276914e+00 +9.7686667e-01 +7.9141728e-02 -4.5332346e-01 +6.7128148e-03 +4.7804405e+04
2.8020900e-01 +5.0000000e-02 +1.5090222e+01 +2.8068333e-01 -9.6452333e-03 +4.3416049e+00 +1.7308642e+00 +9.7791111e-01 +8.3830988e-02 -4.5042716e-01 +7.2470741e-03 +4.7850116e+04
2.8438000e-01 +5.0000000e-02 +1.5089889e+01 +2.8341444e-01 -9.8777333e-03 +4.3344444e+00 +1.7329506e+00 +9.7726790e-01 +8.7815802e-02 -4.4714815e-01 +8.9142963e-03 +4.7985152e+04
2.8858300e-01 +5.0000000e-02 +1.5088222e+01 +2.8604111e-01 -9.5970111e-03 +4.3257284e+00 +1.7341358e+00 +9.7677654e-01 +9.1632716e-02 -4.4496790e-01 +1.1085457e-02 +4.8200997e+04
2.9282000e-01 +5.0000000e-02 +1.5084444e+01 +2.8851444e-01 -8.7287444e-03 +4.3205062e+00 +1.7348765e+00 +9.7774815e-01 +9.5335802e-02 -4.4512346e-01 +1.3209259e-02 +4.8417919e+04
2.9708800e-01 +5.0000000e-02 +1.5078000e+01 +2.9073000e-01 -7.3797333e-03 +4.3227284e+00 +1.7356543e+00 +9.7910494e-01 +1.0010914e-01 -4.4737531e-01 +1.4964444e-02 +4.8564339e+04
3.0138800e-01 +5.0000000e-02 +1.5069889e+01 +2.9255444e-01 -5.5367778e-03 +4.3294938e+00 +1.7367284e+00 +9.7992346e-01 +1.0631358e-01 -4.4992716e-01 +1.5960247e-02 +4.8666913e+04
3.0572000e-01 +5.0000000e-02 +1.5061333e+01 +2.9390000e-01 -3.0460111e-03 +4.3349259e+00 +1.7381358e+00 +9.8070988e-01 +1.1374864e-01 -4.5120370e-01 +1.6078025e-02 +4.8717157e+04
3.1008200e-01 +5.0000000e-02 +1.5052778e+01 +2.9484444e-01 +1.5029444e-04 +4.3354815e+00 +1.7397160e+00 +9.8164568e-01 +1.2208457e-01 -4.5036790e-01 +1.5553210e-02 +4.8775133e+04
3.1447500e-01 +5.0000000e-02 +1.5044444e+01 +2.9549556e-01 +3.9822556e-03 +4.3310123e+00 +1.7412716e+00 +9.8277284e-01 +1.3070247e-01 -4.4815926e-01 +1.4626543e-02 +4.8852116e+04
3.1889700e-01 +5.0000000e-02 +1.5035444e+01 +2.9599556e-01 +8.1588556e-03 +4.3261481e+00 +1.7427160e+00 +9.8417160e-01 +1.3897037e-01 -4.4582469e-01 +1.3665926e-02 +4.8905418e+04
3.2334900e-01 +5.0000000e-02 +1.5024889e+01 +2.9650000e-01 +1.2157222e-02 +4.3259630e+00 +1.7440494e+00 +9.8598025e-01 +1.4669136e-01 -4.4443827e-01 +1.3310494e-02 +4.8972412e+04
3.2783000e-01 +5.0000000e-02 +1.5012556e+01 +2.9701444e-01 +1.5687222e-02 +4.3311481e+00 +1.7454938e+00 +9.8870123e-01 +1.5351605e-01 -4.4506914e-01 +1.3781481e-02 +4.9096168e+04
3.3233800e-01 +5.0000000e-02 +1.4998778e+01 +2.9733667e-01 +1.9117889e-02 +4.3416049e+00 +1.7473704e+00 +9.9275556e-01 +1.5923704e-01 -4.4810864e-01 +1.4568642e-02 +4.9231634e+04
3.3687500e-01 +5.0000000e-02 +1.4984444e+01 +2.9729000e-01 +2.3124333e-02 +4.3529753e+00 +1.7498148e+00 +9.9745432e-01 +1.6402469e-01 -4.5301358e-01 +1.5162222e-02 +4.9353671e+04
3.4143800e-01 +5.0000000e-02 +1.4969667e+01 +2.9694778e-01 +2.7714222e-02 +4.3589877e+00 +1.7525802e+00 +1.0019914e+00 +1.6784444e-01 -4.5805802e-01 +1.5522840e-02 +4.9545882e+04
3.4602800e-01 +5.0000000e-02 +1.4954111e+01 +2.9648556e-01 +3.2429111e-02 +4.3622716e+00 +1.7552099e+00 +1.0061741e+00 +1.7110741e-01 -4.6324321e-01 +1.6060494e-02 +4.9786480e+04
3.5064400e-01 +5.0000000e-02 +1.4937556e+01 +2.9562222e-01 +3.6982778e-02 +4.3660370e+00 +1.7573333e+00 +1.0099037e+00 +1.7400988e-01 -4.6821605e-01 +1.6421481e-02 +4.9961241e+04
3.5528600e-01 +5.0000000e-02 +1.4919556e+01 +2.9388333e-01 +4.1322889e-02 +4.3699877e+00 +1.7589506e+00 +1.0126469e+00 +1.7617901e-01 -4.7223457e-01 +1.5986296e-02 +5.0099681e+04
3.5995100e-01 +5.0000000e-02 +1.4901000e+01 +2.9098333e-01 +4.5530556e-02 +4.3706173e+00 +1.7603951e+00 +1.0141235e+00 +1.7834444e-01 -4.7465802e-01 +1.5391605e-02 +5.0229160e+04
3.6464100e-01 +5.0000000e-02 +1.4883333e+01 +2.8677000e-01 +4.9468778e-02 +4.3675802e+00 +1.7616790e+00 +1.0137370e+00 +1.8134074e-01 -4.7565926e-01 +1.4743457e-02 +5.0371873e+04
3.6935400e-01 +5.0000000e-02 +1.4866889e+01 +2.8119333e-01 +5.2767333e-02 +4.3625309e+00 +1.7628025e+00 +1.0115630e+00 +1.8536420e-01 -4.7598519e-01 +1.3616420e-02 +5.0518570e+04
3.7408900e-01 +5.0000000e-02 +1.4851111e+01 +2.7448889e-01 +5.5428000e-02 +4.3571728e+00 +1.7643333e+00 +1.0098235e+00 +1.9085679e-01 -4.7528272e-01 +1.2488395e-02 +5.0605212e+04
3.7884600e-01 +5.0000000e-02 +1.4835222e+01 +2.6711889e-01 +5.7915111e-02 +4.3559506e+00 +1.7667407e+00 +1.0094506e+00 +1.9705432e-01 -4.7324198e-01 +1.2120988e-02 +5.0620579e+04
3.8362400e-01 +5.0000000e-02 +1.4818778e+01 +2.5949222e-01 +6.0451444e-02 +4.3592469e+00 +1.7696296e+00 +1.0086951e+00 +2.0246790e-01 -4.6941481e-01 +1.2207210e-02 +5.0617039e+04
3.8842300e-01 +5.0000000e-02 +1.4801556e+01 +2.5173667e-01 +6.3001333e-02 +4.3657531e+00 +1.7723210e+00 +1.0059556e+00 +2.0646667e-01 -4.6343333e-01 +1.2502099e-02 +5.0698278e+04
3.9324100e-01 +5.0000000e-02 +1.4784111e+01 +2.4380222e-01 +6.5252889e-02 +4.3770370e+00 +1.7746296e+00 +1.0028358e+00 +2.0833210e-01 -4.5690494e-01 +1.2712099e-02 +5.0771058e+04
3.9807800e-01 +5.0000000e-02 +1.4766889e+01 +2.3575333e-01 +6.7332111e-02 +4.3874815e+00 +1.7769012e+00 +1.0007704e+00 +2.0815432e-01 -4.5254815e-01 +1.2431235e-02 +5.0838379e+04
4.0293300e-01 +5.0000000e-02 +1.4749333e+01 +2.2762778e-01 +6.9755444e-02 +4.3939012e+00 +1.7795556e+00 +1.0004062e+00 +2.0754198e-01 -4.4977901e-01 +1.1535667e-02 +5.0906053e+04
4.0780500e-01 +5.0000000e-02 +1.4731000e+01 +2.1943444e-01 +7.2521000e-02 +4.4015556e+00 +1.7827901e+00 +1.0000543e+00 +2.0655062e-01 -4.4778272e-01 +1.0938037e-02 +5.0928997e+04
4.1269400e-01 +5.0000000e-02 +1.4712222e+01 +2.1091333e-01 +7.5647333e-02 +4.4106296e+00 +1.7869630e+00 +9.9866667e-01 +2.0440741e-01 -4.4583333e-01 +1.1048222e-02 +5.0922183e+04
4.1759800e-01 +5.0000000e-02 +1.4693000e+01 +2.0161667e-01 +7.8768000e-02 +4.4200247e+00 +1.7920123e+00 +9.9755926e-01 +2.0128642e-01 -4.4400000e-01 +1.1696407e-02 +5.0963419e+04
4.2251700e-01 +5.0000000e-02 +1.4673000e+01 +1.9138778e-01 +8.1355667e-02 +4.4294074e+00 +1.7976173e+00 +9.9650988e-01 +1.9796667e-01 -4.4288272e-01 +1.2474321e-02 +5.1077654e+04
4.2745000e-01 +5.0000000e-02 +1.4653222e+01 +1.8038222e-01 +8.3930333e-02 +4.4368765e+00 +1.8037531e+00 +9.9494938e-01 +1.9497160e-01 -4.4337407e-01 +1.2027963e-02 +5.1167935e+04
4.3239600e-01 +5.0000000e-02 +1.4634667e+01 +1.6888556e-01 +8.7101333e-02 +4.4394568e+00 +1.8104691e+00 +9.9575185e-01 +1.9236049e-01 -4.4553827e-01 +9.7324444e-03 +5.1239622e+04
4.3735400e-01 +5.0000000e-02 +1.4618111e+01 +1.5709778e-01 +9.0579111e-02 +4.4387037e+00 +1.8175802e+00 +9.9823086e-01 +1.8894568e-01 -4.4752469e-01 +6.4776420e-03 +5.1336720e+04
4.4232400e-01 +5.0000000e-02 +1.4603222e+01 +1.4491111e-01 +9.3930222e-02 +4.4371728e+00 +1.8246790e+00 +1.0002556e+00 +1.8397778e-01 -4.4840741e-01 +3.3642963e-03 +5.1412641e+04
4.4730400e-01 +5.0000000e-02 +1.4589556e+01 +1.3237444e-01 +9.6543778e-02 +4.4340988e+00 +1.8317037e+00 +1.0011210e+00 +1.7793951e-01 -4.4949753e-01 +1.0588259e-03 +5.1479796e+04
4.5229300e-01 +5.0000000e-02 +1.4576889e+01 +1.1981556e-01 +9.7982667e-02 +4.4260000e+00 +1.8388889e+00 +1.0004802e+00 +1.7158642e-01 -4.4979012e-01 -5.4980494e-04 +5.1554654e+04
4.5729200e-01 +5.0000000e-02 +1.4564889e+01 +1.0741922e-01 +9.8200111e-02 +4.4147531e+00 +1.8461235e+00 +9.9920370e-01 +1.6426790e-01 -4.4757284e-01 -1.7003827e-03 +5.1640476e+04
4.6229800e-01 +5.0000000e-02 +1.4553889e+01 +9.5093333e-02 +9.7507778e-02 +4.4042099e+00 +1.8530247e+00 +9.9837531e-01 +1.5455432e-01 -4.4391975e-01 -1.9848642e-03 +5.1721879e+04
4.6731100e-01 +5.0000000e-02 +1.4544556e+01 +8.2398556e-02 +9.6327556e-02 +4.3961358e+00 +1.8592346e+00 +9.9845062e-01 +1.4129383e-01 -4.4208395e-01 -1.6943704e-03 +5.1812983e+04
4.7233000e-01 +5.0000000e-02 +1.4537667e+01 +6.9163000e-02 +9.5183444e-02 +4.3896790e+00 +1.8649012e+00 +9.9859136e-01 +1.2453333e-01 -4.4321111e-01 -1.4040494e-03 +5.1843460e+04
4.7735400e-01 +5.0000000e-02 +1.4533222e+01 +5.5374889e-02 +9.4515000e-02 +4.3774321e+00 +1.8705802e+00 +9.9796543e-01 +1.0448543e-01 -4.4538148e-01 -1.4128395e-03 +5.1865322e+04
4.8238200e-01 +5.0000000e-02 +1.4530333e+01 +4.1258667e-02 +9.4009556e-02 +4.3598519e+00 +1.8766543e+00 +9.9565802e-01 +8.2202593e-02 -4.4674568e-01 -1.9720370e-03 +5.1937120e+04
4.8741300e-01 +5.0000000e-02 +1.4527889e+01 +2.7172333e-02 +9.2972556e-02 +4.3461605e+00 +1.8829506e+00 +9.9277160e-01 +5.8674815e-02 -4.4658272e-01 -2.4578519e-03 +5.1894804e+04
4.9244700e-01 +5.0000000e-02 +1.4526000e+01 +1.3443778e-02 +9.1279444e-02 +4.3372840e+00 +1.8881481e+00 +9.9031235e-01 +3.4964198e-02 -4.4540247e-01 -2.1729753e-03 +5.1827283e+04
4.9748200e-01 +5.0000000e-02 +1.4524889e+01 +0.0000000e+00 +8.9449556e-02 +4.3328519e+00 +1.8908395e+00 +9.8899012e-01 +1.0768716e-02 -4.4496296e-01 -8.8677037e-04 +5.1860864e+04
5.0251800e-01 +5.0000000e-02 +1.4524889e+01 -1.3443778e-02 +8.8190556e-02 +4.3328519e+00 +1.8908395e+00 +9.8853827e-01 -1.4267160e-02 -4.4654074e-01 +8.8677037e-04 +5.1860864e+04
5.0755300e-01 +5.0000000e-02 +1.4526000e+01 -2.7172333e-02 +8.7776000e-02 +4.3372840e+00 +1.8881481e+00 +9.8904938e-01 -3.9396420e-02 -4.4952222e-01 +2.1729753e-03 +5.1827283e+04
5.1258700e-01 +5.0000000e-02 +1.4527889e+01 -4.1258667e-02 +8.7582444e-02 +4.3461605e+00 +1.8829506e+00 +9.9064691e-01 -6.4770988e-02 -4.5145185e-01 +2.4578519e-03 +5.1894804e+04
5.1761800e-01 +5.0000000e-02 +1.4530333e+01 -5.5374889e-02 +8.6856111e-02 +4.3598519e+00 +1.8766543e+00 +9.9312469e-01 -9.0049630e-02 -4.5262346e-01 +1.9720370e-03 +5.1937120e+04
5.2264600e-01 +5.0000000e-02 +1.4533222e+01 -6.9163000e-02 +8.5817556e-02 +4.3774321e+00 +1.8705802e+00 +9.9594815e-01 -1.1385370e-01 -4.5471605e-01 +1.4128395e-03 +5.1865322e+04
5.2767000e-01 +5.0000000e-02 +1.4537667e+01 -8.2398556e-02 +8.5278000e-02 +4.3896790e+00 +1.8649012e+00 +9.9762346e-01 -1.3600988e-01 -4.5656790e-01 +1.4040494e-03 +5.1843460e+04
5.3268900e-01 +5.0000000e-02 +1.4544556e+01 -9.5093333e-02 +8.5251333e-02 +4.3961358e+00 +1.8592346e+00 +9.9765802e-01 -1.5577531e-01 -4.5670000e-01 +1.6943704e-03 +5.1812983e+04
5.3770200e-01 +5.0000000e-02 +1.4553889e+01 -1.0741922e-01 +8.5149333e-02 +4.4042099e+00 +1.8530247e+00 +9.9666420e-01 -1.7261605e-01 -4.5662099e-01 +1.9848642e-03 +5.1721879e+04
5.4270800e-01 +5.0000000e-02 +1.4564889e+01 -1.1981556e-01 +8.5047333e-02 +4.4147531e+00 +1.8461235e+00 +9.9675802e-01 -1.8637901e-01 -4.5777284e-01 +1.7003827e-03 +5.1640476e+04
5.4770700e-01 +5.0000000e-02 +1.4576889e+01 -1.3237444e-01 +8.4961111e-02 +4.4260000e+00 +1.8388889e+00 +9.9845062e-01 -1.9747407e-01 -4.5964444e-01 +5.4980494e-04 +5.1554654e+04
5.5269600e-01 +5.0000000e-02 +1.4589556e+01 -1.4491111e-01 +8.4431667e-02 +4.4340988e+00 +1.8317037e+00 +1.0004259e+00 -2.0731605e-01 -4.6134321e-01 -1.0588259e-03 +5.1479796e+04
5.5767600e-01 +5.0000000e-02 +1.4603222e+01 -1.5709778e-01 +8.3265889e-02 +4.4371728e+00 +1.8246790e+00 +1.0011160e+00 -2.1663333e-01 -4.6280000e-01 -3.3642963e-03 +5.1412641e+04
5.6264600e-01 +5.0000000e-02 +1.4618111e+01 -1.6888556e-01 +8.1767444e-02 +4.4387037e+00 +1.8175802e+00 +1.0001840e+00 -2.2408765e-01 -4.6343827e-01 -6.4776420e-03 +5.1336720e+04
5.6760400e-01 +5.0000000e-02 +1.4634667e+01 -1.8038222e-01 +7.9971444e-02 +4.4394568e+00 +1.8104691e+00 +9.9729012e-01 -2.2878642e-01 -4.6172099e-01 -9.7324444e-03 +5.1239622e+04
5.7255000e-01 +5.0000000e-02 +1.4653222e+01 -1.9138778e-01 +7.7779444e-02 +4.4368765e+00 +1.8037531e+00 +9.9442222e-01 -2.3173457e-01 -4.5822222e-01 -1.2027963e-02 +5.1167935e+04
5.7748300e-01 +5.0000000e-02 +1.4673000e+01 -2.0161667e-01 +7.5447333e-02 +4.4294074e+00 +1.7976173e+00 +9.9390864e-01 -2.3448889e-01 -4.5434815e-01 -1.2474321e-02 +5.1077654e+04
5.8240200e-01 +5.0000000e-02 +1.4693000e+01 -2.1091333e-01 +7.2773889e-02 +4.4200247e+00 +1.7920123e+00 +9.9469383e-01 -2.3744321e-01 -4.5108395e-01 -1.1696407e-02 +5.0963419e+04
5.8730600e-01 +5.0000000e-02 +1.4712222e+01 -2.1943444e-01 +6.9753000e-02 +4.4106296e+00 +1.7869630e+00 +9.9596914e-01 -2.4068765e-01 -4.4883210e-01 -1.1048222e-02 +5.0922183e+04
5.9219500e-01 +5.0000000e-02 +1.4731000e+01 -2.2762778e-01 +6.7048444e-02 +4.4015556e+00 +1.7827901e+00 +9.9746049e-01 -2.4330000e-01 -4.4804938e-01 -1.0938037e-02 +5.0928997e+04
5.9706700e-01 +5.0000000e-02 +1.4749333e+01 -2.3575333e-01 +6.4902667e-02 +4.3939012e+00 +1.7795556e+00 +9.9809259e-01 -2.4431852e-01 -4.4763086e-01 -1.1535667e-02 +5.0906053e+04
6.0192200e-01 +5.0000000e-02 +1.4766889e+01 -2.4380222e-01 +6.2896667e-02 +4.3874815e+00 +1.7769012e+00 +9.9743580e-01 -2.4404691e-01 -4.4682346e-01 -1.2431235e-02 +5.0838379e+04
6.0675900e-01 +5.0000000e-02 +1.4784111e+01 -2.5173667e-01 +6.0995778e-02 +4.3770370e+00 +1.7746296e+00 +9.9719630e-01 -2.4300000e-01 -4.4693086e-01 -1.2712099e-02 +5.0771058e+04
6.1157700e-01 +5.0000000e-02 +1.4801556e+01 -2.5949222e-01 +5.8964111e-02 +4.3657531e+00 +1.7723210e+00 +9.9831235e-01 -2.4054815e-01 -4.4878272e-01 -1.2502099e-02 +5.0698278e+04
6.1637600e-01 +5.0000000e-02 +1.4818778e+01 -2.6711889e-01 +5.7045333e-02 +4.3592469e+00 +1.7696296e+00 +1.0001210e+00 -2.3642963e-01 -4.5117654e-01 -1.2207210e-02 +5.0617039e+04
6.2115400e-01 +5.0000000e-02 +1.4835222e+01 -2.7448889e-01 +5.5501000e-02 +4.3559506e+00 +1.7667407e+00 +1.0009185e+00 -2.3054568e-01 -4.5321605e-01 -1.2120988e-02 +5.0620579e+04
6.2591100e-01 +5.0000000e-02 +1.4851111e+01 -2.8119333e-01 +5.4171778e-02 +4.3571728e+00 +1.7643333e+00 +1.0013691e+00 -2.2368148e-01 -4.5524198e-01 -1.2488395e-02 +5.0605212e+04
6.3064600e-01 +5.0000000e-02 +1.4866889e+01 -2.8677000e-01 +5.2869000e-02 +4.3625309e+00 +1.7628025e+00 +1.0034728e+00 -2.1778765e-01 -4.5789383e-01 -1.3616420e-02 +5.0518570e+04
6.3535900e-01 +5.0000000e-02 +1.4883333e+01 -2.9098333e-01 +5.0840111e-02 +4.3675802e+00 +1.7616790e+00 +1.0063123e+00 -2.1323580e-01 -4.6064815e-01 -1.4743457e-02 +5.0371873e+04
6.4004900e-01 +5.0000000e-02 +1.4901000e+01 -2.9388333e-01 +4.7748222e-02 +4.3706173e+00 +1.7603951e+00 +1.0076975e+00 -2.0950988e-01 -4.6291728e-01 -1.5391605e-02 +5.0229160e+04
6.4471400e-01 +5.0000000e-02 +1.4919556e+01 -2.9562222e-01 +4.3830111e-02 +4.3699877e+00 +1.7589506e+00 +1.0078914e+00 -2.0692840e-01 -4.6360617e-01 -1.5986296e-02 +5.0099681e+04
6.4935600e-01 +5.0000000e-02 +1.4937556e+01 -2.9648556e-01 +3.9479667e-02 +4.3660370e+00 +1.7573333e+00 +1.0074617e+00 -2.0506049e-01 -4.6320741e-01 -1.6421481e-02 +4.9961241e+04
6.5397200e-01 +5.0000000e-02 +1.4954111e+01 -2.9694778e-01 +3.5010444e-02 +4.3622716e+00 +1.7552099e+00 +1.0057099e+00 -2.0242840e-01 -4.6217284e-01 -1.6060494e-02 +4.9786480e+04
6.5856200e-01 +5.0000000e-02 +1.4969667e+01 -2.9729000e-01 +3.0700889e-02 +4.3589877e+00 +1.7525802e+00 +1.0026284e+00 -1.9867901e-01 -4.6076790e-01 -1.5522840e-02 +4.9545882e+04
6.6312500e-01 +5.0000000e-02 +1.4984444e+01 -2.9733667e-01 +2.6847222e-02 +4.3529753e+00 +1.7498148e+00 +9.9877037e-01 -1.9373333e-01 -4.5992346e-01 -1.5162222e-02 +4.9353671e+04
6.6766200e-01 +5.0000000e-02 +1.4998778e+01 -2.9701444e-01 +2.3577667e-02 +4.3416049e+00 +1.7473704e+00 +9.9502716e-01 -1.8737407e-01 -4.5982469e-01 -1.4568642e-02 +4.9231634e+04
6.7217000e-01 +5.0000000e-02 +1.5012556e+01 -2.9650000e-01 +2.0751889e-02 +4.3311481e+00 +1.7454938e+00 +9.9197654e-01 -1.7997778e-01 -4.6102469e-01 -1.3781481e-02 +4.9096168e+04
6.7665100e-01 +5.0000000e-02 +1.5024889e+01 -2.9599556e-01 +1.7844333e-02 +4.3259630e+00 +1.7440494e+00 +9.8927901e-01 -1.7180123e-01 -4.6303457e-01 -1.3310494e-02 +4.8972412e+04
6.8110300e-01 +5.0000000e-02 +1.5035444e+01 -2.9549556e-01 +1.4575667e-02 +4.3261481e+00 +1.7427160e+00 +9.8664444e-01 -1.6317284e-01 -4.6475309e-01 -1.3665926e-02 +4.8905418e+04
6.8552500e-01 +5.0000000e-02 +1.5044444e+01 -2.9484444e-01 +1.1050067e-02 +4.3310123e+00 +1.7412716e+00 +9.8490988e-01 -1.5408272e-01 -4.6528025e-01 -1.4626543e-02 +4.8852116e+04
6.8991800e-01 +5.0000000e-02 +1.5052778e+01 -2.9390000e-01 +7.6660000e-03 +4.3354815e+00 +1.7397160e+00 +9.8460247e-01 -1.4487531e-01 -4.6441481e-01 -1.5553210e-02 +4.8775133e+04
6.9428000e-01 +5.0000000e-02 +1.5061333e+01 -2.9255444e-01 +4.8177444e-03 +4.3349259e+00 +1.7381358e+00 +9.8517654e-01 -1.3635062e-01 -4.6285556e-01 -1.6078025e-02 +4.8717157e+04
6.9861200e-01 +5.0000000e-02 +1.5069889e+01 -2.9073000e-01 +2.6891778e-03 +4.3294938e+00 +1.7367284e+00 +9.8585556e-01 -1.2862222e-01 -4.6077160e-01 -1.5960247e-02 +4.8666913e+04
7.0291200e-01 +5.0000000e-02 +1.5078000e+01 -2.8851444e-01 +1.0949978e-03 +4.3227284e+00 +1.7356543e+00 +9.8577531e-01 -1.2174679e-01 -4.5838889e-01 -1.4964444e-02 +4.8564339e+04
7.0718000e-01 +5.0000000e-02 +1.5084444e+01 -2.8604111e-01 -2.1417111e-04 +4.3205062e+00 +1.7348765e+00 +9.8437531e-01 -1.1594938e-01 -4.5673086e-01 -1.3209259e-02 +4.8417919e+04
7.1141700e-01 +5.0000000e-02 +1.5088222e+01 -2.8341444e-01 -1.1863889e-03 +4.3257284e+00 +1.7341358e+00 +9.8337778e-01 -1.1114284e-01 -4.5666543e-01 -1.1085457e-02 +4.8200997e+04
7.1562000e-01 +5.0000000e-02 +1.5089889e+01 -2.8068333e-01 -1.5625889e-03 +4.3344444e+00 +1.7329506e+00 +9.8410741e-01 -1.0646395e-01 -4.5738889e-01 -8.9142963e-03 +4.7985152e+04
7.1979100e-01 +5.0000000e-02 +1.5090222e+01 -2.7795889e-01 -1.3538111e-03 +4.3416049e+00 +1.7308642e+00 +9.8544074e-01 -1.0170642e-01 -4.5823333e-01 -7.2470741e-03 +4.7850116e+04
7.2392900e-01 +5.0000000e-02 +1.5089889e+01 -2.7533778e-01 -9.8485444e-04 +4.3444444e+00 +1.7276914e+00 +9.8502840e-01 -9.6074938e-02 -4.5889136e-01 -6.7128148e-03 +4.7804405e+04
7.2803300e-01 +5.0000000e-02 +1.5089667e+01 -2.7275889e-01 -6.7043556e-04 +4.3418519e+00 +1.7236173e+00 +9.8301111e-01 -8.8410000e-02 -4.5947901e-01 -7.1560370e-03 +4.7758285e+04
7.3210300e-01 +5.0000000e-02 +1.5089333e+01 -2.7003556e-01 -2.9534778e-04 +4.3349506e+00 +1.7190864e+00 +9.8043704e-01 -7.9151852e-02 -4.5962840e-01 -7.5023333e-03 +4.7649716e+04
7.3613800e-01 +5.0000000e-02 +1.5088556e+01 -2.6700000e-01 -9.7988667e-05 +4.3238395e+00 +1.7143827e+00 +9.7728519e-01 -6.8939506e-02 -4.5920988e-01 -7.0721235e-03 +4.7504807e+04
7.4013900e-01 +5.0000000e-02 +1.5087222e+01 -2.6356667e-01 -6.0593889e-04 +4.3098148e+00 +1.7095062e+00 +9.7339753e-01 -5.7985926e-02 -4.5883951e-01 -6.2499012e-03 +4.7328034e+04
7.4410500e-01 +5.0000000e-02 +1.5085556e+01 -2.5967444e-01 -1.9680444e-03 +4.2952346e+00 +1.7042099e+00 +9.7004568e-01 -4.6861852e-02 -4.5865062e-01 -5.4084815e-03 +4.7146284e+04
7.4803600e-01 +5.0000000e-02 +1.5083667e+01 -2.5539000e-01 -4.1289889e-03 +4.2797284e+00 +1.6983827e+00 +9.6841111e-01 -3.6447160e-02 -4.5804444e-01 -4.2858519e-03 +4.6986917e+04
7.5193100e-01 +5.0000000e-02 +1.5081444e+01 -2.5078000e-01 -6.9344889e-03 +4.2624691e+00 +1.6923827e+00 +9.6729383e-01 -2.6665556e-02 -4.5665679e-01 -2.7431975e-03 +4.6817514e+04
7.5579100e-01 +5.0000000e-02 +1.5078556e+01 -2.4582556e-01 -1.0175278e-02 +4.2425926e+00 +1.6867531e+00 +9.6556049e-01 -1.7194198e-02 -4.5419012e-01 -7.4278519e-04 +4.6635364e+04
7.5961500e-01 +5.0000000e-02 +1.5074444e+01 -2.4054556e-01 -1.3524222e-02 +4.2221111e+00 +1.6818642e+00 +9.6302716e-01 -7.7318025e-03 -4.5077778e-01 +1.8040741e-03 +4.6472154e+04
7.6340300e-01 +5.0000000e-02 +1.5068889e+01 -2.3511444e-01 -1.6597778e-02 +4.2049136e+00 +1.6778765e+00 +9.6020123e-01 +1.7558025e-03 -4.4729877e-01 +4.6698765e-03 +4.6331955e+04
7.6715400e-01 +5.0000000e-02 +1.5061778e+01 -2.2970222e-01 -1.9076889e-02 +4.1933333e+00 +1.6746173e+00 +9.5745185e-01 +1.1165988e-02 -4.4466667e-01 +7.2628765e-03 +4.6218989e+04
7.7086900e-01 +5.0000000e-02 +1.5053333e+01 -2.2437333e-01 -2.0984778e-02 +4.1880617e+00 +1.6714938e+00 +9.5450617e-01 +2.0319630e-02 -4.4305309e-01 +9.0765309e-03 +4.6104953e+04
7.7454800e-01 +5.0000000e-02 +1.5043889e+01 -2.1914444e-01 -2.2625889e-02 +4.1870000e+00 +1.6677407e+00 +9.5184321e-01 +2.9154815e-02 -4.4173580e-01 +1.0181037e-02 +4.5983222e+04
7.7819000e-01 +5.0000000e-02 +1.5033889e+01 -2.1400778e-01 -2.4120222e-02 +4.1870370e+00 +1.6629753e+00 +9.5008395e-01 +3.7797778e-02 -4.4065679e-01 +1.1002889e-02 +4.5892813e+04
7.8179500e-01 +5.0000000e-02 +1.5023333e+01 -2.0888667e-01 -2.5282222e-02 +4.1856420e+00 +1.6573086e+00 +9.4930000e-01 +4.6388272e-02 -4.4020617e-01 +1.1846531e-02 +4.5821526e+04
7.8536400e-01 +5.0000000e-02 +1.5012333e+01 -2.0367889e-01 -2.6050556e-02 +4.1814074e+00 +1.6510370e+00 +9.4936049e-01 +5.4685432e-02 -4.4013333e-01 +1.2796420e-02 +4.5760543e+04
7.8889500e-01 +5.0000000e-02 +1.5001111e+01 -1.9836222e-01 -2.6525556e-02 +4.1735802e+00 +1.6442963e+00 +9.4970247e-01 +6.2178889e-02 -4.4029136e-01 +1.3832469e-02 +4.5701131e+04
7.9238900e-01 +5.0000000e-02 +1.4989667e+01 -1.9300556e-01 -2.6729111e-02 +4.1626049e+00 +1.6371358e+00 +9.4959506e-01 +6.8852346e-02 -4.4016914e-01 +1.5054815e-02 +4.5636210e+04
7.9584700e-01 +5.0000000e-02 +1.4977333e+01 -1.8771556e-01 -2.6523778e-02 +4.1503457e+00 +1.6295185e+00 +9.4852593e-01 +7.5233457e-02 -4.3945802e-01 +1.6399136e-02 +4.5565468e+04
7.9926700e-01 +5.0000000e-02 +1.4964000e+01 -1.8258889e-01 -2.5838222e-02 +4.1392840e+00 +1.6214568e+00 +9.4646790e-01 +8.1708272e-02 -4.3857284e-01 +1.7654815e-02 +4.5490813e+04
8.0265000e-01 +5.0000000e-02 +1.4949667e+01 -1.7763556e-01 -2.4804000e-02 +4.1305802e+00 +1.6130000e+00 +9.4380494e-01 +8.8197284e-02 -4.3778395e-01 +1.8769383e-02 +4.5419303e+04
8.0599600e-01 +5.0000000e-02 +1.4934889e+01 -1.7278889e-01 -2.3534222e-02 +4.1232346e+00 +1.6042469e+00 +9.4072099e-01 +9.4355185e-02 -4.3716543e-01 +1.9785432e-02 +4.5357683e+04
8.0930400e-01 +5.0000000e-02 +1.4920222e+01 -1.6791778e-01 -2.2087000e-02 +4.1149383e+00 +1.5952840e+00 +9.3709506e-01 +1.0015383e-01 -4.3660370e-01 +2.0788765e-02 +4.5305075e+04
8.1257600e-01 +5.0000000e-02 +1.4906000e+01 -1.6290333e-01 -2.0570667e-02 +4.1039506e+00 +1.5862346e+00 +9.3282222e-01 +1.0576346e-01 -4.3585679e-01 +2.1827901e-02 +4.5254091e+04
8.1581000e-01 +5.0000000e-02 +1.4892333e+01 -1.5771667e-01 -1.9142333e-02 +4.0891111e+00 +1.5772469e+00 +9.2814691e-01 +1.1128062e-01 -4.3467901e-01 +2.2890247e-02 +4.5185119e+04
8.1900800e-01 +5.0000000e-02 +1.4879111e+01 -1.5240222e-01 -1.7946000e-02 +4.0700247e+00 +1.5683951e+00 +9.2347901e-01 +1.1674173e-01 -4.3302963e-01 +2.3852716e-02 +4.5092004e+04
8.2216800e-01 +5.0000000e-02 +1.4865889e+01 -1.4700556e-01 -1.7009778e-02 +4.0481852e+00 +1.5596543e+00 +9.1914815e-01 +1.2209765e-01 -4.3113951e-01 +2.4702963e-02 +4.4989144e+04
8.2529200e-01 +5.0000000e-02 +1.4852667e+01 -1.4154889e-01 -1.6302444e-02 +4.0253086e+00 +1.5510123e+00 +9.1539012e-01 +1.2712099e-01 -4.2940617e-01 +2.5601481e-02 +4.4875739e+04
8.2837800e-01 +5.0000000e-02 +1.4839333e+01 -1.3602889e-01 -1.5836000e-02 +4.0017160e+00 +1.5425926e+00 +9.1221358e-01 +1.3156173e-01 -4.2808642e-01 +2.6573827e-02 +4.4753161e+04
8.3142800e-01 +5.0000000e-02 +1.4825889e+01 -1.3040333e-01 -1.5656444e-02 +3.9770617e+00 +1.5345062e+00 +9.0942099e-01 +1.3541852e-01 -4.2691975e-01 +2.7476790e-02 +4.4634539e+04
8.3444100e-01 +5.0000000e-02 +1.4812111e+01 -1.2461556e-01 -1.5740222e-02 +3.9512222e+00 +1.5267407e+00 +9.0680988e-01 +1.3895432e-01 -4.2566296e-01 +2.8318148e-02 +4.4538746e+04
8.3741800e-01 +5.0000000e-02 +1.4798222e+01 -1.1863000e-01 -1.5998000e-02 +3.9252593e+00 +1.5191481e+00 +9.0437284e-01 +1.4236173e-01 -4.2440988e-01 +2.9242099e-02 +4.4450264e+04
8.4035800e-01 +5.0000000e-02 +1.4784000e+01 -1.1243667e-01 -1.6334556e-02 +3.9008765e+00 +1.5115432e+00 +9.0206049e-01 +1.4551852e-01 -4.2324198e-01 +3.0273457e-02 +4.4345141e+04
8.4326200e-01 +5.0000000e-02 +1.4769556e+01 -1.0603367e-01 -1.6717333e-02 +3.8781975e+00 +1.5038025e+00 +9.0005802e-01 +1.4823210e-01 -4.2206420e-01 +3.1343580e-02 +4.4221376e+04
8.4613000e-01 +5.0000000e-02 +1.4755111e+01 -9.9419556e-02 -1.7259444e-02 +3.8563704e+00 +1.4958519e+00 +8.9852346e-01 +1.5048148e-01 -4.2063086e-01 +3.2388395e-02 +4.4071728e+04
8.4896200e-01 +5.0000000e-02 +1.4740667e+01 -9.2576444e-02 -1.8132889e-02 +3.8345556e+00 +1.4875679e+00 +8.9696543e-01 +1.5224691e-01 -4.1871605e-01 +3.3427284e-02 +4.3914072e+04
8.5175700e-01 +5.0000000e-02 +1.4726667e+01 -8.5485667e-02 -1.9386000e-02 +3.8119136e+00 +1.4788642e+00 +8.9471358e-01 +1.5345432e-01 -4.1619753e-01 +3.4570617e-02 +4.3762492e+04
8.5451800e-01 +5.0000000e-02 +1.4713333e+01 -7.8158111e-02 -2.0913667e-02 +3.7877407e+00 +1.4697407e+00 +8.9159136e-01 +1.5400864e-01 -4.1295679e-01 +3.5871975e-02 +4.3608394e+04
8.5724300e-01 +5.0000000e-02 +1.4700778e+01 -7.0661444e-02 -2.2624556e-02 +3.7618148e+00 +1.4601975e+00 +8.8791111e-01 +1.5381728e-01 -4.0907284e-01 +3.7236420e-02 +4.3424113e+04
8.5993200e-01 +5.0000000e-02 +1.4689000e+01 -6.3089000e-02 -2.4546333e-02 +3.7344815e+00 +1.4502593e+00 +8.8390247e-01 +1.5290617e-01 -4.0476296e-01 +3.8534321e-02 +4.3212004e+04
8.6258600e-01 +5.0000000e-02 +1.4677778e+01 -5.5502333e-02 -2.6762889e-02 +3.7063704e+00 +1.4399506e+00 +8.7961111e-01 +1.5146667e-01 -4.0016173e-01 +3.9692222e-02 +4.2986569e+04
8.6520600e-01 +5.0000000e-02 +1.4666889e+01 -4.7918556e-02 -2.9332778e-02 +3.6784568e+00 +1.4292840e+00 +8.7518148e-01 +1.4972840e-01 -3.9536049e-01 +4.0699136e-02 +4.2737575e+04
8.6779100e-01 +5.0000000e-02 +1.4656444e+01 -4.0336556e-02 -3.2226444e-02 +3.6513704e+00 +1.4182469e+00 +8.7088025e-01 +1.4779630e-01 -3.9041481e-01 +4.1629630e-02 +4.2454606e+04
8.7034100e-01 +5.0000000e-02 +1.4646111e+01 -3.2757889e-02 -3.5324000e-02 +3.6252222e+00 +1.4067901e+00 +8.6697654e-01 +1.4575679e-01 -3.8537778e-01 +4.2582222e-02 +4.2140672e+04
8.7285700e-01 +5.0000000e-02 +1.4636000e+01 -2.5180000e-02 -3.8532889e-02 +3.5996296e+00 +1.3949630e+00 +8.6349259e-01 +1.4380247e-01 -3.8038519e-01 +4.3626420e-02 +4.1814122e+04
8.7534000e-01 +5.0000000e-02 +1.4626111e+01 -1.7587444e-02 -4.1827667e-02 +3.5744691e+00 +1.3828272e+00 +8.6020988e-01 +1.4217778e-01 -3.7559506e-01 +4.4789259e-02 +4.1482450e+04
8.7778800e-01 +5.0000000e-02 +1.4616444e+01 -9.9500889e-03 -4.5177333e-02 +3.5499136e+00 +1.3703951e+00 +8.5701728e-01 +1.4101728e-01 -3.7093951e-01 +4.6033457e-02 +4.1135907e+04
8.8020300e-01 +5.0000000e-02 +1.4607111e+01 -2.2274000e-03 -4.8569444e-02 +3.5258025e+00 +1.3576667e+00 +8.5397037e-01 +1.4027284e-01 -3.6611852e-01 +4.7251358e-02 +4.0776193e+04
8.8258400e-01 +5.0000000e-02 +1.4598222e+01 +5.6147333e-03 -5.2058778e-02 +3.5018889e+00 +1.3445926e+00 +8.5108025e-01 +1.3979506e-01 -3.6085802e-01 +4.8355309e-02 +4.0413123e+04
8.8493300e-01 +5.0000000e-02 +1.4589889e+01 +1.3596222e-02 -5.5718444e-02 +3.4780000e+00 +1.3311728e+00 +8.4830741e-01 +1.3938519e-01 -3.5502099e-01 +4.9353951e-02 +4.0047333e+04
8.8724900e-01 +5.0000000e-02 +1.4581778e+01 +2.1731333e-02 -5.9572333e-02 +3.4538148e+00 +1.3174444e+00 +8.4559383e-01 +1.3881111e-01 -3.4864691e-01 +5.0307654e-02 +3.9687471e+04
8.8953200e-01 +5.0000000e-02 +1.4573889e+01 +3.0037889e-02 -6.3600000e-02 +3.4289506e+00 +1.3034568e+00 +8.4281235e-01 +1.3790988e-01 -3.4194568e-01 +5.1280617e-02 +3.9346460e+04
8.9178300e-01 +5.0000000e-02 +1.4566222e+01 +3.8529667e-02 -6.7781889e-02 +3.4032963e+00 +1.2892716e+00 +8.3986296e-01 +1.3669136e-01 -3.3521605e-01 +5.2350000e-02 +3.9015702e+04
8.9400200e-01 +5.0000000e-02 +1.4558667e+01 +4.7202444e-02 -7.2107444e-02 +3.3770247e+00 +1.2749012e+00 +8.3676420e-01 +1.3521605e-01 -3.2872099e-01 +5.3602222e-02 +3.8675180e+04
8.9619000e-01 +5.0000000e-02 +1.4551222e+01 +5.6028111e-02 -7.6558889e-02 +3.3502222e+00 +1.2603210e+00 +8.3360988e-01 +1.3348395e-01 -3.2259012e-01 +5.5098889e-02 +3.8322616e+04
8.9834600e-01 +5.0000000e-02 +1.4543889e+01 +6.4960667e-02 -8.1101222e-02 +3.3229877e+00 +1.2455062e+00 +8.3044815e-01 +1.3150000e-01 -3.1681852e-01 +5.6831975e-02 +3.7974145e+04
9.0047100e-01 +5.0000000e-02 +1.4536444e+01 +7.3947556e-02 -8.5676667e-02 +3.2956543e+00 +1.2304358e+00 +8.2731481e-01 +1.2936790e-01 -3.1132346e-01 +5.8724938e-02 +3.7637753e+04
9.0256500e-01 +5.0000000e-02 +1.4528889e+01 +8.2938000e-02 -9.0221778e-02 +3.2688148e+00 +1.2151432e+00 +8.2429136e-01 +1.2723086e-01 -3.0606173e-01 +6.0679753e-02 +3.7307210e+04
9.0462900e-01 +5.0000000e-02 +1.4521000e+01 +9.1888111e-02 -9.4706889e-02 +3.2429383e+00 +1.1996679e+00 +8.2143333e-01 +1.2519753e-01 -3.0105679e-01 +6.2616543e-02 +3.6977247e+04
9.0666200e-01 +5.0000000e-02 +1.4512778e+01 +1.0076333e-01 -9.9160778e-02 +3.2182099e+00 +1.1840654e+00 +8.1872593e-01 +1.2332049e-01 -2.9630123e-01 +6.4486914e-02 +3.6643687e+04
9.0866500e-01 +5.0000000e-02 +1.4504222e+01 +1.0953767e-01 -1.0366256e-01 +3.1945185e+00 +1.1683938e+00 +8.1611235e-01 +1.2161395e-01 -2.9170741e-01 +6.6275802e-02 +3.6301295e+04
9.1063900e-01 +5.0000000e-02 +1.4495222e+01 +1.1818556e-01 -1.0830433e-01 +3.1715432e+00 +1.1526963e+00 +8.1356667e-01 +1.2008086e-01 -2.8716049e-01 +6.8009012e-02 +3.5954577e+04
9.1258400e-01 +5.0000000e-02 +1.4485667e+01 +1.2667778e-01 -1.1315222e-01 +3.1489753e+00 +1.1369951e+00 +8.1111975e-01 +1.1871864e-01 -2.8254198e-01 +6.9752716e-02 +3.5612114e+04
9.1449900e-01 +5.0000000e-02 +1.4475556e+01 +1.3498000e-01 -1.1823222e-01 +3.1266543e+00 +1.1212963e+00 +8.0881235e-01 +1.1751309e-01 -2.7772963e-01 +7.1582593e-02 +3.5276313e+04
9.1638500e-01 +5.0000000e-02 +1.4464778e+01 +1.4305111e-01 -1.2354111e-01 +3.1043951e+00 +1.1055840e+00 +8.0665926e-01 +1.1644025e-01 -2.7262222e-01 +7.3546790e-02 +3.4947328e+04
9.1824400e-01 +5.0000000e-02 +1.4453556e+01 +1.5084667e-01 -1.2905333e-01 +3.0820123e+00 +1.0898296e+00 +8.0464568e-01 +1.1547963e-01 -2.6714815e-01 +7.5660247e-02 +3.4630737e+04
9.2007400e-01 +5.0000000e-02 +1.4441667e+01 +1.5832000e-01 -1.3472889e-01 +3.0593704e+00 +1.0740000e+00 +8.0273580e-01 +1.1463296e-01 -2.6126543e-01 +7.7918272e-02 +3.4331532e+04
9.2187600e-01 +5.0000000e-02 +1.4429111e+01 +1.6543000e-01 -1.4051222e-01 +3.0364815e+00 +1.0580728e+00 +8.0086790e-01 +1.1393630e-01 -2.5494691e-01 +8.0302963e-02 +3.4048826e+04
9.2365000e-01 +5.0000000e-02 +1.4415778e+01 +1.7214667e-01 -1.4634333e-01 +3.0134568e+00 +1.0420296e+00 +7.9894444e-01 +1.1344568e-01 -2.4818765e-01 +8.2783951e-02 +3.3783263e+04
9.2539800e-01 +5.0000000e-02 +1.4401667e+01 +1.7845333e-01 -1.5216667e-01 +2.9904691e+00 +1.0258617e+00 +7.9684815e-01 +1.1321765e-01 -2.4098395e-01 +8.5325679e-02 +3.3539440e+04
9.2711800e-01 +5.0000000e-02 +1.4386667e+01 +1.8434333e-01 -1.5794111e-01 +2.9678642e+00 +1.0095704e+00 +7.9447037e-01 +1.1329864e-01 -2.3332593e-01 +8.7889383e-02 +3.3318504e+04
9.2881200e-01 +5.0000000e-02 +1.4370667e+01 +1.8981778e-01 -1.6364333e-01 +2.9460370e+00 +9.9316914e-01 +7.9175556e-01 +1.1372407e-01 -2.2520617e-01 +9.0430864e-02 +3.3117072e+04
9.3048000e-01 +5.0000000e-02 +1.4353556e+01 +1.9488000e-01 -1.6925556e-01 +2.9254074e+00 +9.7667778e-01 +7.8871111e-01 +1.1452086e-01 -2.1665185e-01 +9.2905062e-02 +3.2932625e+04
9.3212100e-01 +5.0000000e-02 +1.4335222e+01 +1.9953222e-01 -1.7475889e-01 +2.9063951e+00 +9.6011605e-01 +7.8539877e-01 +1.1571296e-01 -2.0773951e-01 +9.5277407e-02 +3.2766207e+04
9.3373700e-01 +5.0000000e-02 +1.4315778e+01 +2.0377778e-01 -1.8012000e-01 +2.8893951e+00 +9.4349506e-01 +7.8191481e-01 +1.1732593e-01 -1.9859630e-01 +9.7528642e-02 +3.2618851e+04
9.3532800e-01 +5.0000000e-02 +1.4295000e+01 +2.0762000e-01 -1.8528667e-01 +2.8747284e+00 +9.2682469e-01 +7.7837160e-01 +1.1939062e-01 -1.8935679e-01 +9.9649383e-02 +3.2492629e+04
9.3689300e-01 +5.0000000e-02 +1.4272889e+01 +2.1105889e-01 -1.9019333e-01 +2.8626296e+00 +9.1011235e-01 +7.7486543e-01 +1.2193765e-01 -1.8011975e-01 +1.0163321e-01 +3.2391688e+04
9.3843400e-01 +5.0000000e-02 +1.4249222e+01 +2.1409667e-01 -1.9477333e-01 +2.8531728e+00 +8.9335679e-01 +7.7146914e-01 +1.2498519e-01 -1.7094444e-01 +1.0347506e-01 +3.2321882e+04
9.3995000e-01 +5.0000000e-02 +1.4224222e+01 +2.1673111e-01 -1.9896222e-01 +2.8463827e+00 +8.7655309e-01 +7.6823457e-01 +1.2852963e-01 -1.6186420e-01 +1.0517383e-01 +3.2287840e+04
9.4144200e-01 +5.0000000e-02 +1.4197556e+01 +2.1896556e-01 -2.0270556e-01 +2.8422840e+00 +8.5969506e-01 +7.6519136e-01 +1.3253951e-01 -1.5291111e-01 +1.0673222e-01 +3.2290112e+04
9.4291000e-01 +5.0000000e-02 +1.4169111e+01 +2.2079667e-01 -2.0595889e-01 +2.8409012e+00 +8.4277160e-01 +7.6236049e-01 +1.3697284e-01 -1.4412840e-01 +1.0815519e-01 +3.2327039e+04
9.4435500e-01 +5.0000000e-02 +1.4139111e+01 +2.2222889e-01 -2.0869111e-01 +2.8422346e+00 +8.2577284e-01 +7.5974074e-01 +1.4178765e-01 -1.3555802e-01 +1.0944901e-01 +3.2396864e+04
9.4577700e-01 +5.0000000e-02 +1.4107111e+01 +2.2326222e-01 -2.1087889e-01 +2.8462963e+00 +8.0868148e-01 +7.5731481e-01 +1.4695062e-01 -1.2723333e-01 +1.1062074e-01 +3.2500431e+04
9.4717500e-01 +5.0000000e-02 +1.4073333e+01 +2.2389889e-01 -2.1250111e-01 +2.8530494e+00 +7.9148765e-01 +7.5505802e-01 +1.5243333e-01 -1.1915778e-01 +1.1167753e-01 +3.2642411e+04
9.4855100e-01 +5.0000000e-02 +1.4037444e+01 +2.2414333e-01 -2.1353667e-01 +2.8624568e+00 +7.7418025e-01 +7.5295926e-01 +1.5820741e-01 -1.1131963e-01 +1.1262654e-01 +3.2829465e+04
9.4990500e-01 +5.0000000e-02 +1.3999444e+01 +2.2400000e-01 -2.1395444e-01 +2.8745062e+00 +7.5675309e-01 +7.5103457e-01 +1.6423951e-01 -1.0370296e-01 +1.1347494e-01 +3.3067617e+04
9.5123600e-01 +5.0000000e-02 +1.3959333e+01 +2.2347222e-01 -2.1372778e-01 +2.8892963e+00 +7.3920000e-01 +7.4930617e-01 +1.7050247e-01 -9.6301235e-02 +1.1422938e-01 +3.3358595e+04
9.5254600e-01 +5.0000000e-02 +1.3916778e+01 +2.2256778e-01 -2.1283000e-01 +2.9070123e+00 +7.2151852e-01 +7.4778765e-01 +1.7697407e-01 -8.9122716e-02 +1.1489605e-01 +3.3700661e+04
9.5383400e-01 +5.0000000e-02 +1.3871667e+01 +2.2129111e-01 -2.1123889e-01 +2.9278642e+00 +7.0370617e-01 +7.4646914e-01 +1.8363210e-01 -8.2186173e-02 +1.1548123e-01 +3.4091210e+04
9.5510100e-01 +5.0000000e-02 +1.3824000e+01 +2.1965222e-01 -2.0893222e-01 +2.9520123e+00 +6.8576296e-01 +7.4532222e-01 +1.9045432e-01 -7.5512222e-02 +1.1599111e-01 +3.4528607e+04
9.5634800e-01 +5.0000000e-02 +1.3773556e+01 +2.1766111e-01 -2.0588667e-01 +2.9795679e+00 +6.6768272e-01 +7.4429012e-01 +1.9741728e-01 -6.9111481e-02 +1.1642963e-01 +3.5012090e+04
9.5757400e-01 +5.0000000e-02 +1.3720222e+01 +2.1532667e-01 -2.0207111e-01 +3.0105926e+00 +6.4946420e-01 +7.4330741e-01 +2.0449506e-01 -6.2976543e-02 +1.1679506e-01 +3.5542140e+04
9.5877900e-01 +5.0000000e-02 +1.3663889e+01 +2.1266000e-01 -1.9745556e-01 +3.0450864e+00 +6.3110123e-01 +7.4230988e-01 +2.1166914e-01 -5.7079630e-02 +1.1707951e-01 +3.6119762e+04
9.5996400e-01 +5.0000000e-02 +1.3604333e+01 +2.0967444e-01 -1.9200889e-01 +3.0830247e+00 +6.1259012e-01 +7.4123457e-01 +2.1891481e-01 -5.1377531e-02 +1.1726951e-01 +3.6746933e+04
9.6113000e-01 +5.0000000e-02 +1.3541333e+01 +2.0638111e-01 -1.8570556e-01 +3.1243457e+00 +5.9392963e-01 +7.4002593e-01 +2.2621111e-01 -4.5821358e-02 +1.1735025e-01 +3.7425404e+04
9.6227600e-01 +5.0000000e-02 +1.3474889e+01 +2.0279444e-01 -1.7852444e-01 +3.1689630e+00 +5.7512346e-01 +7.3863086e-01 +2.3352840e-01 -4.0366049e-02 +1.1730815e-01 +3.8156833e+04
9.6340300e-01 +5.0000000e-02 +1.3404556e+01 +1.9892556e-01 -1.7045333e-01 +3.2168025e+00 +5.5617778e-01 +7.3700494e-01 +2.4083457e-01 -3.4977160e-02 +1.1713346e-01 +3.8944190e+04
9.6451100e-01 +5.0000000e-02 +1.3330333e+01 +1.9478889e-01 -1.6148778e-01 +3.2677654e+00 +5.3710494e-01 +7.3511481e-01 +2.4809012e-01 -2.9634938e-02 +1.1682099e-01 +3.9789486e+04
9.6560100e-01 +5.0000000e-02 +1.3251778e+01 +1.9039667e-01 -1.5163222e-01 +3.3217778e+00 +5.1791975e-01 +7.3294815e-01 +2.5525556e-01 -2.4333333e-02 +1.1637025e-01 +4.0693000e+04
9.6667200e-01 +5.0000000e-02 +1.3168778e+01 +1.8576444e-01 -1.4089889e-01 +3.3787901e+00 +4.9864074e-01 +7.3050617e-01 +2.6228765e-01 -1.9077037e-02 +1.1578383e-01 +4.1654155e+04
9.6772500e-01 +5.0000000e-02 +1.3080889e+01 +1.8090333e-01 -1.2930222e-01 +3.4387160e+00 +4.7928889e-01 +7.2780370e-01 +2.6914938e-01 -1.3878148e-02 +1.1506395e-01 +4.2672498e+04
9.6876100e-01 +5.0000000e-02 +1.2988000e+01 +1.7583000e-01 -1.1686667e-01 +3.5014444e+00 +4.5988765e-01 +7.2485185e-01 +2.7580123e-01 -8.7523704e-03 +1.1420901e-01 +4.3748556e+04
9.6977800e-01 +5.0000000e-02 +1.2889556e+01 +1.7056000e-01 -1.0361967e-01 +3.5667901e+00 +4.4046543e-01 +7.2166296e-01 +2.8220741e-01 -3.7134444e-03 +1.1321160e-01 +4.4883990e+04
9.7077900e-01 +5.0000000e-02 +1.2785444e+01 +1.6510889e-01 -8.9596000e-02 +3.6345556e+00 +4.2104815e-01 +7.1824198e-01 +2.8832222e-01 +1.2328222e-03 +1.1205827e-01 +4.6079797e+04
9.7176200e-01 +5.0000000e-02 +1.2675111e+01 +1.5949556e-01 -7.4837667e-02 +3.7044568e+00 +4.0166914e-01 +7.1458765e-01 +2.9410000e-01 +6.0944938e-03 +1.1073173e-01 +4.7335793e+04
9.7272900e-01 +5.0000000e-02 +1.2558333e+01 +1.5373889e-01 -5.9393889e-02 +3.7761358e+00 +3.8235926e-01 +7.1069259e-01 +2.9948519e-01 +1.0895346e-02 +1.0921333e-01 +4.8648653e+04
9.7367900e-01 +5.0000000e-02 +1.2434556e+01 +1.4785778e-01 -4.3321222e-02 +3.8492469e+00 +3.6315309e-01 +7.0654321e-01 +3.0441235e-01 +1.5671481e-02 +1.0748519e-01 +5.0012500e+04
9.7461200e-01 +5.0000000e-02 +1.2303444e+01 +1.4187333e-01 -2.6682111e-02 +3.9233333e+00 +3.4408272e-01 +7.0211358e-01 +3.0881111e-01 +2.0463580e-02 +1.0553210e-01 +5.1419458e+04
9.7553000e-01 +5.0000000e-02 +1.2164444e+01 +1.3580444e-01 -9.5439333e-03 +3.9979506e+00 +3.2517901e-01 +6.9737531e-01 +3.1260123e-01 +2.5308642e-02 +1.0334272e-01 +5.2860352e+04
9.7643200e-01 +5.0000000e-02 +1.2017222e+01 +1.2967222e-01 +8.0214111e-03 +4.0725062e+00 +3.0647778e-01 +6.9229506e-01 +3.1569877e-01 +3.0233086e-02 +1.0091136e-01 +5.4325064e+04
9.7731900e-01 +5.0000000e-02 +1.1861222e+01 +1.2349889e-01 +2.5937556e-02 +4.1463704e+00 +2.8801235e-01 +6.8683827e-01 +3.1801358e-01 +3.5250370e-02 +9.8238395e-02 +5.5801292e+04
9.7819000e-01 +5.0000000e-02 +1.1695889e+01 +1.1730444e-01 +4.4122889e-02 +4.2187407e+00 +2.6982099e-01 +6.8097160e-01 +3.1945309e-01 +4.0361481e-02 +9.5330000e-02 +5.7273920e+04
9.7904600e-01 +5.0000000e-02 +1.1520778e+01 +1.1110911e-01 +6.2489556e-02 +4.2887160e+00 +2.5194568e-01 +6.7466049e-01 +3.1992099e-01 +4.5557037e-02 +9.2196420e-02 +5.8725019e+04
9.7988700e-01 +5.0000000e-02 +1.1335333e+01 +1.0493433e-01 +8.0942000e-02 +4.3551605e+00 +2.3442469e-01 +6.6787284e-01 +3.1932222e-01 +5.0820988e-02 +8.8851358e-02 +6.0134416e+04
9.8071400e-01 +5.0000000e-02 +1.1139000e+01 +9.8799889e-02 +9.9376000e-02 +4.4167901e+00 +2.1730370e-01 +6.6057284e-01 +3.1756049e-01 +5.6131605e-02 +8.5310617e-02 +6.1480123e+04
9.8152600e-01 +5.0000000e-02 +1.0931289e+01 +9.2725889e-02 +1.1767778e-01 +4.4721235e+00 +2.0062469e-01 +6.5272840e-01 +3.1454198e-01 +6.1461728e-02 +8.1590864e-02 +6.2738559e+04
9.8232400e-01 +5.0000000e-02 +1.0711611e+01 +8.6731667e-02 +1.3572333e-01 +4.5194198e+00 +1.8443333e-01 +6.4430370e-01 +3.1017901e-01 +6.6778148e-02 +7.7709506e-02 +6.3885264e+04
9.8310800e-01 +5.0000000e-02 +1.0479478e+01 +8.0836778e-02 +1.5337889e-01 +4.5567901e+00 +1.6877284e-01 +6.3526173e-01 +3.0439383e-01 +7.2040864e-02 +7.3684938e-02 +6.4895494e+04
9.8387800e-01 +5.0000000e-02 +1.0234411e+01 +7.5060111e-02 +1.7049889e-01 +4.5820988e+00 +1.5368765e-01 +6.2557160e-01 +2.9712593e-01 +7.7202593e-02 +6.9535679e-02 +6.5743933e+04
9.8463500e-01 +5.0000000e-02 +9.9759667e+00 +6.9420333e-02 +1.8693000e-01 +4.5930617e+00 +1.3921728e-01 +6.1519383e-01 +2.8833210e-01 +8.2209259e-02 +6.5281358e-02 +6.6406092e+04
9.8537900e-01 +5.0000000e-02 +9.7037333e+00 +6.3935444e-02 +2.0251000e-01 +4.5872346e+00 +1.2540123e-01 +6.0408889e-01 +2.7799877e-01 +8.6998395e-02 +6.0942840e-02 +6.6860192e+04
9.8611000e-01 +5.0000000e-02 +9.4173778e+00 +5.8622889e-02 +2.1707111e-01 +4.5620864e+00 +1.1227432e-01 +5.9220247e-01 +2.6614198e-01 +9.1497160e-02 +5.6542593e-02 +6.7090431e+04
9.8682800e-01 +5.0000000e-02 +9.1166667e+00 +5.3498556e-02 +2.3044000e-01 +4.5150617e+00 +9.9866173e-02 +5.7946667e-01 +2.5281481e-01 +9.5618025e-02 +5.2105556e-02 +6.7091067e+04
9.8753300e-01 +5.0000000e-02 +8.8014556e+00 +4.8577556e-02 +2.4244556e-01 +4.4436914e+00 +8.8201852e-02 +5.6579259e-01 +2.3810617e-01 +9.9255556e-02 +4.7659136e-02 +6.6871170e+04
9.8822500e-01 +5.0000000e-02 +8.4717556e+00 +4.3872667e-02 +2.5291889e-01 +4.3456914e+00 +7.7300864e-02 +5.5106914e-01 +2.2214938e-01 +1.0228432e-01 +4.3233951e-02 +6.6459328e+04
9.8890600e-01 +5.0000000e-02 +8.1276889e+00 +3.9395222e-02 +2.6169444e-01 +4.2191358e+00 +6.7176420e-02 +5.3516173e-01 +2.0511481e-01 +1.0455963e-01 +3.8863827e-02 +6.5906921e+04
9.8957400e-01 +5.0000000e-02 +7.7695778e+00 +3.5154222e-02 +2.6862222e-01 +4.0626790e+00 +5.7835432e-02 +5.1791605e-01 +1.8721852e-01 +1.0592321e-01 +3.4585185e-02 +6.5289487e+04
9.9023100e-01 +5.0000000e-02 +7.3979111e+00 +3.1156778e-02 +2.7356333e-01 +3.8757037e+00 +4.9279259e-02 +4.9916173e-01 +1.6871605e-01 +1.0621333e-01 +3.0436543e-02 +6.4704865e+04
9.9087600e-01 +5.0000000e-02 +7.0133778e+00 +2.7407444e-02 +2.7639889e-01 +3.6585679e+00 +4.1503210e-02 +4.7872099e-01 +1.4989877e-01 +1.0527926e-01 +2.6457654e-02 +6.4268296e+04
9.9150900e-01 +5.0000000e-02 +6.6168778e+00 +2.3909111e-02 +2.7703000e-01 +3.4128272e+00 +3.4497407e-02 +4.5641605e-01 +1.3108395e-01 +1.0299975e-01 +2.2687531e-02 +6.4102124e+04
9.9213200e-01 +5.0000000e-02 +6.2094889e+00 +2.0662889e-02 +2.7538333e-01 +3.1412840e+00 +2.8246914e-02 +4.3209012e-01 +1.1261111e-01 +9.9300494e-02 +1.9162469e-02 +6.4322203e+04
9.9274300e-01 +5.0000000e-02 +5.7925000e+00 +1.7668111e-02 +2.7140667e-01 +2.8481728e+00 +2.2732222e-02 +4.0561358e-01 +9.4822346e-02 +9.4171358e-02 +1.5914938e-02 +6.5022830e+04
9.9334300e-01 +5.0000000e-02 +5.3673667e+00 +1.4923000e-02 +2.6507444e-01 +2.5390370e+00 +1.7929506e-02 +3.7691481e-01 +7.8050494e-02 +8.7678272e-02 +1.2970864e-02 +6.6258476e+04
9.9393300e-01 +5.0000000e-02 +4.9356889e+00 +1.2425000e-02 +2.5638000e-01 +2.2205926e+00 +1.3810000e-02 +3.4599136e-01 +6.2600000e-02 +7.9968148e-02 +1.0348630e-02 +6.8031692e+04
9.9451200e-01 +5.0000000e-02 +4.4991333e+00 +1.0170633e-02 +2.4533889e-01 +1.9004444e+00 +1.0340580e-02 +3.1293704e-01 +4.8729259e-02 +7.1266296e-02 +8.0580000e-03 +7.0286132e+04
9.9508100e-01 +5.0000000e-02 +4.0594667e+00 +8.1562222e-03 +2.3198000e-01 +1.5865926e+00 +7.4826296e-03 +2.7796667e-01 +3.6632469e-02 +6.1864691e-02 +6.0994198e-03 +7.2909989e+04
9.9563900e-01 +5.0000000e-02 +3.6183889e+00 +6.3775667e-03 +2.1634667e-01 +1.2870000e+00 +5.1918642e-03 +2.4143951e-01 +2.6425926e-02 +5.2103704e-02 +4.4644198e-03 +7.5753297e+04
9.9618800e-01 +5.0000000e-02 +3.1775778e+00 +4.8302000e-03 +1.9848889e-01 +1.0090407e+00 +3.4176543e-03 +2.0388765e-01 +1.8137284e-02 +4.2348519e-02 +3.1364198e-03 +7.8655990e+04
9.9672600e-01 +5.0000000e-02 +2.7385556e+00 +3.5092778e-03 +1.7846667e-01 +7.5894938e-01 +2.1026914e-03 +1.6603457e-01 +1.1703889e-02 +3.2964321e-02 +2.0921852e-03 +8.1486473e+04
9.9725500e-01 +5.0000000e-02 +2.3026889e+00 +2.4095444e-03 +1.5634111e-01 +5.4151605e-01 +1.1828914e-03 +1.2881605e-01 +6.9774568e-03 +2.4293333e-02 +1.3033951e-03 +8.4179492e+04
9.9777500e-01 +5.0000000e-02 +1.8711222e+00 +1.5252333e-03 +1.3217667e-01 +3.5988025e-01 +5.8824938e-04 +9.3393580e-02 +3.7383333e-03 +1.6636173e-02 +7.3823457e-04 +8.6769678e+04
9.9828500e-01 +5.0000000e-02 +1.4447556e+00 +8.5001556e-04 +1.0604344e-01 +2.1557901e-01 +2.4458272e-04 +6.1168272e-02 +1.7161975e-03 +1.0239704e-02 +3.6264815e-04 +8.9409408e+04
9.9878600e-01 +5.0000000e-02 +1.0242611e+00 +3.7696556e-04 +7.8014556e-02 +1.0879593e-01 +7.6935926e-05 +3.3793704e-02 +6.1498148e-04 +5.2920247e-03 +1.4080988e-04 +9.2376829e+04
9.9927800e-01 +5.0000000e-02 +6.1005111e-01 +9.8420000e-05 +4.8167889e-02 +3.8773457e-02 +1.4997037e-05 +1.3196790e-02 +1.3796914e-04 +1.9240494e-03 +3.4704691e-05 +9.6060439e+04
9.9976100e-01 +5.0000000e-02 +2.0235222e-01 +0.0000000e+00 +1.6602444e-02 +4.2969136e-03 +1.0799654e-06 +1.6176790e-03 +9.0972593e-06 +2.1683333e-04 +2.5970864e-06 +1.0055871e+05
1.0000000e+00 +5.0000000e-02 +0.0000000e+00 +0.0000000e+00 +0.0000000e+00 +0.0000000e+00 +0.0000000e+00 +0.0000000e+00 +0.0000000e+00 +0.0000000e+00 +0.0000000e+00 +1.0055790e+05
