#    y              z              <u>            <v>            <w>            <u'u'>         <v'v'>         <w'w'>         <u'v'>         <u'w'>         <v'w'>         <eps>         
#----------------------------------------------------------------------------------------------------------------------------------------------------------------------------------
0.0000000e+00 +1.0000000e-04 +0.0000000e+00 +0.0000000e+00 +0.0000000e+00 +0.0000000e+00 +0.0000000e+00 +0.0000000e+00 +0.0000000e+00 +0.0000000e+00 +0.0000000e+00 +3.3764321e+02
2.3900000e-04 +1.0000000e-04 +8.8883667e-04 -8.1030889e-08 -2.3276889e-08 +6.2790370e-06 +7.9074568e-10 +8.0350247e-10 +1.8235802e-10 +1.5364444e-10 -6.7330988e-11 +3.3764337e+02
7.2200000e-04 +1.0000000e-04 +2.5402222e-03 -2.9434333e-07 -2.1245111e-08 +2.9678272e-05 +7.2624938e-09 +3.8158148e-09 -6.5911481e-09 +1.7094938e-10 -2.1206543e-10 +9.5200453e+02
1.2140000e-03 +1.0000000e-04 +4.1420444e-03 -4.7623111e-07 -3.0394222e-08 +5.3974691e-05 +2.9160000e-08 +7.6634321e-09 -3.0998272e-08 +3.5755556e-10 -6.3424321e-10 +1.7382229e+03
1.7150000e-03 +1.0000000e-04 +5.7248667e-03 -3.7029444e-07 -1.1551778e-07 +7.5442840e-05 +7.9967284e-08 +1.2637654e-08 -8.0120370e-08 +1.0674815e-09 -2.9329877e-09 +2.4923002e+03
2.2250000e-03 +1.0000000e-04 +7.3017333e-03 +3.3062444e-07 -3.1906889e-07 +9.3597160e-05 +1.7972099e-07 +1.8977284e-08 -1.5613333e-07 +1.9282840e-09 -9.7371235e-09 +3.1630472e+03
2.7450000e-03 +1.0000000e-04 +8.8795444e-03 +1.9611333e-06 -6.6207556e-07 +1.0873667e-04 +3.5799506e-07 +2.6611358e-08 -2.5696543e-07 +2.4528395e-09 -2.3815309e-08 +3.7471739e+03
3.2740000e-03 +1.0000000e-04 +1.0462644e-02 +4.8635444e-06 -1.1492444e-06 +1.2141840e-04 +6.5456296e-07 +3.5323704e-08 -3.7810617e-07 +2.3209012e-09 -4.7571235e-08 +4.2585045e+03
3.8120000e-03 +1.0000000e-04 +1.2054000e-02 +9.3708667e-06 -1.7736889e-06 +1.3226296e-04 +1.1187099e-06 +4.4865556e-08 -5.1481358e-07 +1.4333951e-09 -8.2881975e-08 +4.7171431e+03
4.3610000e-03 +1.0000000e-04 +1.3655778e-02 +1.5793667e-05 -2.5208111e-06 +1.4187037e-04 +1.8080617e-06 +5.5001605e-08 -6.6410370e-07 -1.1779778e-10 -1.3108889e-07 +5.1448924e+03
4.9190000e-03 +1.0000000e-04 +1.5269667e-02 +2.4411556e-05 -3.3718111e-06 +1.5078765e-04 +2.7872346e-06 +6.5524815e-08 -8.2630000e-07 -2.1108148e-09 -1.9302716e-07 +5.5632084e+03
5.4880000e-03 +1.0000000e-04 +1.6896889e-02 +3.5469889e-05 -4.3066889e-06 +1.5949383e-04 +4.1264444e-06 +7.6258519e-08 -1.0060728e-06 -4.2664444e-09 -2.6906667e-07 +5.9923275e+03
6.0670000e-03 +1.0000000e-04 +1.8538444e-02 +4.9181111e-05 -5.3069222e-06 +1.6840864e-04 +5.8998889e-06 +8.7055432e-08 -1.2129506e-06 -6.3262099e-09 -3.5913086e-07 +6.4508913e+03
6.6570000e-03 +1.0000000e-04 +2.0195222e-02 +6.5733000e-05 -6.3578222e-06 +1.7789012e-04 +8.1840741e-06 +9.7796296e-08 -1.4613086e-06 -8.1295062e-09 -4.6272099e-07 +6.9560644e+03
7.2570000e-03 +1.0000000e-04 +2.1867667e-02 +8.5299333e-05 -7.4503111e-06 +1.8825432e-04 +1.1055753e-05 +1.0838679e-07 -1.7697901e-06 -9.6903086e-09 -5.7892593e-07 +7.5235614e+03
7.8680000e-03 +1.0000000e-04 +2.3556111e-02 +1.0805667e-04 -8.5821333e-06 +1.9977901e-04 +1.4589753e-05 +1.1875556e-07 -2.1601852e-06 -1.1270840e-08 -7.0643704e-07 +8.1679524e+03
8.4910000e-03 +1.0000000e-04 +2.5260889e-02 +1.3420222e-04 -9.7584667e-06 +2.1271358e-04 +1.8856296e-05 +1.2885062e-07 -2.6557160e-06 -1.3441481e-08 -8.4356173e-07 +8.9028120e+03
9.1240000e-03 +1.0000000e-04 +2.6981778e-02 +1.6397556e-04 -1.0991711e-05 +2.2728642e-04 +2.3918272e-05 +1.3863951e-07 -3.2786667e-06 -1.7122840e-08 -9.8824074e-07 +9.7407531e+03
9.7690000e-03 +1.0000000e-04 +2.8718778e-02 +1.9767667e-04 -1.2300667e-05 +2.4371235e-04 +2.9827901e-05 +1.4810617e-07 -4.0475802e-06 -2.3602593e-08 -1.1380778e-06 +1.0693680e+04
1.0426000e-02 +1.0000000e-04 +3.0471333e-02 +2.3568000e-04 -1.3709111e-05 +2.6219136e-04 +3.6623457e-05 +1.5726543e-07 -4.9738025e-06 -3.4519630e-08 -1.2903827e-06 +1.1772616e+04
1.1094000e-02 +1.0000000e-04 +3.2238778e-02 +2.7845556e-04 -1.5243444e-05 +2.8291235e-04 +4.4326543e-05 +1.6616420e-07 -6.0578642e-06 -5.1810864e-08 -1.4422963e-06 +1.2987688e+04
1.1775000e-02 +1.0000000e-04 +3.4020333e-02 +3.2656667e-04 -1.6930667e-05 +3.0604691e-04 +5.2938889e-05 +1.7490000e-07 -7.2859383e-06 -7.7618765e-08 -1.5908889e-06 +1.4347799e+04
1.2467000e-02 +1.0000000e-04 +3.5814667e-02 +3.8067667e-04 -1.8795333e-05 +3.3174938e-04 +6.2442346e-05 +1.8362716e-07 -8.6266296e-06 -1.1416099e-07 -1.7334321e-06 +1.5860733e+04
1.3172000e-02 +1.0000000e-04 +3.7620556e-02 +4.4153556e-04 -2.0856667e-05 +3.6014568e-04 +7.2798765e-05 +1.9255556e-07 -1.0028988e-05 -1.6356914e-07 -1.8676420e-06 +1.7532942e+04
1.3890000e-02 +1.0000000e-04 +3.9436000e-02 +5.0996333e-04 -2.3126778e-05 +3.9133457e-04 +8.3953827e-05 +2.0193827e-07 -1.1421815e-05 -2.2771605e-07 -1.9919012e-06 +1.9368969e+04
1.4621000e-02 +1.0000000e-04 +4.1259000e-02 +5.8682667e-04 -2.5608222e-05 +4.2537037e-04 +9.5842840e-05 +2.1203333e-07 -1.2715062e-05 -3.0803086e-07 -2.1055062e-06 +2.1371662e+04
1.5365000e-02 +1.0000000e-04 +4.3087111e-02 +6.7300556e-04 -2.8292444e-05 +4.6226790e-04 +1.0839753e-04 +2.2306543e-07 -1.3803086e-05 -4.0535062e-07 -2.2087531e-06 +2.3542157e+04
1.6122000e-02 +1.0000000e-04 +4.4917556e-02 +7.6935667e-04 -3.1159778e-05 +5.0199012e-04 +1.2155543e-04 +2.3517284e-07 -1.4570370e-05 -5.1980864e-07 -2.3028395e-06 +2.5879513e+04
1.6892000e-02 +1.0000000e-04 +4.6747333e-02 +8.7667333e-04 -3.4179111e-05 +5.4444568e-04 +1.3526667e-04 +2.4837654e-07 -1.4897654e-05 -6.5079012e-07 -2.3896173e-06 +2.8381181e+04
1.7676000e-02 +1.0000000e-04 +4.8573000e-02 +9.9564667e-04 -3.7309111e-05 +5.8949136e-04 +1.4950000e-04 +2.6255432e-07 -1.4670741e-05 -7.9694691e-07 -2.4712593e-06 +3.1042667e+04
1.8474000e-02 +1.0000000e-04 +5.0390889e-02 +1.1268333e-03 -4.0499778e-05 +6.3692716e-04 +1.6424568e-04 +2.7744074e-07 -1.3787654e-05 -9.5629753e-07 -2.5497778e-06 +3.3857831e+04
1.9286000e-02 +1.0000000e-04 +5.2197111e-02 +1.2706000e-03 -4.3694444e-05 +6.8650494e-04 +1.7951358e-04 +2.9265802e-07 -1.2166037e-05 -1.1263704e-06 -2.6265926e-06 +3.6819026e+04
2.0113000e-02 +1.0000000e-04 +5.3987444e-02 +1.4271444e-03 -4.6832444e-05 +7.3792963e-04 +1.9532840e-04 +3.0775185e-07 -9.7487778e-06 -1.3043704e-06 -2.7022099e-06 +3.9916880e+04
2.0954000e-02 +1.0000000e-04 +5.5757778e-02 +1.5964222e-03 -4.9851556e-05 +7.9086914e-04 +2.1172222e-04 +3.2225309e-07 -6.5075802e-06 -1.4873457e-06 -2.7759753e-06 +4.3140250e+04
2.1810000e-02 +1.0000000e-04 +5.7503556e-02 +1.7781778e-03 -5.2690333e-05 +8.4496420e-04 +2.2871975e-04 +3.3574815e-07 -2.4441111e-06 -1.6723457e-06 -2.8461235e-06 +4.6477097e+04
2.2681000e-02 +1.0000000e-04 +5.9220556e-02 +1.9719000e-03 -5.5290556e-05 +8.9983210e-04 +2.4633457e-04 +3.4793827e-07 +2.4113827e-06 -1.8564568e-06 -2.9100123e-06 +4.9913620e+04
2.3568000e-02 +1.0000000e-04 +6.0904222e-02 +2.1768667e-03 -5.7599222e-05 +9.5508148e-04 +2.6455556e-04 +3.5868642e-07 +8.0036790e-06 -2.0368519e-06 -2.9646049e-06 +5.3435415e+04
2.4470000e-02 +1.0000000e-04 +6.2550444e-02 +2.3921667e-03 -5.9570444e-05 +1.0103198e-03 +2.8334444e-04 +3.6802593e-07 +1.4257901e-05 -2.2107901e-06 -3.0070123e-06 +5.7026683e+04
2.5388000e-02 +1.0000000e-04 +6.4155000e-02 +2.6166556e-03 -6.1166667e-05 +1.0651667e-03 +3.0263333e-04 +3.7613086e-07 +2.1086049e-05 -2.3755802e-06 -3.0350741e-06 +6.0671705e+04
2.6321000e-02 +1.0000000e-04 +6.5714000e-02 +2.8490444e-03 -6.2359556e-05 +1.1192568e-03 +3.2233210e-04 +3.8325432e-07 +2.8392840e-05 -2.5285556e-06 -3.0476914e-06 +6.4354500e+04
2.7271000e-02 +1.0000000e-04 +6.7223889e-02 +3.0879000e-03 -6.3130444e-05 +1.1722519e-03 +3.4233210e-04 +3.8964444e-07 +3.6081481e-05 -2.6671481e-06 -3.0449506e-06 +6.8060697e+04
2.8238000e-02 +1.0000000e-04 +6.8681222e-02 +3.3317000e-03 -6.3470778e-05 +1.2238457e-03 +3.6251975e-04 +3.9548395e-07 +4.4057531e-05 -2.7889630e-06 -3.0278395e-06 +7.1776547e+04
2.9221000e-02 +1.0000000e-04 +7.0083000e-02 +3.5788111e-03 -6.3381333e-05 +1.2737654e-03 +3.8278025e-04 +4.0085926e-07 +5.2230494e-05 -2.8919630e-06 -2.9978395e-06 +7.5488926e+04
3.0222000e-02 +1.0000000e-04 +7.1426778e-02 +3.8276111e-03 -6.2871778e-05 +1.3218025e-03 +4.0300864e-04 +4.0576790e-07 +6.0513827e-05 -2.9746667e-06 -2.9564074e-06 +7.9188216e+04
3.1239000e-02 +1.0000000e-04 +7.2710111e-02 +4.0764333e-03 -6.1959444e-05 +1.3677407e-03 +4.2310988e-04 +4.1016543e-07 +6.8823457e-05 -3.0364198e-06 -2.9046173e-06 +8.2863836e+04
3.2275000e-02 +1.0000000e-04 +7.3931111e-02 +4.3236111e-03 -6.0668556e-05 +1.4114691e-03 +4.4299753e-04 +4.1400988e-07 +7.7075062e-05 -3.0775185e-06 -2.8429259e-06 +8.6510087e+04
3.3328000e-02 +1.0000000e-04 +7.5088556e-02 +4.5675778e-03 -5.9028111e-05 +1.4528519e-03 +4.6259753e-04 +4.1731111e-07 +8.5181605e-05 -3.0993086e-06 -2.7713333e-06 +9.0119004e+04
3.4399000e-02 +1.0000000e-04 +7.6181111e-02 +4.8067667e-03 -5.7071333e-05 +1.4918395e-03 +4.8184444e-04 +4.2013951e-07 +9.3050988e-05 -3.1040494e-06 -2.6896049e-06 +9.3685771e+04
3.5489000e-02 +1.0000000e-04 +7.7208222e-02 +5.0397444e-03 -5.4833778e-05 +1.5284074e-03 +5.0067531e-04 +4.2262346e-07 +1.0058543e-04 -3.0947531e-06 -2.5975679e-06 +9.7206702e+04
3.6597000e-02 +1.0000000e-04 +7.8169333e-02 +5.2651444e-03 -5.2352333e-05 +1.5625309e-03 +5.1903333e-04 +4.2492593e-07 +1.0768296e-04 -3.0747284e-06 -2.4954444e-06 +1.0067731e+05
3.7724000e-02 +1.0000000e-04 +7.9064556e-02 +5.4817556e-03 -4.9663667e-05 +1.5942469e-03 +5.3686667e-04 +4.2722222e-07 +1.1423877e-04 -3.0471975e-06 -2.3840000e-06 +1.0409561e+05
3.8870000e-02 +1.0000000e-04 +7.9894000e-02 +5.6884556e-03 -4.6803333e-05 +1.6235926e-03 +5.5412346e-04 +4.2966790e-07 +1.2014951e-04 -3.0148395e-06 -2.2645185e-06 +1.0745982e+05
4.0036000e-02 +1.0000000e-04 +8.0658333e-02 +5.8842556e-03 -4.3804111e-05 +1.6506543e-03 +5.7075556e-04 +4.3238025e-07 +1.2531605e-04 -2.9795432e-06 -2.1386296e-06 +1.1077004e+05
4.1221000e-02 +1.0000000e-04 +8.1358444e-02 +6.0683000e-03 -4.0696222e-05 +1.6755062e-03 +5.8671852e-04 +4.3542716e-07 +1.2964691e-04 -2.9423580e-06 -2.0081235e-06 +1.1402544e+05
4.2426000e-02 +1.0000000e-04 +8.1995222e-02 +6.2398444e-03 -3.7506444e-05 +1.6982346e-03 +6.0197284e-04 +4.3883457e-07 +1.3306914e-04 -2.9035802e-06 -1.8747037e-06 +1.1722779e+05
4.3652000e-02 +1.0000000e-04 +8.2570222e-02 +6.3982333e-03 -3.4259778e-05 +1.7189383e-03 +6.1648395e-04 +4.4259753e-07 +1.3552840e-04 -2.8630494e-06 -1.7398765e-06 +1.2037991e+05
4.4899000e-02 +1.0000000e-04 +8.3084778e-02 +6.5429667e-03 -3.0979333e-05 +1.7377407e-03 +6.3022593e-04 +4.4668148e-07 +1.3700494e-04 -2.8203704e-06 -1.6048765e-06 +1.2348382e+05
4.6166000e-02 +1.0000000e-04 +8.3540889e-02 +6.6736222e-03 -2.7686667e-05 +1.7547531e-03 +6.4318395e-04 +4.5104691e-07 +1.3750617e-04 -2.7750741e-06 -1.4705309e-06 +1.2654116e+05
4.7454000e-02 +1.0000000e-04 +8.3940444e-02 +6.7898556e-03 -2.4401333e-05 +1.7700988e-03 +6.5534321e-04 +4.5570000e-07 +1.3707901e-04 -2.7266543e-06 -1.3372346e-06 +1.2955636e+05
4.8764000e-02 +1.0000000e-04 +8.4285333e-02 +6.8914000e-03 -2.1141444e-05 +1.7839259e-03 +6.6668642e-04 +4.6074815e-07 +1.3579259e-04 -2.6748148e-06 -1.2053617e-06 +1.3253544e+05
5.0095000e-02 +1.0000000e-04 +8.4578000e-02 +6.9780444e-03 -1.7925556e-05 +1.7964568e-03 +6.7719753e-04 +4.6639136e-07 +1.3374568e-04 -2.6197407e-06 -1.0759852e-06 +1.3548354e+05
5.1449000e-02 +1.0000000e-04 +8.4820778e-02 +7.0496556e-03 -1.4774667e-05 +1.8079012e-03 +6.8687407e-04 +4.7283827e-07 +1.3106049e-04 -2.5624321e-06 -9.5150123e-07 +1.3841164e+05
5.2825000e-02 +1.0000000e-04 +8.5016000e-02 +7.1061667e-03 -1.1713444e-05 +1.8185309e-03 +6.9573951e-04 +4.8021975e-07 +1.2788642e-04 -2.5047037e-06 -8.3581852e-07 +1.4132967e+05
5.4223000e-02 +1.0000000e-04 +8.5166222e-02 +7.1476111e-03 -8.7694778e-06 +1.8286543e-03 +7.0387407e-04 +4.8846296e-07 +1.2438025e-04 -2.4489383e-06 -7.3365802e-07 +1.4425157e+05
5.5645000e-02 +1.0000000e-04 +8.5274222e-02 +7.1741111e-03 -5.9714556e-06 +1.8385802e-03 +7.1140494e-04 +4.9717901e-07 +1.2069370e-04 -2.3976914e-06 -6.4873827e-07 +1.4719679e+05
5.7090000e-02 +1.0000000e-04 +8.5342778e-02 +7.1859222e-03 -3.3477889e-06 +1.8485802e-03 +7.1848395e-04 +5.0571852e-07 +1.1694173e-04 -2.3536420e-06 -5.8136790e-07 +1.5018075e+05
5.8558000e-02 +1.0000000e-04 +8.5374778e-02 +7.1834333e-03 -9.2557111e-07 +1.8589259e-03 +7.2524691e-04 +5.1354074e-07 +1.1318370e-04 -2.3197901e-06 -5.2736173e-07 +1.5321780e+05
6.0050000e-02 +1.0000000e-04 +8.5373111e-02 +7.1671444e-03 +1.2704778e-06 +1.8697778e-03 +7.3176420e-04 +5.2062469e-07 +1.0941667e-04 -2.2996049e-06 -4.7979383e-07 +1.5632017e+05
6.1566000e-02 +1.0000000e-04 +8.5341222e-02 +7.1377556e-03 +3.2203000e-06 +1.8812963e-03 +7.3803704e-04 +5.2747778e-07 +1.0558494e-04 -2.2965679e-06 -4.3267778e-07 +1.5949402e+05
6.3107000e-02 +1.0000000e-04 +8.5282000e-02 +7.0961111e-03 +4.9125556e-06 +1.8935432e-03 +7.4402346e-04 +5.3470494e-07 +1.0160148e-04 -2.3130741e-06 -3.8365309e-07 +1.6274416e+05
6.4672000e-02 +1.0000000e-04 +8.5198889e-02 +7.0432111e-03 +6.3490444e-06 +1.9065556e-03 +7.4967037e-04 +5.4261481e-07 +9.7378889e-05 -2.3493827e-06 -3.3385062e-07 +1.6606973e+05
6.6263000e-02 +1.0000000e-04 +8.5095000e-02 +6.9801333e-03 +7.5480556e-06 +1.9203333e-03 +7.5494198e-04 +5.5125309e-07 +9.2868148e-05 -2.4030494e-06 -2.8603457e-07 +1.6947456e+05
6.7879000e-02 +1.0000000e-04 +8.4973444e-02 +6.9079778e-03 +8.5447889e-06 +1.9348148e-03 +7.5983333e-04 +5.6058025e-07 +8.8099383e-05 -2.4684815e-06 -2.4323086e-07 +1.7295627e+05
6.9520000e-02 +1.0000000e-04 +8.4837333e-02 +6.8277444e-03 +9.3886889e-06 +1.9498519e-03 +7.6438642e-04 +5.7042222e-07 +8.3201358e-05 -2.5371235e-06 -2.0816914e-07 +1.7651372e+05
7.1188000e-02 +1.0000000e-04 +8.4690000e-02 +6.7402444e-03 +1.0137822e-05 +1.9652469e-03 +7.6870247e-04 +5.8046173e-07 +7.8376914e-05 -2.5987778e-06 -1.8283951e-07 +1.8014890e+05
7.2882000e-02 +1.0000000e-04 +8.4534778e-02 +6.6460667e-03 +1.0849267e-05 +1.9807407e-03 +7.7296173e-04 +5.9050370e-07 +7.3839136e-05 -2.6445185e-06 -1.6885556e-07 +1.8385891e+05
7.4602000e-02 +1.0000000e-04 +8.4375667e-02 +6.5456000e-03 +1.1566778e-05 +1.9960494e-03 +7.7741728e-04 +6.0049259e-07 +6.9743704e-05 -2.6698148e-06 -1.6787531e-07 +1.8764364e+05
7.6350000e-02 +1.0000000e-04 +8.4217222e-02 +6.4390889e-03 +1.2309889e-05 +2.0108519e-03 +7.8237037e-04 +6.1031852e-07 +6.6138395e-05 -2.6765185e-06 -1.8023457e-07 +1.9150905e+05
7.8124000e-02 +1.0000000e-04 +8.4064444e-02 +6.3267667e-03 +1.3066889e-05 +2.0248642e-03 +7.8809877e-04 +6.2003827e-07 +6.2931235e-05 -2.6721975e-06 -2.0361605e-07 +1.9545673e+05
7.9926000e-02 +1.0000000e-04 +8.3923000e-02 +6.2089333e-03 +1.3797556e-05 +2.0379630e-03 +7.9479630e-04 +6.3022840e-07 +5.9880123e-05 -2.6663827e-06 -2.3476790e-07 +1.9950469e+05
8.1756000e-02 +1.0000000e-04 +8.3798444e-02 +6.0861667e-03 +1.4446111e-05 +2.0503457e-03 +8.0253580e-04 +6.4154815e-07 +5.6632840e-05 -2.6658395e-06 -2.7199136e-07 +2.0368020e+05
8.3615000e-02 +1.0000000e-04 +8.3695444e-02 +5.9593222e-03 +1.4963222e-05 +2.0625062e-03 +8.1127037e-04 +6.5394444e-07 +5.2853580e-05 -2.6719012e-06 -3.1388765e-07 +2.0802536e+05
8.5501000e-02 +1.0000000e-04 +8.3617556e-02 +5.8295111e-03 +1.5325778e-05 +2.0751235e-03 +8.2086173e-04 +6.6677160e-07 +4.8385062e-05 -2.6827284e-06 -3.5611111e-07 +2.1257936e+05
8.7416000e-02 +1.0000000e-04 +8.3567000e-02 +5.6979889e-03 +1.5541778e-05 +2.0887284e-03 +8.3110864e-04 +6.7965679e-07 +4.3317654e-05 -2.6978395e-06 -3.9380741e-07 +2.1738097e+05
8.9361000e-02 +1.0000000e-04 +8.3543778e-02 +5.5658667e-03 +1.5644222e-05 +2.1036296e-03 +8.4182963e-04 +6.9260494e-07 +3.7891358e-05 -2.7190741e-06 -4.2766790e-07 +2.2245127e+05
9.1335000e-02 +1.0000000e-04 +8.3546556e-02 +5.4337444e-03 +1.5685111e-05 +2.1198642e-03 +8.5291481e-04 +7.0555802e-07 +3.2327531e-05 -2.7472222e-06 -4.5993827e-07 +2.2779246e+05
9.3338000e-02 +1.0000000e-04 +8.3572333e-02 +5.3015222e-03 +1.5734444e-05 +2.1373086e-03 +8.6433210e-04 +7.1877778e-07 +2.6757654e-05 -2.7779259e-06 -4.8993827e-07 +2.3339844e+05
9.5371000e-02 +1.0000000e-04 +8.3617667e-02 +5.1684778e-03 +1.5865111e-05 +2.1558765e-03 +8.7608148e-04 +7.3259383e-07 +2.1265062e-05 -2.8016790e-06 -5.1785309e-07 +2.3926306e+05
9.7435000e-02 +1.0000000e-04 +8.3679556e-02 +5.0336889e-03 +1.6109889e-05 +2.1757160e-03 +8.8814074e-04 +7.4720494e-07 +1.5943086e-05 -2.8113086e-06 -5.4612099e-07 +2.4539192e+05
9.9529000e-02 +1.0000000e-04 +8.3756333e-02 +4.8966000e-03 +1.6424889e-05 +2.1972840e-03 +9.0042593e-04 +7.6237037e-07 +1.0929914e-05 -2.8100370e-06 -5.7564691e-07 +2.5180455e+05
1.0165400e-01 +1.0000000e-04 +8.3847889e-02 +4.7573000e-03 +1.6711778e-05 +2.2211111e-03 +9.1278519e-04 +7.7686543e-07 +6.3807654e-06 -2.8130617e-06 -5.9886667e-07 +2.5852657e+05
1.0381000e-01 +1.0000000e-04 +8.3955667e-02 +4.6163667e-03 +1.6882667e-05 +2.2475556e-03 +9.2500617e-04 +7.9068642e-07 +2.3971852e-06 -2.8375062e-06 -6.0419259e-07 +2.6557775e+05
1.0599800e-01 +1.0000000e-04 +8.4081889e-02 +4.4747556e-03 +1.6888111e-05 +2.2766296e-03 +9.3698889e-04 +8.0549630e-07 -9.6048519e-07 -2.8872099e-06 -5.9355679e-07 +2.7296806e+05
1.0821700e-01 +1.0000000e-04 +8.4230000e-02 +4.3340444e-03 +1.6695667e-05 +2.3080741e-03 +9.4893457e-04 +8.2134815e-07 -3.6033333e-06 -2.9522963e-06 -5.8025062e-07 +2.8070030e+05
1.1046800e-01 +1.0000000e-04 +8.4402778e-02 +4.1964000e-03 +1.6285000e-05 +2.3413457e-03 +9.6128765e-04 +8.3762346e-07 -5.4771481e-06 -3.0246790e-06 -5.7205556e-07 +2.8878199e+05
1.1275100e-01 +1.0000000e-04 +8.4601667e-02 +4.0642556e-03 +1.5662000e-05 +2.3757037e-03 +9.7446420e-04 +8.5490370e-07 -6.7709383e-06 -3.1052716e-06 -5.7142469e-07 +2.9720657e+05
1.1506700e-01 +1.0000000e-04 +8.4825000e-02 +3.9396556e-03 +1.4857333e-05 +2.4103333e-03 +9.8859630e-04 +8.7266790e-07 -8.0408765e-06 -3.1885926e-06 -5.7553333e-07 +3.0595595e+05
1.1741600e-01 +1.0000000e-04 +8.5068333e-02 +3.8241444e-03 +1.3891333e-05 +2.4448519e-03 +1.0033259e-03 +8.8839259e-07 -1.0017667e-05 -3.2570123e-06 -5.6722346e-07 +3.1500717e+05
1.1979700e-01 +1.0000000e-04 +8.5325778e-02 +3.7191333e-03 +1.2764556e-05 +2.4792716e-03 +1.0177778e-03 +9.0044691e-07 -1.3110864e-05 -3.3005926e-06 -5.2043086e-07 +3.2432702e+05
1.2221200e-01 +1.0000000e-04 +8.5591444e-02 +3.6257556e-03 +1.1517556e-05 +2.5135185e-03 +1.0308654e-03 +9.1113580e-07 -1.6998642e-05 -3.3370247e-06 -4.2190617e-07 +3.3387020e+05
1.2466000e-01 +1.0000000e-04 +8.5860556e-02 +3.5436556e-03 +1.0294544e-05 +2.5468642e-03 +1.0418802e-03 +9.2563210e-07 -2.0702593e-05 -3.3977531e-06 -3.0216667e-07 +3.4356259e+05
1.2714300e-01 +1.0000000e-04 +8.6130778e-02 +3.4700667e-03 +9.2727778e-06 +2.5784074e-03 +1.0509827e-03 +9.4475556e-07 -2.3159259e-05 -3.4985062e-06 -2.2573827e-07 +3.5337325e+05
1.2965900e-01 +1.0000000e-04 +8.6402556e-02 +3.4003667e-03 +8.5481000e-06 +2.6077037e-03 +1.0591988e-03 +9.6474568e-07 -2.3794198e-05 -3.6302593e-06 -2.3179877e-07 +3.6332862e+05
1.3220900e-01 +1.0000000e-04 +8.6678667e-02 +3.3297111e-03 +8.1346222e-06 +2.6347654e-03 +1.0679716e-03 +9.8259136e-07 -2.2590123e-05 -3.7626543e-06 -3.1430864e-07 +3.7350366e+05
1.3479400e-01 +1.0000000e-04 +8.6964444e-02 +3.2538000e-03 +8.0386556e-06 +2.6594198e-03 +1.0786037e-03 +9.9631728e-07 -2.0102963e-05 -3.8624815e-06 -4.3945556e-07 +3.8397343e+05
1.3741400e-01 +1.0000000e-04 +8.7266333e-02 +3.1698000e-03 +8.2214222e-06 +2.6813210e-03 +1.0916728e-03 +1.0071926e-06 -1.7768395e-05 -3.9194568e-06 -5.6520000e-07 +3.9478029e+05
1.4006800e-01 +1.0000000e-04 +8.7590222e-02 +3.0780778e-03 +8.5045778e-06 +2.7004074e-03 +1.1065630e-03 +1.0142272e-06 -1.7522346e-05 -3.9255556e-06 -6.4423704e-07 +4.0594461e+05
1.4275700e-01 +1.0000000e-04 +8.7939556e-02 +2.9837222e-03 +8.5908111e-06 +2.7171975e-03 +1.1216148e-03 +1.0182012e-06 -2.0401235e-05 -3.8770370e-06 -6.2266173e-07 +4.1747023e+05
1.4548200e-01 +1.0000000e-04 +8.8312556e-02 +2.8957444e-03 +8.2296000e-06 +2.7329877e-03 +1.1350259e-03 +1.0264185e-06 -2.5741481e-05 -3.8050370e-06 -5.0670494e-07 +4.2933930e+05
1.4824300e-01 +1.0000000e-04 +8.8702000e-02 +2.8234444e-03 +7.3801556e-06 +2.7496296e-03 +1.1457704e-03 +1.0410407e-06 -3.1777778e-05 -3.7441111e-06 -3.8195309e-07 +4.4155957e+05
1.5103800e-01 +1.0000000e-04 +8.9097667e-02 +2.7724333e-03 +6.2219000e-06 +2.7694321e-03 +1.1542605e-03 +1.0582148e-06 -3.6677037e-05 -3.7328765e-06 -3.3884568e-07 +4.5419172e+05
1.5387000e-01 +1.0000000e-04 +8.9491111e-02 +2.7429111e-03 +5.0143222e-06 +2.7942346e-03 +1.1623321e-03 +1.0729901e-06 -3.9713704e-05 -3.8044938e-06 -4.0731728e-07 +4.6734028e+05
1.5673800e-01 +1.0000000e-04 +8.9878444e-02 +2.7308000e-03 +4.0684556e-06 +2.8239012e-03 +1.1717259e-03 +1.0776395e-06 -4.1560988e-05 -3.8918025e-06 -5.1087778e-07 +4.8103527e+05
1.5964200e-01 +1.0000000e-04 +9.0260000e-02 +2.7319667e-03 +3.4463333e-06 +2.8571852e-03 +1.1823309e-03 +1.0794494e-06 -4.3331111e-05 -3.9519136e-06 -5.3520370e-07 +4.9520607e+05
1.6258200e-01 +1.0000000e-04 +9.0636667e-02 +2.7454667e-03 +2.7922111e-06 +2.8934321e-03 +1.1927012e-03 +1.0889407e-06 -4.5203457e-05 -4.0705062e-06 -4.9197407e-07 +5.0976198e+05
1.6555900e-01 +1.0000000e-04 +9.1007556e-02 +2.7717889e-03 +1.8556444e-06 +2.9316790e-03 +1.2017914e-03 +1.1010272e-06 -4.6300617e-05 -4.2646296e-06 -4.3307284e-07 +5.2461654e+05
1.6857200e-01 +1.0000000e-04 +9.1370000e-02 +2.8096111e-03 +8.1879222e-07 +2.9690123e-03 +1.2094346e-03 +1.1132321e-06 -4.5774198e-05 -4.4895679e-06 -3.7607284e-07 +5.3960722e+05
1.7162200e-01 +1.0000000e-04 +9.1721000e-02 +2.8562000e-03 -1.4095556e-08 +3.0023580e-03 +1.2160062e-03 +1.1287457e-06 -4.3481852e-05 -4.6946667e-06 -3.5521111e-07 +5.5458512e+05
1.7470800e-01 +1.0000000e-04 +9.2058556e-02 +2.9082000e-03 -4.3823333e-07 +3.0304444e-03 +1.2223099e-03 +1.1451667e-06 -3.9248642e-05 -4.8033951e-06 -4.0765432e-07 +5.6950497e+05
1.7783200e-01 +1.0000000e-04 +9.2385111e-02 +2.9617222e-03 -4.2615556e-07 +3.0534568e-03 +1.2292815e-03 +1.1561160e-06 -3.3138642e-05 -4.7566173e-06 -5.0413457e-07 +5.8444236e+05
1.8099200e-01 +1.0000000e-04 +9.2706000e-02 +3.0132556e-03 -1.6162889e-07 +3.0726049e-03 +1.2369259e-03 +1.1614062e-06 -2.5764444e-05 -4.5817531e-06 -5.4457778e-07 +5.9947213e+05
1.8419000e-01 +1.0000000e-04 +9.3025222e-02 +3.0594222e-03 +1.2220444e-07 +3.0897037e-03 +1.2446173e-03 +1.1689642e-06 -1.7588765e-05 -4.4198395e-06 -5.1254074e-07 +6.1465475e+05
1.8742400e-01 +1.0000000e-04 +9.3346222e-02 +3.1001444e-03 +1.4497556e-07 +3.1075432e-03 +1.2523086e-03 +1.1804630e-06 -9.6528025e-06 -4.3866543e-06 -4.6603333e-07 +6.3008697e+05
1.9069600e-01 +1.0000000e-04 +9.3669556e-02 +3.1396778e-03 -2.3372778e-07 +3.1278148e-03 +1.2603951e-03 +1.1883765e-06 -2.9399012e-06 -4.4137284e-06 -4.4297160e-07 +6.4585490e+05
1.9400400e-01 +1.0000000e-04 +9.3988889e-02 +3.1827556e-03 -9.3129222e-07 +3.1502716e-03 +1.2687778e-03 +1.1945247e-06 +1.6901852e-06 -4.4476543e-06 -4.0931358e-07 +6.6187434e+05
1.9735000e-01 +1.0000000e-04 +9.4289778e-02 +3.2317222e-03 -1.6752556e-06 +3.1739012e-03 +1.2762593e-03 +1.2047259e-06 +3.9186667e-06 -4.5366543e-06 -3.6801111e-07 +6.7792943e+05
2.0073300e-01 +1.0000000e-04 +9.4555111e-02 +3.2863444e-03 -2.1951111e-06 +3.1981358e-03 +1.2806543e-03 +1.2106123e-06 +4.5823333e-06 -4.6740247e-06 -3.1029259e-07 +6.9376881e+05
2.0415300e-01 +1.0000000e-04 +9.4774111e-02 +3.3413111e-03 -2.1719556e-06 +3.2205556e-03 +1.2803951e-03 +1.2194407e-06 +6.0362963e-06 -4.7603086e-06 -2.3126790e-07 +7.0911728e+05
2.0761100e-01 +1.0000000e-04 +9.4950889e-02 +3.3881111e-03 -1.6625111e-06 +3.2378642e-03 +1.2769506e-03 +1.2289679e-06 +1.0412654e-05 -4.7840370e-06 -1.8452716e-07 +7.2385384e+05
2.1110500e-01 +1.0000000e-04 +9.5100778e-02 +3.4226667e-03 -1.0813211e-06 +3.2492963e-03 +1.2740741e-03 +1.2323148e-06 +1.6984691e-05 -4.7792963e-06 -1.6882840e-07 +7.3810337e+05
2.1463600e-01 +1.0000000e-04 +9.5239333e-02 +3.4484111e-03 -8.7771444e-07 +3.2567654e-03 +1.2738148e-03 +1.2419877e-06 +2.3939753e-05 -4.8499753e-06 -1.4900370e-07 +7.5209886e+05
2.1820500e-01 +1.0000000e-04 +9.5375222e-02 +3.4690222e-03 -8.7830556e-07 +3.2608395e-03 +1.2761358e-03 +1.2499012e-06 +3.0371111e-05 -4.9456667e-06 -1.7324074e-07 +7.6595757e+05
2.2181000e-01 +1.0000000e-04 +9.5513444e-02 +3.4855667e-03 -9.6000667e-07 +3.2632716e-03 +1.2801111e-03 +1.2499259e-06 +3.5879753e-05 -5.0470370e-06 -1.7164321e-07 +7.7978402e+05
2.2545200e-01 +1.0000000e-04 +9.5658000e-02 +3.4959444e-03 -1.0004578e-06 +3.2656296e-03 +1.2839136e-03 +1.2521728e-06 +4.0930864e-05 -5.1035926e-06 -1.5745926e-07 +7.9366708e+05
2.2913100e-01 +1.0000000e-04 +9.5818333e-02 +3.4993222e-03 -1.1700667e-06 +3.2687778e-03 +1.2878395e-03 +1.2621111e-06 +4.7326667e-05 -5.1330000e-06 -2.3508519e-07 +8.0780879e+05
2.3284600e-01 +1.0000000e-04 +9.6002556e-02 +3.4996778e-03 -1.6427667e-06 +3.2716790e-03 +1.2938765e-03 +1.2683457e-06 +5.3611235e-05 -5.1259877e-06 -3.4899753e-07 +8.2235823e+05
2.3659700e-01 +1.0000000e-04 +9.6205111e-02 +3.5023556e-03 -2.2748333e-06 +3.2728889e-03 +1.3015432e-03 +1.2685802e-06 +5.6062716e-05 -5.0813827e-06 -3.8536543e-07 +8.3717759e+05
2.4038500e-01 +1.0000000e-04 +9.6406000e-02 +3.5101667e-03 -2.8015333e-06 +3.2745926e-03 +1.3071235e-03 +1.2738395e-06 +5.2117778e-05 -5.0755062e-06 -2.7872716e-07 +8.5195605e+05
2.4420900e-01 +1.0000000e-04 +9.6586111e-02 +3.5239000e-03 -3.4892111e-06 +3.2807407e-03 +1.3085309e-03 +1.2868642e-06 +4.5538025e-05 -5.2213457e-06 -1.8346296e-07 +8.6648930e+05
2.4806900e-01 +1.0000000e-04 +9.6727778e-02 +3.5343333e-03 -3.7440778e-06 +3.2881728e-03 +1.3087654e-03 +1.2974321e-06 +3.9922346e-05 -5.4300617e-06 -2.0507284e-07 +8.8044916e+05
2.5196400e-01 +1.0000000e-04 +9.6817333e-02 +3.5305222e-03 -3.0420000e-06 +3.2945185e-03 +1.3107531e-03 +1.3022346e-06 +3.3772716e-05 -5.5558025e-06 -2.6839877e-07 +8.9357754e+05
2.5589500e-01 +1.0000000e-04 +9.6848556e-02 +3.5097556e-03 -1.8224667e-06 +3.3027284e-03 +1.3128025e-03 +1.3012716e-06 +2.6689753e-05 -5.6128889e-06 -2.3415802e-07 +9.0580290e+05
2.5986100e-01 +1.0000000e-04 +9.6825889e-02 +3.4782556e-03 -6.0263222e-07 +3.3139753e-03 +1.3121481e-03 +1.3049506e-06 +2.0424568e-05 -5.6862963e-06 -1.5845556e-07 +9.1709360e+05
2.6386200e-01 +1.0000000e-04 +9.6761333e-02 +3.4438889e-03 +4.8784444e-07 +3.3274568e-03 +1.3091605e-03 +1.3092222e-06 +1.5336667e-05 -5.7281235e-06 -1.2695062e-07 +9.2755036e+05
2.6789700e-01 +1.0000000e-04 +9.6669556e-02 +3.4092333e-03 +1.6513556e-06 +3.3398025e-03 +1.3047531e-03 +1.3065062e-06 +1.0783247e-05 -5.6750617e-06 -7.8007160e-08 +9.3723717e+05
2.7196700e-01 +1.0000000e-04 +9.6576000e-02 +3.3766778e-03 +2.8225000e-06 +3.3502469e-03 +1.2995679e-03 +1.3040123e-06 +1.0479012e-05 -5.5559753e-06 -1.3768765e-08 +9.4648493e+05
2.7607100e-01 +1.0000000e-04 +9.6505222e-02 +3.3439667e-03 +3.9570556e-06 +3.3572346e-03 +1.2957407e-03 +1.3136049e-06 +1.6345802e-05 -5.4379753e-06 -8.9519383e-09 +9.5563027e+05
2.8020900e-01 +1.0000000e-04 +9.6469444e-02 +3.3033889e-03 +4.5725556e-06 +3.3652222e-03 +1.2957037e-03 +1.3155432e-06 +2.3766420e-05 -5.4486296e-06 -1.2212395e-07 +9.6515166e+05
2.8438000e-01 +1.0000000e-04 +9.6464889e-02 +3.2575889e-03 +4.3690000e-06 +3.3779259e-03 +1.2989506e-03 +1.3152716e-06 +2.8731728e-05 -5.5190741e-06 -2.0290370e-07 +9.7516136e+05
2.8858300e-01 +1.0000000e-04 +9.6478889e-02 +3.2195889e-03 +3.5048889e-06 +3.3885556e-03 +1.3025309e-03 +1.3218272e-06 +3.3755802e-05 -5.5029753e-06 -2.0413704e-07 +9.8512044e+05
2.9282000e-01 +1.0000000e-04 +9.6498889e-02 +3.1988444e-03 +2.0836667e-06 +3.3948519e-03 +1.3050741e-03 +1.3255926e-06 +4.0150370e-05 -5.5178025e-06 -2.2541975e-07 +9.9470036e+05
2.9708800e-01 +1.0000000e-04 +9.6496778e-02 +3.1894556e-03 +8.8825889e-07 +3.3939753e-03 +1.3044444e-03 +1.3196914e-06 +4.5032346e-05 -5.4137654e-06 -8.5304074e-08 +1.0032434e+06
3.0138800e-01 +1.0000000e-04 +9.6456222e-02 +3.1872000e-03 -2.6087222e-07 +3.3907407e-03 +1.3002593e-03 +1.3332716e-06 +5.0771605e-05 -5.4285802e-06 -4.7418395e-08 +1.0106075e+06
3.0572000e-01 +1.0000000e-04 +9.6360222e-02 +3.1775333e-03 -4.9081000e-07 +3.3808272e-03 +1.2953333e-03 +1.3397531e-06 +5.6843827e-05 -5.4598025e-06 -8.0569136e-08 +1.0164339e+06
3.1008200e-01 +1.0000000e-04 +9.6197556e-02 +3.1422333e-03 +5.3095222e-07 +3.3633333e-03 +1.2909136e-03 +1.3395309e-06 +5.9513333e-05 -5.4220000e-06 -1.1495123e-07 +1.0204928e+06
3.1447500e-01 +1.0000000e-04 +9.5987778e-02 +3.0745333e-03 +2.3007000e-06 +3.3437284e-03 +1.2867778e-03 +1.3316420e-06 +5.6953210e-05 -5.3559259e-06 -7.1785185e-08 +1.0232641e+06
3.1889700e-01 +1.0000000e-04 +9.5772778e-02 +2.9861889e-03 +4.0293667e-06 +3.3281728e-03 +1.2804074e-03 +1.3325926e-06 +5.0218642e-05 -5.3341358e-06 +5.0107160e-08 +1.0255871e+06
3.2334900e-01 +1.0000000e-04 +9.5583111e-02 +2.8928111e-03 +5.3892000e-06 +3.3191235e-03 +1.2714568e-03 +1.3319383e-06 +4.2907037e-05 -5.3347531e-06 +8.2971235e-08 +1.0281197e+06
3.2783000e-01 +1.0000000e-04 +9.5440667e-02 +2.8096444e-03 +5.8065667e-06 +3.3152716e-03 +1.2616420e-03 +1.3205432e-06 +3.5635679e-05 -5.2863580e-06 +7.1407778e-08 +1.0313152e+06
3.3233800e-01 +1.0000000e-04 +9.5359111e-02 +2.7509889e-03 +5.2632000e-06 +3.3143333e-03 +1.2509012e-03 +1.3090000e-06 +3.2060741e-05 -5.2323951e-06 +7.4268395e-08 +1.0353639e+06
3.3687500e-01 +1.0000000e-04 +9.5328556e-02 +2.7160667e-03 +4.2691000e-06 +3.3102222e-03 +1.2391605e-03 +1.3009506e-06 +3.5270864e-05 -5.1975556e-06 +1.0758864e-07 +1.0398197e+06
3.4143800e-01 +1.0000000e-04 +9.5324667e-02 +2.6917444e-03 +3.2952667e-06 +3.3052346e-03 +1.2288296e-03 +1.2999630e-06 +4.1583457e-05 -5.2226667e-06 +7.8337531e-09 +1.0444083e+06
3.4602800e-01 +1.0000000e-04 +9.5320778e-02 +2.6824556e-03 +1.7121667e-06 +3.3132099e-03 +1.2213568e-03 +1.2886543e-06 +4.4077284e-05 -5.3625432e-06 -2.3601728e-08 +1.0492964e+06
3.5064400e-01 +1.0000000e-04 +9.5283111e-02 +2.6969333e-03 +1.0323744e-07 +3.3283086e-03 +1.2137852e-03 +1.2870370e-06 +4.3641481e-05 -5.6164444e-06 +1.0966333e-07 +1.0534893e+06
3.5528600e-01 +1.0000000e-04 +9.5203889e-02 +2.7240111e-03 -5.3542000e-07 +3.3335309e-03 +1.2052062e-03 +1.2841728e-06 +4.3242099e-05 -5.7847901e-06 +1.0836420e-07 +1.0561451e+06
3.5995100e-01 +1.0000000e-04 +9.5099333e-02 +2.7450667e-03 -3.8419111e-07 +3.3275185e-03 +1.1990284e-03 +1.2709506e-06 +4.5389506e-05 -5.6460617e-06 -5.9532099e-08 +1.0576927e+06
3.6464100e-01 +1.0000000e-04 +9.4962000e-02 +2.7396556e-03 +5.4511333e-07 +3.3125185e-03 +1.1978160e-03 +1.2589753e-06 +4.9921605e-05 -5.4081481e-06 -1.1828741e-07 +1.0581061e+06
3.6935400e-01 +1.0000000e-04 +9.4781444e-02 +2.6869889e-03 +2.4116222e-06 +3.2984444e-03 +1.1997877e-03 +1.2592346e-06 +4.7286543e-05 -5.3773704e-06 -1.3125679e-07 +1.0574832e+06
3.7408900e-01 +1.0000000e-04 +9.4568667e-02 +2.5878778e-03 +4.2342667e-06 +3.2932593e-03 +1.1985753e-03 +1.2527037e-06 +3.4323951e-05 -5.2865309e-06 -5.6744198e-09 +1.0562342e+06
3.7884600e-01 +1.0000000e-04 +9.4359000e-02 +2.4711000e-03 +4.3885778e-06 +3.2964691e-03 +1.1924691e-03 +1.2611975e-06 +2.4804568e-05 -5.3611235e-06 +2.8714074e-09 +1.0549686e+06
3.8362400e-01 +1.0000000e-04 +9.4178000e-02 +2.3703222e-03 +3.0335222e-06 +3.3041481e-03 +1.1878704e-03 +1.2512346e-06 +2.3872469e-05 -5.5354691e-06 -1.4426420e-07 +1.0542513e+06
3.8842300e-01 +1.0000000e-04 +9.4010667e-02 +2.2918222e-03 +2.0203889e-06 +3.3081605e-03 +1.1866444e-03 +1.2450988e-06 +2.8804815e-05 -5.6527284e-06 -1.0827432e-07 +1.0534668e+06
3.9324100e-01 +1.0000000e-04 +9.3828778e-02 +2.2261111e-03 +2.0727444e-06 +3.3020247e-03 +1.1849321e-03 +1.2485556e-06 +3.2769136e-05 -5.6208519e-06 -4.6852222e-08 +1.0516870e+06
3.9807800e-01 +1.0000000e-04 +9.3615444e-02 +2.1569444e-03 +2.8771667e-06 +3.2899630e-03 +1.1803605e-03 +1.2521235e-06 +3.2326543e-05 -5.5683210e-06 -1.9305556e-08 +1.0487760e+06
4.0293300e-01 +1.0000000e-04 +9.3382778e-02 +2.0751889e-03 +3.7429333e-06 +3.2802593e-03 +1.1733025e-03 +1.2559383e-06 +3.0862222e-05 -5.5061605e-06 -2.0347160e-08 +1.0453631e+06
4.0780500e-01 +1.0000000e-04 +9.3165444e-02 +1.9752778e-03 +4.5101222e-06 +3.2686914e-03 +1.1683210e-03 +1.2527407e-06 +3.1386296e-05 -5.4113210e-06 -7.9986296e-08 +1.0420464e+06
4.1269400e-01 +1.0000000e-04 +9.2996444e-02 +1.8687111e-03 +4.8737000e-06 +3.2585185e-03 +1.1676210e-03 +1.2438519e-06 +2.6384198e-05 -5.3318025e-06 -1.2533333e-07 +1.0396519e+06
4.1759800e-01 +1.0000000e-04 +9.2871444e-02 +1.7677556e-03 +5.0448000e-06 +3.2542840e-03 +1.1660049e-03 +1.2376173e-06 +2.0897778e-05 -5.2860617e-06 -6.2088765e-09 +1.0381793e+06
4.2251700e-01 +1.0000000e-04 +9.2759444e-02 +1.6767778e-03 +4.9736667e-06 +3.2535185e-03 +1.1603296e-03 +1.2400494e-06 +2.1134815e-05 -5.3326790e-06 +1.1063790e-07 +1.0368379e+06
4.2745000e-01 +1.0000000e-04 +9.2640111e-02 +1.6168444e-03 +3.9659111e-06 +3.2546049e-03 +1.1526136e-03 +1.2393580e-06 +2.5402469e-05 -5.3052346e-06 +6.6683704e-08 +1.0352730e+06
4.3239600e-01 +1.0000000e-04 +9.2490000e-02 +1.5927667e-03 +2.8964556e-06 +3.2540864e-03 +1.1459395e-03 +1.2351852e-06 +3.4839136e-05 -5.3473951e-06 -3.3371852e-08 +1.0330492e+06
4.3735400e-01 +1.0000000e-04 +9.2295444e-02 +1.5618222e-03 +3.8394556e-06 +3.2333951e-03 +1.1418235e-03 +1.2203395e-06 +4.6466420e-05 -5.1750494e-06 -3.5136049e-08 +1.0291999e+06
4.4232400e-01 +1.0000000e-04 +9.2072222e-02 +1.4870222e-03 +6.0955000e-06 +3.1932593e-03 +1.1371247e-03 +1.2123728e-06 +5.1087531e-05 -4.8719136e-06 +9.6167901e-08 +1.0238932e+06
4.4730400e-01 +1.0000000e-04 +9.1847222e-02 +1.3749889e-03 +6.8333444e-06 +3.1596049e-03 +1.1272432e-03 +1.2179272e-06 +4.6099506e-05 -4.9789259e-06 +2.1439259e-07 +1.0186205e+06
4.5229300e-01 +1.0000000e-04 +9.1626556e-02 +1.2419667e-03 +6.9205778e-06 +3.1370247e-03 +1.1173691e-03 +1.2149765e-06 +4.0207901e-05 -5.0337654e-06 +5.5257037e-08 +1.0138834e+06
4.5729200e-01 +1.0000000e-04 +9.1454222e-02 +1.0900367e-03 +6.9660111e-06 +3.1330494e-03 +1.1151679e-03 +1.2040877e-06 +3.5926914e-05 -5.0928642e-06 -1.5599877e-07 +1.0110404e+06
4.6229800e-01 +1.0000000e-04 +9.1359444e-02 +9.3239111e-04 +5.9926444e-06 +3.1408519e-03 +1.1164741e-03 +1.2023951e-06 +2.8851235e-05 -5.2582346e-06 -8.8187901e-08 +1.0101320e+06
4.6731100e-01 +1.0000000e-04 +9.1312556e-02 +7.8796111e-04 +4.4640556e-06 +3.1492469e-03 +1.1141975e-03 +1.2054037e-06 +1.9444938e-05 -5.3644198e-06 +3.4430370e-08 +1.0098941e+06
4.7233000e-01 +1.0000000e-04 +9.1248556e-02 +6.4531778e-04 +4.5647333e-06 +3.1533457e-03 +1.1083136e-03 +1.2150185e-06 +1.0474605e-05 -5.3503086e-06 +1.0430247e-07 +1.0089155e+06
4.7735400e-01 +1.0000000e-04 +9.1166333e-02 +4.9119000e-04 +5.9608333e-06 +3.1535556e-03 +1.1030272e-03 +1.2238444e-06 +4.2803951e-06 -5.2513457e-06 +9.2067531e-08 +1.0072861e+06
4.8238200e-01 +1.0000000e-04 +9.1101111e-02 +3.3925556e-04 +6.7174000e-06 +3.1579753e-03 +1.1013667e-03 +1.2348519e-06 +3.3884568e-07 -5.2497654e-06 +1.3289012e-08 +1.0060959e+06
4.8741300e-01 +1.0000000e-04 +9.1063889e-02 +2.1203222e-04 +5.6508667e-06 +3.1727901e-03 +1.1038531e-03 +1.2474691e-06 -1.7781975e-07 -5.4218025e-06 -1.6176543e-07 +1.0059918e+06
4.9244700e-01 +1.0000000e-04 +9.1049222e-02 +1.0350956e-04 +4.3152222e-06 +3.1876914e-03 +1.1090346e-03 +1.2537901e-06 +2.4784198e-06 -5.4494444e-06 -2.2117284e-07 +1.0065207e+06
4.9748200e-01 +1.0000000e-04 +9.1043333e-02 +0.0000000e+00 +3.8321444e-06 +3.1907407e-03 +1.1130728e-03 +1.2542963e-06 +7.4567778e-06 -5.3319753e-06 -5.2140988e-08 +1.0067025e+06
5.0251800e-01 +1.0000000e-04 +9.1043333e-02 -1.0350956e-04 +3.2218667e-06 +3.1907407e-03 +1.1130728e-03 +1.2538889e-06 +1.3271235e-05 -5.4759630e-06 +5.2140988e-08 +1.0067025e+06
5.0755300e-01 +1.0000000e-04 +9.1049222e-02 -2.1203222e-04 +2.9008889e-06 +3.1876914e-03 +1.1090346e-03 +1.2454691e-06 +1.7180000e-05 -5.6068765e-06 +2.2117284e-07 +1.0065207e+06
5.1258700e-01 +1.0000000e-04 +9.1063889e-02 -3.3925556e-04 +3.2651889e-06 +3.1727901e-03 +1.1038531e-03 +1.2407160e-06 +1.6023704e-05 -5.7866173e-06 +1.6176543e-07 +1.0059918e+06
5.1761800e-01 +1.0000000e-04 +9.1101111e-02 -4.9119000e-04 +3.8961889e-06 +3.1579753e-03 +1.1013667e-03 +1.2376914e-06 +8.0023704e-06 -5.7197778e-06 -1.3289012e-08 +1.0060959e+06
5.2264600e-01 +1.0000000e-04 +9.1166333e-02 -6.4531778e-04 +3.6227556e-06 +3.1535556e-03 +1.1030272e-03 +1.2263963e-06 +1.6207160e-06 -5.4316173e-06 -9.2067531e-08 +1.0072861e+06
5.2767000e-01 +1.0000000e-04 +9.1248556e-02 -7.8796111e-04 +2.4187444e-06 +3.1533457e-03 +1.1083136e-03 +1.2275284e-06 -3.7234691e-06 -5.5384444e-06 -1.0430247e-07 +1.0089155e+06
5.3268900e-01 +1.0000000e-04 +9.1312556e-02 -9.3239111e-04 +2.3657556e-06 +3.1492469e-03 +1.1141975e-03 +1.2253420e-06 -1.3608272e-05 -5.5963827e-06 -3.4430370e-08 +1.0098941e+06
5.3770200e-01 +1.0000000e-04 +9.1359444e-02 -1.0900367e-03 +4.2729000e-06 +3.1408519e-03 +1.1164741e-03 +1.2259593e-06 -2.5721481e-05 -5.4423333e-06 +8.8187901e-08 +1.0101320e+06
5.4270800e-01 +1.0000000e-04 +9.1454222e-02 -1.2419667e-03 +5.9101778e-06 +3.1330494e-03 +1.1151679e-03 +1.2286457e-06 -3.4227901e-05 -5.2147778e-06 +1.5599877e-07 +1.0110404e+06
5.4770700e-01 +1.0000000e-04 +9.1626556e-02 -1.3749889e-03 +6.3897889e-06 +3.1370247e-03 +1.1173691e-03 +1.2400988e-06 -3.8168889e-05 -5.0934074e-06 -5.5257037e-08 +1.0138834e+06
5.5269600e-01 +1.0000000e-04 +9.1847222e-02 -1.4870222e-03 +5.5573222e-06 +3.1596049e-03 +1.1272432e-03 +1.2436543e-06 -4.5662099e-05 -5.2427654e-06 -2.1439259e-07 +1.0186205e+06
5.5767600e-01 +1.0000000e-04 +9.2072222e-02 -1.5618222e-03 +3.5717778e-06 +3.1932593e-03 +1.1371247e-03 +1.2416543e-06 -5.8978272e-05 -5.3518765e-06 -9.6167901e-08 +1.0238932e+06
5.6264600e-01 +1.0000000e-04 +9.2295444e-02 -1.5927667e-03 +6.4619889e-07 +3.2333951e-03 +1.1418235e-03 +1.2443086e-06 -6.3275556e-05 -5.5550494e-06 +3.5136049e-08 +1.0291999e+06
5.6760400e-01 +1.0000000e-04 +9.2490000e-02 -1.6168444e-03 -3.2785778e-07 +3.2540864e-03 +1.1459395e-03 +1.2627778e-06 -5.8010370e-05 -5.6393580e-06 +3.3371852e-08 +1.0330492e+06
5.7255000e-01 +1.0000000e-04 +9.2640111e-02 -1.6767778e-03 +1.9132556e-06 +3.2546049e-03 +1.1526136e-03 +1.2583704e-06 -5.3210617e-05 -5.4465556e-06 -6.6683704e-08 +1.0352730e+06
5.7748300e-01 +1.0000000e-04 +9.2759444e-02 -1.7677556e-03 +4.9951222e-06 +3.2535185e-03 +1.1603296e-03 +1.2618519e-06 -5.1698889e-05 -5.3400864e-06 -1.1063790e-07 +1.0368379e+06
5.8240200e-01 +1.0000000e-04 +9.2871444e-02 -1.8687111e-03 +6.7913444e-06 +3.2542840e-03 +1.1660049e-03 +1.2595062e-06 -5.2555556e-05 -5.2357901e-06 +6.2088765e-09 +1.0381793e+06
5.8730600e-01 +1.0000000e-04 +9.2996444e-02 -1.9752778e-03 +7.2326111e-06 +3.2585185e-03 +1.1676210e-03 +1.2585432e-06 -5.6467531e-05 -5.1874198e-06 +1.2533333e-07 +1.0396519e+06
5.9219500e-01 +1.0000000e-04 +9.3165444e-02 -2.0751889e-03 +6.5649444e-06 +3.2686914e-03 +1.1683210e-03 +1.2670123e-06 -5.8976173e-05 -5.3172346e-06 +7.9986296e-08 +1.0420464e+06
5.9706700e-01 +1.0000000e-04 +9.3382778e-02 -2.1569444e-03 +5.6491667e-06 +3.2802593e-03 +1.1733025e-03 +1.2712346e-06 -5.6420000e-05 -5.3417407e-06 +2.0347160e-08 +1.0453631e+06
6.0192200e-01 +1.0000000e-04 +9.3615444e-02 -2.2261111e-03 +4.8276111e-06 +3.2899630e-03 +1.1803605e-03 +1.2677531e-06 -5.3793333e-05 -5.2691728e-06 +1.9305556e-08 +1.0487760e+06
6.0675900e-01 +1.0000000e-04 +9.3828778e-02 -2.2918222e-03 +3.6648333e-06 +3.3020247e-03 +1.1849321e-03 +1.2597160e-06 -4.8906296e-05 -5.2493704e-06 +4.6852222e-08 +1.0516870e+06
6.1157700e-01 +1.0000000e-04 +9.4010667e-02 -2.3703222e-03 +3.2780111e-06 +3.3081605e-03 +1.1866444e-03 +1.2499259e-06 -3.8410247e-05 -5.2392099e-06 +1.0827432e-07 +1.0534668e+06
6.1637600e-01 +1.0000000e-04 +9.4178000e-02 -2.4711000e-03 +4.0843889e-06 +3.3041481e-03 +1.1878704e-03 +1.2423086e-06 -2.7570000e-05 -5.1852222e-06 +1.4426420e-07 +1.0542513e+06
6.2115400e-01 +1.0000000e-04 +9.4359000e-02 -2.5878778e-03 +5.0940667e-06 +3.2964691e-03 +1.1924691e-03 +1.2426543e-06 -2.8691852e-05 -5.2120617e-06 -2.8714074e-09 +1.0549686e+06
6.2591100e-01 +1.0000000e-04 +9.4568667e-02 -2.6869889e-03 +4.8767000e-06 +3.2932593e-03 +1.1985753e-03 +1.2260679e-06 -4.2387037e-05 -5.1344321e-06 +5.6744198e-09 +1.0562342e+06
6.3064600e-01 +1.0000000e-04 +9.4781444e-02 -2.7396556e-03 +3.0420556e-06 +3.2984444e-03 +1.1997877e-03 +1.2293358e-06 -5.7426420e-05 -5.1800000e-06 +1.3125679e-07 +1.0574832e+06
6.3535900e-01 +1.0000000e-04 +9.4962000e-02 -2.7450667e-03 +7.6040667e-07 +3.3125185e-03 +1.1978160e-03 +1.2332889e-06 -6.0791852e-05 -5.2743827e-06 +1.1828741e-07 +1.0581061e+06
6.4004900e-01 +1.0000000e-04 +9.5099333e-02 -2.7240111e-03 -1.0587933e-06 +3.3275185e-03 +1.1990284e-03 +1.2451605e-06 -5.6914815e-05 -5.5181358e-06 +5.9532099e-08 +1.0576927e+06
6.4471400e-01 +1.0000000e-04 +9.5203889e-02 -2.6969333e-03 -1.7840000e-06 +3.3335309e-03 +1.2052062e-03 +1.2518025e-06 -5.2488889e-05 -5.5494321e-06 -1.0836420e-07 +1.0561451e+06
6.4935600e-01 +1.0000000e-04 +9.5283111e-02 -2.6824556e-03 -1.1681667e-06 +3.3283086e-03 +1.2137852e-03 +1.2503951e-06 -4.7397531e-05 -5.3863333e-06 -1.0966333e-07 +1.0534893e+06
6.5397200e-01 +1.0000000e-04 +9.5320778e-02 -2.6917444e-03 +6.0157000e-07 +3.3132099e-03 +1.2213568e-03 +1.2512716e-06 -4.3175062e-05 -5.2112593e-06 +2.3601728e-08 +1.0492964e+06
6.5856200e-01 +1.0000000e-04 +9.5324667e-02 -2.7160667e-03 +1.9728444e-06 +3.3052346e-03 +1.2288296e-03 +1.2611111e-06 -4.0145802e-05 -5.2935309e-06 -7.8337531e-09 +1.0444083e+06
6.6312500e-01 +1.0000000e-04 +9.5328556e-02 -2.7509889e-03 +2.6872556e-06 +3.3102222e-03 +1.2391605e-03 +1.2585309e-06 -3.7612716e-05 -5.3617901e-06 -1.0758864e-07 +1.0398197e+06
6.6766200e-01 +1.0000000e-04 +9.5359111e-02 -2.8096444e-03 +3.8748222e-06 +3.3143333e-03 +1.2509012e-03 +1.2628148e-06 -3.8754568e-05 -5.3125556e-06 -7.4268395e-08 +1.0353639e+06
6.7217000e-01 +1.0000000e-04 +9.5440667e-02 -2.8928111e-03 +5.3895444e-06 +3.3152716e-03 +1.2616420e-03 +1.2702593e-06 -4.4509506e-05 -5.2266049e-06 -7.1407778e-08 +1.0313152e+06
6.7665100e-01 +1.0000000e-04 +9.5583111e-02 -2.9861889e-03 +6.4135111e-06 +3.3191235e-03 +1.2714568e-03 +1.2765062e-06 -5.0687654e-05 -5.1170123e-06 -8.2971235e-08 +1.0281197e+06
6.8110300e-01 +1.0000000e-04 +9.5772778e-02 -3.0745333e-03 +6.5544000e-06 +3.3281728e-03 +1.2804074e-03 +1.2784198e-06 -5.3447037e-05 -4.9957284e-06 -5.0107160e-08 +1.0255871e+06
6.8552500e-01 +1.0000000e-04 +9.5987778e-02 -3.1422333e-03 +5.1537222e-06 +3.3437284e-03 +1.2867778e-03 +1.2797778e-06 -5.5837901e-05 -5.0889383e-06 +7.1785185e-08 +1.0232641e+06
6.8991800e-01 +1.0000000e-04 +9.6197556e-02 -3.1775333e-03 +2.8999667e-06 +3.3633333e-03 +1.2909136e-03 +1.2889383e-06 -5.7358642e-05 -5.2814444e-06 +1.1495123e-07 +1.0204928e+06
6.9428000e-01 +1.0000000e-04 +9.6360222e-02 -3.1872000e-03 +1.3719778e-06 +3.3808272e-03 +1.2953333e-03 +1.2904815e-06 -5.6128765e-05 -5.3468395e-06 +8.0569136e-08 +1.0164339e+06
6.9861200e-01 +1.0000000e-04 +9.6456222e-02 -3.1894556e-03 +9.3119333e-07 +3.3907407e-03 +1.3002593e-03 +1.2914938e-06 -5.1964074e-05 -5.3955309e-06 +4.7418395e-08 +1.0106075e+06
7.0291200e-01 +1.0000000e-04 +9.6496778e-02 -3.1988444e-03 +1.0756522e-06 +3.3939753e-03 +1.3044444e-03 +1.2831481e-06 -4.8322346e-05 -5.4625926e-06 +8.5304074e-08 +1.0032434e+06
7.0718000e-01 +1.0000000e-04 +9.6498889e-02 -3.2195889e-03 +1.2250667e-06 +3.3948519e-03 +1.3050741e-03 +1.2902222e-06 -4.5829877e-05 -5.6523210e-06 +2.2541975e-07 +9.9470036e+05
7.1141700e-01 +1.0000000e-04 +9.6478889e-02 -3.2575889e-03 +1.8525889e-06 +3.3885556e-03 +1.3025309e-03 +1.2902346e-06 -4.3790617e-05 -5.7280741e-06 +2.0413704e-07 +9.8512044e+05
7.1562000e-01 +1.0000000e-04 +9.6464889e-02 -3.3033889e-03 +2.4245000e-06 +3.3779259e-03 +1.2989506e-03 +1.2818519e-06 -4.4263704e-05 -5.6662222e-06 +2.0290370e-07 +9.7516136e+05
7.1979100e-01 +1.0000000e-04 +9.6469444e-02 -3.3439667e-03 +2.7770889e-06 +3.3652222e-03 +1.2957037e-03 +1.2719259e-06 -4.1894691e-05 -5.4001358e-06 +1.2212395e-07 +9.6515166e+05
7.2392900e-01 +1.0000000e-04 +9.6505222e-02 -3.3766778e-03 +2.6232222e-06 +3.3572346e-03 +1.2957407e-03 +1.2687901e-06 -3.5232099e-05 -5.2652222e-06 +8.9519383e-09 +9.5563027e+05
7.2803300e-01 +1.0000000e-04 +9.6576000e-02 -3.4092333e-03 +2.2097778e-06 +3.3502469e-03 +1.2995679e-03 +1.2557901e-06 -2.9851111e-05 -5.2484074e-06 +1.3768765e-08 +9.4648493e+05
7.3210300e-01 +1.0000000e-04 +9.6669556e-02 -3.4438889e-03 +1.7690889e-06 +3.3398025e-03 +1.3047531e-03 +1.2481605e-06 -2.8073951e-05 -5.1973457e-06 +7.8007160e-08 +9.3723717e+05
7.3613800e-01 +1.0000000e-04 +9.6761333e-02 -3.4782556e-03 +1.1414111e-06 +3.3274568e-03 +1.3091605e-03 +1.2503827e-06 -2.7556049e-05 -5.2063951e-06 +1.2695062e-07 +9.2755035e+05
7.4013900e-01 +1.0000000e-04 +9.6825889e-02 -3.5097556e-03 +4.0308889e-07 +3.3139753e-03 +1.3121481e-03 +1.2519877e-06 -2.7276049e-05 -5.2120123e-06 +1.5845556e-07 +9.1709360e+05
7.4410500e-01 +1.0000000e-04 +9.6848556e-02 -3.5305222e-03 -6.1822556e-07 +3.3027284e-03 +1.3128025e-03 +1.2518025e-06 -2.9269877e-05 -5.2201728e-06 +2.3415802e-07 +9.0580290e+05
7.4803600e-01 +1.0000000e-04 +9.6817333e-02 -3.5343333e-03 -1.5701556e-06 +3.2945185e-03 +1.3107531e-03 +1.2580864e-06 -3.3759753e-05 -5.2435185e-06 +2.6839877e-07 +8.9357754e+05
7.5193100e-01 +1.0000000e-04 +9.6727778e-02 -3.5239000e-03 -1.8611333e-06 +3.2881728e-03 +1.3087654e-03 +1.2600247e-06 -3.8262840e-05 -5.1719753e-06 +2.0507284e-07 +8.8044916e+05
7.5579100e-01 +1.0000000e-04 +9.6586111e-02 -3.5101667e-03 -1.3635667e-06 +3.2807407e-03 +1.3085309e-03 +1.2510123e-06 -4.3140247e-05 -5.0294321e-06 +1.8346296e-07 +8.6648930e+05
7.5961500e-01 +1.0000000e-04 +9.6406000e-02 -3.5023556e-03 -4.2083111e-07 +3.2745926e-03 +1.3071235e-03 +1.2412346e-06 -4.9430370e-05 -4.8982346e-06 +2.7872716e-07 +8.5195605e+05
7.6340300e-01 +1.0000000e-04 +9.6205111e-02 -3.4996778e-03 +4.1813222e-07 +3.2728889e-03 +1.3015432e-03 +1.2439383e-06 -5.2902469e-05 -4.8990988e-06 +3.8536543e-07 +8.3717759e+05
7.6715400e-01 +1.0000000e-04 +9.6002556e-02 -3.4993222e-03 +1.1036867e-06 +3.2716790e-03 +1.2938765e-03 +1.2473086e-06 -4.9997654e-05 -4.9781111e-06 +3.4899753e-07 +8.2235823e+05
7.7086900e-01 +1.0000000e-04 +9.5818333e-02 -3.4959444e-03 +1.5087444e-06 +3.2687778e-03 +1.2878395e-03 +1.2413210e-06 -4.2680000e-05 -4.9744691e-06 +2.3508519e-07 +8.0780879e+05
7.7454800e-01 +1.0000000e-04 +9.5658000e-02 -3.4855667e-03 +1.5634444e-06 +3.2656296e-03 +1.2839136e-03 +1.2345926e-06 -3.3692099e-05 -4.8996296e-06 +1.5745926e-07 +7.9366708e+05
7.7819000e-01 +1.0000000e-04 +9.5513444e-02 -3.4690222e-03 +1.3363667e-06 +3.2632716e-03 +1.2801111e-03 +1.2290543e-06 -2.3896049e-05 -4.7482469e-06 +1.7164321e-07 +7.7978402e+05
7.8179500e-01 +1.0000000e-04 +9.5375222e-02 -3.4484111e-03 +8.4968889e-07 +3.2608395e-03 +1.2761358e-03 +1.2287556e-06 -1.2149111e-05 -4.6205926e-06 +1.7324074e-07 +7.6595757e+05
7.8536400e-01 +1.0000000e-04 +9.5239333e-02 -3.4226667e-03 -8.9409667e-09 +3.2567654e-03 +1.2738148e-03 +1.2223210e-06 -4.7828642e-07 -4.6172963e-06 +1.4900370e-07 +7.5209886e+05
7.8889500e-01 +1.0000000e-04 +9.5100778e-02 -3.3881111e-03 -1.2006000e-06 +3.2492963e-03 +1.2740741e-03 +1.2129407e-06 +8.4992840e-06 -4.7057654e-06 +1.6882840e-07 +7.3810336e+05
7.9238900e-01 +1.0000000e-04 +9.4950889e-02 -3.3413111e-03 -2.6009889e-06 +3.2378642e-03 +1.2769506e-03 +1.2029975e-06 +1.3838765e-05 -4.8289259e-06 +1.8452716e-07 +7.2385384e+05
7.9584700e-01 +1.0000000e-04 +9.4774111e-02 -3.2863444e-03 -3.5226778e-06 +3.2205556e-03 +1.2803951e-03 +1.1909728e-06 +1.4696543e-05 -4.9062222e-06 +2.3126790e-07 +7.0911728e+05
7.9926700e-01 +1.0000000e-04 +9.4555111e-02 -3.2317222e-03 -3.3626000e-06 +3.1981358e-03 +1.2806543e-03 +1.1840877e-06 +1.0926519e-05 -4.8613210e-06 +3.1029259e-07 +6.9376881e+05
8.0265000e-01 +1.0000000e-04 +9.4289778e-02 -3.1827556e-03 -2.3188444e-06 +3.1739012e-03 +1.2762593e-03 +1.1798901e-06 +5.8080864e-06 -4.6884815e-06 +3.6801111e-07 +6.7792943e+05
8.0599600e-01 +1.0000000e-04 +9.3988889e-02 -3.1396778e-03 -1.0362122e-06 +3.1502716e-03 +1.2687778e-03 +1.1713185e-06 +3.5094321e-06 -4.4999259e-06 +4.0931358e-07 +6.6187434e+05
8.0930400e-01 +1.0000000e-04 +9.3669556e-02 -3.1001444e-03 +3.6360556e-08 +3.1278148e-03 +1.2603951e-03 +1.1603284e-06 +5.8700617e-06 -4.3691358e-06 +4.4297160e-07 +6.4585490e+05
8.1257600e-01 +1.0000000e-04 +9.3346222e-02 -3.0594222e-03 +7.4677000e-07 +3.1075432e-03 +1.2523086e-03 +1.1481556e-06 +1.2470741e-05 -4.2557407e-06 +4.6603333e-07 +6.3008697e+05
8.1581000e-01 +1.0000000e-04 +9.3025222e-02 -3.0132556e-03 +1.0945300e-06 +3.0897037e-03 +1.2446173e-03 +1.1348469e-06 +2.2109506e-05 -4.1959259e-06 +5.1254074e-07 +6.1465475e+05
8.1900800e-01 +1.0000000e-04 +9.2706000e-02 -2.9617222e-03 +1.2163778e-06 +3.0726049e-03 +1.2369259e-03 +1.1264123e-06 +3.3271852e-05 -4.2565432e-06 +5.4457778e-07 +5.9947213e+05
8.2216800e-01 +1.0000000e-04 +9.2385111e-02 -2.9082000e-03 +1.2790667e-06 +3.0534568e-03 +1.2292815e-03 +1.1222691e-06 +4.4145062e-05 -4.3894444e-06 +5.0413457e-07 +5.8444236e+05
8.2529200e-01 +1.0000000e-04 +9.2058556e-02 -2.8562000e-03 +1.4052222e-06 +3.0304444e-03 +1.2223099e-03 +1.1149753e-06 +5.2873704e-05 -4.4544321e-06 +4.0765432e-07 +5.6950497e+05
8.2837800e-01 +1.0000000e-04 +9.1721000e-02 -2.8096111e-03 +1.6589333e-06 +3.0023580e-03 +1.2160062e-03 +1.0994765e-06 +5.8365802e-05 -4.3893827e-06 +3.5521111e-07 +5.5458511e+05
8.3142800e-01 +1.0000000e-04 +9.1370000e-02 -2.7717889e-03 +2.0479222e-06 +2.9690123e-03 +1.2094346e-03 +1.0841741e-06 +6.0662593e-05 -4.2506914e-06 +3.7607284e-07 +5.3960722e+05
8.3444100e-01 +1.0000000e-04 +9.1007556e-02 -2.7454667e-03 +2.6268333e-06 +2.9316790e-03 +1.2017914e-03 +1.0718222e-06 +6.0200370e-05 -4.0786420e-06 +4.3307284e-07 +5.2461654e+05
8.3741800e-01 +1.0000000e-04 +9.0636667e-02 -2.7319667e-03 +3.2967889e-06 +2.8934321e-03 +1.1927012e-03 +1.0626012e-06 +5.7640370e-05 -3.8961358e-06 +4.9197407e-07 +5.0976198e+05
8.4035800e-01 +1.0000000e-04 +9.0260000e-02 -2.7308000e-03 +3.8397000e-06 +2.8571852e-03 +1.1823309e-03 +1.0568605e-06 +5.4535309e-05 -3.7380741e-06 +5.3520370e-07 +4.9520607e+05
8.4326200e-01 +1.0000000e-04 +8.9878444e-02 -2.7429111e-03 +4.2869222e-06 +2.8239012e-03 +1.1717259e-03 +1.0546753e-06 +5.2345926e-05 -3.6229506e-06 +5.1087778e-07 +4.8103526e+05
8.4613000e-01 +1.0000000e-04 +8.9491111e-02 -2.7724333e-03 +4.8810111e-06 +2.7942346e-03 +1.1623321e-03 +1.0473901e-06 +5.0786049e-05 -3.5260123e-06 +4.0731728e-07 +4.6734028e+05
8.4896200e-01 +1.0000000e-04 +8.9097667e-02 -2.8234444e-03 +5.6929222e-06 +2.7694321e-03 +1.1542605e-03 +1.0306827e-06 +4.8200370e-05 -3.4879753e-06 +3.3884568e-07 +4.5419172e+05
8.5175700e-01 +1.0000000e-04 +8.8702000e-02 -2.8957444e-03 +6.5692778e-06 +2.7496296e-03 +1.1457704e-03 +1.0127667e-06 +4.3655926e-05 -3.5423951e-06 +3.8195309e-07 +4.4155957e+05
8.5451800e-01 +1.0000000e-04 +8.8312556e-02 -2.9837222e-03 +7.2652556e-06 +2.7329877e-03 +1.1350259e-03 +1.0001531e-06 +3.7913086e-05 -3.6425432e-06 +5.0670494e-07 +4.2933930e+05
8.5724300e-01 +1.0000000e-04 +8.7939556e-02 -3.0780778e-03 +7.5227889e-06 +2.7171975e-03 +1.1216148e-03 +9.9543333e-07 +3.2731852e-05 -3.7631975e-06 +6.2266173e-07 +4.1747023e+05
8.5993200e-01 +1.0000000e-04 +8.7590222e-02 -3.1698000e-03 +7.3239222e-06 +2.7004074e-03 +1.1065630e-03 +9.9359383e-07 +2.9586914e-05 -3.8747037e-06 +6.4423704e-07 +4.0594461e+05
8.6258600e-01 +1.0000000e-04 +8.7266333e-02 -3.2538000e-03 +6.9144444e-06 +2.6813210e-03 +1.0916728e-03 +9.8749259e-07 +2.8919506e-05 -3.9296790e-06 +5.6520000e-07 +3.9478029e+05
8.6520600e-01 +1.0000000e-04 +8.6964444e-02 -3.3297111e-03 +6.6254667e-06 +2.6594198e-03 +1.0786037e-03 +9.7608025e-07 +2.9790494e-05 -3.9073704e-06 +4.3945556e-07 +3.8397343e+05
8.6779100e-01 +1.0000000e-04 +8.6678667e-02 -3.4003667e-03 +6.6776556e-06 +2.6347654e-03 +1.0679716e-03 +9.6200988e-07 +3.0633704e-05 -3.8049012e-06 +3.1430864e-07 +3.7350366e+05
8.7034100e-01 +1.0000000e-04 +8.6402556e-02 -3.4700667e-03 +7.0949111e-06 +2.6077037e-03 +1.0591988e-03 +9.4646667e-07 +3.0341235e-05 -3.6433333e-06 +2.3179877e-07 +3.6332862e+05
8.7285700e-01 +1.0000000e-04 +8.6130778e-02 -3.5436556e-03 +7.7909333e-06 +2.5784074e-03 +1.0509827e-03 +9.2961111e-07 +2.8515062e-05 -3.4703210e-06 +2.2573827e-07 +3.5337324e+05
8.7534000e-01 +1.0000000e-04 +8.5860556e-02 -3.6257556e-03 +8.6698556e-06 +2.5468642e-03 +1.0418802e-03 +9.1278642e-07 +2.5107531e-05 -3.3408025e-06 +3.0216667e-07 +3.4356259e+05
8.7778800e-01 +1.0000000e-04 +8.5591444e-02 -3.7191333e-03 +9.6410222e-06 +2.5135185e-03 +1.0308654e-03 +8.9936914e-07 +2.0366049e-05 -3.2813704e-06 +4.2190617e-07 +3.3387020e+05
8.8020300e-01 +1.0000000e-04 +8.5325778e-02 -3.8241444e-03 +1.0648000e-05 +2.4792716e-03 +1.0177778e-03 +8.8878025e-07 +1.5094074e-05 -3.2598765e-06 +5.2043086e-07 +3.2432702e+05
8.8258400e-01 +1.0000000e-04 +8.5068333e-02 -3.9396556e-03 +1.1675333e-05 +2.4448519e-03 +1.0033259e-03 +8.7755802e-07 +1.0403765e-05 -3.2203333e-06 +5.6722346e-07 +3.1500717e+05
8.8493300e-01 +1.0000000e-04 +8.4825000e-02 -4.0642556e-03 +1.2683889e-05 +2.4103333e-03 +9.8859630e-04 +8.6371852e-07 +6.9196914e-06 -3.1467160e-06 +5.7553333e-07 +3.0595595e+05
8.8724900e-01 +1.0000000e-04 +8.4601667e-02 -4.1964000e-03 +1.3565889e-05 +2.3757037e-03 +9.7446420e-04 +8.4675185e-07 +4.3649136e-06 -3.0614321e-06 +5.7142469e-07 +2.9720657e+05
8.8953200e-01 +1.0000000e-04 +8.4402778e-02 -4.3340444e-03 +1.4203333e-05 +2.3413457e-03 +9.6128765e-04 +8.2825556e-07 +1.9430741e-06 -2.9888148e-06 +5.7205556e-07 +2.8878199e+05
8.9178300e-01 +1.0000000e-04 +8.4230000e-02 -4.4747556e-03 +1.4558444e-05 +2.3080741e-03 +9.4893457e-04 +8.1056049e-07 -1.0710432e-06 -2.9353333e-06 +5.8025062e-07 +2.8070030e+05
8.9400200e-01 +1.0000000e-04 +8.4081889e-02 -4.6163667e-03 +1.4688667e-05 +2.2766296e-03 +9.3698889e-04 +7.9452469e-07 -5.0477778e-06 -2.8956667e-06 +5.9355679e-07 +2.7296806e+05
8.9619000e-01 +1.0000000e-04 +8.3955667e-02 -4.7573000e-03 +1.4689333e-05 +2.2475556e-03 +9.2500617e-04 +7.8045556e-07 -1.0002420e-05 -2.8653827e-06 +6.0419259e-07 +2.6557775e+05
8.9834600e-01 +1.0000000e-04 +8.3847889e-02 -4.8966000e-03 +1.4639000e-05 +2.2211111e-03 +9.1278519e-04 +7.6788395e-07 -1.5720494e-05 -2.8410247e-06 +5.9886667e-07 +2.5852657e+05
9.0047100e-01 +1.0000000e-04 +8.3756333e-02 -5.0336889e-03 +1.4593000e-05 +2.1972840e-03 +9.0042593e-04 +7.5520000e-07 -2.1886420e-05 -2.8148642e-06 +5.7564691e-07 +2.5180455e+05
9.0256500e-01 +1.0000000e-04 +8.3679556e-02 -5.1684778e-03 +1.4622667e-05 +2.1757160e-03 +8.8814074e-04 +7.4172963e-07 -2.8142963e-05 -2.7746420e-06 +5.4612099e-07 +2.4539192e+05
9.0462900e-01 +1.0000000e-04 +8.3617667e-02 -5.3015222e-03 +1.4802556e-05 +2.1558765e-03 +8.7608148e-04 +7.2795432e-07 -3.4158025e-05 -2.7136790e-06 +5.1785309e-07 +2.3926306e+05
9.0666200e-01 +1.0000000e-04 +8.3572333e-02 -5.4337444e-03 +1.5144333e-05 +2.1373086e-03 +8.6433210e-04 +7.1390494e-07 -3.9719877e-05 -2.6373210e-06 +4.8993827e-07 +2.3339844e+05
9.0866500e-01 +1.0000000e-04 +8.3546556e-02 -5.5658667e-03 +1.5571889e-05 +2.1198642e-03 +8.5291481e-04 +6.9918519e-07 -4.4737654e-05 -2.5562099e-06 +4.5993827e-07 +2.2779246e+05
9.1063900e-01 +1.0000000e-04 +8.3543778e-02 -5.6979889e-03 +1.5963222e-05 +2.1036296e-03 +8.4182963e-04 +6.8383827e-07 -4.9168272e-05 -2.4811975e-06 +4.2766790e-07 +2.2245127e+05
9.1258400e-01 +1.0000000e-04 +8.3567000e-02 -5.8295111e-03 +1.6207778e-05 +2.0887284e-03 +8.3110864e-04 +6.6903457e-07 -5.2988272e-05 -2.4240617e-06 +3.9380741e-07 +2.1738097e+05
9.1449900e-01 +1.0000000e-04 +8.3617556e-02 -5.9593222e-03 +1.6237333e-05 +2.0751235e-03 +8.2086173e-04 +6.5593827e-07 -5.6205926e-05 -2.3948272e-06 +3.5611111e-07 +2.1257936e+05
9.1638500e-01 +1.0000000e-04 +8.3695444e-02 -6.0861667e-03 +1.6041000e-05 +2.0625062e-03 +8.1127037e-04 +6.4393580e-07 -5.8875679e-05 -2.3916914e-06 +3.1388765e-07 +2.0802536e+05
9.1824400e-01 +1.0000000e-04 +8.3798444e-02 -6.2089333e-03 +1.5659444e-05 +2.0503457e-03 +8.0253580e-04 +6.3237901e-07 -6.1105679e-05 -2.4008519e-06 +2.7199136e-07 +2.0368020e+05
9.2007400e-01 +1.0000000e-04 +8.3923000e-02 -6.3267667e-03 +1.5154667e-05 +2.0379630e-03 +7.9479630e-04 +6.2135679e-07 -6.3074074e-05 -2.4095309e-06 +2.3476790e-07 +1.9950469e+05
9.2187600e-01 +1.0000000e-04 +8.4064444e-02 -6.4390889e-03 +1.4575556e-05 +2.0248642e-03 +7.8809877e-04 +6.1069506e-07 -6.5026296e-05 -2.4122346e-06 +2.0361605e-07 +1.9545673e+05
9.2365000e-01 +1.0000000e-04 +8.4217222e-02 -6.5456000e-03 +1.3940556e-05 +2.0108519e-03 +7.8237037e-04 +5.9997284e-07 -6.7225679e-05 -2.4075926e-06 +1.8023457e-07 +1.9150905e+05
9.2539800e-01 +1.0000000e-04 +8.4375667e-02 -6.6460667e-03 +1.3241667e-05 +1.9960494e-03 +7.7741728e-04 +5.8912346e-07 -6.9886049e-05 -2.3943210e-06 +1.6787531e-07 +1.8764364e+05
9.2711800e-01 +1.0000000e-04 +8.4534778e-02 -6.7402444e-03 +1.2457889e-05 +1.9807407e-03 +7.7296173e-04 +5.7856543e-07 -7.3129259e-05 -2.3717654e-06 +1.6885556e-07 +1.8385891e+05
9.2881200e-01 +1.0000000e-04 +8.4690000e-02 -6.8277444e-03 +1.1566778e-05 +1.9652469e-03 +7.6870247e-04 +5.6870370e-07 -7.6978025e-05 -2.3423580e-06 +1.8283951e-07 +1.8014890e+05
9.3048000e-01 +1.0000000e-04 +8.4837333e-02 -6.9079778e-03 +1.0547544e-05 +1.9498519e-03 +7.6438642e-04 +5.5948519e-07 -8.1367037e-05 -2.3114198e-06 +2.0816914e-07 +1.7651372e+05
9.3212100e-01 +1.0000000e-04 +8.4973444e-02 -6.9801333e-03 +9.3828222e-06 +1.9348148e-03 +7.5983333e-04 +5.5059506e-07 -8.6161481e-05 -2.2841235e-06 +2.4323086e-07 +1.7295627e+05
9.3373700e-01 +1.0000000e-04 +8.5095000e-02 -7.0432111e-03 +8.0588667e-06 +1.9203333e-03 +7.5494198e-04 +5.4186173e-07 -9.1189136e-05 -2.2629877e-06 +2.8603457e-07 +1.6947456e+05
9.3532800e-01 +1.0000000e-04 +8.5198889e-02 -7.0961111e-03 +6.5653222e-06 +1.9065556e-03 +7.4967037e-04 +5.3331605e-07 -9.6281111e-05 -2.2478519e-06 +3.3385062e-07 +1.6606973e+05
9.3689300e-01 +1.0000000e-04 +8.5282000e-02 -7.1377556e-03 +4.8942333e-06 +1.8935432e-03 +7.4402346e-04 +5.2508889e-07 -1.0130358e-04 -2.2376667e-06 +3.8365309e-07 +1.6274416e+05
9.3843400e-01 +1.0000000e-04 +8.5341222e-02 -7.1671444e-03 +3.0393778e-06 +1.8812963e-03 +7.3803704e-04 +5.1723951e-07 -1.0616815e-04 -2.2322469e-06 +4.3267778e-07 +1.5949402e+05
9.3995000e-01 +1.0000000e-04 +8.5373111e-02 -7.1834333e-03 +9.9682333e-07 +1.8697778e-03 +7.3176420e-04 +5.0955556e-07 -1.1082778e-04 -2.2327407e-06 +4.7979383e-07 +1.5632017e+05
9.4144200e-01 +1.0000000e-04 +8.5374778e-02 -7.1859222e-03 -1.2332667e-06 +1.8589259e-03 +7.2524691e-04 +5.0159506e-07 -1.1526506e-04 -2.2407284e-06 +5.2736173e-07 +1.5321780e+05
9.4291000e-01 +1.0000000e-04 +8.5342778e-02 -7.1741111e-03 -3.6443000e-06 +1.8485802e-03 +7.1848395e-04 +4.9301852e-07 -1.1947346e-04 -2.2573704e-06 +5.8136790e-07 +1.5018075e+05
9.4435500e-01 +1.0000000e-04 +8.5274222e-02 -7.1476111e-03 -6.2229111e-06 +1.8385802e-03 +7.1140494e-04 +4.8394691e-07 -1.2343370e-04 -2.2831235e-06 +6.4873827e-07 +1.4719679e+05
9.4577700e-01 +1.0000000e-04 +8.5166222e-02 -7.1061667e-03 -8.9505333e-06 +1.8286543e-03 +7.0387407e-04 +4.7494938e-07 -1.2709506e-04 -2.3177407e-06 +7.3365802e-07 +1.4425157e+05
9.4717500e-01 +1.0000000e-04 +8.5016000e-02 -7.0496556e-03 -1.1805667e-05 +1.8185309e-03 +6.9573951e-04 +4.6668025e-07 -1.3037037e-04 -2.3604074e-06 +8.3581852e-07 +1.4132967e+05
9.4855100e-01 +1.0000000e-04 +8.4820778e-02 -6.9780444e-03 -1.4766000e-05 +1.8079012e-03 +6.8687407e-04 +4.5949506e-07 -1.3315309e-04 -2.4098642e-06 +9.5150123e-07 +1.3841164e+05
9.4990500e-01 +1.0000000e-04 +8.4578000e-02 -6.8914000e-03 -1.7810556e-05 +1.7964568e-03 +6.7719753e-04 +4.5337654e-07 -1.3534074e-04 -2.4646790e-06 +1.0759852e-06 +1.3548354e+05
9.5123600e-01 +1.0000000e-04 +8.4285333e-02 -6.7898556e-03 -2.0921000e-05 +1.7839259e-03 +6.6668642e-04 +4.4809012e-07 -1.3684815e-04 -2.5234444e-06 +1.2053617e-06 +1.3253544e+05
9.5254600e-01 +1.0000000e-04 +8.3940444e-02 -6.6736222e-03 -2.4082444e-05 +1.7700988e-03 +6.5534321e-04 +4.4337037e-07 -1.3761605e-04 -2.5850247e-06 +1.3372346e-06 +1.2955636e+05
9.5383400e-01 +1.0000000e-04 +8.3540889e-02 -6.5429667e-03 -2.7281778e-05 +1.7547531e-03 +6.4318395e-04 +4.3904568e-07 -1.3760494e-04 -2.6485802e-06 +1.4705309e-06 +1.2654116e+05
9.5510100e-01 +1.0000000e-04 +8.3084778e-02 -6.3982333e-03 -3.0505889e-05 +1.7377407e-03 +6.3022593e-04 +4.3508395e-07 -1.3679383e-04 -2.7133333e-06 +1.6048765e-06 +1.2348382e+05
9.5634800e-01 +1.0000000e-04 +8.2570222e-02 -6.2398444e-03 -3.3739000e-05 +1.7189383e-03 +6.1648395e-04 +4.3153457e-07 -1.3517407e-04 -2.7782099e-06 +1.7398765e-06 +1.2037991e+05
9.5757400e-01 +1.0000000e-04 +8.1995222e-02 -6.0683000e-03 -3.6961889e-05 +1.6982346e-03 +6.0197284e-04 +4.2844074e-07 -1.3275432e-04 -2.8418025e-06 +1.8747037e-06 +1.1722779e+05
9.5877900e-01 +1.0000000e-04 +8.1358444e-02 -5.8842556e-03 -4.0151778e-05 +1.6755062e-03 +5.8671852e-04 +4.2579136e-07 -1.2955309e-04 -2.9025432e-06 +2.0081235e-06 +1.1402544e+05
9.5996400e-01 +1.0000000e-04 +8.0658333e-02 -5.6884556e-03 -4.3282222e-05 +1.6506543e-03 +5.7075556e-04 +4.2353827e-07 -1.2560617e-04 -2.9588148e-06 +2.1386296e-06 +1.1077004e+05
9.6113000e-01 +1.0000000e-04 +7.9894000e-02 -5.4817556e-03 -4.6322444e-05 +1.6235926e-03 +5.5412346e-04 +4.2160494e-07 -1.2095914e-04 -3.0089877e-06 +2.2645185e-06 +1.0745982e+05
9.6227600e-01 +1.0000000e-04 +7.9064556e-02 -5.2651444e-03 -4.9237778e-05 +1.5942469e-03 +5.3686667e-04 +4.1987407e-07 -1.1566284e-04 -3.0512222e-06 +2.3840000e-06 +1.0409561e+05
9.6340300e-01 +1.0000000e-04 +7.8169333e-02 -5.0397444e-03 -5.1989444e-05 +1.5625309e-03 +5.1903333e-04 +4.1818148e-07 -1.0977506e-04 -3.0833333e-06 +2.4954444e-06 +1.0067731e+05
9.6451100e-01 +1.0000000e-04 +7.7208222e-02 -4.8067667e-03 -5.4536111e-05 +1.5284074e-03 +5.0067531e-04 +4.1632593e-07 -1.0335802e-04 -3.1027407e-06 +2.5975679e-06 +9.7206702e+04
9.6560100e-01 +1.0000000e-04 +7.6181111e-02 -4.5675778e-03 -5.6835556e-05 +1.4918395e-03 +4.8184444e-04 +4.1410494e-07 -9.6477531e-05 -3.1067284e-06 +2.6896049e-06 +9.3685771e+04
9.6667200e-01 +1.0000000e-04 +7.5088556e-02 -4.3236111e-03 -5.8846444e-05 +1.4528519e-03 +4.6259753e-04 +4.1135309e-07 -8.9203333e-05 -3.0928148e-06 +2.7713333e-06 +9.0119003e+04
9.6772500e-01 +1.0000000e-04 +7.3931111e-02 -4.0764333e-03 -6.0529889e-05 +1.4114691e-03 +4.4299753e-04 +4.0797284e-07 -8.1607901e-05 -3.0591358e-06 +2.8429259e-06 +8.6510087e+04
9.6876100e-01 +1.0000000e-04 +7.2710111e-02 -3.8276111e-03 -6.1851333e-05 +1.3677407e-03 +4.2310988e-04 +4.0394444e-07 -7.3767284e-05 -3.0046667e-06 +2.9046173e-06 +8.2863836e+04
9.6977800e-01 +1.0000000e-04 +7.1426778e-02 -3.5788111e-03 -6.2781556e-05 +1.3218025e-03 +4.0300864e-04 +3.9933086e-07 -6.5761852e-05 -2.9293704e-06 +2.9564074e-06 +7.9188216e+04
9.7077900e-01 +1.0000000e-04 +7.0083000e-02 -3.3317000e-03 -6.3298000e-05 +1.2737654e-03 +3.8278025e-04 +3.9423827e-07 -5.7677284e-05 -2.8340864e-06 +2.9978395e-06 +7.5488926e+04
9.7176200e-01 +1.0000000e-04 +6.8681222e-02 -3.0879000e-03 -6.3385111e-05 +1.2238457e-03 +3.6251975e-04 +3.8877037e-07 -4.9605432e-05 -2.7203580e-06 +3.0278395e-06 +7.1776547e+04
9.7272900e-01 +1.0000000e-04 +6.7223889e-02 -2.8490444e-03 -6.3036000e-05 +1.1722519e-03 +3.4233210e-04 +3.8296543e-07 -4.1645432e-05 -2.5901605e-06 +3.0449506e-06 +6.8060697e+04
9.7367900e-01 +1.0000000e-04 +6.5714000e-02 -2.6166556e-03 -6.2252222e-05 +1.1192568e-03 +3.2233210e-04 +3.7674568e-07 -3.3901852e-05 -2.4457160e-06 +3.0476914e-06 +6.4354500e+04
9.7461200e-01 +1.0000000e-04 +6.4155000e-02 -2.3921667e-03 -6.1044778e-05 +1.0651667e-03 +3.0263333e-04 +3.6991605e-07 -2.6483580e-05 -2.2892963e-06 +3.0350741e-06 +6.0671705e+04
9.7553000e-01 +1.0000000e-04 +6.2550444e-02 -2.1768667e-03 -5.9433778e-05 +1.0103198e-03 +2.8334444e-04 +3.6219630e-07 -1.9500247e-05 -2.1230864e-06 +3.0070123e-06 +5.7026683e+04
9.7643200e-01 +1.0000000e-04 +6.0904222e-02 -1.9719000e-03 -5.7449000e-05 +9.5508148e-04 +2.6455556e-04 +3.5329506e-07 -1.3057160e-05 -1.9492099e-06 +2.9646049e-06 +5.3435415e+04
9.7731900e-01 +1.0000000e-04 +5.9220556e-02 -1.7781778e-03 -5.5128667e-05 +8.9983210e-04 +2.4633457e-04 +3.4299136e-07 -7.2498765e-06 -1.7697654e-06 +2.9100123e-06 +4.9913620e+04
9.7819000e-01 +1.0000000e-04 +5.7503556e-02 -1.5964222e-03 -5.2519444e-05 +8.4496420e-04 +2.2871975e-04 +3.3120988e-07 -2.1577284e-06 -1.5869259e-06 +2.8461235e-06 +4.6477097e+04
9.7904600e-01 +1.0000000e-04 +5.5757778e-02 -1.4271444e-03 -4.9674778e-05 +7.9086914e-04 +2.1172222e-04 +3.1805556e-07 +2.1614691e-06 -1.4030988e-06 +2.7759753e-06 +4.3140250e+04
9.7988700e-01 +1.0000000e-04 +5.3987444e-02 -1.2706000e-03 -4.6653222e-05 +7.3792963e-04 +1.9532840e-04 +3.0381111e-07 +5.6760988e-06 -1.2209111e-06 +2.7022099e-06 +3.9916880e+04
9.8071400e-01 +1.0000000e-04 +5.2197111e-02 -1.1268333e-03 -4.3516778e-05 +6.8650494e-04 +1.7951358e-04 +2.8888889e-07 +8.3834074e-06 -1.0432815e-06 +2.6265926e-06 +3.6819026e+04
9.8152600e-01 +1.0000000e-04 +5.0390889e-02 -9.9564667e-04 -4.0328444e-05 +6.3692716e-04 +1.6424568e-04 +2.7377284e-07 +1.0310000e-05 -8.7328148e-07 +2.5497778e-06 +3.3857831e+04
9.8232400e-01 +1.0000000e-04 +4.8573000e-02 -8.7667333e-04 -3.7149778e-05 +5.8949136e-04 +1.4950000e-04 +2.5894568e-07 +1.1510160e-05 -7.1397037e-07 +2.4712593e-06 +3.1042667e+04
9.8310800e-01 +1.0000000e-04 +4.6747333e-02 -7.6935667e-04 -3.4038222e-05 +5.4444568e-04 +1.3526667e-04 +2.4481852e-07 +1.2061988e-05 -5.6816667e-07 +2.3896173e-06 +2.8381181e+04
9.8387800e-01 +1.0000000e-04 +4.4917556e-02 -6.7300556e-04 -3.1044444e-05 +5.0199012e-04 +1.2155543e-04 +2.3168395e-07 +1.2061877e-05 -4.3819136e-07 +2.3028395e-06 +2.5879513e+04
9.8463500e-01 +1.0000000e-04 +4.3087111e-02 -5.8682667e-04 -2.8210111e-05 +4.6226790e-04 +1.0839753e-04 +2.1968519e-07 +1.1617790e-05 -3.2566790e-07 +2.2087531e-06 +2.3542157e+04
9.8537900e-01 +1.0000000e-04 +4.1259000e-02 -5.0996333e-04 -2.5566556e-05 +4.2537037e-04 +9.5842840e-05 +2.0881481e-07 +1.0841926e-05 -2.3137654e-07 +2.1055062e-06 +2.1371662e+04
9.8611000e-01 +1.0000000e-04 +3.9436000e-02 -4.4153556e-04 -2.3133111e-05 +3.9133457e-04 +8.3953827e-05 +1.9892963e-07 +9.8436420e-06 -1.5521358e-07 +1.9919012e-06 +1.9368969e+04
9.8682800e-01 +1.0000000e-04 +3.7620556e-02 -3.8067667e-04 -2.0917111e-05 +3.6014568e-04 +7.2798765e-05 +1.8980000e-07 +8.7230247e-06 -9.6234444e-08 +1.8676420e-06 +1.7532942e+04
9.8753300e-01 +1.0000000e-04 +3.5814667e-02 -3.2656667e-04 -1.8914889e-05 +3.3174938e-04 +6.2442346e-05 +1.8115679e-07 +7.5660741e-06 -5.2799506e-08 +1.7334321e-06 +1.5860733e+04
9.8822500e-01 +1.0000000e-04 +3.4020333e-02 -2.7845556e-04 -1.7112556e-05 +3.0604691e-04 +5.2938889e-05 +1.7273951e-07 +6.4415185e-06 -2.2760247e-08 +1.5908889e-06 +1.4347799e+04
9.8890600e-01 +1.0000000e-04 +3.2238778e-02 -2.3568000e-04 -1.5488667e-05 +2.8291235e-04 +4.4326543e-05 +1.6432840e-07 +5.3994938e-06 -3.6812469e-09 +1.4422963e-06 +1.2987688e+04
9.8957400e-01 +1.0000000e-04 +3.0471333e-02 -1.9767667e-04 -1.4016556e-05 +2.6219136e-04 +3.6623457e-05 +1.5576543e-07 +4.4720370e-06 +6.9431852e-09 +1.2903827e-06 +1.1772616e+04
9.9023100e-01 +1.0000000e-04 +2.8718778e-02 -1.6397556e-04 -1.2667000e-05 +2.4371235e-04 +2.9827901e-05 +1.4694198e-07 +3.6748272e-06 +1.1499790e-08 +1.1380778e-06 +1.0693680e+04
9.9087600e-01 +1.0000000e-04 +2.6981778e-02 -1.3420222e-04 -1.1411444e-05 +2.2728642e-04 +2.3918272e-05 +1.3780123e-07 +3.0100000e-06 +1.2108185e-08 +9.8824074e-07 +9.7407531e+03
9.9150900e-01 +1.0000000e-04 +2.5260889e-02 -1.0805667e-04 -1.0224222e-05 +2.1271358e-04 +1.8856296e-05 +1.2831358e-07 +2.4693210e-06 +1.0521975e-08 +8.4356173e-07 +8.9028120e+03
9.9213200e-01 +1.0000000e-04 +2.3556111e-02 -8.5299333e-05 -9.0849000e-06 +1.9977901e-04 +1.4589753e-05 +1.1847617e-07 +2.0375432e-06 +8.0789012e-09 +7.0643704e-07 +8.1679524e+03
9.9274300e-01 +1.0000000e-04 +2.1867667e-02 -6.5733000e-05 -7.9796556e-06 +1.8825432e-04 +1.1055753e-05 +1.0830531e-07 +1.6955185e-06 +5.6952346e-09 +5.7892593e-07 +7.5235614e+03
9.9334300e-01 +1.0000000e-04 +2.0195222e-02 -4.9181111e-05 -6.9022111e-06 +1.7789012e-04 +8.1840741e-06 +9.7840617e-08 +1.4228642e-06 +3.8965185e-09 +4.6272099e-07 +6.9560644e+03
9.9393300e-01 +1.0000000e-04 +1.8538444e-02 -3.5469889e-05 -5.8539444e-06 +1.6840864e-04 +5.8998889e-06 +8.7149877e-08 +1.2002284e-06 +2.8750864e-09 +3.5913086e-07 +6.4508913e+03
9.9451200e-01 +1.0000000e-04 +1.6896889e-02 -2.4411556e-05 -4.8433444e-06 +1.5949383e-04 +4.1264444e-06 +7.6333704e-08 +1.0109469e-06 +2.5669877e-09 +2.6906667e-07 +5.9923275e+03
9.9508100e-01 +1.0000000e-04 +1.5269667e-02 -1.5793667e-05 -3.8847111e-06 +1.5078765e-04 +2.7872346e-06 +6.5527531e-08 +8.4223457e-07 +2.7383827e-09 +1.9302716e-07 +5.5632084e+03
9.9563900e-01 +1.0000000e-04 +1.3655778e-02 -9.3708667e-06 -2.9963556e-06 +1.4187037e-04 +1.8080617e-06 +5.4901235e-08 +6.8583210e-07 +3.0723580e-09 +1.3108889e-07 +5.1448924e+03
9.9618800e-01 +1.0000000e-04 +1.2054000e-02 -4.8635444e-06 -2.1983556e-06 +1.3226296e-04 +1.1187099e-06 +4.4657901e-08 +5.3814074e-07 +3.2541975e-09 +8.2881975e-08 +4.7171431e+03
9.9672600e-01 +1.0000000e-04 +1.0462644e-02 -1.9611333e-06 -1.5099222e-06 +1.2141840e-04 +6.5456296e-07 +3.5029012e-08 +3.9981111e-07 +3.0501852e-09 +4.7571235e-08 +4.2585045e+03
9.9725500e-01 +1.0000000e-04 +8.8795444e-03 -3.3062444e-07 -9.4659778e-07 +1.0873667e-04 +3.5799506e-07 +2.6269630e-08 +2.7481728e-07 +2.3758642e-09 +2.3815309e-08 +3.7471739e+03
9.9777500e-01 +1.0000000e-04 +7.3017333e-03 +3.7029444e-07 -5.1741222e-07 +9.3597160e-05 +1.7972099e-07 +1.8639630e-08 +1.6894568e-07 +1.3470247e-09 +9.7371235e-09 +3.1630472e+03
9.9828500e-01 +1.0000000e-04 +5.7248667e-03 +4.7623111e-07 -2.2214000e-07 +7.5442840e-05 +7.9967284e-08 +1.2355802e-08 +8.7793827e-08 +2.9402346e-10 +2.9329877e-09 +2.4923002e+03
9.9878600e-01 +1.0000000e-04 +4.1420444e-03 +2.9434333e-07 -4.9353444e-08 +5.3974691e-05 +2.9160000e-08 +7.4756296e-09 +3.4454815e-08 -3.1577901e-10 +6.3424321e-10 +1.7382229e+03
9.9927800e-01 +1.0000000e-04 +2.5402222e-03 +8.1030889e-08 +2.3239667e-08 +2.9678272e-05 +7.2624938e-09 +3.7308889e-09 +7.4825309e-09 -1.9480000e-10 +2.1206543e-10 +9.5200453e+02
9.9976100e-01 +1.0000000e-04 +8.8883667e-04 +0.0000000e+00 +2.3345333e-08 +6.2790370e-06 +7.9074568e-10 +7.9015309e-10 -1.4619012e-10 +1.0069037e-10 +6.7330988e-11 +3.3764337e+02
1.0000000e+00 +1.0000000e-04 +0.0000000e+00 +0.0000000e+00 +0.0000000e+00 +0.0000000e+00 +0.0000000e+00 +0.0000000e+00 +0.0000000e+00 +0.0000000e+00 +0.0000000e+00 +3.3764321e+02
