#    y              z              <u>            <v>            <w>            <u'u'>         <v'v'>         <w'w'>         <u'v'>         <u'w'>         <v'w'>         <eps>         
#----------------------------------------------------------------------------------------------------------------------------------------------------------------------------------
0.0000000e+00 +3.0000000e-01 +0.0000000e+00 +0.0000000e+00 +0.0000000e+00 +0.0000000e+00 +0.0000000e+00 +0.0000000e+00 +0.0000000e+00 +0.0000000e+00 +0.0000000e+00 +1.8928025e+05
2.3900000e-04 +3.0000000e-01 +2.3085889e-01 +3.6371667e-06 +6.7357667e-03 +8.1168148e-03 +3.1655802e-06 +3.1979753e-03 -1.9645432e-05 +6.6052840e-05 -1.4274691e-07 +1.8928130e+05
7.2200000e-04 +3.0000000e-01 +6.9606000e-01 +1.4360111e-05 +2.0121444e-02 +7.3201481e-02 +4.3272716e-05 +2.5686296e-02 -2.9890123e-04 +6.3673457e-04 -2.8350988e-06 +1.8055768e+05
1.2140000e-03 +3.0000000e-01 +1.1686333e+00 +3.3230667e-05 +3.3495667e-02 +2.0525679e-01 +2.1895926e-04 +6.4964074e-02 -1.3322716e-03 +1.8772469e-03 -1.4865309e-05 +1.7365640e+05
1.7150000e-03 +3.0000000e-01 +1.6480444e+00 +6.1045000e-05 +4.6834556e-02 +4.0611975e-01 +6.8650000e-04 +1.1632358e-01 -3.7069877e-03 +3.8755802e-03 -4.6191975e-05 +1.6815291e+05
2.2250000e-03 +3.0000000e-01 +2.1334111e+00 +9.8495556e-05 +6.0109222e-02 +6.7610988e-01 +1.6280247e-03 +1.7598519e-01 -8.0264568e-03 +6.6933704e-03 -1.0784395e-04 +1.6313469e+05
2.7450000e-03 +3.0000000e-01 +2.6234111e+00 +1.4611444e-04 +7.3283778e-02 +1.0129148e+00 +3.2274074e-03 +2.4095556e-01 -1.4846296e-02 +1.0355704e-02 -2.0963210e-04 +1.5804566e+05
3.2740000e-03 +3.0000000e-01 +3.1163667e+00 +2.0421111e-04 +8.6316667e-02 +1.4109012e+00 +5.6552346e-03 +3.0893086e-01 -2.4611111e-02 +1.4843951e-02 -3.5807901e-04 +1.5270438e+05
3.8120000e-03 +3.0000000e-01 +3.6102333e+00 +2.7283000e-04 +9.9161778e-02 +1.8610000e+00 +9.0604815e-03 +3.7820247e-01 -3.7604691e-02 +2.0093827e-02 -5.5500741e-04 +1.4722277e+05
4.3610000e-03 +3.0000000e-01 +4.1027889e+00 +3.5172222e-04 +1.1177111e-01 +2.3512593e+00 +1.3567037e-02 +4.4756790e-01 -5.3923086e-02 +2.5998765e-02 -7.9695802e-04 +1.4188298e+05
4.9190000e-03 +3.0000000e-01 +4.5916444e+00 +4.4035222e-04 +1.2409556e-01 +2.8677284e+00 +1.9273086e-02 +5.1622963e-01 -7.3472716e-02 +3.2420000e-02 -1.0753951e-03 +1.3701944e+05
5.4880000e-03 +3.0000000e-01 +5.0744333e+00 +5.3792556e-04 +1.3609111e-01 +3.3957284e+00 +2.6253333e-02 +5.8370864e-01 -9.5990741e-02 +3.9199506e-02 -1.3774691e-03 +1.3290285e+05
6.0670000e-03 +3.0000000e-01 +5.5488667e+00 +6.4343444e-04 +1.4771778e-01 +3.9209012e+00 +3.4560370e-02 +6.4974691e-01 -1.2108037e-01 +4.6173580e-02 -1.6871481e-03 +1.2969006e+05
6.6570000e-03 +3.0000000e-01 +6.0128444e+00 +7.5571111e-04 +1.5893889e-01 +4.4302716e+00 +4.4228025e-02 +7.1423704e-01 -1.4825556e-01 +5.3186420e-02 -1.9866049e-03 +1.2740519e+05
7.2570000e-03 +3.0000000e-01 +6.4645556e+00 +8.7350444e-04 +1.6972889e-01 +4.9129012e+00 +5.5273457e-02 +7.7715432e-01 -1.7698272e-01 +6.0099259e-02 -2.2576420e-03 +1.2595769e+05
7.8680000e-03 +3.0000000e-01 +6.9024444e+00 +9.9555556e-04 +1.8006667e-01 +5.3602222e+00 +6.7699136e-02 +8.3851358e-01 -2.0672469e-01 +6.6798025e-02 -2.4830864e-03 +1.2518129e+05
8.4910000e-03 +3.0000000e-01 +7.3252889e+00 +1.1206778e-03 +1.8993889e-01 +5.7661605e+00 +8.1494691e-02 +8.9833457e-01 -2.3696914e-01 +7.3197037e-02 -2.6478519e-03 +1.2487196e+05
9.1240000e-03 +3.0000000e-01 +7.7322000e+00 +1.2478556e-03 +1.9933889e-01 +6.1269383e+00 +9.6638272e-02 +9.5661975e-01 -2.6725432e-01 +7.9239506e-02 -2.7396296e-03 +1.2482198e+05
9.7690000e-03 +3.0000000e-01 +8.1225667e+00 +1.3762778e-03 +2.0826889e-01 +6.4408642e+00 +1.1309704e-01 +1.0133469e+00 -2.9718148e-01 +8.4895432e-02 -2.7490617e-03 +1.2484806e+05
1.0426000e-02 +3.0000000e-01 +8.4960667e+00 +1.5054667e-03 +2.1673444e-01 +6.7079383e+00 +1.3082840e-01 +1.0684605e+00 -3.2642469e-01 +9.0155679e-02 -2.6695926e-03 +1.2480146e+05
1.1094000e-02 +3.0000000e-01 +8.8526222e+00 +1.6352444e-03 +2.2474333e-01 +6.9294321e+00 +1.4978025e-01 +1.1218802e+00 -3.5472593e-01 +9.5025679e-02 -2.4971358e-03 +1.2457426e+05
1.1775000e-02 +3.0000000e-01 +9.1923444e+00 +1.7658333e-03 +2.3231000e-01 +7.1076296e+00 +1.6989383e-01 +1.1735000e+00 -3.8189506e-01 +9.9518025e-02 -2.2298148e-03 +1.2410096e+05
1.2467000e-02 +3.0000000e-01 +9.5155556e+00 +1.8978333e-03 +2.3945000e-01 +7.2454074e+00 +1.9110000e-01 +1.2232074e+00 -4.0780000e-01 +1.0364617e-01 -1.8681481e-03 +1.2334798e+05
1.3172000e-02 +3.0000000e-01 +9.8226556e+00 +2.0322778e-03 +2.4617667e-01 +7.3460247e+00 +2.1332346e-01 +1.2708889e+00 -4.3235432e-01 +1.0742025e-01 -1.4153827e-03 +1.2230683e+05
1.3890000e-02 +3.0000000e-01 +1.0114211e+01 +2.1706000e-03 +2.5250556e-01 +7.4129383e+00 +2.3648395e-01 +1.3164321e+00 -4.5551235e-01 +1.1084333e-01 -8.7829753e-04 +1.2098934e+05
1.4621000e-02 +3.0000000e-01 +1.0390800e+01 +2.3145667e-03 +2.5844556e-01 +7.4496049e+00 +2.6049383e-01 +1.3597654e+00 -4.7725926e-01 +1.1391160e-01 -2.6788395e-04 +1.1941901e+05
1.5365000e-02 +3.0000000e-01 +1.0653122e+01 +2.4662000e-03 +2.6400667e-01 +7.4594198e+00 +2.8526173e-01 +1.4008148e+00 -4.9760123e-01 +1.1661444e-01 +4.0024444e-04 +1.1762600e+05
1.6122000e-02 +3.0000000e-01 +1.0901844e+01 +2.6275778e-03 +2.6919111e-01 +7.4456049e+00 +3.1069012e-01 +1.4395556e+00 -5.1656173e-01 +1.1893790e-01 +1.1061568e-03 +1.1564212e+05
1.6892000e-02 +3.0000000e-01 +1.1137667e+01 +2.8006222e-03 +2.7399778e-01 +7.4111852e+00 +3.3668025e-01 +1.4759630e+00 -5.3417407e-01 +1.2086914e-01 +1.8270000e-03 +1.1349871e+05
1.7676000e-02 +3.0000000e-01 +1.1361444e+01 +2.9868444e-03 +2.7842556e-01 +7.3590000e+00 +3.6312840e-01 +1.5100370e+00 -5.5048395e-01 +1.2240210e-01 +2.5392963e-03 +1.1122547e+05
1.8474000e-02 +3.0000000e-01 +1.1573667e+01 +3.1870889e-03 +2.8246556e-01 +7.2916173e+00 +3.8993210e-01 +1.5418025e+00 -5.6554074e-01 +1.2354321e-01 +3.2215679e-03 +1.0885070e+05
1.9286000e-02 +3.0000000e-01 +1.1775111e+01 +3.4014000e-03 +2.8611000e-01 +7.2113827e+00 +4.1699012e-01 +1.5712963e+00 -5.7939877e-01 +1.2431111e-01 +3.8565926e-03 +1.0640143e+05
2.0113000e-02 +3.0000000e-01 +1.1966556e+01 +3.6289111e-03 +2.8934667e-01 +7.1204568e+00 +4.4420370e-01 +1.5985309e+00 -5.9211728e-01 +1.2474444e-01 +4.4329136e-03 +1.0390104e+05
2.0954000e-02 +3.0000000e-01 +1.2148556e+01 +3.8679667e-03 +2.9216444e-01 +7.0207778e+00 +4.7147654e-01 +1.6235926e+00 -6.0376049e-01 +1.2488765e-01 +4.9458148e-03 +1.0136788e+05
2.1810000e-02 +3.0000000e-01 +1.2321778e+01 +4.1163222e-03 +2.9455000e-01 +6.9141235e+00 +4.9872222e-01 +1.6465309e+00 -6.1439506e-01 +1.2479753e-01 +5.3976049e-03 +9.8815261e+04
2.2681000e-02 +3.0000000e-01 +1.2486778e+01 +4.3713556e-03 +2.9649333e-01 +6.8020988e+00 +5.2585556e-01 +1.6674568e+00 -6.2408765e-01 +1.2452469e-01 +5.7969877e-03 +9.6252443e+04
2.3568000e-02 +3.0000000e-01 +1.2644000e+01 +4.6300889e-03 +2.9798333e-01 +6.6861728e+00 +5.5280000e-01 +1.6864691e+00 -6.3290741e-01 +1.2410494e-01 +6.1570617e-03 +9.3686857e+04
2.4470000e-02 +3.0000000e-01 +1.2794111e+01 +4.8891778e-03 +2.9901444e-01 +6.5676543e+00 +5.7948025e-01 +1.7036914e+00 -6.4091852e-01 +1.2355802e-01 +6.4920247e-03 +9.1124761e+04
2.5388000e-02 +3.0000000e-01 +1.2937444e+01 +5.1448778e-03 +2.9958222e-01 +6.4476667e+00 +6.0582716e-01 +1.7192593e+00 -6.4817778e-01 +1.2289136e-01 +6.8131975e-03 +8.8572302e+04
2.6321000e-02 +3.0000000e-01 +1.3074667e+01 +5.3931111e-03 +2.9968444e-01 +6.3272099e+00 +6.3177654e-01 +1.7333086e+00 -6.5473086e-01 +1.2210309e-01 +7.1257778e-03 +8.6037198e+04
2.7271000e-02 +3.0000000e-01 +1.3206000e+01 +5.6296556e-03 +2.9932444e-01 +6.2070617e+00 +6.5726914e-01 +1.7460123e+00 -6.6062099e-01 +1.2120062e-01 +7.4279630e-03 +8.3530446e+04
2.8238000e-02 +3.0000000e-01 +1.3331889e+01 +5.8502222e-03 +2.9850667e-01 +6.0878765e+00 +6.8224815e-01 +1.7575062e+00 -6.6588025e-01 +1.2020432e-01 +7.7128765e-03 +8.1065221e+04
2.9221000e-02 +3.0000000e-01 +1.3452667e+01 +6.0503222e-03 +2.9724000e-01 +5.9701481e+00 +7.0666543e-01 +1.7679259e+00 -6.7053827e-01 +1.1914593e-01 +7.9724198e-03 +7.8653073e+04
3.0222000e-02 +3.0000000e-01 +1.3568778e+01 +6.2250444e-03 +2.9553778e-01 +5.8542716e+00 +7.3047531e-01 +1.7773951e+00 -6.7462099e-01 +1.1805691e-01 +8.2012469e-03 +7.6299693e+04
3.1239000e-02 +3.0000000e-01 +1.3680444e+01 +6.3689889e-03 +2.9342000e-01 +5.7406173e+00 +7.5363704e-01 +1.7860123e+00 -6.7815432e-01 +1.1695198e-01 +8.3999259e-03 +7.4005010e+04
3.2275000e-02 +3.0000000e-01 +1.3788000e+01 +6.4764778e-03 +2.9091667e-01 +5.6294568e+00 +7.7611481e-01 +1.7938889e+00 -6.8116049e-01 +1.1581827e-01 +8.5766173e-03 +7.1764970e+04
3.3328000e-02 +3.0000000e-01 +1.3891889e+01 +6.5419333e-03 +2.8805889e-01 +5.5210247e+00 +7.9787407e-01 +1.8010617e+00 -6.8366296e-01 +1.1461815e-01 +8.7475926e-03 +6.9575322e+04
3.4399000e-02 +3.0000000e-01 +1.3992222e+01 +6.5603444e-03 +2.8489000e-01 +5.4154691e+00 +8.1888519e-01 +1.8075802e+00 -6.8568642e-01 +1.1330531e-01 +8.9361481e-03 +6.7434563e+04
3.5489000e-02 +3.0000000e-01 +1.4089333e+01 +6.5274444e-03 +2.8144889e-01 +5.3129136e+00 +8.3911358e-01 +1.8133827e+00 -6.8726420e-01 +1.1184654e-01 +9.1686049e-03 +6.5343537e+04
3.6597000e-02 +3.0000000e-01 +1.4183444e+01 +6.4398222e-03 +2.7778000e-01 +5.2134321e+00 +8.5852716e-01 +1.8184074e+00 -6.8843457e-01 +1.1023321e-01 +9.4683704e-03 +6.3305767e+04
3.7724000e-02 +3.0000000e-01 +1.4274778e+01 +6.2951000e-03 +2.7392000e-01 +5.1170988e+00 +8.7709383e-01 +1.8225679e+00 -6.8923827e-01 +1.0848222e-01 +9.8505062e-03 +6.1326761e+04
3.8870000e-02 +3.0000000e-01 +1.4363667e+01 +6.0922889e-03 +2.6990000e-01 +5.0239506e+00 +8.9478148e-01 +1.8257531e+00 -6.8971975e-01 +1.0663185e-01 +1.0319444e-02 +5.9411404e+04
4.0036000e-02 +3.0000000e-01 +1.4450222e+01 +5.8322333e-03 +2.6574111e-01 +4.9339877e+00 +9.1156543e-01 +1.8279383e+00 -6.8991481e-01 +1.0473506e-01 +1.0868864e-02 +5.7562383e+04
4.1221000e-02 +3.0000000e-01 +1.4534556e+01 +5.5178778e-03 +2.6145556e-01 +4.8471852e+00 +9.2743086e-01 +1.8291111e+00 -6.8985679e-01 +1.0284852e-01 +1.1482506e-02 +5.5779534e+04
4.2426000e-02 +3.0000000e-01 +1.4617000e+01 +5.1543333e-03 +2.5704778e-01 +4.7634815e+00 +9.4236914e-01 +1.8293210e+00 -6.8956667e-01 +1.0101827e-01 +1.2136296e-02 +5.4061605e+04
4.3652000e-02 +3.0000000e-01 +1.4697556e+01 +4.7488444e-03 +2.5251444e-01 +4.6827901e+00 +9.5638395e-01 +1.8286173e+00 -6.8906296e-01 +9.9271235e-02 +1.2801975e-02 +5.2405371e+04
4.4899000e-02 +3.0000000e-01 +1.4776444e+01 +4.3108222e-03 +2.4785222e-01 +4.6050370e+00 +9.6948519e-01 +1.8270741e+00 -6.8836914e-01 +9.7619136e-02 +1.3452222e-02 +5.0804131e+04
4.6166000e-02 +3.0000000e-01 +1.4853778e+01 +3.8517778e-03 +2.4305444e-01 +4.5302099e+00 +9.8169012e-01 +1.8247160e+00 -6.8752469e-01 +9.6070494e-02 +1.4066667e-02 +4.9250151e+04
4.7454000e-02 +3.0000000e-01 +1.4929778e+01 +3.3850667e-03 +2.3811778e-01 +4.4582346e+00 +9.9301975e-01 +1.8215309e+00 -6.8657531e-01 +9.4635309e-02 +1.4638148e-02 +4.7738346e+04
4.8764000e-02 +3.0000000e-01 +1.5004333e+01 +2.9252889e-03 +2.3303667e-01 +4.3890494e+00 +1.0034975e+00 +1.8175432e+00 -6.8556543e-01 +9.3320000e-02 +1.5171481e-02 +4.6268678e+04
5.0095000e-02 +3.0000000e-01 +1.5077778e+01 +2.4866667e-03 +2.2781222e-01 +4.3225556e+00 +1.0131531e+00 +1.8127901e+00 -6.8453210e-01 +9.2119383e-02 +1.5674815e-02 +4.4843995e+04
5.1449000e-02 +3.0000000e-01 +1.5149889e+01 +2.0808778e-03 +2.2245333e-01 +4.2586296e+00 +1.0220123e+00 +1.8073333e+00 -6.8348519e-01 +9.1018272e-02 +1.6149877e-02 +4.3467034e+04
5.2825000e-02 +3.0000000e-01 +1.5221000e+01 +1.7150333e-03 +2.1697111e-01 +4.1972099e+00 +1.0301049e+00 +1.8012716e+00 -6.8242222e-01 +9.0001728e-02 +1.6586914e-02 +4.2136454e+04
5.4223000e-02 +3.0000000e-01 +1.5291111e+01 +1.3910778e-03 +2.1138000e-01 +4.1382099e+00 +1.0374605e+00 +1.7946790e+00 -6.8134074e-01 +8.9059630e-02 +1.6966173e-02 +4.0848195e+04
5.5645000e-02 +3.0000000e-01 +1.5360444e+01 +1.1066278e-03 +2.0569667e-01 +4.0815802e+00 +1.0441160e+00 +1.7875926e+00 -6.8025185e-01 +8.8184074e-02 +1.7265062e-02 +3.9598043e+04
5.7090000e-02 +3.0000000e-01 +1.5428778e+01 +8.5688556e-04 +1.9994222e-01 +4.0272222e+00 +1.0501062e+00 +1.7800123e+00 -6.7917778e-01 +8.7362346e-02 +1.7466173e-02 +3.8385829e+04
5.8558000e-02 +3.0000000e-01 +1.5496444e+01 +6.3681111e-04 +1.9414667e-01 +3.9750000e+00 +1.0554617e+00 +1.7719259e+00 -6.7814815e-01 +8.6581481e-02 +1.7561481e-02 +3.7215994e+04
6.0050000e-02 +3.0000000e-01 +1.5563444e+01 +4.4291444e-04 +1.8833556e-01 +3.9248272e+00 +1.0602086e+00 +1.7633333e+00 -6.7718765e-01 +8.5850123e-02 +1.7553580e-02 +3.6093091e+04
6.1566000e-02 +3.0000000e-01 +1.5629778e+01 +2.7419000e-04 +1.8253111e-01 +3.8767037e+00 +1.0643605e+00 +1.7542222e+00 -6.7631235e-01 +8.5209012e-02 +1.7454815e-02 +3.5016385e+04
6.3107000e-02 +3.0000000e-01 +1.5695444e+01 +1.3199667e-04 +1.7674333e-01 +3.8306667e+00 +1.0679321e+00 +1.7446543e+00 -6.7552593e-01 +8.4714691e-02 +1.7286049e-02 +3.3982013e+04
6.4672000e-02 +3.0000000e-01 +1.5760667e+01 +1.9136222e-05 +1.7098111e-01 +3.7867531e+00 +1.0709346e+00 +1.7346543e+00 -6.7481728e-01 +8.4410988e-02 +1.7071481e-02 +3.2987620e+04
6.6263000e-02 +3.0000000e-01 +1.5825333e+01 -6.1717000e-05 +1.6524778e-01 +3.7449630e+00 +1.0733901e+00 +1.7242840e+00 -6.7416543e-01 +8.4314568e-02 +1.6829630e-02 +3.2030346e+04
6.7879000e-02 +3.0000000e-01 +1.5889556e+01 -1.1000733e-04 +1.5954333e-01 +3.7052716e+00 +1.0753259e+00 +1.7135802e+00 -6.7355802e-01 +8.4414321e-02 +1.6570000e-02 +3.1102783e+04
6.9520000e-02 +3.0000000e-01 +1.5953222e+01 -1.2902333e-04 +1.5386333e-01 +3.6676049e+00 +1.0767741e+00 +1.7026543e+00 -6.7298148e-01 +8.4671852e-02 +1.6292593e-02 +3.0195707e+04
7.1188000e-02 +3.0000000e-01 +1.6016444e+01 -1.2678222e-04 +1.4820444e-01 +3.6318025e+00 +1.0777728e+00 +1.6915926e+00 -6.7242222e-01 +8.5032099e-02 +1.5989136e-02 +2.9305618e+04
7.2882000e-02 +3.0000000e-01 +1.6079222e+01 -1.1512222e-04 +1.4256222e-01 +3.5974568e+00 +1.0783605e+00 +1.6804815e+00 -6.7185309e-01 +8.5436296e-02 +1.5648025e-02 +2.8436396e+04
7.4602000e-02 +3.0000000e-01 +1.6141778e+01 -1.0701489e-04 +1.3693778e-01 +3.5640864e+00 +1.0785753e+00 +1.6693827e+00 -6.7124321e-01 +8.5827407e-02 +1.5261975e-02 +2.7595526e+04
7.6350000e-02 +3.0000000e-01 +1.6203889e+01 -1.1481444e-04 +1.3133556e-01 +3.5312840e+00 +1.0784432e+00 +1.6583580e+00 -6.7057531e-01 +8.6156049e-02 +1.4829259e-02 +2.6787351e+04
7.8124000e-02 +3.0000000e-01 +1.6265889e+01 -1.5110222e-04 +1.2575778e-01 +3.4988642e+00 +1.0779716e+00 +1.6473333e+00 -6.6984321e-01 +8.6392099e-02 +1.4347531e-02 +2.6009250e+04
7.9926000e-02 +3.0000000e-01 +1.6327667e+01 -2.2937000e-04 +1.2020000e-01 +3.4668272e+00 +1.0771568e+00 +1.6362222e+00 -6.6902716e-01 +8.6524321e-02 +1.3806420e-02 +2.5256741e+04
8.1756000e-02 +3.0000000e-01 +1.6389222e+01 -3.6230778e-04 +1.1464444e-01 +3.4351605e+00 +1.0760037e+00 +1.6248642e+00 -6.6808642e-01 +8.6559753e-02 +1.3189136e-02 +2.4528185e+04
8.3615000e-02 +3.0000000e-01 +1.6450778e+01 -5.5920444e-04 +1.0906033e-01 +3.4038272e+00 +1.0745309e+00 +1.6131358e+00 -6.6695185e-01 +8.6529012e-02 +1.2482963e-02 +2.3824415e+04
8.5501000e-02 +3.0000000e-01 +1.6512111e+01 -8.2488556e-04 +1.0340122e-01 +3.3727160e+00 +1.0727679e+00 +1.6010247e+00 -6.6555062e-01 +8.6460864e-02 +1.1689506e-02 +2.3146484e+04
8.7416000e-02 +3.0000000e-01 +1.6573444e+01 -1.1608222e-03 +9.7619000e-02 +3.3417284e+00 +1.0707469e+00 +1.5886296e+00 -6.6382346e-01 +8.6364691e-02 +1.0827012e-02 +2.2493510e+04
8.9361000e-02 +3.0000000e-01 +1.6634556e+01 -1.5667111e-03 +9.1674667e-02 +3.3109136e+00 +1.0684926e+00 +1.5760988e+00 -6.6174568e-01 +8.6252840e-02 +9.9247160e-03 +2.1863835e+04
9.1335000e-02 +3.0000000e-01 +1.6695667e+01 -2.0413778e-03 +8.5548667e-02 +3.2803580e+00 +1.0660259e+00 +1.5636173e+00 -6.5931975e-01 +8.6156543e-02 +9.0137901e-03 +2.1254220e+04
9.3338000e-02 +3.0000000e-01 +1.6756778e+01 -2.5830778e-03 +7.9247333e-02 +3.2501235e+00 +1.0633679e+00 +1.5512840e+00 -6.5655309e-01 +8.6106296e-02 +8.1123827e-03 +2.0661556e+04
9.5371000e-02 +3.0000000e-01 +1.6817667e+01 -3.1896000e-03 +7.2799333e-02 +3.2202593e+00 +1.0605420e+00 +1.5390988e+00 -6.5344938e-01 +8.6108148e-02 +7.2153951e-03 +2.0084628e+04
9.7435000e-02 +3.0000000e-01 +1.6878556e+01 -3.8583333e-03 +6.6240556e-02 +3.1907284e+00 +1.0575679e+00 +1.5270247e+00 -6.5000000e-01 +8.6147901e-02 +6.3065062e-03 +1.9525156e+04
9.9529000e-02 +3.0000000e-01 +1.6939333e+01 -4.5885000e-03 +5.9604000e-02 +3.1615679e+00 +1.0544531e+00 +1.5149259e+00 -6.4620000e-01 +8.6226790e-02 +5.3765432e-03 +1.8985803e+04
1.0165400e-01 +3.0000000e-01 +1.7000000e+01 -5.3848667e-03 +5.2925556e-02 +3.1328642e+00 +1.0511877e+00 +1.5027407e+00 -6.4203210e-01 +8.6372222e-02 +4.4248765e-03 +1.8466209e+04
1.0381000e-01 +3.0000000e-01 +1.7060444e+01 -6.2587222e-03 +4.6253667e-02 +3.1047284e+00 +1.0477432e+00 +1.4904074e+00 -6.3747407e-01 +8.6615062e-02 +3.4499383e-03 +1.7965733e+04
1.0599800e-01 +3.0000000e-01 +1.7120778e+01 -7.2225000e-03 +3.9643778e-02 +3.0772716e+00 +1.0440827e+00 +1.4778642e+00 -6.3250370e-01 +8.6951235e-02 +2.4454691e-03 +1.7486553e+04
1.0821700e-01 +3.0000000e-01 +1.7180889e+01 -8.2810889e-03 +3.3137778e-02 +3.0506296e+00 +1.0401704e+00 +1.4649877e+00 -6.2712840e-01 +8.7326543e-02 +1.3985802e-03 +1.7026877e+04
1.1046800e-01 +3.0000000e-01 +1.7240778e+01 -9.4251889e-03 +2.6742333e-02 +3.0248519e+00 +1.0359914e+00 +1.4517654e+00 -6.2138272e-01 +8.7697654e-02 +2.8167037e-04 +1.6581608e+04
1.1275100e-01 +3.0000000e-01 +1.7300556e+01 -1.0631967e-02 +2.0425000e-02 +2.9998272e+00 +1.0315469e+00 +1.4382469e+00 -6.1532222e-01 +8.8074938e-02 -9.3709877e-04 +1.6150029e+04
1.1506700e-01 +3.0000000e-01 +1.7360111e+01 -1.1873778e-02 +1.4138222e-02 +2.9753086e+00 +1.0268469e+00 +1.4246173e+00 -6.0900617e-01 +8.8482099e-02 -2.2617654e-03 +1.5731498e+04
1.1741600e-01 +3.0000000e-01 +1.7419556e+01 -1.3129333e-02 +7.8463667e-03 +2.9510123e+00 +1.0219086e+00 +1.4111235e+00 -6.0248642e-01 +8.8909136e-02 -3.6583457e-03 +1.5322238e+04
1.1979700e-01 +3.0000000e-01 +1.7478778e+01 -1.4388778e-02 +1.5285778e-03 +2.9267284e+00 +1.0167469e+00 +1.3979630e+00 -5.9579877e-01 +8.9301975e-02 -5.0786049e-03 +1.4919748e+04
1.2221200e-01 +3.0000000e-01 +1.7537778e+01 -1.5650222e-02 -4.8290333e-03 +2.9024321e+00 +1.0113778e+00 +1.3851235e+00 -5.8895432e-01 +8.9568148e-02 -6.4906173e-03 +1.4527171e+04
1.2466000e-01 +3.0000000e-01 +1.7596667e+01 -1.6914222e-02 -1.1226333e-02 +2.8781605e+00 +1.0058346e+00 +1.3724444e+00 -5.8196914e-01 +8.9598272e-02 -7.8920247e-03 +1.4148455e+04
1.2714300e-01 +3.0000000e-01 +1.7655222e+01 -1.8182000e-02 -1.7637444e-02 +2.8539506e+00 +1.0001667e+00 +1.3598272e+00 -5.7486914e-01 +8.9310864e-02 -9.3084444e-03 +1.3780295e+04
1.2965900e-01 +3.0000000e-01 +1.7713667e+01 -1.9461333e-02 -2.4022111e-02 +2.8297778e+00 +9.9441852e-01 +1.3472346e+00 -5.6765926e-01 +8.8695185e-02 -1.0777840e-02 +1.3418483e+04
1.3220900e-01 +3.0000000e-01 +1.7771778e+01 -2.0770000e-02 -3.0354111e-02 +2.8054938e+00 +9.8861481e-01 +1.3345926e+00 -5.6031358e-01 +8.7822593e-02 -1.2316802e-02 +1.3067357e+04
1.3479400e-01 +3.0000000e-01 +1.7829667e+01 -2.2126444e-02 -3.6621222e-02 +2.7810000e+00 +9.8276543e-01 +1.3218519e+00 -5.5282222e-01 +8.6821235e-02 -1.3899877e-02 +1.2732659e+04
1.3741400e-01 +3.0000000e-01 +1.7887333e+01 -2.3537333e-02 -4.2802333e-02 +2.7562716e+00 +9.7687284e-01 +1.3090741e+00 -5.4523457e-01 +8.5806914e-02 -1.5474815e-02 +1.2410907e+04
1.4006800e-01 +3.0000000e-01 +1.7944778e+01 -2.4996111e-02 -4.8867000e-02 +2.7313827e+00 +9.7094074e-01 +1.2964074e+00 -5.3763457e-01 +8.4825309e-02 -1.6991235e-02 +1.2099593e+04
1.4275700e-01 +3.0000000e-01 +1.8002000e+01 -2.6493333e-02 -5.4795222e-02 +2.7063704e+00 +9.6497654e-01 +1.2838889e+00 -5.3006667e-01 +8.3859383e-02 -1.8401235e-02 +1.1801328e+04
1.4548200e-01 +3.0000000e-01 +1.8059000e+01 -2.8025222e-02 -6.0583333e-02 +2.6812840e+00 +9.5898395e-01 +1.2714321e+00 -5.2251111e-01 +8.2814444e-02 -1.9644321e-02 +1.1514528e+04
1.4824300e-01 +3.0000000e-01 +1.8115778e+01 -2.9596000e-02 -6.6229111e-02 +2.6562840e+00 +9.5297654e-01 +1.2588642e+00 -5.1490741e-01 +8.1537901e-02 -2.0678148e-02 +1.1236350e+04
1.5103800e-01 +3.0000000e-01 +1.8172333e+01 -3.1216889e-02 -7.1723667e-02 +2.6314815e+00 +9.4697407e-01 +1.2460494e+00 -5.0719136e-01 +7.9931728e-02 -2.1514691e-02 +1.0968357e+04
1.5387000e-01 +3.0000000e-01 +1.8228556e+01 -3.2905111e-02 -7.7062889e-02 +2.6069877e+00 +9.4100741e-01 +1.2328815e+00 -4.9933580e-01 +7.8040864e-02 -2.2217531e-02 +1.0712977e+04
1.5673800e-01 +3.0000000e-01 +1.8284667e+01 -3.4679556e-02 -8.2271556e-02 +2.5827778e+00 +9.3511235e-01 +1.2194148e+00 -4.9135556e-01 +7.6009012e-02 -2.2881728e-02 +1.0469629e+04
1.5964200e-01 +3.0000000e-01 +1.8340667e+01 -3.6556111e-02 -8.7397556e-02 +2.5586420e+00 +9.2932469e-01 +1.2058099e+00 -4.8329259e-01 +7.3933951e-02 -2.3598889e-02 +1.0237110e+04
1.6258200e-01 +3.0000000e-01 +1.8396556e+01 -3.8543889e-02 -9.2474556e-02 +2.5343704e+00 +9.2369012e-01 +1.1922765e+00 -4.7516296e-01 +7.1808765e-02 -2.4421605e-02 +1.0013127e+04
1.6555900e-01 +3.0000000e-01 +1.8452444e+01 -4.0642778e-02 -9.7496000e-02 +2.5098272e+00 +9.1823580e-01 +1.1789654e+00 -4.6693580e-01 +6.9588148e-02 -2.5359259e-02 +9.7907514e+03
1.6857200e-01 +3.0000000e-01 +1.8508333e+01 -4.2842556e-02 -1.0242889e-01 +2.4850000e+00 +9.1292963e-01 +1.1658358e+00 -4.5854568e-01 +6.7266173e-02 -2.6397901e-02 +9.5648000e+03
1.7162200e-01 +3.0000000e-01 +1.8564111e+01 -4.5125889e-02 -1.0725278e-01 +2.4599259e+00 +9.0768148e-01 +1.1526827e+00 -4.4990864e-01 +6.4874074e-02 -2.7509506e-02 +9.3401979e+03
1.7470800e-01 +3.0000000e-01 +1.8619778e+01 -4.7476222e-02 -1.1196333e-01 +2.4347284e+00 +9.0240000e-01 +1.1393210e+00 -4.4095556e-01 +6.2433457e-02 -2.8670494e-02 +9.1245666e+03
1.7783200e-01 +3.0000000e-01 +1.8675333e+01 -4.9881889e-02 -1.1654222e-01 +2.4096914e+00 +8.9705309e-01 +1.1257605e+00 -4.3166296e-01 +5.9977284e-02 -2.9899506e-02 +8.9197857e+03
1.8099200e-01 +3.0000000e-01 +1.8730556e+01 -5.2332111e-02 -1.2093444e-01 +2.3850370e+00 +8.9168025e-01 +1.1122136e+00 -4.2207160e-01 +5.7574074e-02 -3.1247901e-02 +8.7230947e+03
1.8419000e-01 +3.0000000e-01 +1.8785444e+01 -5.4818556e-02 -1.2507111e-01 +2.3608148e+00 +8.8635432e-01 +1.0989346e+00 -4.1228395e-01 +5.5270247e-02 -3.2762099e-02 +8.5304495e+03
1.8742400e-01 +3.0000000e-01 +1.8839667e+01 -5.7338222e-02 -1.2892667e-01 +2.3368519e+00 +8.8115185e-01 +1.0860160e+00 -4.0242469e-01 +5.3093827e-02 -3.4493210e-02 +8.3420007e+03
1.9069600e-01 +3.0000000e-01 +1.8893222e+01 -5.9893556e-02 -1.3252333e-01 +2.3129012e+00 +8.7613210e-01 +1.0734321e+00 -3.9260000e-01 +5.1075926e-02 -3.6479877e-02 +8.1613013e+03
1.9400400e-01 +3.0000000e-01 +1.8946000e+01 -6.2485444e-02 -1.3588333e-01 +2.2887037e+00 +8.7132099e-01 +1.0612012e+00 -3.8285926e-01 +4.9210741e-02 -3.8691358e-02 +7.9890764e+03
1.9735000e-01 +3.0000000e-01 +1.8998333e+01 -6.5114889e-02 -1.3899222e-01 +2.2641728e+00 +8.6670123e-01 +1.0492481e+00 -3.7316173e-01 +4.7433333e-02 -4.1027037e-02 +7.8241834e+03
2.0073300e-01 +3.0000000e-01 +1.9050000e+01 -6.7786333e-02 -1.4181333e-01 +2.2391728e+00 +8.6225062e-01 +1.0374049e+00 -3.6340370e-01 +4.5644815e-02 -4.3352963e-02 +7.6670709e+03
2.0415300e-01 +3.0000000e-01 +1.9101111e+01 -7.0496889e-02 -1.4432778e-01 +2.2137037e+00 +8.5796667e-01 +1.0256963e+00 -3.5350617e-01 +4.3724691e-02 -4.5555309e-02 +7.5180190e+03
2.0761100e-01 +3.0000000e-01 +1.9151667e+01 -7.3236333e-02 -1.4654333e-01 +2.1879630e+00 +8.5384074e-01 +1.0143469e+00 -3.4341111e-01 +4.1485432e-02 -4.7585062e-02 +7.3733235e+03
2.1110500e-01 +3.0000000e-01 +1.9201667e+01 -7.6001444e-02 -1.4848556e-01 +2.1620741e+00 +8.4982593e-01 +1.0034099e+00 -3.3303210e-01 +3.8686543e-02 -4.9447531e-02 +7.2293885e+03
2.1463600e-01 +3.0000000e-01 +1.9250889e+01 -7.8793444e-02 -1.5017889e-01 +2.1360123e+00 +8.4584444e-01 +9.9257531e-01 -3.2227778e-01 +3.5216914e-02 -5.1164938e-02 +7.0909808e+03
2.1820500e-01 +3.0000000e-01 +1.9299333e+01 -8.1607222e-02 -1.5163667e-01 +2.1099877e+00 +8.4183827e-01 +9.8142469e-01 -3.1112716e-01 +3.1104074e-02 -5.2744938e-02 +6.9637193e+03
2.2181000e-01 +3.0000000e-01 +1.9347000e+01 -8.4433556e-02 -1.5286000e-01 +2.0844198e+00 +8.3777531e-01 +9.6978642e-01 -2.9963333e-01 +2.6390617e-02 -5.4184815e-02 +6.8476445e+03
2.2545200e-01 +3.0000000e-01 +1.9394000e+01 -8.7266444e-02 -1.5382444e-01 +2.0597531e+00 +8.3364074e-01 +9.5781975e-01 -2.8788025e-01 +2.1191235e-02 -5.5515432e-02 +6.7405157e+03
2.2913100e-01 +3.0000000e-01 +1.9440111e+01 -9.0113778e-02 -1.5450000e-01 +2.0362840e+00 +8.2943580e-01 +9.4579753e-01 -2.7599259e-01 +1.5703457e-02 -5.6812099e-02 +6.6370453e+03
2.3284600e-01 +3.0000000e-01 +1.9485556e+01 -9.2996889e-02 -1.5486111e-01 +2.0140988e+00 +8.2516420e-01 +9.3379012e-01 -2.6412099e-01 +1.0128951e-02 -5.8135185e-02 +6.5349559e+03
2.3659700e-01 +3.0000000e-01 +1.9530111e+01 -9.5929778e-02 -1.5485889e-01 +1.9930123e+00 +8.2085309e-01 +9.2172222e-01 -2.5239383e-01 +4.6003704e-03 -5.9471975e-02 +6.4379752e+03
2.4038500e-01 +3.0000000e-01 +1.9573667e+01 -9.8903000e-02 -1.5442556e-01 +1.9727901e+00 +8.1657037e-01 +9.0963457e-01 -2.4086296e-01 -7.9299383e-04 -6.0782469e-02 +6.3450927e+03
2.4420900e-01 +3.0000000e-01 +1.9616111e+01 -1.0188567e-01 -1.5357889e-01 +1.9532593e+00 +8.1239506e-01 +8.9761605e-01 -2.2951481e-01 -5.9767284e-03 -6.2055802e-02 +6.2524012e+03
2.4806900e-01 +3.0000000e-01 +1.9657333e+01 -1.0483922e-01 -1.5240778e-01 +1.9344321e+00 +8.0836790e-01 +8.8562469e-01 -2.1828889e-01 -1.1017938e-02 -6.3291481e-02 +6.1626733e+03
2.5196400e-01 +3.0000000e-01 +1.9697222e+01 -1.0773344e-01 -1.5095111e-01 +1.9165432e+00 +8.0447654e-01 +8.7360864e-01 -2.0712593e-01 -1.6082593e-02 -6.4478519e-02 +6.0776664e+03
2.5589500e-01 +3.0000000e-01 +1.9735778e+01 -1.1055356e-01 -1.4920778e-01 +1.8998519e+00 +8.0069012e-01 +8.6166049e-01 -1.9602346e-01 -2.1235926e-02 -6.5606296e-02 +5.9948377e+03
2.5986100e-01 +3.0000000e-01 +1.9773111e+01 -1.1330000e-01 -1.4720556e-01 +1.8843827e+00 +7.9699383e-01 +8.4997284e-01 -1.8500370e-01 -2.6461975e-02 -6.6643086e-02 +5.9147414e+03
2.6386200e-01 +3.0000000e-01 +1.9809000e+01 -1.1596889e-01 -1.4500667e-01 +1.8697531e+00 +7.9344198e-01 +8.3878889e-01 -1.7402469e-01 -3.1729877e-02 -6.7541852e-02 +5.8397210e+03
2.6789700e-01 +3.0000000e-01 +1.9843444e+01 -1.1853889e-01 -1.4268111e-01 +1.8555309e+00 +7.9015556e-01 +8.2824074e-01 -1.6306296e-01 -3.6954568e-02 -6.8288025e-02 +5.7713385e+03
2.7196700e-01 +3.0000000e-01 +1.9876556e+01 -1.2097222e-01 -1.4027444e-01 +1.8418148e+00 +7.8727037e-01 +8.1830123e-01 -1.5224074e-01 -4.2037778e-02 -6.8944568e-02 +5.7100514e+03
2.7607100e-01 +3.0000000e-01 +1.9908111e+01 -1.2323778e-01 -1.3782333e-01 +1.8288889e+00 +7.8488148e-01 +8.0879630e-01 -1.4169753e-01 -4.6953580e-02 -6.9639753e-02 +5.6544200e+03
2.8020900e-01 +3.0000000e-01 +1.9938222e+01 -1.2530889e-01 -1.3538111e-01 +1.8168395e+00 +7.8302099e-01 +7.9938765e-01 -1.3147778e-01 -5.1773333e-02 -7.0477160e-02 +5.6047133e+03
2.8438000e-01 +3.0000000e-01 +1.9967000e+01 -1.2717667e-01 -1.3296222e-01 +1.8057654e+00 +7.8167160e-01 +7.8993580e-01 -1.2154951e-01 -5.6580988e-02 -7.1468889e-02 +5.5608320e+03
2.8858300e-01 +3.0000000e-01 +1.9994333e+01 -1.2884000e-01 -1.3052556e-01 +1.7958765e+00 +7.8080000e-01 +7.8081728e-01 -1.1184716e-01 -6.1440988e-02 -7.2510494e-02 +5.5204105e+03
2.9282000e-01 +3.0000000e-01 +2.0020556e+01 -1.3030222e-01 -1.2800889e-01 +1.7871605e+00 +7.8039877e-01 +7.7255309e-01 -1.0232790e-01 -6.6405679e-02 -7.3420247e-02 +5.4821274e+03
2.9708800e-01 +3.0000000e-01 +2.0045333e+01 -1.3157333e-01 -1.2530000e-01 +1.7796296e+00 +7.8050000e-01 +7.6516173e-01 -9.2960864e-02 -7.1480247e-02 -7.4038148e-02 +5.4470264e+03
3.0138800e-01 +3.0000000e-01 +2.0068667e+01 -1.3265667e-01 -1.2222444e-01 +1.7733457e+00 +7.8116420e-01 +7.5839877e-01 -8.3736296e-02 -7.6630494e-02 -7.4290741e-02 +5.4139756e+03
3.0572000e-01 +3.0000000e-01 +2.0090667e+01 -1.3353333e-01 -1.1863778e-01 +1.7682099e+00 +7.8243704e-01 +7.5220494e-01 -7.4687160e-02 -8.1751605e-02 -7.4209136e-02 +5.3808185e+03
3.1008200e-01 +3.0000000e-01 +2.0111111e+01 -1.3416778e-01 -1.1454222e-01 +1.7640123e+00 +7.8429506e-01 +7.4682222e-01 -6.5855679e-02 -8.6712963e-02 -7.3882099e-02 +5.3501088e+03
3.1447500e-01 +3.0000000e-01 +2.0130222e+01 -1.3452111e-01 -1.0996222e-01 +1.7605309e+00 +7.8663827e-01 +7.4253457e-01 -5.7266173e-02 -9.1474815e-02 -7.3371111e-02 +5.3241335e+03
3.1889700e-01 +3.0000000e-01 +2.0148000e+01 -1.3456333e-01 -1.0481778e-01 +1.7578272e+00 +7.8933333e-01 +7.3927160e-01 -4.8957160e-02 -9.5951975e-02 -7.2700988e-02 +5.3029186e+03
3.2334900e-01 +3.0000000e-01 +2.0164333e+01 -1.3428667e-01 -9.9010778e-02 +1.7561975e+00 +7.9227531e-01 +7.3682716e-01 -4.0987037e-02 -1.0007827e-01 -7.1904568e-02 +5.2891685e+03
3.2783000e-01 +3.0000000e-01 +2.0179444e+01 -1.3372556e-01 -9.2609667e-02 +1.7559136e+00 +7.9541235e-01 +7.3515309e-01 -3.3391111e-02 -1.0381333e-01 -7.1041728e-02 +5.2822099e+03
3.3233800e-01 +3.0000000e-01 +2.0193000e+01 -1.3290444e-01 -8.5801778e-02 +1.7570247e+00 +7.9874198e-01 +7.3400988e-01 -2.6116296e-02 -1.0721136e-01 -7.0140988e-02 +5.2817509e+03
3.3687500e-01 +3.0000000e-01 +2.0205000e+01 -1.3184333e-01 -7.8684000e-02 +1.7595432e+00 +8.0228395e-01 +7.3308519e-01 -1.9099877e-02 -1.1055185e-01 -6.9197654e-02 +5.2891910e+03
3.4143800e-01 +3.0000000e-01 +2.0215444e+01 -1.3056778e-01 -7.1242444e-02 +1.7637407e+00 +8.0604198e-01 +7.3220988e-01 -1.2337099e-02 -1.1408173e-01 -6.8271728e-02 +5.3031583e+03
3.4602800e-01 +3.0000000e-01 +2.0224222e+01 -1.2909444e-01 -6.3452444e-02 +1.7697284e+00 +8.1002716e-01 +7.3132593e-01 -5.8455309e-03 -1.1784617e-01 -6.7441235e-02 +5.3190016e+03
3.5064400e-01 +3.0000000e-01 +2.0231556e+01 -1.2741667e-01 -5.5417889e-02 +1.7771975e+00 +8.1425926e-01 +7.3048889e-01 +3.8442099e-04 -1.2187309e-01 -6.6726420e-02 +5.3327193e+03
3.5528600e-01 +3.0000000e-01 +2.0237444e+01 -1.2551667e-01 -4.7357222e-02 +1.7857160e+00 +8.1872593e-01 +7.2977778e-01 +6.3451111e-03 -1.2614691e-01 -6.6062716e-02 +5.3424671e+03
3.5995100e-01 +3.0000000e-01 +2.0242222e+01 -1.2337333e-01 -3.9434778e-02 +1.7948519e+00 +8.2338148e-01 +7.2903951e-01 +1.1978000e-02 -1.3049136e-01 -6.5350370e-02 +5.3493775e+03
3.6464100e-01 +3.0000000e-01 +2.0245778e+01 -1.2097444e-01 -3.1714222e-02 +1.8040864e+00 +8.2817654e-01 +7.2798889e-01 +1.7190494e-02 -1.3468519e-01 -6.4563827e-02 +5.3571253e+03
3.6935400e-01 +3.0000000e-01 +2.0248556e+01 -1.1833444e-01 -2.4196000e-02 +1.8128025e+00 +8.3306420e-01 +7.2659630e-01 +2.1935926e-02 -1.3864444e-01 -6.3709877e-02 +5.3679904e+03
3.7408900e-01 +3.0000000e-01 +2.0250556e+01 -1.1547889e-01 -1.6811889e-02 +1.8206296e+00 +8.3800247e-01 +7.2490000e-01 +2.6267654e-02 -1.4230370e-01 -6.2731235e-02 +5.3832784e+03
3.7884600e-01 +3.0000000e-01 +2.0252000e+01 -1.1241111e-01 -9.4578556e-03 +1.8276173e+00 +8.4300864e-01 +7.2289383e-01 +3.0243210e-02 -1.4556543e-01 -6.1560617e-02 +5.4036604e+03
3.8362400e-01 +3.0000000e-01 +2.0253111e+01 -1.0911000e-01 -2.0576111e-03 +1.8338519e+00 +8.4813951e-01 +7.2096296e-01 +3.3861358e-02 -1.4847407e-01 -6.0194321e-02 +5.4241129e+03
3.8842300e-01 +3.0000000e-01 +2.0253778e+01 -1.0555378e-01 +5.3578556e-03 +1.8396420e+00 +8.5340988e-01 +7.1953457e-01 +3.7098765e-02 -1.5126543e-01 -5.8660617e-02 +5.4417768e+03
3.9324100e-01 +3.0000000e-01 +2.0254000e+01 -1.0175544e-01 +1.2656778e-02 +1.8454198e+00 +8.5878148e-01 +7.1855926e-01 +3.9910000e-02 -1.5415556e-01 -5.6967407e-02 +5.4607982e+03
3.9807800e-01 +3.0000000e-01 +2.0253889e+01 -9.7745667e-02 +1.9746444e-02 +1.8515802e+00 +8.6422222e-01 +7.1786914e-01 +4.2184568e-02 -1.5711852e-01 -5.5119630e-02 +5.4826407e+03
4.0293300e-01 +3.0000000e-01 +2.0253222e+01 -9.3520667e-02 +2.6673889e-02 +1.8583704e+00 +8.6972593e-01 +7.1741111e-01 +4.3781728e-02 -1.6002222e-01 -5.3152716e-02 +5.5050791e+03
4.0780500e-01 +3.0000000e-01 +2.0252333e+01 -8.9046000e-02 +3.3459000e-02 +1.8654938e+00 +8.7526790e-01 +7.1713457e-01 +4.4569630e-02 -1.6274321e-01 -5.1092099e-02 +5.5290256e+03
4.1269400e-01 +3.0000000e-01 +2.0251222e+01 -8.4304000e-02 +3.9950778e-02 +1.8726173e+00 +8.8080000e-01 +7.1706049e-01 +4.4498395e-02 -1.6525679e-01 -4.8877654e-02 +5.5553234e+03
4.1759800e-01 +3.0000000e-01 +2.0250111e+01 -7.9335556e-02 +4.5970222e-02 +1.8797160e+00 +8.8628395e-01 +7.1739630e-01 +4.3599753e-02 -1.6766049e-01 -4.6457284e-02 +5.5798651e+03
4.2251700e-01 +3.0000000e-01 +2.0249222e+01 -7.4203000e-02 +5.1441444e-02 +1.8867160e+00 +8.9173333e-01 +7.1823951e-01 +4.1966790e-02 -1.7008765e-01 -4.3893333e-02 +5.5996800e+03
4.2745000e-01 +3.0000000e-01 +2.0248444e+01 -6.8943222e-02 +5.6294667e-02 +1.8930864e+00 +8.9718519e-01 +7.1957284e-01 +3.9785185e-02 -1.7261975e-01 -4.1225926e-02 +5.6131179e+03
4.3239600e-01 +3.0000000e-01 +2.0247778e+01 -6.3597556e-02 +6.0427000e-02 +1.8980864e+00 +9.0258025e-01 +7.2116790e-01 +3.7256420e-02 -1.7527654e-01 -3.8436173e-02 +5.6189608e+03
4.3735400e-01 +3.0000000e-01 +2.0247444e+01 -5.8225889e-02 +6.3825000e-02 +1.9013827e+00 +9.0770988e-01 +7.2257284e-01 +3.4511728e-02 -1.7797778e-01 -3.5516420e-02 +5.6217186e+03
4.4232400e-01 +3.0000000e-01 +2.0247333e+01 -5.2900889e-02 +6.6554222e-02 +1.9030617e+00 +9.1233704e-01 +7.2363086e-01 +3.1674568e-02 -1.8059012e-01 -3.2527654e-02 +5.6266533e+03
4.4730400e-01 +3.0000000e-01 +2.0247556e+01 -4.7664667e-02 +6.8686222e-02 +1.9034198e+00 +9.1635926e-01 +7.2447654e-01 +2.8884321e-02 -1.8301728e-01 -2.9545185e-02 +5.6371601e+03
4.5229300e-01 +3.0000000e-01 +2.0247889e+01 -4.2525000e-02 +7.0279000e-02 +1.9028519e+00 +9.1985556e-01 +7.2552716e-01 +2.6227778e-02 -1.8508519e-01 -2.6614321e-02 +5.6505353e+03
4.5729200e-01 +3.0000000e-01 +2.0248333e+01 -3.7482222e-02 +7.1299111e-02 +1.9016667e+00 +9.2298148e-01 +7.2698395e-01 +2.3756420e-02 -1.8657160e-01 -2.3735185e-02 +5.6646414e+03
4.6229800e-01 +3.0000000e-01 +2.0249000e+01 -3.2546667e-02 +7.1728889e-02 +1.9002963e+00 +9.2581481e-01 +7.2862469e-01 +2.1457284e-02 -1.8725556e-01 -2.0923210e-02 +5.6796952e+03
4.6731100e-01 +3.0000000e-01 +2.0249889e+01 -2.7721222e-02 +7.1665556e-02 +1.8992346e+00 +9.2836049e-01 +7.3019877e-01 +1.9237778e-02 -1.8697160e-01 -1.8182099e-02 +5.6943926e+03
4.7233000e-01 +3.0000000e-01 +2.0251111e+01 -2.2996111e-02 +7.1314111e-02 +1.8988272e+00 +9.3061728e-01 +7.3150864e-01 +1.7035432e-02 -1.8579383e-01 -1.5453951e-02 +5.7093030e+03
4.7735400e-01 +3.0000000e-01 +2.0252333e+01 -1.8353111e-02 +7.0952778e-02 +1.8993210e+00 +9.3256543e-01 +7.3232593e-01 +1.4826543e-02 -1.8406296e-01 -1.2701852e-02 +5.7234247e+03
4.8238200e-01 +3.0000000e-01 +2.0253556e+01 -1.3757778e-02 +7.0754556e-02 +1.9006049e+00 +9.3415679e-01 +7.3262346e-01 +1.2472222e-02 -1.8214691e-01 -9.9473210e-03 +5.7341351e+03
4.8741300e-01 +3.0000000e-01 +2.0254778e+01 -9.1856778e-03 +7.0644778e-02 +1.9023086e+00 +9.3534815e-01 +7.3260247e-01 +9.7243580e-03 -1.8026296e-01 -7.2056049e-03 +5.7420304e+03
4.9244700e-01 +3.0000000e-01 +2.0255667e+01 -4.6070778e-03 +7.0445222e-02 +1.9039136e+00 +9.3613086e-01 +7.3239630e-01 +6.5249630e-03 -1.7853086e-01 -4.4067778e-03 +5.7489621e+03
4.9748200e-01 +3.0000000e-01 +2.0256111e+01 +0.0000000e+00 +7.0006000e-02 +1.9049259e+00 +9.3651358e-01 +7.3198642e-01 +2.9735679e-03 -1.7719383e-01 -1.4894321e-03 +5.7539876e+03
5.0251800e-01 +3.0000000e-01 +2.0256111e+01 +4.6070778e-03 +6.9246000e-02 +1.9049259e+00 +9.3651358e-01 +7.3140617e-01 -8.5171975e-04 -1.7637778e-01 +1.4894321e-03 +5.7539876e+03
5.0755300e-01 +3.0000000e-01 +2.0255667e+01 +9.1856778e-03 +6.8083444e-02 +1.9039136e+00 +9.3613086e-01 +7.3073951e-01 -4.8158642e-03 -1.7596296e-01 +4.4067778e-03 +5.7489621e+03
5.1258700e-01 +3.0000000e-01 +2.0254778e+01 +1.3757778e-02 +6.6541111e-02 +1.9023086e+00 +9.3534815e-01 +7.3008519e-01 -8.7697160e-03 -1.7570247e-01 +7.2056049e-03 +5.7420304e+03
5.1761800e-01 +3.0000000e-01 +2.0253556e+01 +1.8353111e-02 +6.4838222e-02 +1.9006049e+00 +9.3415679e-01 +7.2940864e-01 -1.2521728e-02 -1.7540864e-01 +9.9473210e-03 +5.7341351e+03
5.2264600e-01 +3.0000000e-01 +2.0252333e+01 +2.2996111e-02 +6.3261778e-02 +1.8993210e+00 +9.3256543e-01 +7.2851852e-01 -1.6006049e-02 -1.7505185e-01 +1.2701852e-02 +5.7234247e+03
5.2767000e-01 +3.0000000e-01 +2.0251111e+01 +2.7721222e-02 +6.2018111e-02 +1.8988272e+00 +9.3061728e-01 +7.2732222e-01 -1.9344321e-02 -1.7456420e-01 +1.5453951e-02 +5.7093030e+03
5.3268900e-01 +3.0000000e-01 +2.0249889e+01 +3.2546667e-02 +6.1054556e-02 +1.8992346e+00 +9.2836049e-01 +7.2593580e-01 -2.2583086e-02 -1.7384074e-01 +1.8182099e-02 +5.6943926e+03
5.3770200e-01 +3.0000000e-01 +2.0249000e+01 +3.7482222e-02 +6.0163000e-02 +1.9002963e+00 +9.2581481e-01 +7.2466296e-01 -2.5675062e-02 -1.7277160e-01 +2.0923210e-02 +5.6796952e+03
5.4270800e-01 +3.0000000e-01 +2.0248333e+01 +4.2525000e-02 +5.9137778e-02 +1.9016667e+00 +9.2298148e-01 +7.2385926e-01 -2.8646914e-02 -1.7125802e-01 +2.3735185e-02 +5.6646414e+03
5.4770700e-01 +3.0000000e-01 +2.0247889e+01 +4.7664667e-02 +5.7820556e-02 +1.9028519e+00 +9.1985556e-01 +7.2369136e-01 -3.1582840e-02 -1.6929753e-01 +2.6614321e-02 +5.6505353e+03
5.5269600e-01 +3.0000000e-01 +2.0247556e+01 +5.2900889e-02 +5.6113444e-02 +1.9034198e+00 +9.1635926e-01 +7.2402346e-01 -3.4499630e-02 -1.6693457e-01 +2.9545185e-02 +5.6371601e+03
5.5767600e-01 +3.0000000e-01 +2.0247333e+01 +5.8225889e-02 +5.3932222e-02 +1.9030617e+00 +9.1233704e-01 +7.2440370e-01 -3.7362840e-02 -1.6422099e-01 +3.2527654e-02 +5.6266533e+03
5.6264600e-01 +3.0000000e-01 +2.0247444e+01 +6.3597556e-02 +5.1169444e-02 +1.9013827e+00 +9.0770988e-01 +7.2434444e-01 -4.0092099e-02 -1.6120000e-01 +3.5516420e-02 +5.6217186e+03
5.6760400e-01 +3.0000000e-01 +2.0247778e+01 +6.8943222e-02 +4.7764444e-02 +1.8980864e+00 +9.0258025e-01 +7.2374321e-01 -4.2541481e-02 -1.5781358e-01 +3.8436173e-02 +5.6189608e+03
5.7255000e-01 +3.0000000e-01 +2.0248444e+01 +7.4203000e-02 +4.3700222e-02 +1.8930864e+00 +8.9718519e-01 +7.2266420e-01 -4.4601481e-02 -1.5405062e-01 +4.1225926e-02 +5.6131179e+03
5.7748300e-01 +3.0000000e-01 +2.0249222e+01 +7.9335556e-02 +3.9050111e-02 +1.8867160e+00 +8.9173333e-01 +7.2148025e-01 -4.6212099e-02 -1.5005309e-01 +4.3893333e-02 +5.5996800e+03
5.8240200e-01 +3.0000000e-01 +2.0250111e+01 +8.4304000e-02 +3.3957778e-02 +1.8797160e+00 +8.8628395e-01 +7.2056049e-01 -4.7279136e-02 -1.4601358e-01 +4.6457284e-02 +5.5798651e+03
5.8730600e-01 +3.0000000e-01 +2.0251222e+01 +8.9046000e-02 +2.8503556e-02 +1.8726173e+00 +8.8080000e-01 +7.2011358e-01 -4.7693580e-02 -1.4210741e-01 +4.8877654e-02 +5.5553234e+03
5.9219500e-01 +3.0000000e-01 +2.0252333e+01 +9.3520667e-02 +2.2710778e-02 +1.8654938e+00 +8.7526790e-01 +7.2009383e-01 -4.7403827e-02 -1.3836790e-01 +5.1092099e-02 +5.5290256e+03
5.9706700e-01 +3.0000000e-01 +2.0253222e+01 +9.7745667e-02 +1.6663778e-02 +1.8583704e+00 +8.6972593e-01 +7.2024938e-01 -4.6390000e-02 -1.3471358e-01 +5.3152716e-02 +5.5050791e+03
6.0192200e-01 +3.0000000e-01 +2.0253889e+01 +1.0175544e-01 +1.0481911e-02 +1.8515802e+00 +8.6422222e-01 +7.2049630e-01 -4.4700494e-02 -1.3110864e-01 +5.5119630e-02 +5.4826407e+03
6.0675900e-01 +3.0000000e-01 +2.0254000e+01 +1.0555378e-01 +4.1894667e-03 +1.8454198e+00 +8.5878148e-01 +7.2084074e-01 -4.2463333e-02 -1.2760247e-01 +5.6967407e-02 +5.4607982e+03
6.1157700e-01 +3.0000000e-01 +2.0253778e+01 +1.0911000e-01 -2.2609667e-03 +1.8396420e+00 +8.5340988e-01 +7.2136049e-01 -3.9796543e-02 -1.2430370e-01 +5.8660617e-02 +5.4417768e+03
6.1637600e-01 +3.0000000e-01 +2.0253111e+01 +1.1241111e-01 -8.8728000e-03 +1.8338519e+00 +8.4813951e-01 +7.2234444e-01 -3.6777654e-02 -1.2126877e-01 +6.0194321e-02 +5.4241129e+03
6.2115400e-01 +3.0000000e-01 +2.0252000e+01 +1.1547889e-01 -1.5584667e-02 +1.8276173e+00 +8.4300864e-01 +7.2398272e-01 -3.3433580e-02 -1.1839395e-01 +6.1560617e-02 +5.4036604e+03
6.2591100e-01 +3.0000000e-01 +2.0250556e+01 +1.1833444e-01 -2.2330222e-02 +1.8206296e+00 +8.3800247e-01 +7.2601111e-01 -2.9765802e-02 -1.1556247e-01 +6.2731235e-02 +5.3832784e+03
6.3064600e-01 +3.0000000e-01 +2.0248556e+01 +1.2097444e-01 -2.9123111e-02 +1.8128025e+00 +8.3306420e-01 +7.2814074e-01 -2.5725185e-02 -1.1268840e-01 +6.3709877e-02 +5.3679904e+03
6.3535900e-01 +3.0000000e-01 +2.0245778e+01 +1.2337333e-01 -3.6034111e-02 +1.8040864e+00 +8.2817654e-01 +7.3035432e-01 -2.1207531e-02 -1.0966136e-01 +6.4563827e-02 +5.3571253e+03
6.4004900e-01 +3.0000000e-01 +2.0242222e+01 +1.2551667e-01 -4.3105000e-02 +1.7948519e+00 +8.2338148e-01 +7.3246667e-01 -1.6148148e-02 -1.0631951e-01 +6.5350370e-02 +5.3493775e+03
6.4471400e-01 +3.0000000e-01 +2.0237444e+01 +1.2741667e-01 -5.0344333e-02 +1.7857160e+00 +8.1872593e-01 +7.3424568e-01 -1.0595123e-02 -1.0260543e-01 +6.6062716e-02 +5.3424671e+03
6.4935600e-01 +3.0000000e-01 +2.0231556e+01 +1.2909444e-01 -5.7697000e-02 +1.7771975e+00 +8.1425926e-01 +7.3583333e-01 -4.6570864e-03 -9.8709877e-02 +6.6726420e-02 +5.3327193e+03
6.5397200e-01 +3.0000000e-01 +2.0224222e+01 +1.3056778e-01 -6.4959000e-02 +1.7697284e+00 +8.1002716e-01 +7.3741358e-01 +1.5921235e-03 -9.4901728e-02 +6.7441235e-02 +5.3190016e+03
6.5856200e-01 +3.0000000e-01 +2.0215444e+01 +1.3184333e-01 -7.1897111e-02 +1.7637407e+00 +8.0604198e-01 +7.3897284e-01 +8.1702469e-03 -9.1298025e-02 +6.8271728e-02 +5.3031583e+03
6.6312500e-01 +3.0000000e-01 +2.0205000e+01 +1.3290444e-01 -7.8437667e-02 +1.7595432e+00 +8.0228395e-01 +7.4045556e-01 +1.5128272e-02 -8.7892963e-02 +6.9197654e-02 +5.2891910e+03
6.6766200e-01 +3.0000000e-01 +2.0193000e+01 +1.3372556e-01 -8.4653444e-02 +1.7570247e+00 +7.9874198e-01 +7.4182963e-01 +2.2475185e-02 -8.4658272e-02 +7.0140988e-02 +5.2817509e+03
6.7217000e-01 +3.0000000e-01 +2.0179444e+01 +1.3428667e-01 -9.0628333e-02 +1.7559136e+00 +7.9541235e-01 +7.4320123e-01 +3.0206790e-02 -8.1424568e-02 +7.1041728e-02 +5.2822099e+03
6.7665100e-01 +3.0000000e-01 +2.0164333e+01 +1.3456333e-01 -9.6361556e-02 +1.7561975e+00 +7.9227531e-01 +7.4496296e-01 +3.8360247e-02 -7.7934444e-02 +7.1904568e-02 +5.2891685e+03
6.8110300e-01 +3.0000000e-01 +2.0148000e+01 +1.3452111e-01 -1.0173689e-01 +1.7578272e+00 +7.8933333e-01 +7.4749630e-01 +4.6983457e-02 -7.4118519e-02 +7.2700988e-02 +5.3029186e+03
6.8552500e-01 +3.0000000e-01 +2.0130222e+01 +1.3416778e-01 -1.0669589e-01 +1.7605309e+00 +7.8663827e-01 +7.5094938e-01 +5.6048272e-02 -7.0046914e-02 +7.3371111e-02 +5.3241335e+03
6.8991800e-01 +3.0000000e-01 +2.0111111e+01 +1.3353333e-01 -1.1130667e-01 +1.7640123e+00 +7.8429506e-01 +7.5540617e-01 +6.5493580e-02 -6.5768148e-02 +7.3882099e-02 +5.3501088e+03
6.9428000e-01 +3.0000000e-01 +2.0090667e+01 +1.3265667e-01 -1.1561222e-01 +1.7682099e+00 +7.8243704e-01 +7.6078765e-01 +7.5268025e-02 -6.1300494e-02 +7.4209136e-02 +5.3808185e+03
6.9861200e-01 +3.0000000e-01 +2.0068667e+01 +1.3157333e-01 -1.1956444e-01 +1.7733457e+00 +7.8116420e-01 +7.6684444e-01 +8.5337160e-02 -5.6666296e-02 +7.4290741e-02 +5.4139756e+03
7.0291200e-01 +3.0000000e-01 +2.0045333e+01 +1.3030222e-01 -1.2312444e-01 +1.7796296e+00 +7.8050000e-01 +7.7334691e-01 +9.5650864e-02 -5.1997531e-02 +7.4038148e-02 +5.4470264e+03
7.0718000e-01 +3.0000000e-01 +2.0020556e+01 +1.2884000e-01 -1.2639444e-01 +1.7871605e+00 +7.8039877e-01 +7.8031235e-01 +1.0617333e-01 -4.7342346e-02 +7.3420247e-02 +5.4821274e+03
7.1141700e-01 +3.0000000e-01 +1.9994333e+01 +1.2717667e-01 -1.2951556e-01 +1.7958765e+00 +7.8080000e-01 +7.8798395e-01 +1.1692778e-01 -4.2595062e-02 +7.2510494e-02 +5.5204105e+03
7.1562000e-01 +3.0000000e-01 +1.9967000e+01 +1.2530889e-01 -1.3256222e-01 +1.8057654e+00 +7.8167160e-01 +7.9643457e-01 +1.2793704e-01 -3.7606296e-02 +7.1468889e-02 +5.5608320e+03
7.1979100e-01 +3.0000000e-01 +1.9938222e+01 +1.2323778e-01 -1.3553000e-01 +1.8168395e+00 +7.8302099e-01 +8.0527284e-01 +1.3918148e-01 -3.2303704e-02 +7.0477160e-02 +5.6047133e+03
7.2392900e-01 +3.0000000e-01 +1.9908111e+01 +1.2097222e-01 -1.3836778e-01 +1.8288889e+00 +7.8488148e-01 +8.1403457e-01 +1.5065556e-01 -2.6738642e-02 +6.9639753e-02 +5.6544200e+03
7.2803300e-01 +3.0000000e-01 +1.9876556e+01 +1.1853889e-01 -1.4098111e-01 +1.8418148e+00 +7.8727037e-01 +8.2267160e-01 +1.6238272e-01 -2.0959383e-02 +6.8944568e-02 +5.7100514e+03
7.3210300e-01 +3.0000000e-01 +1.9843444e+01 +1.1596889e-01 -1.4328667e-01 +1.8555309e+00 +7.9015556e-01 +8.3140864e-01 +1.7434938e-01 -1.5007654e-02 +6.8288025e-02 +5.7713385e+03
7.3613800e-01 +3.0000000e-01 +1.9809000e+01 +1.1330000e-01 -1.4530444e-01 +1.8697531e+00 +7.9344198e-01 +8.4043951e-01 +1.8646296e-01 -9.0156914e-03 +6.7541852e-02 +5.8397210e+03
7.4013900e-01 +3.0000000e-01 +1.9773111e+01 +1.1055356e-01 -1.4707000e-01 +1.8843827e+00 +7.9699383e-01 +8.4984691e-01 +1.9865185e-01 -3.1713210e-03 +6.6643086e-02 +5.9147414e+03
7.4410500e-01 +3.0000000e-01 +1.9735778e+01 +1.0773344e-01 -1.4856889e-01 +1.8998519e+00 +8.0069012e-01 +8.5953086e-01 +2.1096420e-01 +2.3847160e-03 +6.5606296e-02 +5.9948377e+03
7.4803600e-01 +3.0000000e-01 +1.9697222e+01 +1.0483922e-01 -1.4976111e-01 +1.9165432e+00 +8.0447654e-01 +8.6930864e-01 +2.2345062e-01 +7.5789259e-03 +6.4478519e-02 +6.0776664e+03
7.5193100e-01 +3.0000000e-01 +1.9657333e+01 +1.0188567e-01 -1.5063000e-01 +1.9344321e+00 +8.0836790e-01 +8.7908889e-01 +2.3608395e-01 +1.2365309e-02 +6.3291481e-02 +6.1626733e+03
7.5579100e-01 +3.0000000e-01 +1.9616111e+01 +9.8903000e-02 -1.5119000e-01 +1.9532593e+00 +8.1239506e-01 +8.8892840e-01 +2.4883086e-01 +1.6826049e-02 +6.2055802e-02 +6.2524012e+03
7.5961500e-01 +3.0000000e-01 +1.9573667e+01 +9.5929778e-02 -1.5140889e-01 +1.9727901e+00 +8.1657037e-01 +8.9897284e-01 +2.6170000e-01 +2.1162222e-02 +6.0782469e-02 +6.3450927e+03
7.6340300e-01 +3.0000000e-01 +1.9530111e+01 +9.2996889e-02 -1.5122333e-01 +1.9930123e+00 +8.2085309e-01 +9.0924815e-01 +2.7469012e-01 +2.5498025e-02 +5.9471975e-02 +6.4379752e+03
7.6715400e-01 +3.0000000e-01 +1.9485556e+01 +9.0113778e-02 -1.5062556e-01 +2.0140988e+00 +8.2516420e-01 +9.1965309e-01 +2.8776049e-01 +2.9843333e-02 +5.8135185e-02 +6.5349559e+03
7.7086900e-01 +3.0000000e-01 +1.9440111e+01 +8.7266444e-02 -1.4965889e-01 +2.0362840e+00 +8.2943580e-01 +9.3013210e-01 +3.0085185e-01 +3.4154938e-02 +5.6812099e-02 +6.6370453e+03
7.7454800e-01 +3.0000000e-01 +1.9394000e+01 +8.4433556e-02 -1.4834222e-01 +2.0597531e+00 +8.3364074e-01 +9.4065062e-01 +3.1388642e-01 +3.8340864e-02 +5.5515432e-02 +6.7405157e+03
7.7819000e-01 +3.0000000e-01 +1.9347000e+01 +8.1607222e-02 -1.4668667e-01 +2.0844198e+00 +8.3777531e-01 +9.5108025e-01 +3.2675309e-01 +4.2273457e-02 +5.4184815e-02 +6.8476445e+03
7.8179500e-01 +3.0000000e-01 +1.9299333e+01 +7.8793444e-02 -1.4471111e-01 +2.1099877e+00 +8.4183827e-01 +9.6124321e-01 +3.3933086e-01 +4.5808395e-02 +5.2744938e-02 +6.9637193e+03
7.8536400e-01 +3.0000000e-01 +1.9250889e+01 +7.6001444e-02 -1.4243222e-01 +2.1360123e+00 +8.4584444e-01 +9.7111605e-01 +3.5150247e-01 +4.8852099e-02 +5.1164938e-02 +7.0909808e+03
7.8889500e-01 +3.0000000e-01 +1.9201667e+01 +7.3236333e-02 -1.3985222e-01 +2.1620741e+00 +8.4982593e-01 +9.8089506e-01 +3.6318765e-01 +5.1429383e-02 +4.9447531e-02 +7.2293885e+03
7.9238900e-01 +3.0000000e-01 +1.9151667e+01 +7.0496889e-02 -1.3698556e-01 +2.1879630e+00 +8.5384074e-01 +9.9091481e-01 +3.7438272e-01 +5.3603333e-02 +4.7585062e-02 +7.3733235e+03
7.9584700e-01 +3.0000000e-01 +1.9101111e+01 +6.7786333e-02 -1.3385889e-01 +2.2137037e+00 +8.5796667e-01 +1.0013753e+00 +3.8518025e-01 +5.5405185e-02 +4.5555309e-02 +7.5180190e+03
7.9926700e-01 +3.0000000e-01 +1.9050000e+01 +6.5114889e-02 -1.3049556e-01 +2.2391728e+00 +8.6225062e-01 +1.0121605e+00 +3.9569136e-01 +5.6876049e-02 +4.3352963e-02 +7.6670709e+03
8.0265000e-01 +3.0000000e-01 +1.8998333e+01 +6.2485444e-02 -1.2692000e-01 +2.2641728e+00 +8.6670123e-01 +1.0230321e+00 +4.0597654e-01 +5.8086173e-02 +4.1027037e-02 +7.8241834e+03
8.0599600e-01 +3.0000000e-01 +1.8946000e+01 +5.9893556e-02 -1.2317778e-01 +2.2887037e+00 +8.7132099e-01 +1.0339123e+00 +4.1609012e-01 +5.9095062e-02 +3.8691358e-02 +7.9890764e+03
8.0930400e-01 +3.0000000e-01 +1.8893222e+01 +5.7338222e-02 -1.1931778e-01 +2.3129012e+00 +8.7613210e-01 +1.0449309e+00 +4.2611852e-01 +5.9942593e-02 +3.6479877e-02 +8.1613013e+03
8.1257600e-01 +3.0000000e-01 +1.8839667e+01 +5.4818556e-02 -1.1534333e-01 +2.3368519e+00 +8.8115185e-01 +1.0562012e+00 +4.3610617e-01 +6.0664691e-02 +3.4493210e-02 +8.3420007e+03
8.1581000e-01 +3.0000000e-01 +1.8785444e+01 +5.2332111e-02 -1.1119778e-01 +2.3608148e+00 +8.8635432e-01 +1.0677025e+00 +4.4600988e-01 +6.1345679e-02 +3.2762099e-02 +8.5304495e+03
8.1900800e-01 +3.0000000e-01 +1.8730556e+01 +4.9881889e-02 -1.0680344e-01 +2.3850370e+00 +8.9168025e-01 +1.0793519e+00 +4.5572716e-01 +6.2123333e-02 +3.1247901e-02 +8.7230947e+03
8.2216800e-01 +3.0000000e-01 +1.8675333e+01 +4.7476222e-02 -1.0211500e-01 +2.4096914e+00 +8.9705309e-01 +1.0909778e+00 +4.6513827e-01 +6.3063210e-02 +2.9899506e-02 +8.9197857e+03
8.2529200e-01 +3.0000000e-01 +1.8619778e+01 +4.5125889e-02 -9.7152667e-02 +2.4347284e+00 +9.0240000e-01 +1.1023605e+00 +4.7414691e-01 +6.4079506e-02 +2.8670494e-02 +9.1245666e+03
8.2837800e-01 +3.0000000e-01 +1.8564111e+01 +4.2842556e-02 -9.1963667e-02 +2.4599259e+00 +9.0768148e-01 +1.1134889e+00 +4.8270741e-01 +6.5082593e-02 +2.7509506e-02 +9.3401979e+03
8.3142800e-01 +3.0000000e-01 +1.8508333e+01 +4.0642778e-02 -8.6576222e-02 +2.4850000e+00 +9.1292963e-01 +1.1245988e+00 +4.9084938e-01 +6.6116173e-02 +2.6397901e-02 +9.5648000e+03
8.3444100e-01 +3.0000000e-01 +1.8452444e+01 +3.8543889e-02 -8.1018778e-02 +2.5098272e+00 +9.1823580e-01 +1.1360136e+00 +4.9865926e-01 +6.7255802e-02 +2.5359259e-02 +9.7907514e+03
8.3741800e-01 +3.0000000e-01 +1.8396556e+01 +3.6556111e-02 -7.5353556e-02 +2.5343704e+00 +9.2369012e-01 +1.1479210e+00 +5.0624321e-01 +6.8531975e-02 +2.4421605e-02 +1.0013127e+04
8.4035800e-01 +3.0000000e-01 +1.8340667e+01 +3.4679556e-02 -6.9643333e-02 +2.5586420e+00 +9.2932469e-01 +1.1602901e+00 +5.1368272e-01 +6.9952469e-02 +2.3598889e-02 +1.0237110e+04
8.4326200e-01 +3.0000000e-01 +1.8284667e+01 +3.2905111e-02 -6.3894556e-02 +2.5827778e+00 +9.3511235e-01 +1.1729704e+00 +5.2102469e-01 +7.1520370e-02 +2.2881728e-02 +1.0469629e+04
8.4613000e-01 +3.0000000e-01 +1.8228556e+01 +3.1216889e-02 -5.8060000e-02 +2.6069877e+00 +9.4100741e-01 +1.1858062e+00 +5.2827160e-01 +7.3215309e-02 +2.2217531e-02 +1.0712977e+04
8.4896200e-01 +3.0000000e-01 +1.8172333e+01 +2.9596000e-02 -5.2095333e-02 +2.6314815e+00 +9.4697407e-01 +1.1986531e+00 +5.3539506e-01 +7.4942222e-02 +2.1514691e-02 +1.0968357e+04
8.5175700e-01 +3.0000000e-01 +1.8115778e+01 +2.8025222e-02 -4.5994778e-02 +2.6562840e+00 +9.5297654e-01 +1.2114420e+00 +5.4238148e-01 +7.6564198e-02 +2.0678148e-02 +1.1236350e+04
8.5451800e-01 +3.0000000e-01 +1.8059000e+01 +2.6493333e-02 -3.9777222e-02 +2.6812840e+00 +9.5898395e-01 +1.2242457e+00 +5.4924691e-01 +7.8008272e-02 +1.9644321e-02 +1.1514528e+04
8.5724300e-01 +3.0000000e-01 +1.8002000e+01 +2.4996111e-02 -3.3457222e-02 +2.7063704e+00 +9.6497654e-01 +1.2372099e+00 +5.5604074e-01 +7.9296049e-02 +1.8401235e-02 +1.1801328e+04
8.5993200e-01 +3.0000000e-01 +1.7944778e+01 +2.3537333e-02 -2.7035444e-02 +2.7313827e+00 +9.7094074e-01 +1.2504568e+00 +5.6282099e-01 +8.0480741e-02 +1.6991235e-02 +1.2099593e+04
8.6258600e-01 +3.0000000e-01 +1.7887333e+01 +2.2126444e-02 -2.0505333e-02 +2.7562716e+00 +9.7687284e-01 +1.2640000e+00 +5.6962593e-01 +8.1560617e-02 +1.5474815e-02 +1.2410907e+04
8.6520600e-01 +3.0000000e-01 +1.7829667e+01 +2.0770000e-02 -1.3869111e-02 +2.7810000e+00 +9.8276543e-01 +1.2777531e+00 +5.7643827e-01 +8.2478642e-02 +1.3899877e-02 +1.2732659e+04
8.6779100e-01 +3.0000000e-01 +1.7771778e+01 +1.9461333e-02 -7.1454111e-03 +2.8054938e+00 +9.8861481e-01 +1.2915679e+00 +5.8318395e-01 +8.3152840e-02 +1.2316802e-02 +1.3067357e+04
8.7034100e-01 +3.0000000e-01 +1.7713667e+01 +1.8182000e-02 -3.5972778e-04 +2.8297778e+00 +9.9441852e-01 +1.3054321e+00 +5.8979753e-01 +8.3480741e-02 +1.0777840e-02 +1.3418483e+04
8.7285700e-01 +3.0000000e-01 +1.7655222e+01 +1.6914222e-02 +6.4624556e-03 +2.8539506e+00 +1.0001667e+00 +1.3194074e+00 +5.9628025e-01 +8.3391481e-02 +9.3084444e-03 +1.3780295e+04
8.7534000e-01 +3.0000000e-01 +1.7596667e+01 +1.5650222e-02 +1.3282111e-02 +2.8781605e+00 +1.0058346e+00 +1.3335309e+00 +6.0263704e-01 +8.2910988e-02 +7.8920247e-03 +1.4148455e+04
8.7778800e-01 +3.0000000e-01 +1.7537778e+01 +1.4388778e-02 +2.0044556e-02 +2.9024321e+00 +1.0113778e+00 +1.3477778e+00 +6.0882099e-01 +8.2169753e-02 +6.4906173e-03 +1.4527171e+04
8.8020300e-01 +3.0000000e-01 +1.7478778e+01 +1.3129333e-02 +2.6706667e-02 +2.9267284e+00 +1.0167469e+00 +1.3621481e+00 +6.1477160e-01 +8.1326667e-02 +5.0786049e-03 +1.4919748e+04
8.8258400e-01 +3.0000000e-01 +1.7419556e+01 +1.1873778e-02 +3.3251444e-02 +2.9510123e+00 +1.0219086e+00 +1.3767284e+00 +6.2046543e-01 +8.0483333e-02 +3.6583457e-03 +1.5322238e+04
8.8493300e-01 +3.0000000e-01 +1.7360111e+01 +1.0631967e-02 +3.9680111e-02 +2.9753086e+00 +1.0268469e+00 +1.3914321e+00 +6.2592222e-01 +7.9693827e-02 +2.2617654e-03 +1.5731498e+04
8.8724900e-01 +3.0000000e-01 +1.7300556e+01 +9.4251889e-03 +4.6003778e-02 +2.9998272e+00 +1.0315469e+00 +1.4060247e+00 +6.3116914e-01 +7.8986296e-02 +9.3709877e-04 +1.6150029e+04
8.8953200e-01 +3.0000000e-01 +1.7240778e+01 +8.2810889e-03 +5.2245222e-02 +3.0248519e+00 +1.0359914e+00 +1.4202222e+00 +6.3620741e-01 +7.8361358e-02 -2.8167037e-04 +1.6581608e+04
8.9178300e-01 +3.0000000e-01 +1.7180889e+01 +7.2225000e-03 +5.8437667e-02 +3.0506296e+00 +1.0401704e+00 +1.4338889e+00 +6.4101728e-01 +7.7818148e-02 -1.3985802e-03 +1.7026877e+04
8.9400200e-01 +3.0000000e-01 +1.7120778e+01 +6.2587222e-03 +6.4610667e-02 +3.0772716e+00 +1.0440827e+00 +1.4469630e+00 +6.4553951e-01 +7.7381481e-02 -2.4454691e-03 +1.7486553e+04
8.9619000e-01 +3.0000000e-01 +1.7060444e+01 +5.3848667e-03 +7.0774000e-02 +3.1047284e+00 +1.0477432e+00 +1.4595185e+00 +6.4971358e-01 +7.7104074e-02 -3.4499383e-03 +1.7965733e+04
8.9834600e-01 +3.0000000e-01 +1.7000000e+01 +4.5885000e-03 +7.6916667e-02 +3.1328642e+00 +1.0511877e+00 +1.4717284e+00 +6.5350741e-01 +7.7043086e-02 -4.4248765e-03 +1.8466209e+04
9.0047100e-01 +3.0000000e-01 +1.6939333e+01 +3.8583333e-03 +8.3016222e-02 +3.1615679e+00 +1.0544531e+00 +1.4837284e+00 +6.5692469e-01 +7.7218519e-02 -5.3765432e-03 +1.8985803e+04
9.0256500e-01 +3.0000000e-01 +1.6878556e+01 +3.1896000e-03 +8.9045889e-02 +3.1907284e+00 +1.0575679e+00 +1.4955802e+00 +6.5998765e-01 +7.7597284e-02 -6.3065062e-03 +1.9525156e+04
9.0462900e-01 +3.0000000e-01 +1.6817667e+01 +2.5830778e-03 +9.4978667e-02 +3.2202593e+00 +1.0605420e+00 +1.5074074e+00 +6.6272099e-01 +7.8113210e-02 -7.2153951e-03 +2.0084628e+04
9.0666200e-01 +3.0000000e-01 +1.6756778e+01 +2.0413778e-03 +1.0078900e-01 +3.2501235e+00 +1.0633679e+00 +1.5193333e+00 +6.6516049e-01 +7.8688025e-02 -8.1123827e-03 +2.0661556e+04
9.0866500e-01 +3.0000000e-01 +1.6695667e+01 +1.5667111e-03 +1.0645644e-01 +3.2803580e+00 +1.0660259e+00 +1.5314444e+00 +6.6734815e-01 +7.9247531e-02 -9.0137901e-03 +2.1254220e+04
9.1063900e-01 +3.0000000e-01 +1.6634556e+01 +1.1608222e-03 +1.1197333e-01 +3.3109136e+00 +1.0684926e+00 +1.5437407e+00 +6.6930988e-01 +7.9738025e-02 -9.9247160e-03 +2.1863835e+04
9.1258400e-01 +3.0000000e-01 +1.6573444e+01 +8.2488556e-04 +1.1735333e-01 +3.3417284e+00 +1.0707469e+00 +1.5561605e+00 +6.7104198e-01 +8.0130370e-02 -1.0827012e-02 +2.2493510e+04
9.1449900e-01 +3.0000000e-01 +1.6512111e+01 +5.5920444e-04 +1.2262667e-01 +3.3727160e+00 +1.0727679e+00 +1.5685062e+00 +6.7252469e-01 +8.0412099e-02 -1.1689506e-02 +2.3146484e+04
9.1638500e-01 +3.0000000e-01 +1.6450778e+01 +3.6230778e-04 +1.2783778e-01 +3.4038272e+00 +1.0745309e+00 +1.5806049e+00 +6.7374938e-01 +8.0576543e-02 -1.2482963e-02 +2.3824415e+04
9.1824400e-01 +3.0000000e-01 +1.6389222e+01 +2.2937000e-04 +1.3302778e-01 +3.4351605e+00 +1.0760037e+00 +1.5923210e+00 +6.7474938e-01 +8.0612099e-02 -1.3189136e-02 +2.4528185e+04
9.2007400e-01 +3.0000000e-01 +1.6327667e+01 +1.5110222e-04 +1.3822889e-01 +3.4668272e+00 +1.0771568e+00 +1.6036296e+00 +6.7558519e-01 +8.0506420e-02 -1.3806420e-02 +2.5256741e+04
9.2187600e-01 +3.0000000e-01 +1.6265889e+01 +1.1481444e-04 +1.4346222e-01 +3.4988642e+00 +1.0779716e+00 +1.6146790e+00 +6.7632099e-01 +8.0255062e-02 -1.4347531e-02 +2.6009250e+04
9.2365000e-01 +3.0000000e-01 +1.6203889e+01 +1.0701489e-04 +1.4874000e-01 +3.5312840e+00 +1.0784432e+00 +1.6255926e+00 +6.7700000e-01 +7.9856790e-02 -1.4829259e-02 +2.6787351e+04
9.2539800e-01 +3.0000000e-01 +1.6141778e+01 +1.1512222e-04 +1.5406222e-01 +3.5640864e+00 +1.0785753e+00 +1.6365432e+00 +6.7765556e-01 +7.9304691e-02 -1.5261975e-02 +2.7595526e+04
9.2711800e-01 +3.0000000e-01 +1.6079222e+01 +1.2678222e-04 +1.5942444e-01 +3.5974568e+00 +1.0783605e+00 +1.6475802e+00 +6.7831605e-01 +7.8589753e-02 -1.5648025e-02 +2.8436396e+04
9.2881200e-01 +3.0000000e-01 +1.6016444e+01 +1.2902333e-04 +1.6481444e-01 +3.6318025e+00 +1.0777728e+00 +1.6587284e+00 +6.7900741e-01 +7.7721728e-02 -1.5989136e-02 +2.9305618e+04
9.3048000e-01 +3.0000000e-01 +1.5953222e+01 +1.1000733e-04 +1.7021667e-01 +3.6676049e+00 +1.0767741e+00 +1.6699012e+00 +6.7975185e-01 +7.6753704e-02 -1.6292593e-02 +3.0195707e+04
9.3212100e-01 +3.0000000e-01 +1.5889556e+01 +6.1717000e-05 +1.7562000e-01 +3.7052716e+00 +1.0753259e+00 +1.6810247e+00 +6.8055926e-01 +7.5785432e-02 -1.6570000e-02 +3.1102783e+04
9.3373700e-01 +3.0000000e-01 +1.5825333e+01 -1.9136222e-05 +1.8101556e-01 +3.7449630e+00 +1.0733901e+00 +1.6920123e+00 +6.8142099e-01 +7.4929506e-02 -1.6829630e-02 +3.2030346e+04
9.3532800e-01 +3.0000000e-01 +1.5760667e+01 -1.3199667e-04 +1.8639778e-01 +3.7867531e+00 +1.0709346e+00 +1.7027160e+00 +6.8232346e-01 +7.4263580e-02 -1.7071481e-02 +3.2987620e+04
9.3689300e-01 +3.0000000e-01 +1.5695444e+01 -2.7419000e-04 +1.9176444e-01 +3.8306667e+00 +1.0679321e+00 +1.7130123e+00 +6.8325185e-01 +7.3812469e-02 -1.7286049e-02 +3.3982013e+04
9.3843400e-01 +3.0000000e-01 +1.5629778e+01 -4.4291444e-04 +1.9711111e-01 +3.8767037e+00 +1.0643605e+00 +1.7227778e+00 +6.8418642e-01 +7.3562593e-02 -1.7454815e-02 +3.5016385e+04
9.3995000e-01 +3.0000000e-01 +1.5563444e+01 -6.3681111e-04 +2.0243778e-01 +3.9248272e+00 +1.0602086e+00 +1.7318765e+00 +6.8511235e-01 +7.3475802e-02 -1.7553580e-02 +3.6093091e+04
9.4144200e-01 +3.0000000e-01 +1.5496444e+01 -8.5688556e-04 +2.0774778e-01 +3.9750000e+00 +1.0554617e+00 +1.7402840e+00 +6.8600617e-01 +7.3501235e-02 -1.7561481e-02 +3.7215994e+04
9.4291000e-01 +3.0000000e-01 +1.5428778e+01 -1.1066278e-03 +2.1303444e-01 +4.0272222e+00 +1.0501062e+00 +1.7479877e+00 +6.8684568e-01 +7.3588765e-02 -1.7466173e-02 +3.8385829e+04
9.4435500e-01 +3.0000000e-01 +1.5360444e+01 -1.3910778e-03 +2.1828778e-01 +4.0815802e+00 +1.0441160e+00 +1.7550741e+00 +6.8760988e-01 +7.3699753e-02 -1.7265062e-02 +3.9598043e+04
9.4577700e-01 +3.0000000e-01 +1.5291111e+01 -1.7150333e-03 +2.2348889e-01 +4.1382099e+00 +1.0374605e+00 +1.7616296e+00 +6.8828642e-01 +7.3807407e-02 -1.6966173e-02 +4.0848195e+04
9.4717500e-01 +3.0000000e-01 +1.5221000e+01 -2.0808778e-03 +2.2861556e-01 +4.1972099e+00 +1.0301049e+00 +1.7677284e+00 +6.8887901e-01 +7.3883827e-02 -1.6586914e-02 +4.2136454e+04
9.4855100e-01 +3.0000000e-01 +1.5149889e+01 -2.4866667e-03 +2.3364778e-01 +4.2586296e+00 +1.0220123e+00 +1.7734198e+00 +6.8940988e-01 +7.3901728e-02 -1.6149877e-02 +4.3467034e+04
9.4990500e-01 +3.0000000e-01 +1.5077778e+01 -2.9252889e-03 +2.3856000e-01 +4.3225556e+00 +1.0131531e+00 +1.7786667e+00 +6.8991481e-01 +7.3851358e-02 -1.5674815e-02 +4.4843995e+04
9.5123600e-01 +3.0000000e-01 +1.5004333e+01 -3.3850667e-03 +2.4332556e-01 +4.3890494e+00 +1.0034975e+00 +1.7833704e+00 +6.9042963e-01 +7.3751481e-02 -1.5171481e-02 +4.6268678e+04
9.5254600e-01 +3.0000000e-01 +1.4929778e+01 -3.8517778e-03 +2.4792778e-01 +4.4582346e+00 +9.9301975e-01 +1.7874691e+00 +6.9096667e-01 +7.3642593e-02 -1.4638148e-02 +4.7738346e+04
9.5383400e-01 +3.0000000e-01 +1.4853778e+01 -4.3108222e-03 +2.5235333e-01 +4.5302099e+00 +9.8169012e-01 +1.7909136e+00 +6.9151481e-01 +7.3568642e-02 -1.4066667e-02 +4.9250151e+04
9.5510100e-01 +3.0000000e-01 +1.4776444e+01 -4.7488444e-03 +2.5660444e-01 +4.6050370e+00 +9.6948519e-01 +1.7936543e+00 +6.9204198e-01 +7.3564691e-02 -1.3452222e-02 +5.0804131e+04
9.5634800e-01 +3.0000000e-01 +1.4697556e+01 -5.1543333e-03 +2.6068444e-01 +4.6827901e+00 +9.5638395e-01 +1.7956914e+00 +6.9250247e-01 +7.3656543e-02 -1.2801975e-02 +5.2405371e+04
9.5757400e-01 +3.0000000e-01 +1.4617000e+01 -5.5178778e-03 +2.6459889e-01 +4.7634815e+00 +9.4236914e-01 +1.7969506e+00 +6.9285062e-01 +7.3866173e-02 -1.2136296e-02 +5.4061605e+04
9.5877900e-01 +3.0000000e-01 +1.4534556e+01 -5.8322333e-03 +2.6835222e-01 +4.8471852e+00 +9.2743086e-01 +1.7974198e+00 +6.9304691e-01 +7.4208765e-02 -1.1482506e-02 +5.5779534e+04
9.5996400e-01 +3.0000000e-01 +1.4450222e+01 -6.0922889e-03 +2.7194667e-01 +4.9339877e+00 +9.1156543e-01 +1.7970247e+00 +6.9305185e-01 +7.4683457e-02 -1.0868864e-02 +5.7562383e+04
9.6113000e-01 +3.0000000e-01 +1.4363667e+01 -6.2951000e-03 +2.7538222e-01 +5.0239506e+00 +8.9478148e-01 +1.7957284e+00 +6.9282840e-01 +7.5271235e-02 -1.0319444e-02 +5.9411404e+04
9.6227600e-01 +3.0000000e-01 +1.4274778e+01 -6.4398222e-03 +2.7864778e-01 +5.1170988e+00 +8.7709383e-01 +1.7935309e+00 +6.9232469e-01 +7.5944691e-02 -9.8505062e-03 +6.1326761e+04
9.6340300e-01 +3.0000000e-01 +1.4183444e+01 -6.5274444e-03 +2.8172889e-01 +5.2134321e+00 +8.5852716e-01 +1.7904321e+00 +6.9148889e-01 +7.6683951e-02 -9.4683704e-03 +6.3305767e+04
9.6451100e-01 +3.0000000e-01 +1.4089333e+01 -6.5603444e-03 +2.8459667e-01 +5.3129136e+00 +8.3911358e-01 +1.7864691e+00 +6.9026296e-01 +7.7485556e-02 -9.1686049e-03 +6.5343537e+04
9.6560100e-01 +3.0000000e-01 +1.3992222e+01 -6.5419333e-03 +2.8722111e-01 +5.4154691e+00 +8.1888519e-01 +1.7817037e+00 +6.8859506e-01 +7.8364074e-02 -8.9361481e-03 +6.7434563e+04
9.6667200e-01 +3.0000000e-01 +1.3891889e+01 -6.4764778e-03 +2.8956556e-01 +5.5210247e+00 +7.9787407e-01 +1.7761852e+00 +6.8644074e-01 +7.9347778e-02 -8.7475926e-03 +6.9575322e+04
9.6772500e-01 +3.0000000e-01 +1.3788000e+01 -6.3689889e-03 +2.9159222e-01 +5.6294568e+00 +7.7611481e-01 +1.7699383e+00 +6.8376420e-01 +8.0471975e-02 -8.5766173e-03 +7.1764970e+04
9.6876100e-01 +3.0000000e-01 +1.3680444e+01 -6.2250444e-03 +2.9326667e-01 +5.7406173e+00 +7.5363704e-01 +1.7629383e+00 +6.8053951e-01 +8.1766543e-02 -8.3999259e-03 +7.4005010e+04
9.6977800e-01 +3.0000000e-01 +1.3568778e+01 -6.0503222e-03 +2.9456111e-01 +5.8542716e+00 +7.3047531e-01 +1.7551111e+00 +6.7674321e-01 +8.3241605e-02 -8.2012469e-03 +7.6299693e+04
9.7077900e-01 +3.0000000e-01 +1.3452667e+01 -5.8502222e-03 +2.9545667e-01 +5.9701481e+00 +7.0666543e-01 +1.7463951e+00 +6.7235802e-01 +8.4876667e-02 -7.9724198e-03 +7.8653073e+04
9.7176200e-01 +3.0000000e-01 +1.3331889e+01 -5.6296556e-03 +2.9594000e-01 +6.0878765e+00 +6.8224815e-01 +1.7366543e+00 +6.6736914e-01 +8.6624198e-02 -7.7128765e-03 +8.1065221e+04
9.7272900e-01 +3.0000000e-01 +1.3206000e+01 -5.3931111e-03 +2.9600556e-01 +6.2070617e+00 +6.5726914e-01 +1.7257901e+00 +6.6176049e-01 +8.8424691e-02 -7.4279630e-03 +8.3530446e+04
9.7367900e-01 +3.0000000e-01 +1.3074667e+01 -5.1448778e-03 +2.9565111e-01 +6.3272099e+00 +6.3177654e-01 +1.7136667e+00 +6.5552099e-01 +9.0225432e-02 -7.1257778e-03 +8.6037198e+04
9.7461200e-01 +3.0000000e-01 +1.2937444e+01 -4.8891778e-03 +2.9487556e-01 +6.4476667e+00 +6.0582716e-01 +1.7001481e+00 +6.4863580e-01 +9.1992963e-02 -6.8131975e-03 +8.8572302e+04
9.7553000e-01 +3.0000000e-01 +1.2794111e+01 -4.6300889e-03 +2.9368111e-01 +6.5676543e+00 +5.7948025e-01 +1.6850988e+00 +6.4108148e-01 +9.3713580e-02 -6.4920247e-03 +9.1124761e+04
9.7643200e-01 +3.0000000e-01 +1.2644000e+01 -4.3713556e-03 +2.9207111e-01 +6.6861728e+00 +5.5280000e-01 +1.6683704e+00 +6.3282469e-01 +9.5383333e-02 -6.1570617e-03 +9.3686857e+04
9.7731900e-01 +3.0000000e-01 +1.2486778e+01 -4.1163222e-03 +2.9005333e-01 +6.8020988e+00 +5.2585556e-01 +1.6498642e+00 +6.2382222e-01 +9.6996543e-02 -5.7969877e-03 +9.6252443e+04
9.7819000e-01 +3.0000000e-01 +1.2321778e+01 -3.8679667e-03 +2.8763667e-01 +6.9141235e+00 +4.9872222e-01 +1.6294444e+00 +6.1401481e-01 +9.8537160e-02 -5.3976049e-03 +9.8815261e+04
9.7904600e-01 +3.0000000e-01 +1.2148556e+01 -3.6289111e-03 +2.8483333e-01 +7.0207778e+00 +4.7147654e-01 +1.6070370e+00 +6.0333704e-01 +9.9977284e-02 -4.9458148e-03 +1.0136788e+05
9.7988700e-01 +3.0000000e-01 +1.1966556e+01 -3.4014000e-03 +2.8165778e-01 +7.1204568e+00 +4.4420370e-01 +1.5825432e+00 +5.9171481e-01 +1.0127988e-01 -4.4329136e-03 +1.0390104e+05
9.8071400e-01 +3.0000000e-01 +1.1775111e+01 -3.1870889e-03 +2.7812111e-01 +7.2113827e+00 +4.1699012e-01 +1.5559136e+00 +5.7907284e-01 +1.0240309e-01 -3.8565926e-03 +1.0640143e+05
9.8152600e-01 +3.0000000e-01 +1.1573667e+01 -2.9868444e-03 +2.7423889e-01 +7.2916173e+00 +3.8993210e-01 +1.5270988e+00 +5.6533827e-01 +1.0330358e-01 -3.2215679e-03 +1.0885070e+05
9.8232400e-01 +3.0000000e-01 +1.1361444e+01 -2.8006222e-03 +2.7002000e-01 +7.3590000e+00 +3.6312840e-01 +1.4960617e+00 +5.5043704e-01 +1.0393975e-01 -2.5392963e-03 +1.1122547e+05
9.8310800e-01 +3.0000000e-01 +1.1137667e+01 -2.6275778e-03 +2.6547556e-01 +7.4111852e+00 +3.3668025e-01 +1.4627778e+00 +5.3429753e-01 +1.0427222e-01 -1.8270000e-03 +1.1349871e+05
9.8387800e-01 +3.0000000e-01 +1.0901844e+01 -2.4662000e-03 +2.6061111e-01 +7.4456049e+00 +3.1069012e-01 +1.4272099e+00 +5.1685432e-01 +1.0426556e-01 -1.1061568e-03 +1.1564212e+05
9.8463500e-01 +3.0000000e-01 +1.0653122e+01 -2.3145667e-03 +2.5542889e-01 +7.4594198e+00 +2.8526173e-01 +1.3893704e+00 +4.9804691e-01 +1.0388802e-01 -4.0024444e-04 +1.1762600e+05
9.8537900e-01 +3.0000000e-01 +1.0390800e+01 -2.1706000e-03 +2.4992667e-01 +7.4496049e+00 +2.6049383e-01 +1.3492593e+00 +4.7782716e-01 +1.0311185e-01 +2.6788395e-04 +1.1941901e+05
9.8611000e-01 +3.0000000e-01 +1.0114211e+01 -2.0322778e-03 +2.4409667e-01 +7.4129383e+00 +2.3648395e-01 +1.3069136e+00 +4.5616296e-01 +1.0191173e-01 +8.7829753e-04 +1.2098934e+05
9.8682800e-01 +3.0000000e-01 +9.8226556e+00 -1.8978333e-03 +2.3793111e-01 +7.3460247e+00 +2.1332346e-01 +1.2623704e+00 +4.3304198e-01 +1.0026383e-01 +1.4153827e-03 +1.2230683e+05
9.8753300e-01 +3.0000000e-01 +9.5155556e+00 -1.7658333e-03 +2.3141333e-01 +7.2454074e+00 +1.9110000e-01 +1.2157210e+00 +4.0848025e-01 +9.8145062e-02 +1.8681481e-03 +1.2334798e+05
9.8822500e-01 +3.0000000e-01 +9.1923444e+00 -1.6352444e-03 +2.2452667e-01 +7.1076296e+00 +1.6989383e-01 +1.1670296e+00 +3.8252716e-01 +9.5532222e-02 +2.2298148e-03 +1.2410096e+05
9.8890600e-01 +3.0000000e-01 +8.8526222e+00 -1.5054667e-03 +2.1725222e-01 +6.9294321e+00 +1.4978025e-01 +1.1163901e+00 +3.5527531e-01 +9.2403704e-02 +2.4971358e-03 +1.2457426e+05
9.8957400e-01 +3.0000000e-01 +8.4960667e+00 -1.3762778e-03 +2.0957333e-01 +6.7079383e+00 +1.3082840e-01 +1.0638926e+00 +3.2686790e-01 +8.8740494e-02 +2.6695926e-03 +1.2480146e+05
9.9023100e-01 +3.0000000e-01 +8.1225667e+00 -1.2478556e-03 +2.0147222e-01 +6.4408642e+00 +1.1309704e-01 +1.0096160e+00 +2.9750370e-01 +8.4529506e-02 +2.7490617e-03 +1.2484806e+05
9.9087600e-01 +3.0000000e-01 +7.7322000e+00 -1.1206778e-03 +1.9293556e-01 +6.1269383e+00 +9.6638272e-02 +9.5362716e-01 +2.6745062e-01 +7.9768765e-02 +2.7396296e-03 +1.2482198e+05
9.9150900e-01 +3.0000000e-01 +7.3252889e+00 -9.9555556e-04 +1.8395111e-01 +5.7661605e+00 +8.1494691e-02 +8.9597160e-01 +2.3704321e-01 +7.4471728e-02 +2.6478519e-03 +1.2487196e+05
9.9213200e-01 +3.0000000e-01 +6.9024444e+00 -8.7350444e-04 +1.7451556e-01 +5.3602222e+00 +6.7699136e-02 +8.3667037e-01 +2.0668765e-01 +6.8672716e-02 +2.4830864e-03 +1.2518129e+05
9.9274300e-01 +3.0000000e-01 +6.4645556e+00 -7.5571111e-04 +1.6462778e-01 +4.9129012e+00 +5.5273457e-02 +7.7572469e-01 +1.7685062e-01 +6.2431111e-02 +2.2576420e-03 +1.2595769e+05
9.9334300e-01 +3.0000000e-01 +6.0128444e+00 -6.4343444e-04 +1.5429556e-01 +4.4302716e+00 +4.4228025e-02 +7.1312346e-01 +1.4804938e-01 +5.5834321e-02 +1.9866049e-03 +1.2740519e+05
9.9393300e-01 +3.0000000e-01 +5.5488667e+00 -5.3792556e-04 +1.4353333e-01 +3.9209012e+00 +3.4560370e-02 +6.4886420e-01 +1.2082642e-01 +4.8998272e-02 +1.6871481e-03 +1.2969006e+05
9.9451200e-01 +3.0000000e-01 +5.0744333e+00 -4.4035222e-04 +1.3236556e-01 +3.3957284e+00 +2.6253333e-02 +5.8298272e-01 +9.5713457e-02 +4.2065802e-02 +1.3774691e-03 +1.3290285e+05
9.9508100e-01 +3.0000000e-01 +4.5916444e+00 -3.5172222e-04 +1.2082000e-01 +2.8677284e+00 +1.9273086e-02 +5.1560370e-01 +7.3196420e-02 +3.5200000e-02 +1.0753951e-03 +1.3701944e+05
9.9563900e-01 +3.0000000e-01 +4.1027889e+00 -2.7283000e-04 +1.0893300e-01 +2.3512593e+00 +1.3567037e-02 +4.4700000e-01 +5.3668395e-02 +2.8576790e-02 +7.9695802e-04 +1.4188298e+05
9.9618800e-01 +3.0000000e-01 +3.6102333e+00 -2.0421111e-04 +9.6747000e-02 +1.8610000e+00 +9.0604815e-03 +3.7766914e-01 +3.7387037e-02 +2.2372840e-02 +5.5500741e-04 +1.4722277e+05
9.9672600e-01 +3.0000000e-01 +3.1163667e+00 -1.4611444e-04 +8.4306111e-02 +1.4109012e+00 +5.6552346e-03 +3.0842346e-01 +2.4439506e-02 +1.6752222e-02 +3.5807901e-04 +1.5270438e+05
9.9725500e-01 +3.0000000e-01 +2.6234111e+00 -9.8495556e-05 +7.1655889e-02 +1.0129148e+00 +3.2274074e-03 +2.4048395e-01 +1.4722963e-02 +1.1852407e-02 +2.0963210e-04 +1.5804566e+05
9.9777500e-01 +3.0000000e-01 +2.1334111e+00 -6.1045000e-05 +5.8840111e-02 +6.7610988e-01 +1.6280247e-03 +1.7557037e-01 +7.9474074e-03 +7.7734074e-03 +1.0784395e-04 +1.6313469e+05
9.9828500e-01 +3.0000000e-01 +1.6480444e+00 -3.3230667e-05 +4.5898444e-02 +4.0611975e-01 +6.8650000e-04 +1.1599358e-01 +3.6638025e-03 +4.5697901e-03 +4.6191975e-05 +1.6815291e+05
9.9878600e-01 +3.0000000e-01 +1.1686333e+00 -1.4360111e-05 +3.2864889e-02 +2.0525679e-01 +2.1895926e-04 +6.4743827e-02 +1.3138889e-03 +2.2490988e-03 +1.4865309e-05 +1.7365640e+05
9.9927800e-01 +3.0000000e-01 +6.9606000e-01 -3.6371667e-06 +1.9766778e-02 +7.3201481e-02 +4.3272716e-05 +2.5583086e-02 +2.9400247e-04 +7.7609012e-04 +2.8350988e-06 +1.8055768e+05
9.9976100e-01 +3.0000000e-01 +2.3085889e-01 +0.0000000e+00 +6.6263333e-03 +8.1168148e-03 +3.1655802e-06 +3.1826173e-03 +1.9253827e-05 +8.2232222e-05 +1.4274691e-07 +1.8928130e+05
1.0000000e+00 +3.0000000e-01 +0.0000000e+00 +0.0000000e+00 +0.0000000e+00 +0.0000000e+00 +0.0000000e+00 +0.0000000e+00 +0.0000000e+00 +0.0000000e+00 +0.0000000e+00 +1.8928025e+05
