#    y              z              <u>            <v>            <w>            <u'u'>         <v'v'>         <w'w'>         <u'v'>         <u'w'>         <v'w'>         <eps>         
#----------------------------------------------------------------------------------------------------------------------------------------------------------------------------------
0.0000000e+00 +3.5000000e-01 +0.0000000e+00 +0.0000000e+00 +0.0000000e+00 +0.0000000e+00 +0.0000000e+00 +0.0000000e+00 +0.0000000e+00 +0.0000000e+00 +0.0000000e+00 +1.8406173e+05
2.3900000e-04 +3.5000000e-01 +2.2803222e-01 -9.8364111e-06 +5.1663778e-03 +7.9598765e-03 +3.1173210e-06 +3.0686667e-03 -1.9641852e-05 +6.0428025e-05 +2.1791235e-07 +1.8406275e+05
7.2200000e-04 +3.5000000e-01 +6.8753000e-01 -3.4738111e-05 +1.5532333e-02 +7.1762963e-02 +4.2579012e-05 +2.4655679e-02 -2.9919506e-04 +5.9436420e-04 +1.8898395e-06 +1.7576979e+05
1.2140000e-03 +3.5000000e-01 +1.1543000e+00 -7.2411222e-05 +2.6006778e-02 +2.0117778e-01 +2.1530494e-04 +6.2384568e-02 -1.3344321e-03 +1.7823333e-03 +3.8595062e-06 +1.6925205e+05
1.7150000e-03 +3.5000000e-01 +1.6278222e+00 -1.1967778e-04 +3.6572667e-02 +3.9799877e-01 +6.7460617e-04 +1.1176630e-01 -3.7140370e-03 +3.7377407e-03 +6.1086420e-07 +1.6410348e+05
2.2250000e-03 +3.5000000e-01 +2.1072333e+00 -1.7311333e-04 +4.7206000e-02 +6.6258889e-01 +1.5987901e-03 +1.6920247e-01 -8.0411358e-03 +6.5471481e-03 -1.6211728e-05 +1.5944615e+05
2.7450000e-03 +3.5000000e-01 +2.5912556e+00 -2.2908444e-04 +5.7875000e-02 +9.9280000e-01 +3.1675062e-03 +2.3185062e-01 -1.4868148e-02 +1.0252926e-02 -5.5711605e-05 +1.5474252e+05
3.2740000e-03 +3.5000000e-01 +3.0782333e+00 -2.8377222e-04 +6.8540667e-02 +1.3833210e+00 +5.5470247e-03 +2.9751975e-01 -2.4634074e-02 +1.4839259e-02 -1.2572099e-04 +1.4980379e+05
3.8120000e-03 +3.5000000e-01 +3.5662111e+00 -3.3321778e-04 +7.9158778e-02 +1.8255556e+00 +8.8823210e-03 +3.6459012e-01 -3.7616790e-02 +2.0227160e-02 -2.3115802e-04 +1.4471355e+05
4.3610000e-03 +3.5000000e-01 +4.0530000e+00 -3.7336000e-04 +8.9682000e-02 +2.3080864e+00 +1.3293951e-02 +4.3190988e-01 -5.3908025e-02 +2.6279506e-02 -3.7301481e-04 +1.3971574e+05
4.9190000e-03 +3.5000000e-01 +4.5362778e+00 -4.0007556e-04 +1.0006222e-01 +2.8175432e+00 +1.8878025e-02 +4.9871111e-01 -7.3413457e-02 +3.2817160e-02 -5.4813333e-04 +1.3510661e+05
5.4880000e-03 +3.5000000e-01 +5.0137111e+00 -4.0920667e-04 +1.1025378e-01 +3.3396914e+00 +2.5708148e-02 +5.6451358e-01 -9.5870864e-02 +3.9639383e-02 -7.4975309e-04 +1.3113963e+05
6.0670000e-03 +3.5000000e-01 +5.4830556e+00 -3.9658444e-04 +1.2021444e-01 +3.8604568e+00 +3.3837778e-02 +6.2904321e-01 -1.2088481e-01 +4.6545185e-02 -9.6870123e-04 +1.2797664e+05
6.6570000e-03 +3.5000000e-01 +5.9422667e+00 -3.5806444e-04 +1.2991000e-01 +4.3669630e+00 +4.3302963e-02 +6.9216296e-01 -1.4796667e-01 +5.3351358e-02 -1.1949247e-03 +1.2566647e+05
7.2570000e-03 +3.5000000e-01 +6.3895111e+00 -2.8956556e-04 +1.3931000e-01 +4.8481605e+00 +5.4124444e-02 +7.5381975e-01 -1.7657901e-01 +5.9904321e-02 -1.4189753e-03 +1.2415315e+05
7.8680000e-03 +3.5000000e-01 +6.8232667e+00 -1.8712222e-04 +1.4839444e-01 +5.2952963e+00 +6.6309877e-02 +8.1400247e-01 -2.0617160e-01 +6.6088025e-02 -1.6330988e-03 +1.2330523e+05
8.4910000e-03 +3.5000000e-01 +7.2422889e+00 -4.6936000e-05 +1.5714778e-01 +5.7020000e+00 +7.9854444e-02 +8.7271358e-01 -2.3621852e-01 +7.1825802e-02 -1.8318642e-03 +1.2294507e+05
9.1240000e-03 +3.5000000e-01 +7.6457000e+00 +1.3456778e-04 +1.6556000e-01 +6.0642346e+00 +9.4742716e-02 +9.2994815e-01 -2.6624074e-01 +7.7078148e-02 -2.0121975e-03 +1.2288258e+05
9.7690000e-03 +3.5000000e-01 +8.0328556e+00 +3.6069333e-04 +1.7362667e-01 +6.3800617e+00 +1.1094815e-01 +9.8568519e-01 -2.9582099e-01 +8.1837778e-02 -2.1731481e-03 +1.2294038e+05
1.0426000e-02 +3.5000000e-01 +8.4034333e+00 +6.3442556e-04 +1.8134667e-01 +6.6492963e+00 +1.2843457e-01 +1.0398778e+00 -3.2461605e-01 +8.6122593e-02 -2.3155309e-03 +1.2296943e+05
1.1094000e-02 +3.5000000e-01 +8.7573444e+00 +9.5838111e-04 +1.8872222e-01 +6.8731111e+00 +1.4715556e-01 +1.0924654e+00 -3.5235556e-01 +8.9968272e-02 -2.4413333e-03 +1.2285625e+05
1.1775000e-02 +3.5000000e-01 +9.0946889e+00 +1.3347778e-03 +1.9575556e-01 +7.0537037e+00 +1.6705432e-01 +1.1433704e+00 -3.7884321e-01 +9.3420000e-02 -2.5531358e-03 +1.2252468e+05
1.2467000e-02 +3.5000000e-01 +9.4157444e+00 +1.7653778e-03 +2.0245000e-01 +7.1939506e+00 +1.8806790e-01 +1.1925148e+00 -4.0394444e-01 +9.6526420e-02 -2.6532716e-03 +1.2193112e+05
1.3172000e-02 +3.5000000e-01 +9.7209333e+00 +2.2515333e-03 +2.0881111e-01 +7.2971481e+00 +2.1012099e-01 +1.2398148e+00 -4.2758025e-01 +9.9332840e-02 -2.7433333e-03 +1.2105892e+05
1.3890000e-02 +3.5000000e-01 +1.0010767e+01 +2.7941000e-03 +2.1484111e-01 +7.3667654e+00 +2.3313704e-01 +1.2852099e+00 -4.4972346e-01 +1.0187691e-01 -2.8239136e-03 +1.1991100e+05
1.4621000e-02 +3.5000000e-01 +1.0285833e+01 +3.3935111e-03 +2.2054556e-01 +7.4063210e+00 +2.5702593e-01 +1.3286173e+00 -4.7038148e-01 +1.0418506e-01 -2.8946049e-03 +1.1850380e+05
1.5365000e-02 +3.5000000e-01 +1.0546800e+01 +4.0497444e-03 +2.2592667e-01 +7.4192593e+00 +2.8170000e-01 +1.3700000e+00 -4.8959259e-01 +1.0627160e-01 -2.9543457e-03 +1.1686227e+05
1.6122000e-02 +3.5000000e-01 +1.0794322e+01 +4.7622556e-03 +2.3098889e-01 +7.4088642e+00 +3.0706173e-01 +1.4092963e+00 -5.0741852e-01 +1.0814062e-01 -3.0018025e-03 +1.1501537e+05
1.6892000e-02 +3.5000000e-01 +1.1029111e+01 +5.5298889e-03 +2.3573556e-01 +7.3782222e+00 +3.3301358e-01 +1.4464691e+00 -5.2393704e-01 +1.0979198e-01 -3.0358889e-03 +1.1299343e+05
1.7676000e-02 +3.5000000e-01 +1.1251889e+01 +6.3508111e-03 +2.4017000e-01 +7.3301852e+00 +3.5945556e-01 +1.4815309e+00 -5.3923086e-01 +1.1122642e-01 -3.0559630e-03 +1.1082661e+05
1.8474000e-02 +3.5000000e-01 +1.1463222e+01 +7.2223778e-03 +2.4429444e-01 +7.2673580e+00 +3.8628519e-01 +1.5144938e+00 -5.5338889e-01 +1.1245309e-01 -3.0615556e-03 +1.0854432e+05
1.9286000e-02 +3.5000000e-01 +1.1663889e+01 +8.1410778e-03 +2.4811000e-01 +7.1920988e+00 +4.1340247e-01 +1.5453951e+00 -5.6649506e-01 +1.1349272e-01 -3.0515556e-03 +1.0617456e+05
2.0113000e-02 +3.5000000e-01 +1.1854444e+01 +9.1025333e-03 +2.5161667e-01 +7.1065062e+00 +4.4070741e-01 +1.5743333e+00 -5.7862840e-01 +1.1437778e-01 -3.0230741e-03 +1.0374233e+05
2.0954000e-02 +3.5000000e-01 +1.2035556e+01 +1.0101500e-02 +2.5481111e-01 +7.0124938e+00 +4.6810494e-01 +1.6013704e+00 -5.8986049e-01 +1.1514889e-01 -2.9708395e-03 +1.0126869e+05
2.1810000e-02 +3.5000000e-01 +1.2207778e+01 +1.1131889e-02 +2.5769444e-01 +6.9117407e+00 +4.9550247e-01 +1.6266296e+00 -6.0025432e-01 +1.1584938e-01 -2.8875062e-03 +9.8769697e+04
2.2681000e-02 +3.5000000e-01 +1.2371778e+01 +1.2186889e-02 +2.6026556e-01 +6.8057284e+00 +5.2281481e-01 +1.6502099e+00 -6.0985926e-01 +1.1652012e-01 -2.7651975e-03 +9.6257614e+04
2.3568000e-02 +3.5000000e-01 +1.2528000e+01 +1.3259222e-02 +2.6252222e-01 +6.6957531e+00 +5.4996420e-01 +1.6721975e+00 -6.1871852e-01 +1.1719556e-01 -2.5971975e-03 +9.3743270e+04
2.4470000e-02 +3.5000000e-01 +1.2676889e+01 +1.4340889e-02 +2.6446667e-01 +6.5829259e+00 +5.7687531e-01 +1.6926790e+00 -6.2686420e-01 +1.1790099e-01 -2.3791481e-03 +9.1236757e+04
2.5388000e-02 +3.5000000e-01 +1.2819111e+01 +1.5424000e-02 +2.6609778e-01 +6.4681605e+00 +6.0348765e-01 +1.7117407e+00 -6.3432099e-01 +1.1865049e-01 -2.1086049e-03 +8.8748351e+04
2.6321000e-02 +3.5000000e-01 +1.2955000e+01 +1.6500556e-02 +2.6741444e-01 +6.3522469e+00 +6.2973951e-01 +1.7294568e+00 -6.4110864e-01 +1.1944457e-01 -1.7830617e-03 +8.6287900e+04
2.7271000e-02 +3.5000000e-01 +1.3085000e+01 +1.7563444e-02 +2.6841000e-01 +6.2358025e+00 +6.5558025e-01 +1.7459136e+00 -6.4724568e-01 +1.2027012e-01 -1.3977160e-03 +8.3864316e+04
2.8238000e-02 +3.5000000e-01 +1.3209667e+01 +1.8606778e-02 +2.6908333e-01 +6.1193704e+00 +6.8096049e-01 +1.7611728e+00 -6.5275062e-01 +1.2110543e-01 -9.4509136e-04 +8.1484116e+04
2.9221000e-02 +3.5000000e-01 +1.3329222e+01 +1.9625778e-02 +2.6942778e-01 +6.0033704e+00 +7.0583333e-01 +1.7752963e+00 -6.5764568e-01 +1.2192926e-01 -4.1655062e-04 +7.9152562e+04
3.0222000e-02 +3.5000000e-01 +1.3444222e+01 +2.0617000e-02 +2.6943889e-01 +5.8882222e+00 +7.3015556e-01 +1.7883457e+00 -6.6195679e-01 +1.2273062e-01 +1.9610988e-04 +7.6872858e+04
3.1239000e-02 +3.5000000e-01 +1.3555000e+01 +2.1578000e-02 +2.6911556e-01 +5.7743333e+00 +7.5388272e-01 +1.8003457e+00 -6.6571358e-01 +1.2351358e-01 +8.9963333e-04 +7.4644906e+04
3.2275000e-02 +3.5000000e-01 +1.3661778e+01 +2.2507222e-02 +2.6845444e-01 +5.6621358e+00 +7.7697407e-01 +1.8113086e+00 -6.6895309e-01 +1.2429012e-01 +1.6986667e-03 +7.2467580e+04
3.3328000e-02 +3.5000000e-01 +1.3764889e+01 +2.3402778e-02 +2.6745889e-01 +5.5520617e+00 +7.9939383e-01 +1.8212099e+00 -6.7171852e-01 +1.2506296e-01 +2.5952716e-03 +7.0342502e+04
3.4399000e-02 +3.5000000e-01 +1.3864778e+01 +2.4263000e-02 +2.6613222e-01 +5.4444938e+00 +8.2110741e-01 +1.8300494e+00 -6.7406543e-01 +1.2581975e-01 +3.5881728e-03 +6.8273060e+04
3.5489000e-02 +3.5000000e-01 +1.3961444e+01 +2.5085444e-02 +2.6448556e-01 +5.3398148e+00 +8.4208519e-01 +1.8378519e+00 -6.7605679e-01 +1.2652840e-01 +4.6715309e-03 +6.6260176e+04
3.6597000e-02 +3.5000000e-01 +1.4055222e+01 +2.5868000e-02 +2.6252889e-01 +5.2383457e+00 +8.6230123e-01 +1.8446543e+00 -6.7776049e-01 +1.2715185e-01 +5.8336049e-03 +6.4300185e+04
3.7724000e-02 +3.5000000e-01 +1.4146444e+01 +2.6610000e-02 +2.6027889e-01 +5.1403580e+00 +8.8173580e-01 +1.8505309e+00 -6.7924691e-01 +1.2765432e-01 +7.0561111e-03 +6.2385860e+04
3.8870000e-02 +3.5000000e-01 +1.4235111e+01 +2.7313111e-02 +2.5774778e-01 +5.0460617e+00 +9.0037037e-01 +1.8555556e+00 -6.8058519e-01 +1.2800247e-01 +8.3144691e-03 +6.0509237e+04
4.0036000e-02 +3.5000000e-01 +1.4321444e+01 +2.7981778e-02 +2.5495222e-01 +4.9555802e+00 +9.1819012e-01 +1.8597407e+00 -6.8182963e-01 +1.2816667e-01 +9.5794568e-03 +5.8666194e+04
4.1221000e-02 +3.5000000e-01 +1.4405667e+01 +2.8621778e-02 +2.5190556e-01 +4.8689506e+00 +9.3517778e-01 +1.8630741e+00 -6.8301852e-01 +1.2812716e-01 +1.0819815e-02 +5.6860030e+04
4.2426000e-02 +3.5000000e-01 +1.4487778e+01 +2.9238444e-02 +2.4862889e-01 +4.7861481e+00 +9.5131235e-01 +1.8655679e+00 -6.8416914e-01 +1.2787654e-01 +1.2002975e-02 +5.5103207e+04
4.3652000e-02 +3.5000000e-01 +1.4568111e+01 +2.9835111e-02 +2.4514000e-01 +4.7070123e+00 +9.6657037e-01 +1.8672099e+00 -6.8527407e-01 +1.2741605e-01 +1.3095185e-02 +5.3409582e+04
4.4899000e-02 +3.5000000e-01 +1.4646556e+01 +3.0412000e-02 +2.4146222e-01 +4.6313704e+00 +9.8093704e-01 +1.8680247e+00 -6.8630864e-01 +1.2676790e-01 +1.4064321e-02 +5.1785222e+04
4.6166000e-02 +3.5000000e-01 +1.4723333e+01 +3.0966556e-02 +2.3761667e-01 +4.5590617e+00 +9.9440494e-01 +1.8680988e+00 -6.8724815e-01 +1.2597037e-01 +1.4886173e-02 +5.0226799e+04
4.7454000e-02 +3.5000000e-01 +1.4798667e+01 +3.1495222e-02 +2.3362444e-01 +4.4899630e+00 +1.0069716e+00 +1.8674444e+00 -6.8807160e-01 +1.2507654e-01 +1.5548272e-02 +4.8726034e+04
4.8764000e-02 +3.5000000e-01 +1.4872556e+01 +3.1994444e-02 +2.2950667e-01 +4.4239877e+00 +1.0186420e+00 +1.8660617e+00 -6.8876914e-01 +1.2413086e-01 +1.6048765e-02 +4.7275362e+04
5.0095000e-02 +3.5000000e-01 +1.4945000e+01 +3.2461778e-02 +2.2527889e-01 +4.3610000e+00 +1.0294259e+00 +1.8639136e+00 -6.8933333e-01 +1.2316420e-01 +1.6395926e-02 +4.5872032e+04
5.1449000e-02 +3.5000000e-01 +1.5016333e+01 +3.2895556e-02 +2.2095333e-01 +4.3008148e+00 +1.0393383e+00 +1.8609877e+00 -6.8974938e-01 +1.2218815e-01 +1.6606667e-02 +4.4517308e+04
5.2825000e-02 +3.5000000e-01 +1.5086556e+01 +3.3295111e-02 +2.1653667e-01 +4.2431728e+00 +1.0484025e+00 +1.8572840e+00 -6.8998765e-01 +1.2120469e-01 +1.6703210e-02 +4.3213431e+04
5.4223000e-02 +3.5000000e-01 +1.5155667e+01 +3.3660333e-02 +2.1202889e-01 +4.1877531e+00 +1.0566506e+00 +1.8529012e+00 -6.9000123e-01 +1.2021667e-01 +1.6711111e-02 +4.1961669e+04
5.5645000e-02 +3.5000000e-01 +1.5223889e+01 +3.3991778e-02 +2.0742333e-01 +4.1342716e+00 +1.0641210e+00 +1.8479630e+00 -6.8973951e-01 +1.1923173e-01 +1.6658519e-02 +4.0759313e+04
5.7090000e-02 +3.5000000e-01 +1.5291222e+01 +3.4289444e-02 +2.0271111e-01 +4.0825062e+00 +1.0708617e+00 +1.8425679e+00 -6.8916420e-01 +1.1826062e-01 +1.6577284e-02 +3.9598318e+04
5.8558000e-02 +3.5000000e-01 +1.5357889e+01 +3.4551333e-02 +1.9788444e-01 +4.0323086e+00 +1.0769198e+00 +1.8367654e+00 -6.8825926e-01 +1.1731914e-01 +1.6498395e-02 +3.8469227e+04
6.0050000e-02 +3.5000000e-01 +1.5423778e+01 +3.4774000e-02 +1.9293444e-01 +3.9835309e+00 +1.0823420e+00 +1.8305432e+00 -6.8702593e-01 +1.1643778e-01 +1.6443210e-02 +3.7367070e+04
6.1566000e-02 +3.5000000e-01 +1.5489000e+01 +3.4953000e-02 +1.8785556e-01 +3.9361111e+00 +1.0871679e+00 +1.8238519e+00 -6.8546914e-01 +1.1567160e-01 +1.6419136e-02 +3.6295266e+04
6.3107000e-02 +3.5000000e-01 +1.5553667e+01 +3.5082889e-02 +1.8263556e-01 +3.8899877e+00 +1.0914333e+00 +1.8166420e+00 -6.8359012e-01 +1.1508840e-01 +1.6425556e-02 +3.5258416e+04
6.4672000e-02 +3.5000000e-01 +1.5617667e+01 +3.5159778e-02 +1.7726444e-01 +3.8450741e+00 +1.0951728e+00 +1.8089383e+00 -6.8140494e-01 +1.1473272e-01 +1.6460494e-02 +3.4257749e+04
6.6263000e-02 +3.5000000e-01 +1.5681111e+01 +3.5184222e-02 +1.7172667e-01 +3.8012716e+00 +1.0984321e+00 +1.8007531e+00 -6.7894568e-01 +1.1459938e-01 +1.6520864e-02 +3.3292428e+04
6.7879000e-02 +3.5000000e-01 +1.5744111e+01 +3.5162333e-02 +1.6601889e-01 +3.7584074e+00 +1.1012630e+00 +1.7921728e+00 -6.7625679e-01 +1.1464432e-01 +1.6602099e-02 +3.2359846e+04
6.9520000e-02 +3.5000000e-01 +1.5806556e+01 +3.5104556e-02 +1.6015000e-01 +3.7164321e+00 +1.1037136e+00 +1.7832963e+00 -6.7337037e-01 +1.1482272e-01 +1.6699259e-02 +3.1454876e+04
7.1188000e-02 +3.5000000e-01 +1.5868667e+01 +3.5021444e-02 +1.5415444e-01 +3.6754321e+00 +1.1058136e+00 +1.7742099e+00 -6.7031111e-01 +1.1511827e-01 +1.6806173e-02 +3.0572576e+04
7.2882000e-02 +3.5000000e-01 +1.5930444e+01 +3.4922889e-02 +1.4808333e-01 +3.6355556e+00 +1.1075753e+00 +1.7649630e+00 -6.6709877e-01 +1.1554074e-01 +1.6909506e-02 +2.9710859e+04
7.4602000e-02 +3.5000000e-01 +1.5991778e+01 +3.4816667e-02 +1.4199333e-01 +3.5969012e+00 +1.1089975e+00 +1.7556173e+00 -6.6376049e-01 +1.1611383e-01 +1.6981975e-02 +2.8872189e+04
7.6350000e-02 +3.5000000e-01 +1.6053000e+01 +3.4708444e-02 +1.3593222e-01 +3.5594691e+00 +1.1100716e+00 +1.7462099e+00 -6.6031481e-01 +1.1685642e-01 +1.6989753e-02 +2.8059613e+04
7.8124000e-02 +3.5000000e-01 +1.6113889e+01 +3.4601111e-02 +1.2993111e-01 +3.5230988e+00 +1.1107840e+00 +1.7368148e+00 -6.5676420e-01 +1.1776395e-01 +1.6912222e-02 +2.7274523e+04
7.9926000e-02 +3.5000000e-01 +1.6174667e+01 +3.4495222e-02 +1.2400556e-01 +3.4875802e+00 +1.1111160e+00 +1.7274691e+00 -6.5309259e-01 +1.1881469e-01 +1.6756667e-02 +2.6515738e+04
8.1756000e-02 +3.5000000e-01 +1.6235333e+01 +3.4389667e-02 +1.1816556e-01 +3.4527284e+00 +1.1110395e+00 +1.7181111e+00 -6.4929259e-01 +1.2000136e-01 +1.6558025e-02 +2.5781199e+04
8.3615000e-02 +3.5000000e-01 +1.6295889e+01 +3.4283889e-02 +1.1240778e-01 +3.4183457e+00 +1.1105247e+00 +1.7086049e+00 -6.4537160e-01 +1.2134444e-01 +1.6360494e-02 +2.5073340e+04
8.5501000e-02 +3.5000000e-01 +1.6356556e+01 +3.4178667e-02 +1.0671922e-01 +3.3843333e+00 +1.1095519e+00 +1.6987284e+00 -6.4134568e-01 +1.2286716e-01 +1.6198025e-02 +2.4396539e+04
8.7416000e-02 +3.5000000e-01 +1.6417111e+01 +3.4076000e-02 +1.0107700e-01 +3.3507531e+00 +1.1081198e+00 +1.6883457e+00 -6.3723457e-01 +1.2455556e-01 +1.6081358e-02 +2.3750955e+04
8.9361000e-02 +3.5000000e-01 +1.6477667e+01 +3.3978444e-02 +9.5466778e-02 +3.3177531e+00 +1.1062556e+00 +1.6774815e+00 -6.3306296e-01 +1.2634198e-01 +1.5988765e-02 +2.3130549e+04
9.1335000e-02 +3.5000000e-01 +1.6538222e+01 +3.3889000e-02 +8.9889556e-02 +3.2855432e+00 +1.1040123e+00 +1.6662716e+00 -6.2885185e-01 +1.2811605e-01 +1.5869877e-02 +2.2528458e+04
9.3338000e-02 +3.5000000e-01 +1.6598667e+01 +3.3810556e-02 +8.4361333e-02 +3.2542963e+00 +1.1014444e+00 +1.6547531e+00 -6.2461975e-01 +1.2977160e-01 +1.5675802e-02 +2.1941617e+04
9.5371000e-02 +3.5000000e-01 +1.6659000e+01 +3.3745222e-02 +7.8909778e-02 +3.2240864e+00 +1.0986086e+00 +1.6428519e+00 -6.2037407e-01 +1.3124444e-01 +1.5381111e-02 +2.1370431e+04
9.7435000e-02 +3.5000000e-01 +1.6719222e+01 +3.3695778e-02 +7.3565556e-02 +3.1948642e+00 +1.0955469e+00 +1.6304444e+00 -6.1611975e-01 +1.3251605e-01 +1.4982469e-02 +2.0815623e+04
9.9529000e-02 +3.5000000e-01 +1.6779222e+01 +3.3669556e-02 +6.8349778e-02 +3.1665309e+00 +1.0922951e+00 +1.6174815e+00 -6.1187531e-01 +1.3361111e-01 +1.4490494e-02 +2.0277630e+04
1.0165400e-01 +3.5000000e-01 +1.6839222e+01 +3.3680556e-02 +6.3252000e-02 +3.1390247e+00 +1.0888617e+00 +1.6040000e+00 -6.0766173e-01 +1.3459259e-01 +1.3927407e-02 +1.9755572e+04
1.0381000e-01 +3.5000000e-01 +1.6899111e+01 +3.3742222e-02 +5.8221222e-02 +3.1123951e+00 +1.0852346e+00 +1.5901358e+00 -6.0349630e-01 +1.3552840e-01 +1.3316914e-02 +1.9245564e+04
1.0599800e-01 +3.5000000e-01 +1.6959111e+01 +3.3861556e-02 +5.3184556e-02 +3.0867531e+00 +1.0813802e+00 +1.5760988e+00 -5.9938642e-01 +1.3643457e-01 +1.2672840e-02 +1.8744797e+04
1.0821700e-01 +3.5000000e-01 +1.7019111e+01 +3.4033000e-02 +4.8088778e-02 +3.0621358e+00 +1.0772765e+00 +1.5620741e+00 -5.9531481e-01 +1.3723210e-01 +1.2010037e-02 +1.8254013e+04
1.1046800e-01 +3.5000000e-01 +1.7079000e+01 +3.4236444e-02 +4.2926778e-02 +3.0385062e+00 +1.0729136e+00 +1.5482469e+00 -5.9125185e-01 +1.3781728e-01 +1.1360617e-02 +1.7775645e+04
1.1275100e-01 +3.5000000e-01 +1.7138667e+01 +3.4439444e-02 +3.7727000e-02 +3.0158642e+00 +1.0682975e+00 +1.5346173e+00 -5.8716296e-01 +1.3812716e-01 +1.0768778e-02 +1.7311741e+04
1.1506700e-01 +3.5000000e-01 +1.7198333e+01 +3.4603889e-02 +3.2520778e-02 +2.9942099e+00 +1.0634494e+00 +1.5211605e+00 -5.8302963e-01 +1.3815062e-01 +1.0269630e-02 +1.6862955e+04
1.1741600e-01 +3.5000000e-01 +1.7257667e+01 +3.4692889e-02 +2.7320667e-02 +2.9735185e+00 +1.0584111e+00 +1.5078148e+00 -5.7884568e-01 +1.3791481e-01 +9.8623086e-03 +1.6426842e+04
1.1979700e-01 +3.5000000e-01 +1.7316889e+01 +3.4676667e-02 +2.2119444e-02 +2.9537901e+00 +1.0532148e+00 +1.4946173e+00 -5.7460617e-01 +1.3747531e-01 +9.5079136e-03 +1.5998534e+04
1.2221200e-01 +3.5000000e-01 +1.7375889e+01 +3.4535667e-02 +1.6904111e-02 +2.9349753e+00 +1.0478728e+00 +1.4816049e+00 -5.7029383e-01 +1.3690000e-01 +9.1474568e-03 +1.5577357e+04
1.2466000e-01 +3.5000000e-01 +1.7434667e+01 +3.4257889e-02 +1.1665667e-02 +2.9169630e+00 +1.0423790e+00 +1.4688025e+00 -5.6587531e-01 +1.3625679e-01 +8.7210123e-03 +1.5167423e+04
1.2714300e-01 +3.5000000e-01 +1.7493333e+01 +3.3834222e-02 +6.3944444e-03 +2.8994691e+00 +1.0367333e+00 +1.4561358e+00 -5.6133580e-01 +1.3558519e-01 +8.1885802e-03 +1.4773827e+04
1.2965900e-01 +3.5000000e-01 +1.7551778e+01 +3.3257000e-02 +1.0788967e-03 +2.8821975e+00 +1.0309605e+00 +1.4435062e+00 -5.5669012e-01 +1.3486790e-01 +7.5425802e-03 +1.4397131e+04
1.3220900e-01 +3.5000000e-01 +1.7610111e+01 +3.2527111e-02 -4.2855444e-03 +2.8649753e+00 +1.0250975e+00 +1.4307901e+00 -5.5195432e-01 +1.3406296e-01 +6.8001111e-03 +1.4033145e+04
1.3479400e-01 +3.5000000e-01 +1.7668333e+01 +3.1660667e-02 -9.6968333e-03 +2.8477284e+00 +1.0191790e+00 +1.4179383e+00 -5.4713580e-01 +1.3315432e-01 +5.9757284e-03 +1.3679350e+04
1.3741400e-01 +3.5000000e-01 +1.7726444e+01 +3.0685000e-02 -1.5146333e-02 +2.8301852e+00 +1.0132198e+00 +1.4049506e+00 -5.4223333e-01 +1.3213827e-01 +5.0601605e-03 +1.3341359e+04
1.4006800e-01 +3.5000000e-01 +1.7784556e+01 +2.9623778e-02 -2.0603222e-02 +2.8120741e+00 +1.0072062e+00 +1.3917531e+00 -5.3721358e-01 +1.3102469e-01 +4.0260741e-03 +1.3025616e+04
1.4275700e-01 +3.5000000e-01 +1.7842667e+01 +2.8487111e-02 -2.6018222e-02 +2.7933457e+00 +1.0011049e+00 +1.3782840e+00 -5.3200988e-01 +1.2987778e-01 +2.8580988e-03 +1.2729394e+04
1.4548200e-01 +3.5000000e-01 +1.7900889e+01 +2.7269111e-02 -3.1344444e-02 +2.7742346e+00 +9.9487654e-01 +1.3646296e+00 -5.2654444e-01 +1.2878765e-01 +1.5808025e-03 +1.2442494e+04
1.4824300e-01 +3.5000000e-01 +1.7959222e+01 +2.5955667e-02 -3.6555667e-02 +2.7551358e+00 +9.8848889e-01 +1.3509136e+00 -5.2074198e-01 +1.2777407e-01 +2.5957160e-04 +1.2156958e+04
1.5103800e-01 +3.5000000e-01 +1.8017667e+01 +2.4535333e-02 -4.1655333e-02 +2.7363457e+00 +9.8193951e-01 +1.3371852e+00 -5.1456543e-01 +1.2673827e-01 -1.0383914e-03 +1.1871814e+04
1.5387000e-01 +3.5000000e-01 +1.8076000e+01 +2.3006000e-02 -4.6669556e-02 +2.7178025e+00 +9.7525309e-01 +1.3233333e+00 -5.0804815e-01 +1.2553827e-01 -2.2836420e-03 +1.1590601e+04
1.5673800e-01 +3.5000000e-01 +1.8134333e+01 +2.1375000e-02 -5.1626667e-02 +2.6991728e+00 +9.6846543e-01 +1.3092346e+00 -5.0125309e-01 +1.2409259e-01 -3.4738519e-03 +1.1318536e+04
1.5964200e-01 +3.5000000e-01 +1.8192444e+01 +1.9657000e-02 -5.6526111e-02 +2.6801481e+00 +9.6161852e-01 +1.2948395e+00 -4.9422469e-01 +1.2237716e-01 -4.6158025e-03 +1.1057866e+04
1.6258200e-01 +3.5000000e-01 +1.8250556e+01 +1.7869556e-02 -6.1329556e-02 +2.6606543e+00 +9.5475309e-01 +1.2804321e+00 -4.8700247e-01 +1.2047938e-01 -5.7450123e-03 +1.0806039e+04
1.6555900e-01 +3.5000000e-01 +1.8308667e+01 +1.6028222e-02 -6.5996444e-02 +2.6408025e+00 +9.4791358e-01 +1.2663580e+00 -4.7964198e-01 +1.1853012e-01 -6.9375556e-03 +1.0559126e+04
1.6857200e-01 +3.5000000e-01 +1.8366667e+01 +1.4143222e-02 -7.0520111e-02 +2.6206173e+00 +9.4114321e-01 +1.2527901e+00 -4.7223457e-01 +1.1647605e-01 -8.2626420e-03 +1.0316237e+04
1.7162200e-01 +3.5000000e-01 +1.8424667e+01 +1.2217111e-02 -7.4918222e-02 +2.6000494e+00 +9.3448272e-01 +1.2396420e+00 -4.6484198e-01 +1.1409827e-01 -9.7283333e-03 +1.0078797e+04
1.7470800e-01 +3.5000000e-01 +1.8482889e+01 +1.0245278e-02 -7.9208222e-02 +2.5788765e+00 +9.2796543e-01 +1.2267543e+00 -4.5743827e-01 +1.1125556e-01 -1.1305519e-02 +9.8470675e+03
1.7783200e-01 +3.5000000e-01 +1.8541333e+01 +8.2174444e-03 -8.3394333e-02 +2.5567901e+00 +9.2161235e-01 +1.2139951e+00 -4.4994321e-01 +1.0800556e-01 -1.2986543e-02 +9.6197908e+03
1.8099200e-01 +3.5000000e-01 +1.8599889e+01 +6.1252111e-03 -8.7460778e-02 +2.5335432e+00 +9.1541728e-01 +1.2012049e+00 -4.4231605e-01 +1.0454370e-01 -1.4778272e-02 +9.3977552e+03
1.8419000e-01 +3.5000000e-01 +1.8658556e+01 +3.9736778e-03 -9.1372222e-02 +2.5092963e+00 +9.0934691e-01 +1.1881901e+00 -4.3462840e-01 +1.0107889e-01 -1.6669383e-02 +9.1824839e+03
1.8742400e-01 +3.5000000e-01 +1.8717222e+01 +1.7754778e-03 -9.5083333e-02 +2.4845432e+00 +9.0333457e-01 +1.1749198e+00 -4.2696420e-01 +9.7740988e-02 -1.8640988e-02 +8.9720271e+03
1.9069600e-01 +3.5000000e-01 +1.8775667e+01 -4.6906667e-04 -9.8557778e-02 +2.4596914e+00 +8.9728642e-01 +1.1614704e+00 -4.1930741e-01 +9.4519753e-02 -2.0650617e-02 +8.7667148e+03
1.9400400e-01 +3.5000000e-01 +1.8834000e+01 -2.7723333e-03 -1.0177644e-01 +2.4349753e+00 +8.9111605e-01 +1.1478420e+00 -4.1159012e-01 +9.1276790e-02 -2.2626914e-02 +8.5694285e+03
1.9735000e-01 +3.5000000e-01 +1.8892000e+01 -5.1414667e-03 -1.0471444e-01 +2.4104321e+00 +8.8479259e-01 +1.1340222e+00 -4.0375309e-01 +8.7863086e-02 -2.4527778e-02 +8.3782553e+03
2.0073300e-01 +3.5000000e-01 +1.8949778e+01 -7.5736667e-03 -1.0732900e-01 +2.3858765e+00 +8.7833457e-01 +1.1200160e+00 -3.9575062e-01 +8.4245926e-02 -2.6354198e-02 +8.1931888e+03
2.0415300e-01 +3.5000000e-01 +1.9007333e+01 -1.0068100e-02 -1.0960278e-01 +2.3611975e+00 +8.7177654e-01 +1.1057519e+00 -3.8759259e-01 +8.0538395e-02 -2.8107531e-02 +8.0169805e+03
2.0761100e-01 +3.5000000e-01 +1.9064556e+01 -1.2633778e-02 -1.1158444e-01 +2.3365926e+00 +8.6514815e-01 +1.0910790e+00 -3.7930741e-01 +7.6883086e-02 -2.9762716e-02 +7.8500365e+03
2.1110500e-01 +3.5000000e-01 +1.9121333e+01 -1.5290222e-02 -1.1337000e-01 +2.3124074e+00 +8.5846296e-01 +1.0759728e+00 -3.7087407e-01 +7.3364444e-02 -3.1263827e-02 +7.6895264e+03
2.1463600e-01 +3.5000000e-01 +1.9177667e+01 -1.8052444e-02 -1.1504778e-01 +2.2886049e+00 +8.5171852e-01 +1.0607370e+00 -3.6219753e-01 +6.9999383e-02 -3.2563457e-02 +7.5317251e+03
2.1820500e-01 +3.5000000e-01 +1.9233333e+01 -2.0909444e-02 -1.1664111e-01 +2.2647037e+00 +8.4491975e-01 +1.0458617e+00 -3.5319383e-01 +6.6761852e-02 -3.3688272e-02 +7.3775244e+03
2.2181000e-01 +3.5000000e-01 +1.9288444e+01 -2.3826111e-02 -1.1809222e-01 +2.2401852e+00 +8.3809259e-01 +1.0315926e+00 -3.4386420e-01 +6.3576420e-02 -3.4728148e-02 +7.2291936e+03
2.2545200e-01 +3.5000000e-01 +1.9343111e+01 -2.6761000e-02 -1.1932889e-01 +2.2151358e+00 +8.3126914e-01 +1.0177259e+00 -3.3430000e-01 +6.0300247e-02 -3.5759383e-02 +7.0857299e+03
2.2913100e-01 +3.5000000e-01 +1.9397111e+01 -2.9685889e-02 -1.2031667e-01 +2.1901111e+00 +8.2445802e-01 +1.0038605e+00 -3.2459630e-01 +5.6690741e-02 -3.6801728e-02 +6.9435251e+03
2.3284600e-01 +3.5000000e-01 +1.9450444e+01 -3.2602111e-02 -1.2104556e-01 +2.1655432e+00 +8.1763580e-01 +9.8974321e-01 -3.1475556e-01 +5.2561852e-02 -3.7879630e-02 +6.8030830e+03
2.3659700e-01 +3.5000000e-01 +1.9503111e+01 -3.5541889e-02 -1.2152556e-01 +2.1415185e+00 +8.1076420e-01 +9.7529259e-01 -3.0474568e-01 +4.7946790e-02 -3.9070370e-02 +6.6668149e+03
2.4038500e-01 +3.5000000e-01 +1.9554889e+01 -3.8537333e-02 -1.2178000e-01 +2.1179877e+00 +8.0382840e-01 +9.6044198e-01 -2.9456543e-01 +4.2963704e-02 -4.0428148e-02 +6.5361832e+03
2.4420900e-01 +3.5000000e-01 +1.9605889e+01 -4.1587778e-02 -1.2180556e-01 +2.0946790e+00 +7.9685926e-01 +9.4522099e-01 -2.8427778e-01 +3.7784074e-02 -4.1929012e-02 +6.4140354e+03
2.4806900e-01 +3.5000000e-01 +1.9656222e+01 -4.4668333e-02 -1.2159222e-01 +2.0712469e+00 +7.8993333e-01 +9.2997284e-01 -2.7397284e-01 +3.2650741e-02 -4.3513951e-02 +6.3011942e+03
2.5196400e-01 +3.5000000e-01 +1.9706111e+01 -4.7753222e-02 -1.2118222e-01 +2.0475556e+00 +7.8315309e-01 +9.1509136e-01 -2.6370123e-01 +2.7765926e-02 -4.5183210e-02 +6.1959490e+03
2.5589500e-01 +3.5000000e-01 +1.9755556e+01 -5.0817222e-02 -1.2063778e-01 +2.0238148e+00 +7.7661358e-01 +9.0074568e-01 -2.5352963e-01 +2.3270741e-02 -4.7009506e-02 +6.0947268e+03
2.5986100e-01 +3.5000000e-01 +1.9804333e+01 -5.3828667e-02 -1.1999333e-01 +2.0003210e+00 +7.7039012e-01 +8.8695802e-01 -2.4357654e-01 +1.9193333e-02 -4.9005556e-02 +5.9923925e+03
2.6386200e-01 +3.5000000e-01 +1.9852333e+01 -5.6756222e-02 -1.1926556e-01 +1.9771235e+00 +7.6454568e-01 +8.7363704e-01 -2.3392222e-01 +1.5423580e-02 -5.1074568e-02 +5.8887720e+03
2.6789700e-01 +3.5000000e-01 +1.9899333e+01 -5.9578333e-02 -1.1849556e-01 +1.9539506e+00 +7.5913333e-01 +8.6067901e-01 -2.2453704e-01 +1.1795728e-02 -5.3115679e-02 +5.7879784e+03
2.7196700e-01 +3.5000000e-01 +1.9945333e+01 -6.2285556e-02 -1.1772222e-01 +1.9305556e+00 +7.5417901e-01 +8.4807037e-01 -2.1536049e-01 +8.1107901e-03 -5.5081852e-02 +5.6932719e+03
2.7607100e-01 +3.5000000e-01 +1.9990444e+01 -6.4877889e-02 -1.1692444e-01 +1.9069136e+00 +7.4969136e-01 +8.3585185e-01 -2.0635556e-01 +4.1420247e-03 -5.6942222e-02 +5.6046923e+03
2.8020900e-01 +3.5000000e-01 +2.0034889e+01 -6.7369444e-02 -1.1603333e-01 +1.8831235e+00 +7.4566543e-01 +8.2405309e-01 -1.9747407e-01 -2.4876296e-04 -5.8683951e-02 +5.5209941e+03
2.8438000e-01 +3.5000000e-01 +2.0078556e+01 -6.9782778e-02 -1.1497556e-01 +1.8593827e+00 +7.4211481e-01 +8.1268765e-01 -1.8863457e-01 -5.0054198e-03 -6.0349506e-02 +5.4400850e+03
2.8858300e-01 +3.5000000e-01 +2.0121444e+01 -7.2128667e-02 -1.1372556e-01 +1.8359506e+00 +7.3906667e-01 +8.0176667e-01 -1.7975926e-01 -9.9271481e-03 -6.2030370e-02 +5.3570905e+03
2.9282000e-01 +3.5000000e-01 +2.0163222e+01 -7.4393222e-02 -1.1228111e-01 +1.8129877e+00 +7.3653086e-01 +7.9122469e-01 -1.7082346e-01 -1.4924568e-02 -6.3775802e-02 +5.2707136e+03
2.9708800e-01 +3.5000000e-01 +2.0203889e+01 -7.6550000e-02 -1.1060067e-01 +1.7906420e+00 +7.3446790e-01 +7.8108519e-01 -1.6188889e-01 -2.0002593e-02 -6.5580123e-02 +5.1845644e+03
3.0138800e-01 +3.5000000e-01 +2.0243222e+01 -7.8570333e-02 -1.0863711e-01 +1.7692593e+00 +7.3280864e-01 +7.7140864e-01 -1.5305802e-01 -2.5053580e-02 -6.7420247e-02 +5.1036399e+03
3.0572000e-01 +3.5000000e-01 +2.0281222e+01 -8.0433111e-02 -1.0634922e-01 +1.7491975e+00 +7.3147037e-01 +7.6223580e-01 -1.4443086e-01 -2.9876543e-02 -6.9277778e-02 +5.0312478e+03
3.1008200e-01 +3.5000000e-01 +2.0318000e+01 -8.2133222e-02 -1.0370133e-01 +1.7307284e+00 +7.3036667e-01 +7.5365556e-01 -1.3608025e-01 -3.4239136e-02 -7.1144321e-02 +4.9679185e+03
3.1447500e-01 +3.5000000e-01 +2.0353444e+01 -8.3692222e-02 -1.0074211e-01 +1.7139753e+00 +7.2941975e-01 +7.4576914e-01 -1.2796173e-01 -3.8011111e-02 -7.2997901e-02 +4.9106027e+03
3.1889700e-01 +3.5000000e-01 +2.0387778e+01 -8.5150222e-02 -9.7581333e-02 +1.6989506e+00 +7.2860247e-01 +7.3851605e-01 -1.2000506e-01 -4.1287284e-02 -7.4744691e-02 +4.8570598e+03
3.2334900e-01 +3.5000000e-01 +2.0420889e+01 -8.6521111e-02 -9.4242333e-02 +1.6856543e+00 +7.2793951e-01 +7.3172346e-01 -1.1222074e-01 -4.4253704e-02 -7.6248272e-02 +4.8080233e+03
3.2783000e-01 +3.5000000e-01 +2.0452778e+01 -8.7767556e-02 -9.0627444e-02 +1.6742099e+00 +7.2745926e-01 +7.2534198e-01 -1.0462519e-01 -4.7020247e-02 -7.7407901e-02 +4.7618380e+03
3.3233800e-01 +3.5000000e-01 +2.0483222e+01 -8.8828111e-02 -8.6577111e-02 +1.6643827e+00 +7.2713457e-01 +7.1942222e-01 -9.7206543e-02 -4.9706049e-02 -7.8182099e-02 +4.7169766e+03
3.3687500e-01 +3.5000000e-01 +2.0512111e+01 -8.9664000e-02 -8.1979222e-02 +1.6555926e+00 +7.2690247e-01 +7.1394444e-01 -8.9961111e-02 -5.2396543e-02 -7.8594568e-02 +4.6763265e+03
3.4143800e-01 +3.5000000e-01 +2.0539556e+01 -9.0258333e-02 -7.6865111e-02 +1.6476173e+00 +7.2670741e-01 +7.0887778e-01 -8.2905556e-02 -5.5109383e-02 -7.8716667e-02 +4.6394155e+03
3.4602800e-01 +3.5000000e-01 +2.0565444e+01 -9.0579889e-02 -7.1340444e-02 +1.6405802e+00 +7.2653580e-01 +7.0413827e-01 -7.6051852e-02 -5.7911852e-02 -7.8582963e-02 +4.6019368e+03
3.5064400e-01 +3.5000000e-01 +2.0589778e+01 -9.0594667e-02 -6.5494444e-02 +1.6345556e+00 +7.2642963e-01 +6.9954321e-01 -6.9405926e-02 -6.0877778e-02 -7.8179630e-02 +4.5635910e+03
3.5528600e-01 +3.5000000e-01 +2.0612556e+01 -9.0301333e-02 -5.9382111e-02 +1.6294444e+00 +7.2643951e-01 +6.9493457e-01 -6.2993210e-02 -6.4018272e-02 -7.7521728e-02 +4.5271522e+03
3.5995100e-01 +3.5000000e-01 +2.0633667e+01 -8.9731444e-02 -5.3083222e-02 +1.6248765e+00 +7.2659753e-01 +6.9026790e-01 -5.6883951e-02 -6.7344444e-02 -7.6683457e-02 +4.4972107e+03
3.6464100e-01 +3.5000000e-01 +2.0653111e+01 -8.8915667e-02 -4.6715556e-02 +1.6204568e+00 +7.2693580e-01 +6.8556790e-01 -5.1195185e-02 -7.0886049e-02 -7.5688395e-02 +4.4762605e+03
3.6935400e-01 +3.5000000e-01 +2.0671111e+01 -8.7890000e-02 -4.0369556e-02 +1.6159877e+00 +7.2746420e-01 +6.8090864e-01 -4.6025802e-02 -7.4560617e-02 -7.4452346e-02 +4.4609281e+03
3.7408900e-01 +3.5000000e-01 +2.0687556e+01 -8.6699111e-02 -3.4094444e-02 +1.6114938e+00 +7.2814568e-01 +6.7625185e-01 -4.1315556e-02 -7.8176173e-02 -7.2883827e-02 +4.4470003e+03
3.7884600e-01 +3.5000000e-01 +2.0702778e+01 -8.5380111e-02 -2.7910222e-02 +1.6071852e+00 +7.2891605e-01 +6.7149136e-01 -3.6843457e-02 -8.1663827e-02 -7.0995062e-02 +4.4320881e+03
3.8362400e-01 +3.5000000e-01 +2.0716889e+01 -8.3943556e-02 -2.1869889e-02 +1.6033457e+00 +7.2972346e-01 +6.6657407e-01 -3.2430617e-02 -8.5094074e-02 -6.8867284e-02 +4.4169401e+03
3.8842300e-01 +3.5000000e-01 +2.0730111e+01 -8.2363778e-02 -1.6074000e-02 +1.6003457e+00 +7.3052222e-01 +6.6156420e-01 -2.8068765e-02 -8.8526296e-02 -6.6571605e-02 +4.4015875e+03
3.9324100e-01 +3.5000000e-01 +2.0742444e+01 -8.0578778e-02 -1.0603711e-02 +1.5982593e+00 +7.3129506e-01 +6.5673086e-01 -2.3848272e-02 -9.1931235e-02 -6.4187901e-02 +4.3851609e+03
3.9807800e-01 +3.5000000e-01 +2.0754111e+01 -7.8505667e-02 -5.5092000e-03 +1.5966420e+00 +7.3205432e-01 +6.5225802e-01 -1.9859506e-02 -9.5306296e-02 -6.1794568e-02 +4.3724501e+03
4.0293300e-01 +3.5000000e-01 +2.0765222e+01 -7.6061667e-02 -8.3027111e-04 +1.5951481e+00 +7.3285679e-01 +6.4823210e-01 -1.6168148e-02 -9.8719753e-02 -5.9411235e-02 +4.3660977e+03
4.0780500e-01 +3.5000000e-01 +2.0775444e+01 -7.3185111e-02 +3.4210556e-03 +1.5936543e+00 +7.3378395e-01 +6.4488272e-01 -1.2805185e-02 -1.0213062e-01 -5.6984815e-02 +4.3607744e+03
4.1269400e-01 +3.5000000e-01 +2.0785000e+01 -6.9858111e-02 +7.2735556e-03 +1.5921852e+00 +7.3488765e-01 +6.4226420e-01 -9.8320988e-03 -1.0536679e-01 -5.4426543e-02 +4.3532154e+03
4.1759800e-01 +3.5000000e-01 +2.0793667e+01 -6.6125556e-02 +1.0813444e-02 +1.5907531e+00 +7.3617037e-01 +6.4017531e-01 -7.3096790e-03 -1.0831617e-01 -5.1641852e-02 +4.3461639e+03
4.2251700e-01 +3.5000000e-01 +2.0801444e+01 -6.2085333e-02 +1.4122111e-02 +1.5893333e+00 +7.3762099e-01 +6.3845679e-01 -5.2168025e-03 -1.1094580e-01 -4.8605802e-02 +4.3418452e+03
4.2745000e-01 +3.5000000e-01 +2.0808444e+01 -5.7848222e-02 +1.7253111e-02 +1.5878395e+00 +7.3922222e-01 +6.3711358e-01 -3.4851975e-03 -1.1325494e-01 -4.5439259e-02 +4.3375968e+03
4.3239600e-01 +3.5000000e-01 +2.0814667e+01 -5.3508111e-02 +2.0278778e-02 +1.5863086e+00 +7.4090494e-01 +6.3627407e-01 -2.0562222e-03 -1.1515358e-01 -4.2292222e-02 +4.3332873e+03
4.3735400e-01 +3.5000000e-01 +2.0820444e+01 -4.9121667e-02 +2.3226000e-02 +1.5849259e+00 +7.4253827e-01 +6.3587284e-01 -9.1448519e-04 -1.1661099e-01 -3.9207654e-02 +4.3307230e+03
4.4232400e-01 +3.5000000e-01 +2.0825778e+01 -4.4709111e-02 +2.6058000e-02 +1.5841111e+00 +7.4400000e-01 +6.3577778e-01 -4.9012346e-05 -1.1782012e-01 -3.6129012e-02 +4.3298588e+03
4.4730400e-01 +3.5000000e-01 +2.0830444e+01 -4.0291667e-02 +2.8700000e-02 +1.5842469e+00 +7.4523951e-01 +6.3592099e-01 +5.8306420e-04 -1.1889889e-01 -3.3006049e-02 +4.3299935e+03
4.5229300e-01 +3.5000000e-01 +2.0834778e+01 -3.5908000e-02 +3.1032111e-02 +1.5852222e+00 +7.4628148e-01 +6.3615926e-01 +9.8414321e-04 -1.1964580e-01 -2.9850123e-02 +4.3301278e+03
4.5729200e-01 +3.5000000e-01 +2.0838667e+01 -3.1620444e-02 +3.2906667e-02 +1.5863827e+00 +7.4717778e-01 +6.3636543e-01 +1.1023802e-03 -1.1981778e-01 -2.6701358e-02 +4.3279016e+03
4.6229800e-01 +3.5000000e-01 +2.0842222e+01 -2.7477778e-02 +3.4185000e-02 +1.5870617e+00 +7.4798642e-01 +6.3632346e-01 +9.7477901e-04 -1.1945469e-01 -2.3567160e-02 +4.3212981e+03
4.6731100e-01 +3.5000000e-01 +2.0845444e+01 -2.3467778e-02 +3.4853222e-02 +1.5871605e+00 +7.4873704e-01 +6.3604198e-01 +7.2203333e-04 -1.1880321e-01 -2.0376173e-02 +4.3118413e+03
4.7233000e-01 +3.5000000e-01 +2.0848222e+01 -1.9540000e-02 +3.5078222e-02 +1.5868025e+00 +7.4943704e-01 +6.3601358e-01 +3.8545062e-04 -1.1818716e-01 -1.7127037e-02 +4.3012372e+03
4.7735400e-01 +3.5000000e-01 +2.0850667e+01 -1.5649889e-02 +3.5065444e-02 +1.5861852e+00 +7.5007531e-01 +6.3652469e-01 -3.3966914e-05 -1.1786901e-01 -1.3941975e-02 +4.2910772e+03
4.8238200e-01 +3.5000000e-01 +2.0852778e+01 -1.1756778e-02 +3.4869222e-02 +1.5854938e+00 +7.5061852e-01 +6.3730617e-01 -4.8194568e-04 -1.1777877e-01 -1.0830630e-02 +4.2815048e+03
4.8741300e-01 +3.5000000e-01 +2.0854333e+01 -7.8359889e-03 +3.4443444e-02 +1.5848642e+00 +7.5103457e-01 +6.3806173e-01 -9.1627531e-04 -1.1764407e-01 -7.7187531e-03 +4.2716352e+03
4.9244700e-01 +3.5000000e-01 +2.0855444e+01 -3.9082111e-03 +3.3818778e-02 +1.5842963e+00 +7.5130988e-01 +6.3866049e-01 -1.2672099e-03 -1.1732704e-01 -4.5982593e-03 +4.2625670e+03
4.9748200e-01 +3.5000000e-01 +2.0856000e+01 +0.0000000e+00 +3.3121778e-02 +1.5839506e+00 +7.5144691e-01 +6.3903827e-01 -1.4305679e-03 -1.1688099e-01 -1.5212593e-03 +4.2571852e+03
5.0251800e-01 +3.5000000e-01 +2.0856000e+01 +3.9082111e-03 +3.2444889e-02 +1.5839506e+00 +7.5144691e-01 +6.3925185e-01 -1.4411605e-03 -1.1633679e-01 +1.5212593e-03 +4.2571852e+03
5.0755300e-01 +3.5000000e-01 +2.0855444e+01 +7.8359889e-03 +3.1755222e-02 +1.5842963e+00 +7.5130988e-01 +6.3933457e-01 -1.4686667e-03 -1.1559494e-01 +4.5982593e-03 +4.2625670e+03
5.1258700e-01 +3.5000000e-01 +2.0854333e+01 +1.1756778e-02 +3.0931778e-02 +1.5848642e+00 +7.5103457e-01 +6.3924815e-01 -1.6278025e-03 -1.1446469e-01 +7.7187531e-03 +4.2716352e+03
5.1761800e-01 +3.5000000e-01 +2.0852778e+01 +1.5649889e-02 +2.9852556e-02 +1.5854938e+00 +7.5061852e-01 +6.3903333e-01 -1.9056914e-03 -1.1284963e-01 +1.0830630e-02 +4.2815048e+03
5.2264600e-01 +3.5000000e-01 +2.0850667e+01 +1.9540000e-02 +2.8476778e-02 +1.5861852e+00 +7.5007531e-01 +6.3882222e-01 -2.2955432e-03 -1.1091778e-01 +1.3941975e-02 +4.2910772e+03
5.2767000e-01 +3.5000000e-01 +2.0848222e+01 +2.3467778e-02 +2.6853222e-02 +1.5868025e+00 +7.4943704e-01 +6.3880741e-01 -2.7545679e-03 -1.0899395e-01 +1.7127037e-02 +4.3012372e+03
5.3268900e-01 +3.5000000e-01 +2.0845444e+01 +2.7477778e-02 +2.5016556e-02 +1.5871605e+00 +7.4873704e-01 +6.3915679e-01 -3.1790123e-03 -1.0725889e-01 +2.0376173e-02 +4.3118413e+03
5.3770200e-01 +3.5000000e-01 +2.0842222e+01 +3.1620444e-02 +2.2934222e-02 +1.5870617e+00 +7.4798642e-01 +6.3973580e-01 -3.5157407e-03 -1.0563111e-01 +2.3567160e-02 +4.3212981e+03
5.4270800e-01 +3.5000000e-01 +2.0838667e+01 +3.5908000e-02 +2.0571667e-02 +1.5863827e+00 +7.4717778e-01 +6.4024074e-01 -3.6924444e-03 -1.0393420e-01 +2.6701358e-02 +4.3279016e+03
5.4770700e-01 +3.5000000e-01 +2.0834778e+01 +4.0291667e-02 +1.7959333e-02 +1.5852222e+00 +7.4628148e-01 +6.4065556e-01 -3.5952716e-03 -1.0201111e-01 +2.9850123e-02 +4.3301278e+03
5.5269600e-01 +3.5000000e-01 +2.0830444e+01 +4.4709111e-02 +1.5193000e-02 +1.5842469e+00 +7.4523951e-01 +6.4108642e-01 -3.2392716e-03 -9.9804815e-02 +3.3006049e-02 +4.3299935e+03
5.5767600e-01 +3.5000000e-01 +2.0825778e+01 +4.9121667e-02 +1.2368667e-02 +1.5841111e+00 +7.4400000e-01 +6.4163951e-01 -2.7421852e-03 -9.7477654e-02 +3.6129012e-02 +4.3298588e+03
5.6264600e-01 +3.5000000e-01 +2.0820444e+01 +5.3508111e-02 +9.5289778e-03 +1.5849259e+00 +7.4253827e-01 +6.4242716e-01 -2.1569259e-03 -9.5202963e-02 +3.9207654e-02 +4.3307230e+03
5.6760400e-01 +3.5000000e-01 +2.0814667e+01 +5.7848222e-02 +6.6730000e-03 +1.5863086e+00 +7.4090494e-01 +6.4345679e-01 -1.4551358e-03 -9.2878519e-02 +4.2292222e-02 +4.3332873e+03
5.7255000e-01 +3.5000000e-01 +2.0808444e+01 +6.2085333e-02 +3.8065444e-03 +1.5878395e+00 +7.3922222e-01 +6.4489259e-01 -5.9237778e-04 -9.0351852e-02 +4.5439259e-02 +4.3375968e+03
5.7748300e-01 +3.5000000e-01 +2.0801444e+01 +6.6125556e-02 +9.0312000e-04 +1.5893333e+00 +7.3762099e-01 +6.4684074e-01 +4.8866543e-04 -8.7660247e-02 +4.8605802e-02 +4.3418452e+03
5.8240200e-01 +3.5000000e-01 +2.0793667e+01 +6.9858111e-02 -2.1030222e-03 +1.5907531e+00 +7.3617037e-01 +6.4916543e-01 +1.8767407e-03 -8.4830988e-02 +5.1641852e-02 +4.3461639e+03
5.8730600e-01 +3.5000000e-01 +2.0785000e+01 +7.3185111e-02 -5.2546222e-03 +1.5921852e+00 +7.3488765e-01 +6.5182469e-01 +3.6449383e-03 -8.1800370e-02 +5.4426543e-02 +4.3532154e+03
5.9219500e-01 +3.5000000e-01 +2.0775444e+01 +7.6061667e-02 -8.6567778e-03 +1.5936543e+00 +7.3378395e-01 +6.5500000e-01 +5.8131111e-03 -7.8549383e-02 +5.6984815e-02 +4.3607744e+03
5.9706700e-01 +3.5000000e-01 +2.0765222e+01 +7.8505667e-02 -1.2481444e-02 +1.5951481e+00 +7.3285679e-01 +6.5883457e-01 +8.3260494e-03 -7.5139630e-02 +5.9411235e-02 +4.3660977e+03
6.0192200e-01 +3.5000000e-01 +2.0754111e+01 +8.0578778e-02 -1.6862333e-02 +1.5966420e+00 +7.3205432e-01 +6.6316790e-01 +1.1115481e-02 -7.1716049e-02 +6.1794568e-02 +4.3724501e+03
6.0675900e-01 +3.5000000e-01 +2.0742444e+01 +8.2363778e-02 -2.1833000e-02 +1.5982593e+00 +7.3129506e-01 +6.6780988e-01 +1.4143580e-02 -6.8374444e-02 +6.4187901e-02 +4.3851609e+03
6.1157700e-01 +3.5000000e-01 +2.0730111e+01 +8.3943556e-02 -2.7309111e-02 +1.6003457e+00 +7.3052222e-01 +6.7269383e-01 +1.7361728e-02 -6.5089630e-02 +6.6571605e-02 +4.4015875e+03
6.1637600e-01 +3.5000000e-01 +2.0716889e+01 +8.5380111e-02 -3.3125222e-02 +1.6033457e+00 +7.2972346e-01 +6.7773086e-01 +2.0743951e-02 -6.1902593e-02 +6.8867284e-02 +4.4169401e+03
6.2115400e-01 +3.5000000e-01 +2.0702778e+01 +8.6699111e-02 -3.9078000e-02 +1.6071852e+00 +7.2891605e-01 +6.8283086e-01 +2.4294321e-02 -5.8900247e-02 +7.0995062e-02 +4.4320881e+03
6.2591100e-01 +3.5000000e-01 +2.0687556e+01 +8.7890000e-02 -4.4993667e-02 +1.6114938e+00 +7.2814568e-01 +6.8795432e-01 +2.8075802e-02 -5.5991235e-02 +7.2883827e-02 +4.4470003e+03
6.3064600e-01 +3.5000000e-01 +2.0671111e+01 +8.8915667e-02 -5.0811222e-02 +1.6159877e+00 +7.2746420e-01 +6.9306173e-01 +3.2261975e-02 -5.3019753e-02 +7.4452346e-02 +4.4609281e+03
6.3535900e-01 +3.5000000e-01 +2.0653111e+01 +8.9731444e-02 -5.6542000e-02 +1.6204568e+00 +7.2693580e-01 +6.9809877e-01 +3.7065062e-02 -4.9868642e-02 +7.5688395e-02 +4.4762605e+03
6.4004900e-01 +3.5000000e-01 +2.0633667e+01 +9.0301333e-02 -6.2183889e-02 +1.6248765e+00 +7.2659753e-01 +7.0296914e-01 +4.2572716e-02 -4.6470864e-02 +7.6683457e-02 +4.4972107e+03
6.4471400e-01 +3.5000000e-01 +2.0612556e+01 +9.0594667e-02 -6.7699556e-02 +1.6294444e+00 +7.2643951e-01 +7.0761605e-01 +4.8703086e-02 -4.2849630e-02 +7.7521728e-02 +4.5271522e+03
6.4935600e-01 +3.5000000e-01 +2.0589778e+01 +9.0579889e-02 -7.3032667e-02 +1.6345556e+00 +7.2642963e-01 +7.1204198e-01 +5.5313580e-02 -3.9085679e-02 +7.8179630e-02 +4.5635910e+03
6.5397200e-01 +3.5000000e-01 +2.0565444e+01 +9.0258333e-02 -7.8146444e-02 +1.6405802e+00 +7.2653580e-01 +7.1624568e-01 +6.2264691e-02 -3.5279259e-02 +7.8582963e-02 +4.6019368e+03
6.5856200e-01 +3.5000000e-01 +2.0539556e+01 +8.9664000e-02 -8.2984333e-02 +1.6476173e+00 +7.2670741e-01 +7.2034198e-01 +6.9464198e-02 -3.1511728e-02 +7.8716667e-02 +4.6394155e+03
6.6312500e-01 +3.5000000e-01 +2.0512111e+01 +8.8828111e-02 -8.7465222e-02 +1.6555926e+00 +7.2690247e-01 +7.2449753e-01 +7.6916543e-02 -2.7731975e-02 +7.8594568e-02 +4.6763265e+03
6.6766200e-01 +3.5000000e-01 +2.0483222e+01 +8.7767556e-02 -9.1508778e-02 +1.6643827e+00 +7.2713457e-01 +7.2882840e-01 +8.4684691e-02 -2.3816914e-02 +7.8182099e-02 +4.7169766e+03
6.7217000e-01 +3.5000000e-01 +2.0452778e+01 +8.6521111e-02 -9.5095667e-02 +1.6742099e+00 +7.2745926e-01 +7.3352716e-01 +9.2796420e-02 -1.9834444e-02 +7.7407901e-02 +4.7618380e+03
6.7665100e-01 +3.5000000e-01 +2.0420889e+01 +8.5150222e-02 -9.8343000e-02 +1.6856543e+00 +7.2793951e-01 +7.3901852e-01 +1.0121444e-01 -1.5923580e-02 +7.6248272e-02 +4.8080233e+03
6.8110300e-01 +3.5000000e-01 +2.0387778e+01 +8.3692222e-02 -1.0141667e-01 +1.6989506e+00 +7.2860247e-01 +7.4559012e-01 +1.0988543e-01 -1.2088074e-02 +7.4744691e-02 +4.8570598e+03
6.8552500e-01 +3.5000000e-01 +2.0353444e+01 +8.2133222e-02 -1.0437689e-01 +1.7139753e+00 +7.2941975e-01 +7.5325679e-01 +1.1878148e-01 -8.2295679e-03 +7.2997901e-02 +4.9106027e+03
6.8991800e-01 +3.5000000e-01 +2.0318000e+01 +8.0433111e-02 -1.0714344e-01 +1.7307284e+00 +7.3036667e-01 +7.6182593e-01 +1.2790617e-01 -4.1932716e-03 +7.1144321e-02 +4.9679185e+03
6.9428000e-01 +3.5000000e-01 +2.0281222e+01 +7.8570333e-02 -1.0960278e-01 +1.7491975e+00 +7.3147037e-01 +7.7093457e-01 +1.3730617e-01 +8.0780617e-05 +6.9277778e-02 +5.0312478e+03
6.9861200e-01 +3.5000000e-01 +2.0243222e+01 +7.6550000e-02 -1.1173111e-01 +1.7692593e+00 +7.3280864e-01 +7.8021852e-01 +1.4699630e-01 +4.5263580e-03 +6.7420247e-02 +5.1036399e+03
7.0291200e-01 +3.5000000e-01 +2.0203889e+01 +7.4393222e-02 -1.1356333e-01 +1.7906420e+00 +7.3446790e-01 +7.8959136e-01 +1.5689630e-01 +9.1043333e-03 +6.5580123e-02 +5.1845644e+03
7.0718000e-01 +3.5000000e-01 +2.0163222e+01 +7.2128667e-02 -1.1512889e-01 +1.8129877e+00 +7.3653086e-01 +7.9921852e-01 +1.6690247e-01 +1.3806420e-02 +6.3775802e-02 +5.2707136e+03
7.1141700e-01 +3.5000000e-01 +2.0121444e+01 +6.9782778e-02 -1.1646889e-01 +1.8359506e+00 +7.3906667e-01 +8.0921605e-01 +1.7695309e-01 +1.8588889e-02 +6.2030370e-02 +5.3570905e+03
7.1562000e-01 +3.5000000e-01 +2.0078556e+01 +6.7369444e-02 -1.1761778e-01 +1.8593827e+00 +7.4211481e-01 +8.1957407e-01 +1.8706173e-01 +2.3418519e-02 +6.0349506e-02 +5.4400850e+03
7.1979100e-01 +3.5000000e-01 +2.0034889e+01 +6.4877889e-02 -1.1856444e-01 +1.8831235e+00 +7.4566543e-01 +8.3037037e-01 +1.9726790e-01 +2.8312469e-02 +5.8683951e-02 +5.5209941e+03
7.2392900e-01 +3.5000000e-01 +1.9990444e+01 +6.2285556e-02 -1.1929111e-01 +1.9069136e+00 +7.4969136e-01 +8.4161235e-01 +2.0758395e-01 +3.3275679e-02 +5.6942222e-02 +5.6046923e+03
7.2803300e-01 +3.5000000e-01 +1.9945333e+01 +5.9578333e-02 -1.1984000e-01 +1.9305556e+00 +7.5417901e-01 +8.5325309e-01 +2.1800247e-01 +3.8295679e-02 +5.5081852e-02 +5.6932719e+03
7.3210300e-01 +3.5000000e-01 +1.9899333e+01 +5.6756222e-02 -1.2028889e-01 +1.9539506e+00 +7.5913333e-01 +8.6525926e-01 +2.2850123e-01 +4.3421852e-02 +5.3115679e-02 +5.7879784e+03
7.3613800e-01 +3.5000000e-01 +1.9852333e+01 +5.3828667e-02 -1.2067333e-01 +1.9771235e+00 +7.6454568e-01 +8.7759753e-01 +2.3909753e-01 +4.8724568e-02 +5.1074568e-02 +5.8887720e+03
7.4013900e-01 +3.5000000e-01 +1.9804333e+01 +5.0817222e-02 -1.2097667e-01 +2.0003210e+00 +7.7039012e-01 +8.9018148e-01 +2.4986914e-01 +5.4165185e-02 +4.9005556e-02 +5.9923925e+03
7.4410500e-01 +3.5000000e-01 +1.9755556e+01 +4.7753222e-02 -1.2116667e-01 +2.0238148e+00 +7.7661358e-01 +9.0295062e-01 +2.6086543e-01 +5.9588642e-02 +4.7009506e-02 +6.0947268e+03
7.4803600e-01 +3.5000000e-01 +1.9706111e+01 +4.4668333e-02 -1.2122111e-01 +2.0475556e+00 +7.8315309e-01 +9.1589506e-01 +2.7199753e-01 +6.4794815e-02 +4.5183210e-02 +6.1959490e+03
7.5193100e-01 +3.5000000e-01 +1.9656222e+01 +4.1587778e-02 -1.2111000e-01 +2.0712469e+00 +7.8993333e-01 +9.2902469e-01 +2.8310988e-01 +6.9633704e-02 +4.3513951e-02 +6.3011942e+03
7.5579100e-01 +3.5000000e-01 +1.9605889e+01 +3.8537333e-02 -1.2080222e-01 +2.0946790e+00 +7.9685926e-01 +9.4227284e-01 +2.9411975e-01 +7.4038889e-02 +4.1929012e-02 +6.4140354e+03
7.5961500e-01 +3.5000000e-01 +1.9554889e+01 +3.5541889e-02 -1.2027111e-01 +2.1179877e+00 +8.0382840e-01 +9.5539753e-01 +3.0501605e-01 +7.8016914e-02 +4.0428148e-02 +6.5361832e+03
7.6340300e-01 +3.5000000e-01 +1.9503111e+01 +3.2602111e-02 -1.1950556e-01 +2.1415185e+00 +8.1076420e-01 +9.6823210e-01 +3.1576420e-01 +8.1592963e-02 +3.9070370e-02 +6.6668149e+03
7.6715400e-01 +3.5000000e-01 +1.9450444e+01 +2.9685889e-02 -1.1846889e-01 +2.1655432e+00 +8.1763580e-01 +9.8090370e-01 +3.2630864e-01 +8.4777160e-02 +3.7879630e-02 +6.8030830e+03
7.7086900e-01 +3.5000000e-01 +1.9397111e+01 +2.6761000e-02 -1.1711444e-01 +2.1901111e+00 +8.2445802e-01 +9.9356790e-01 +3.3665556e-01 +8.7568272e-02 +3.6801728e-02 +6.9435251e+03
7.7454800e-01 +3.5000000e-01 +1.9343111e+01 +2.3826111e-02 -1.1545444e-01 +2.2151358e+00 +8.3126914e-01 +1.0063099e+00 +3.4687531e-01 +9.0049877e-02 +3.5759383e-02 +7.0857299e+03
7.7819000e-01 +3.5000000e-01 +1.9288444e+01 +2.0909444e-02 -1.1354333e-01 +2.2401852e+00 +8.3809259e-01 +1.0192395e+00 +3.5701358e-01 +9.2432840e-02 +3.4728148e-02 +7.2291936e+03
7.8179500e-01 +3.5000000e-01 +1.9233333e+01 +1.8052444e-02 -1.1143778e-01 +2.2647037e+00 +8.4491975e-01 +1.0324728e+00 +3.6700741e-01 +9.4898395e-02 +3.3688272e-02 +7.3775244e+03
7.8536400e-01 +3.5000000e-01 +1.9177667e+01 +1.5290222e-02 -1.0922578e-01 +2.2886049e+00 +8.5171852e-01 +1.0459938e+00 +3.7676296e-01 +9.7496049e-02 +3.2563457e-02 +7.5317251e+03
7.8889500e-01 +3.5000000e-01 +1.9121333e+01 +1.2633778e-02 -1.0700822e-01 +2.3124074e+00 +8.5846296e-01 +1.0596383e+00 +3.8624444e-01 +1.0020840e-01 +3.1263827e-02 +7.6895264e+03
7.9238900e-01 +3.5000000e-01 +1.9064556e+01 +1.0068100e-02 -1.0480533e-01 +2.3365926e+00 +8.6514815e-01 +1.0732123e+00 +3.9545432e-01 +1.0303062e-01 +2.9762716e-02 +7.8500365e+03
7.9584700e-01 +3.5000000e-01 +1.9007333e+01 +7.5736667e-03 -1.0249644e-01 +2.3611975e+00 +8.7177654e-01 +1.0865469e+00 +4.0442222e-01 +1.0594173e-01 +2.8107531e-02 +8.0169805e+03
7.9926700e-01 +3.5000000e-01 +1.8949778e+01 +5.1414667e-03 -9.9891000e-02 +2.3858765e+00 +8.7833457e-01 +1.0995111e+00 +4.1317284e-01 +1.0883469e-01 +2.6354198e-02 +8.1931888e+03
8.0265000e-01 +3.5000000e-01 +1.8892000e+01 +2.7723333e-03 -9.6861222e-02 +2.4104321e+00 +8.8479259e-01 +1.1120469e+00 +4.2172840e-01 +1.1151333e-01 +2.4527778e-02 +8.3782553e+03
8.0599600e-01 +3.5000000e-01 +1.8834000e+01 +4.6906667e-04 -9.3407667e-02 +2.4349753e+00 +8.9111605e-01 +1.1241691e+00 +4.3011852e-01 +1.1378963e-01 +2.2626914e-02 +8.5694285e+03
8.0930400e-01 +3.5000000e-01 +1.8775667e+01 -1.7754778e-03 -8.9609222e-02 +2.4596914e+00 +8.9728642e-01 +1.1359111e+00 +4.3838025e-01 +1.1562815e-01 +2.0650617e-02 +8.7667148e+03
8.1257600e-01 +3.5000000e-01 +1.8717222e+01 -3.9736778e-03 -8.5543556e-02 +2.4845432e+00 +9.0333457e-01 +1.1473531e+00 +4.4653086e-01 +1.1720272e-01 +1.8640988e-02 +8.9720271e+03
8.1581000e-01 +3.5000000e-01 +1.8658556e+01 -6.1252111e-03 -8.1251111e-02 +2.5092963e+00 +9.0934691e-01 +1.1585889e+00 +4.5457654e-01 +1.1876877e-01 +1.6669383e-02 +9.1824839e+03
8.1900800e-01 +3.5000000e-01 +1.8599889e+01 -8.2174444e-03 -7.6744444e-02 +2.5335432e+00 +9.1541728e-01 +1.1696123e+00 +4.6250617e-01 +1.2046951e-01 +1.4778272e-02 +9.3977552e+03
8.2216800e-01 +3.5000000e-01 +1.8541333e+01 -1.0245278e-02 -7.2023222e-02 +2.5567901e+00 +9.2161235e-01 +1.1803901e+00 +4.7026914e-01 +1.2225259e-01 +1.2986543e-02 +9.6197908e+03
8.2529200e-01 +3.5000000e-01 +1.8482889e+01 -1.2217111e-02 -6.7084889e-02 +2.5788765e+00 +9.2796543e-01 +1.1909963e+00 +4.7784938e-01 +1.2395062e-01 +1.1305519e-02 +9.8470675e+03
8.2837800e-01 +3.5000000e-01 +1.8424667e+01 -1.4143222e-02 -6.1943222e-02 +2.6000494e+00 +9.3448272e-01 +1.2016099e+00 +4.8531852e-01 +1.2541975e-01 +9.7283333e-03 +1.0078797e+04
8.3142800e-01 +3.5000000e-01 +1.8366667e+01 -1.6028222e-02 -5.6631333e-02 +2.6206173e+00 +9.4114321e-01 +1.2125148e+00 +4.9276914e-01 +1.2669012e-01 +8.2626420e-03 +1.0316237e+04
8.3444100e-01 +3.5000000e-01 +1.8308667e+01 -1.7869556e-02 -5.1193111e-02 +2.6408025e+00 +9.4791358e-01 +1.2240247e+00 +5.0021605e-01 +1.2799630e-01 +6.9375556e-03 +1.0559126e+04
8.3741800e-01 +3.5000000e-01 +1.8250556e+01 -1.9657000e-02 -4.5675000e-02 +2.6606543e+00 +9.5475309e-01 +1.2362716e+00 +5.0759877e-01 +1.2959506e-01 +5.7450123e-03 +1.0806039e+04
8.4035800e-01 +3.5000000e-01 +1.8192444e+01 -2.1375000e-02 -4.0131667e-02 +2.6801481e+00 +9.6161852e-01 +1.2491358e+00 +5.1484938e-01 +1.3152346e-01 +4.6158025e-03 +1.1057866e+04
8.4326200e-01 +3.5000000e-01 +1.8134333e+01 -2.3006000e-02 -3.4610000e-02 +2.6991728e+00 +9.6846543e-01 +1.2622346e+00 +5.2192346e-01 +1.3358272e-01 +3.4738519e-03 +1.1318536e+04
8.4613000e-01 +3.5000000e-01 +1.8076000e+01 -2.4535333e-02 -2.9116000e-02 +2.7178025e+00 +9.7525309e-01 +1.2752840e+00 +5.2876914e-01 +1.3552099e-01 +2.2836420e-03 +1.1590601e+04
8.4896200e-01 +3.5000000e-01 +1.8017667e+01 -2.5955667e-02 -2.3611556e-02 +2.7363457e+00 +9.8193951e-01 +1.2882099e+00 +5.3532346e-01 +1.3715185e-01 +1.0383914e-03 +1.1871814e+04
8.5175700e-01 +3.5000000e-01 +1.7959222e+01 -2.7269111e-02 -1.8048667e-02 +2.7551358e+00 +9.8848889e-01 +1.3011111e+00 +5.4153333e-01 +1.3842222e-01 -2.5957160e-04 +1.2156958e+04
8.5451800e-01 +3.5000000e-01 +1.7900889e+01 -2.8487111e-02 -1.2407556e-02 +2.7742346e+00 +9.9487654e-01 +1.3141235e+00 +5.4738395e-01 +1.3943210e-01 -1.5808025e-03 +1.2442494e+04
8.5724300e-01 +3.5000000e-01 +1.7842667e+01 -2.9623778e-02 -6.7120778e-03 +2.7933457e+00 +1.0011049e+00 +1.3273086e+00 +5.5292346e-01 +1.4033086e-01 -2.8580988e-03 +1.2729394e+04
8.5993200e-01 +3.5000000e-01 +1.7784556e+01 -3.0685000e-02 -1.0102911e-03 +2.8120741e+00 +1.0072062e+00 +1.3406420e+00 +5.5821728e-01 +1.4120988e-01 -4.0260741e-03 +1.3025616e+04
8.6258600e-01 +3.5000000e-01 +1.7726444e+01 -3.1660667e-02 +4.6608556e-03 +2.8301852e+00 +1.0132198e+00 +1.3540617e+00 +5.6331728e-01 +1.4205556e-01 -5.0601605e-03 +1.3341359e+04
8.6520600e-01 +3.5000000e-01 +1.7668333e+01 -3.2527111e-02 +1.0296589e-02 +2.8477284e+00 +1.0191790e+00 +1.3675679e+00 +5.6825926e-01 +1.4280494e-01 -5.9757284e-03 +1.3679350e+04
8.6779100e-01 +3.5000000e-01 +1.7610111e+01 -3.3257000e-02 +1.5915333e-02 +2.8649753e+00 +1.0250975e+00 +1.3810864e+00 +5.7307037e-01 +1.4341605e-01 -6.8001111e-03 +1.4033145e+04
8.7034100e-01 +3.5000000e-01 +1.7551778e+01 -3.3834222e-02 +2.1525889e-02 +2.8821975e+00 +1.0309605e+00 +1.3944938e+00 +5.7778148e-01 +1.4388148e-01 -7.5425802e-03 +1.4397131e+04
8.7285700e-01 +3.5000000e-01 +1.7493333e+01 -3.4257889e-02 +2.7107333e-02 +2.8994691e+00 +1.0367333e+00 +1.4076790e+00 +5.8241235e-01 +1.4424074e-01 -8.1885802e-03 +1.4773827e+04
8.7534000e-01 +3.5000000e-01 +1.7434667e+01 -3.4535667e-02 +3.2624111e-02 +2.9169630e+00 +1.0423790e+00 +1.4206667e+00 +5.8695432e-01 +1.4457901e-01 -8.7210123e-03 +1.5167423e+04
8.7778800e-01 +3.5000000e-01 +1.7375889e+01 -3.4676667e-02 +3.8044000e-02 +2.9349753e+00 +1.0478728e+00 +1.4335926e+00 +5.9137654e-01 +1.4496173e-01 -9.1474568e-03 +1.5577357e+04
8.8020300e-01 +3.5000000e-01 +1.7316889e+01 -3.4692889e-02 +4.3348222e-02 +2.9537901e+00 +1.0532148e+00 +1.4465802e+00 +5.9567407e-01 +1.4536790e-01 -9.5079136e-03 +1.5998534e+04
8.8258400e-01 +3.5000000e-01 +1.7257667e+01 -3.4603889e-02 +4.8544222e-02 +2.9735185e+00 +1.0584111e+00 +1.4597160e+00 +5.9985432e-01 +1.4572346e-01 -9.8623086e-03 +1.6426842e+04
8.8493300e-01 +3.5000000e-01 +1.7198333e+01 -3.4439444e-02 +5.3664778e-02 +2.9942099e+00 +1.0634494e+00 +1.4730494e+00 +6.0391852e-01 +1.4595432e-01 -1.0269630e-02 +1.6862955e+04
8.8724900e-01 +3.5000000e-01 +1.7138667e+01 -3.4236444e-02 +5.8744556e-02 +3.0158642e+00 +1.0682975e+00 +1.4865802e+00 +6.0786667e-01 +1.4602346e-01 -1.0768778e-02 +1.7311741e+04
8.8953200e-01 +3.5000000e-01 +1.7079000e+01 -3.4033000e-02 +6.3796778e-02 +3.0385062e+00 +1.0729136e+00 +1.5002840e+00 +6.1172222e-01 +1.4594074e-01 -1.1360617e-02 +1.7775645e+04
8.9178300e-01 +3.5000000e-01 +1.7019111e+01 -3.3861556e-02 +6.8811000e-02 +3.0621358e+00 +1.0772765e+00 +1.5140741e+00 +6.1553580e-01 +1.4574815e-01 -1.2010037e-02 +1.8254013e+04
8.9400200e-01 +3.5000000e-01 +1.6959111e+01 -3.3742222e-02 +7.3774333e-02 +3.0867531e+00 +1.0813802e+00 +1.5278642e+00 +6.1936543e-01 +1.4547901e-01 -1.2672840e-02 +1.8744797e+04
8.9619000e-01 +3.5000000e-01 +1.6899111e+01 -3.3680556e-02 +7.8699778e-02 +3.1123951e+00 +1.0852346e+00 +1.5414568e+00 +6.2325556e-01 +1.4514568e-01 -1.3316914e-02 +1.9245564e+04
8.9834600e-01 +3.5000000e-01 +1.6839222e+01 -3.3669556e-02 +8.3634556e-02 +3.1390247e+00 +1.0888617e+00 +1.5546790e+00 +6.2721358e-01 +1.4474321e-01 -1.3927407e-02 +1.9755572e+04
9.0047100e-01 +3.5000000e-01 +1.6779222e+01 -3.3695778e-02 +8.8641333e-02 +3.1665309e+00 +1.0922951e+00 +1.5674198e+00 +6.3122593e-01 +1.4424444e-01 -1.4490494e-02 +2.0277630e+04
9.0256500e-01 +3.5000000e-01 +1.6719222e+01 -3.3745222e-02 +9.3765778e-02 +3.1948642e+00 +1.0955469e+00 +1.5796420e+00 +6.3526667e-01 +1.4360494e-01 -1.4982469e-02 +2.0815623e+04
9.0462900e-01 +3.5000000e-01 +1.6659000e+01 -3.3810556e-02 +9.9014222e-02 +3.2240864e+00 +1.0986086e+00 +1.5913704e+00 +6.3930741e-01 +1.4278272e-01 -1.5381111e-02 +2.1370431e+04
9.0666200e-01 +3.5000000e-01 +1.6598667e+01 -3.3889000e-02 +1.0435511e-01 +3.2542963e+00 +1.1014444e+00 +1.6026790e+00 +6.4332593e-01 +1.4176790e-01 -1.5675802e-02 +2.1941617e+04
9.0866500e-01 +3.5000000e-01 +1.6538222e+01 -3.3978444e-02 +1.0974244e-01 +3.2855432e+00 +1.1040123e+00 +1.6137778e+00 +6.4731481e-01 +1.4061235e-01 -1.5869877e-02 +2.2528458e+04
9.1063900e-01 +3.5000000e-01 +1.6477667e+01 -3.4076000e-02 +1.1513889e-01 +3.3177531e+00 +1.1062556e+00 +1.6247901e+00 +6.5127901e-01 +1.3942099e-01 -1.5988765e-02 +2.3130549e+04
9.1258400e-01 +3.5000000e-01 +1.6417111e+01 -3.4178667e-02 +1.2052889e-01 +3.3507531e+00 +1.1081198e+00 +1.6357901e+00 +6.5521481e-01 +1.3829877e-01 -1.6081358e-02 +2.3750955e+04
9.1449900e-01 +3.5000000e-01 +1.6356556e+01 -3.4283889e-02 +1.2591778e-01 +3.3843333e+00 +1.1095519e+00 +1.6466543e+00 +6.5910988e-01 +1.3728889e-01 -1.6198025e-02 +2.4396539e+04
9.1638500e-01 +3.5000000e-01 +1.6295889e+01 -3.4389667e-02 +1.3132778e-01 +3.4183457e+00 +1.1105247e+00 +1.6572469e+00 +6.6294321e-01 +1.3637284e-01 -1.6360494e-02 +2.5073340e+04
9.1824400e-01 +3.5000000e-01 +1.6235333e+01 -3.4495222e-02 +1.3679222e-01 +3.4527284e+00 +1.1110395e+00 +1.6675432e+00 +6.6669136e-01 +1.3549136e-01 -1.6558025e-02 +2.5781199e+04
9.2007400e-01 +3.5000000e-01 +1.6174667e+01 -3.4601111e-02 +1.4233556e-01 +3.4875802e+00 +1.1111160e+00 +1.6776049e+00 +6.7033086e-01 +1.3458642e-01 -1.6756667e-02 +2.6515738e+04
9.2187600e-01 +3.5000000e-01 +1.6113889e+01 -3.4708444e-02 +1.4796889e-01 +3.5230988e+00 +1.1107840e+00 +1.6874444e+00 +6.7384444e-01 +1.3363951e-01 -1.6912222e-02 +2.7274523e+04
9.2365000e-01 +3.5000000e-01 +1.6053000e+01 -3.4816667e-02 +1.5369111e-01 +3.5594691e+00 +1.1100716e+00 +1.6970370e+00 +6.7723210e-01 +1.3270247e-01 -1.6989753e-02 +2.8059613e+04
9.2539800e-01 +3.5000000e-01 +1.5991778e+01 -3.4922889e-02 +1.5948778e-01 +3.5969012e+00 +1.1089975e+00 +1.7064198e+00 +6.8050494e-01 +1.3185802e-01 -1.6981975e-02 +2.8872189e+04
9.2711800e-01 +3.5000000e-01 +1.5930444e+01 -3.5021444e-02 +1.6533556e-01 +3.6355556e+00 +1.1075753e+00 +1.7156173e+00 +6.8367407e-01 +1.3115309e-01 -1.6909506e-02 +2.9710859e+04
9.2881200e-01 +3.5000000e-01 +1.5868667e+01 -3.5104556e-02 +1.7119222e-01 +3.6754321e+00 +1.1058136e+00 +1.7246420e+00 +6.8672469e-01 +1.3058148e-01 -1.6806173e-02 +3.0572576e+04
9.3048000e-01 +3.5000000e-01 +1.5806556e+01 -3.5162333e-02 +1.7700889e-01 +3.7164321e+00 +1.1037136e+00 +1.7334815e+00 +6.8963333e-01 +1.3011975e-01 -1.6699259e-02 +3.1454876e+04
9.3212100e-01 +3.5000000e-01 +1.5744111e+01 -3.5184222e-02 +1.8274111e-01 +3.7584074e+00 +1.1012630e+00 +1.7420741e+00 +6.9236543e-01 +1.2974938e-01 -1.6602099e-02 +3.2359846e+04
9.3373700e-01 +3.5000000e-01 +1.5681111e+01 -3.5159778e-02 +1.8836556e-01 +3.8012716e+00 +1.0984321e+00 +1.7503210e+00 +6.9488148e-01 +1.2946049e-01 -1.6520864e-02 +3.3292428e+04
9.3532800e-01 +3.5000000e-01 +1.5617667e+01 -3.5082889e-02 +1.9388111e-01 +3.8450741e+00 +1.0951728e+00 +1.7581235e+00 +6.9713457e-01 +1.2924691e-01 -1.6460494e-02 +3.4257749e+04
9.3689300e-01 +3.5000000e-01 +1.5553667e+01 -3.4953000e-02 +1.9930444e-01 +3.8899877e+00 +1.0914333e+00 +1.7654321e+00 +6.9907901e-01 +1.2908025e-01 -1.6425556e-02 +3.5258416e+04
9.3843400e-01 +3.5000000e-01 +1.5489000e+01 -3.4774000e-02 +2.0465000e-01 +3.9361111e+00 +1.0871679e+00 +1.7722222e+00 +7.0069383e-01 +1.2892222e-01 -1.6419136e-02 +3.6295266e+04
9.3995000e-01 +3.5000000e-01 +1.5423778e+01 -3.4551333e-02 +2.0992556e-01 +3.9835309e+00 +1.0823420e+00 +1.7785309e+00 +7.0197778e-01 +1.2873086e-01 -1.6443210e-02 +3.7367070e+04
9.4144200e-01 +3.5000000e-01 +1.5357889e+01 -3.4289444e-02 +2.1512444e-01 +4.0323086e+00 +1.0769198e+00 +1.7843704e+00 +7.0293704e-01 +1.2848519e-01 -1.6498395e-02 +3.8469227e+04
9.4291000e-01 +3.5000000e-01 +1.5291222e+01 -3.3991778e-02 +2.2023000e-01 +4.0825062e+00 +1.0708617e+00 +1.7897778e+00 +7.0356914e-01 +1.2819753e-01 -1.6577284e-02 +3.9598318e+04
9.4435500e-01 +3.5000000e-01 +1.5223889e+01 -3.3660333e-02 +2.2522667e-01 +4.1342716e+00 +1.0641210e+00 +1.7947778e+00 +7.0387160e-01 +1.2789630e-01 -1.6658519e-02 +4.0759313e+04
9.4577700e-01 +3.5000000e-01 +1.5155667e+01 -3.3295111e-02 +2.3010333e-01 +4.1877531e+00 +1.0566506e+00 +1.7993457e+00 +7.0385309e-01 +1.2759877e-01 -1.6711111e-02 +4.1961669e+04
9.4717500e-01 +3.5000000e-01 +1.5086556e+01 -3.2895556e-02 +2.3485667e-01 +4.2431728e+00 +1.0484025e+00 +1.8034198e+00 +7.0354444e-01 +1.2730123e-01 -1.6703210e-02 +4.3213431e+04
9.4855100e-01 +3.5000000e-01 +1.5016333e+01 -3.2461778e-02 +2.3947778e-01 +4.3008148e+00 +1.0393383e+00 +1.8068889e+00 +7.0298025e-01 +1.2699383e-01 -1.6606667e-02 +4.4517308e+04
9.4990500e-01 +3.5000000e-01 +1.4945000e+01 -3.1994444e-02 +2.4395667e-01 +4.3610000e+00 +1.0294259e+00 +1.8096914e+00 +7.0219506e-01 +1.2669136e-01 -1.6395926e-02 +4.5872032e+04
9.5123600e-01 +3.5000000e-01 +1.4872556e+01 -3.1495222e-02 +2.4827444e-01 +4.4239877e+00 +1.0186420e+00 +1.8117654e+00 +7.0120617e-01 +1.2642593e-01 -1.6048765e-02 +4.7275362e+04
9.5254600e-01 +3.5000000e-01 +1.4798667e+01 -3.0966556e-02 +2.5242222e-01 +4.4899630e+00 +1.0069716e+00 +1.8131481e+00 +7.0001975e-01 +1.2622222e-01 -1.5548272e-02 +4.8726034e+04
9.5383400e-01 +3.5000000e-01 +1.4723333e+01 -3.0412000e-02 +2.5639222e-01 +4.5590617e+00 +9.9440494e-01 +1.8138642e+00 +6.9863951e-01 +1.2607284e-01 -1.4886173e-02 +5.0226799e+04
9.5510100e-01 +3.5000000e-01 +1.4646556e+01 -2.9835111e-02 +2.6017889e-01 +4.6313704e+00 +9.8093704e-01 +1.8139136e+00 +6.9707778e-01 +1.2593827e-01 -1.4064321e-02 +5.1785222e+04
9.5634800e-01 +3.5000000e-01 +1.4568111e+01 -2.9238444e-02 +2.6377556e-01 +4.7070123e+00 +9.6657037e-01 +1.8132840e+00 +6.9536543e-01 +1.2576173e-01 -1.3095185e-02 +5.3409582e+04
9.5757400e-01 +3.5000000e-01 +1.4487778e+01 -2.8621778e-02 +2.6717333e-01 +4.7861481e+00 +9.5131235e-01 +1.8119630e+00 +6.9354444e-01 +1.2550988e-01 -1.2002975e-02 +5.5103207e+04
9.5877900e-01 +3.5000000e-01 +1.4405667e+01 -2.7981778e-02 +2.7035667e-01 +4.8689506e+00 +9.3517778e-01 +1.8099383e+00 +6.9165926e-01 +1.2518642e-01 -1.0819815e-02 +5.6860030e+04
9.5996400e-01 +3.5000000e-01 +1.4321444e+01 -2.7313111e-02 +2.7330778e-01 +4.9555802e+00 +9.1819012e-01 +1.8072469e+00 +6.8973580e-01 +1.2482963e-01 -9.5794568e-03 +5.8666194e+04
9.6113000e-01 +3.5000000e-01 +1.4235111e+01 -2.6610000e-02 +2.7600889e-01 +5.0460617e+00 +9.0037037e-01 +1.8039136e+00 +6.8776790e-01 +1.2450247e-01 -8.3144691e-03 +6.0509237e+04
9.6227600e-01 +3.5000000e-01 +1.4146444e+01 -2.5868000e-02 +2.7844333e-01 +5.1403580e+00 +8.8173580e-01 +1.7999506e+00 +6.8572593e-01 +1.2426420e-01 -7.0561111e-03 +6.2385860e+04
9.6340300e-01 +3.5000000e-01 +1.4055222e+01 -2.5085444e-02 +2.8059778e-01 +5.2383457e+00 +8.6230123e-01 +1.7953210e+00 +6.8355432e-01 +1.2416543e-01 -5.8336049e-03 +6.4300185e+04
9.6451100e-01 +3.5000000e-01 +1.3961444e+01 -2.4263000e-02 +2.8245778e-01 +5.3398148e+00 +8.4208519e-01 +1.7899383e+00 +6.8118395e-01 +1.2423086e-01 -4.6715309e-03 +6.6260176e+04
9.6560100e-01 +3.5000000e-01 +1.3864778e+01 -2.3402778e-02 +2.8401111e-01 +5.4444938e+00 +8.2110741e-01 +1.7837160e+00 +6.7853951e-01 +1.2445679e-01 -3.5881728e-03 +6.8273060e+04
9.6667200e-01 +3.5000000e-01 +1.3764889e+01 -2.2507222e-02 +2.8524333e-01 +5.5520617e+00 +7.9939383e-01 +1.7765432e+00 +6.7555432e-01 +1.2481111e-01 -2.5952716e-03 +7.0342502e+04
9.6772500e-01 +3.5000000e-01 +1.3661778e+01 -2.1578000e-02 +2.8614444e-01 +5.6621358e+00 +7.7697407e-01 +1.7683704e+00 +6.7216543e-01 +1.2523333e-01 -1.6986667e-03 +7.2467580e+04
9.6876100e-01 +3.5000000e-01 +1.3555000e+01 -2.0617000e-02 +2.8670667e-01 +5.7743333e+00 +7.5388272e-01 +1.7591358e+00 +6.6833333e-01 +1.2565556e-01 -8.9963333e-04 +7.4644906e+04
9.6977800e-01 +3.5000000e-01 +1.3444222e+01 -1.9625778e-02 +2.8692444e-01 +5.8882222e+00 +7.3015556e-01 +1.7488025e+00 +6.6402222e-01 +1.2601605e-01 -1.9610988e-04 +7.6872858e+04
9.7077900e-01 +3.5000000e-01 +1.3329222e+01 -1.8606778e-02 +2.8679333e-01 +6.0033704e+00 +7.0583333e-01 +1.7373210e+00 +6.5920988e-01 +1.2627531e-01 +4.1655062e-04 +7.9152562e+04
9.7176200e-01 +3.5000000e-01 +1.3209667e+01 -1.7563444e-02 +2.8631444e-01 +6.1193704e+00 +6.8096049e-01 +1.7246790e+00 +6.5387407e-01 +1.2643457e-01 +9.4509136e-04 +8.1484116e+04
9.7272900e-01 +3.5000000e-01 +1.3085000e+01 -1.6500556e-02 +2.8548444e-01 +6.2358025e+00 +6.5558025e-01 +1.7108025e+00 +6.4799259e-01 +1.2652099e-01 +1.3977160e-03 +8.3864316e+04
9.7367900e-01 +3.5000000e-01 +1.2955000e+01 -1.5424000e-02 +2.8430556e-01 +6.3522469e+00 +6.2973951e-01 +1.6956667e+00 +6.4154568e-01 +1.2658148e-01 +1.7830617e-03 +8.6287900e+04
9.7461200e-01 +3.5000000e-01 +1.2819111e+01 -1.4340889e-02 +2.8277444e-01 +6.4681605e+00 +6.0348765e-01 +1.6792099e+00 +6.3450864e-01 +1.2666049e-01 +2.1086049e-03 +8.8748351e+04
9.7553000e-01 +3.5000000e-01 +1.2676889e+01 -1.3259222e-02 +2.8089444e-01 +6.5829259e+00 +5.7687531e-01 +1.6613704e+00 +6.2685679e-01 +1.2678889e-01 +2.3791481e-03 +9.1236757e+04
9.7643200e-01 +3.5000000e-01 +1.2528000e+01 -1.2186889e-02 +2.7866444e-01 +6.6957531e+00 +5.4996420e-01 +1.6420617e+00 +6.1855926e-01 +1.2697778e-01 +2.5971975e-03 +9.3743270e+04
9.7731900e-01 +3.5000000e-01 +1.2371778e+01 -1.1131889e-02 +2.7608667e-01 +6.8057284e+00 +5.2281481e-01 +1.6211852e+00 +6.0957654e-01 +1.2720370e-01 +2.7651975e-03 +9.6257614e+04
9.7819000e-01 +3.5000000e-01 +1.2207778e+01 -1.0101500e-02 +2.7316111e-01 +6.9117407e+00 +4.9550247e-01 +1.5986543e+00 +5.9986296e-01 +1.2741852e-01 +2.8875062e-03 +9.8769697e+04
9.7904600e-01 +3.5000000e-01 +1.2035556e+01 -9.1025333e-03 +2.6989111e-01 +7.0124938e+00 +4.6810494e-01 +1.5743827e+00 +5.8936173e-01 +1.2755309e-01 +2.9708395e-03 +1.0126869e+05
9.7988700e-01 +3.5000000e-01 +1.1854444e+01 -8.1410778e-03 +2.6627889e-01 +7.1065062e+00 +4.4070741e-01 +1.5482593e+00 +5.7801235e-01 +1.2752963e-01 +3.0230741e-03 +1.0374233e+05
9.8071400e-01 +3.5000000e-01 +1.1663889e+01 -7.2223778e-03 +2.6232444e-01 +7.1920988e+00 +4.1340247e-01 +1.5201852e+00 +5.6574815e-01 +1.2727531e-01 +3.0515556e-03 +1.0617456e+05
9.8152600e-01 +3.5000000e-01 +1.1463222e+01 -6.3508111e-03 +2.5803333e-01 +7.2673580e+00 +3.8628519e-01 +1.4900988e+00 +5.5249630e-01 +1.2672963e-01 +3.0615556e-03 +1.0854432e+05
9.8232400e-01 +3.5000000e-01 +1.1251889e+01 -5.5298889e-03 +2.5340444e-01 +7.3301852e+00 +3.5945556e-01 +1.4579012e+00 +5.3818148e-01 +1.2585185e-01 +3.0559630e-03 +1.1082661e+05
9.8310800e-01 +3.5000000e-01 +1.1029111e+01 -4.7622556e-03 +2.4844000e-01 +7.3782222e+00 +3.3301358e-01 +1.4235802e+00 +5.2272469e-01 +1.2462346e-01 +3.0358889e-03 +1.1299343e+05
9.8387800e-01 +3.5000000e-01 +1.0794322e+01 -4.0497444e-03 +2.4314222e-01 +7.4088642e+00 +3.0706173e-01 +1.3870988e+00 +5.0604444e-01 +1.2303864e-01 +3.0018025e-03 +1.1501537e+05
9.8463500e-01 +3.5000000e-01 +1.0546800e+01 -3.3935111e-03 +2.3750889e-01 +7.4192593e+00 +2.8170000e-01 +1.3484691e+00 +4.8806173e-01 +1.2110407e-01 +2.9543457e-03 +1.1686227e+05
9.8537900e-01 +3.5000000e-01 +1.0285833e+01 -2.7941000e-03 +2.3154111e-01 +7.4063210e+00 +2.5702593e-01 +1.3077531e+00 +4.6870123e-01 +1.1882605e-01 +2.8946049e-03 +1.1850380e+05
9.8611000e-01 +3.5000000e-01 +1.0010767e+01 -2.2515333e-03 +2.2523889e-01 +7.3667654e+00 +2.3313704e-01 +1.2650000e+00 +4.4790617e-01 +1.1620494e-01 +2.8239136e-03 +1.1991100e+05
9.8682800e-01 +3.5000000e-01 +9.7209333e+00 -1.7653778e-03 +2.1860222e-01 +7.2971481e+00 +2.1012099e-01 +1.2202827e+00 +4.2563827e-01 +1.1323086e-01 +2.7433333e-03 +1.2105892e+05
9.8753300e-01 +3.5000000e-01 +9.4157444e+00 -1.3347778e-03 +2.1163222e-01 +7.1939506e+00 +1.8806790e-01 +1.1736654e+00 +4.0189136e-01 +1.0988383e-01 +2.6532716e-03 +1.2193112e+05
9.8822500e-01 +3.5000000e-01 +9.0946889e+00 -9.5838111e-04 +2.0432889e-01 +7.0537037e+00 +1.6705432e-01 +1.1252296e+00 +3.7669877e-01 +1.0613642e-01 +2.5531358e-03 +1.2252468e+05
9.8890600e-01 +3.5000000e-01 +8.7573444e+00 -6.3442556e-04 +1.9669333e-01 +6.8731111e+00 +1.4715556e-01 +1.0750556e+00 +3.5014074e-01 +1.0195938e-01 +2.4413333e-03 +1.2285625e+05
9.8957400e-01 +3.5000000e-01 +8.4034333e+00 -3.6069333e-04 +1.8872556e-01 +6.6492963e+00 +1.2843457e-01 +1.0232198e+00 +3.2235556e-01 +9.7326049e-02 +2.3155309e-03 +1.2296943e+05
9.9023100e-01 +3.5000000e-01 +8.0328556e+00 -1.3456778e-04 +1.8042889e-01 +6.3800617e+00 +1.1094815e-01 +9.6979630e-01 +2.9354691e-01 +9.2217407e-02 +2.1731481e-03 +1.2294038e+05
9.9087600e-01 +3.5000000e-01 +7.6457000e+00 +4.6936000e-05 +1.7180333e-01 +6.0642346e+00 +9.4742716e-02 +9.1485062e-01 +2.6399012e-01 +8.6625185e-02 +2.0121975e-03 +1.2288258e+05
9.9150900e-01 +3.5000000e-01 +7.2422889e+00 +1.8712222e-04 +1.6285333e-01 +5.7020000e+00 +7.9854444e-02 +8.5843086e-01 +2.3403086e-01 +8.0555926e-02 +1.8318642e-03 +1.2294507e+05
9.9213200e-01 +3.5000000e-01 +6.8232667e+00 +2.8956556e-04 +1.5358778e-01 +5.2952963e+00 +6.6309877e-02 +8.0057037e-01 +2.0409012e-01 +7.4034198e-02 +1.6330988e-03 +1.2330523e+05
9.9274300e-01 +3.5000000e-01 +6.3895111e+00 +3.5806444e-04 +1.4401778e-01 +4.8481605e+00 +5.4124444e-02 +7.4128395e-01 +1.7464568e-01 +6.7107531e-02 +1.4189753e-03 +1.2415315e+05
9.9334300e-01 +3.5000000e-01 +5.9422667e+00 +3.9658444e-04 +1.3415889e-01 +4.3669630e+00 +4.3302963e-02 +6.8057778e-01 +1.4621852e-01 +5.9850741e-02 +1.1949247e-03 +1.2566647e+05
9.9393300e-01 +3.5000000e-01 +5.4830556e+00 +4.0920667e-04 +1.2403333e-01 +3.8604568e+00 +3.3837778e-02 +6.1846914e-01 +1.1935284e-01 +5.2370247e-02 +9.6870123e-04 +1.2797664e+05
9.9451200e-01 +3.5000000e-01 +5.0137111e+00 +4.0007556e-04 +1.1366889e-01 +3.3396914e+00 +2.5708148e-02 +5.5501111e-01 +9.4574444e-02 +4.4805556e-02 +7.4975309e-04 +1.3113963e+05
9.9508100e-01 +3.5000000e-01 +4.5362778e+00 +3.7336000e-04 +1.0309867e-01 +2.8175432e+00 +1.8878025e-02 +4.9033333e-01 +7.2359753e-02 +3.7326049e-02 +5.4813333e-04 +1.3510661e+05
9.9563900e-01 +3.5000000e-01 +4.0530000e+00 +3.3321778e-04 +9.2360889e-02 +2.3080864e+00 +1.3293951e-02 +4.2469259e-01 +5.3090494e-02 +3.0123580e-02 +3.7301481e-04 +1.3971574e+05
9.9618800e-01 +3.5000000e-01 +3.5662111e+00 +2.8377222e-04 +8.1497667e-02 +1.8255556e+00 +8.8823210e-03 +3.5854938e-01 +3.7015926e-02 +2.3398395e-02 +2.3115802e-04 +1.4471355e+05
9.9672600e-01 +3.5000000e-01 +3.0782333e+00 +2.2908444e-04 +7.0553111e-02 +1.3833210e+00 +5.5470247e-03 +2.9264691e-01 +2.4220123e-02 +1.7340370e-02 +1.2572099e-04 +1.4980379e+05
9.9725500e-01 +3.5000000e-01 +2.5912556e+00 +1.7311333e-04 +5.9570556e-02 +9.9280000e-01 +3.1675062e-03 +2.2810494e-01 +1.4604691e-02 +1.2108938e-02 +5.5711605e-05 +1.5474252e+05
9.9777500e-01 +3.5000000e-01 +2.1072333e+00 +1.1967778e-04 +4.8590778e-02 +6.6258889e-01 +1.5987901e-03 +1.6651111e-01 +7.8899630e-03 +7.8143457e-03 +1.6211728e-05 +1.5944615e+05
9.9828500e-01 +3.5000000e-01 +1.6278222e+00 +7.2411222e-05 +3.7649778e-02 +3.9799877e-01 +6.7460617e-04 +1.1001704e-01 +3.6392963e-03 +4.5054568e-03 -6.1086420e-07 +1.6410348e+05
9.9878600e-01 +3.5000000e-01 +1.1543000e+00 +3.4738111e-05 +2.6777333e-02 +2.0117778e-01 +2.1530494e-04 +6.1424568e-02 +1.3053457e-03 +2.1672716e-03 -3.8595062e-06 +1.6925205e+05
9.9927800e-01 +3.5000000e-01 +6.8753000e-01 +9.8364111e-06 +1.5996111e-02 +7.1762963e-02 +4.2579012e-05 +2.4282716e-02 +2.9204444e-04 +7.2814321e-04 -1.8898395e-06 +1.7576979e+05
9.9976100e-01 +3.5000000e-01 +2.2803222e-01 +0.0000000e+00 +5.3220778e-03 +7.9598765e-03 +3.1173210e-06 +3.0230617e-03 +1.9114568e-05 +7.4553827e-05 -2.1791235e-07 +1.8406275e+05
1.0000000e+00 +3.5000000e-01 +0.0000000e+00 +0.0000000e+00 +0.0000000e+00 +0.0000000e+00 +0.0000000e+00 +0.0000000e+00 +0.0000000e+00 +0.0000000e+00 +0.0000000e+00 +1.8406173e+05
