#    y              z              <u>            <v>            <w>            <u'u'>         <v'v'>         <w'w'>         <u'v'>         <u'w'>         <v'w'>         <eps>         
#----------------------------------------------------------------------------------------------------------------------------------------------------------------------------------
0.0000000e+00 +1.0000000e-01 +0.0000000e+00 +0.0000000e+00 +0.0000000e+00 +0.0000000e+00 +0.0000000e+00 +0.0000000e+00 +0.0000000e+00 +0.0000000e+00 +0.0000000e+00 +1.2539136e+05
2.3900000e-04 +1.0000000e-01 +2.0048444e-01 +7.1517222e-05 +1.2290556e-02 +5.2709136e-03 +1.7971481e-06 +2.1815309e-03 -9.8538025e-06 +1.5886420e-05 -1.3898765e-06 +1.2539215e+05
7.2200000e-04 +1.0000000e-01 +6.0439889e-01 +2.6640111e-04 +3.6058556e-02 +4.7469383e-02 +2.4819383e-05 +1.7691605e-02 -1.5200864e-04 +1.6749383e-04 -1.8332222e-05 +1.1935300e+05
1.2140000e-03 +1.0000000e-01 +1.0147089e+00 +5.8522556e-04 +5.9028444e-02 +1.3302469e-01 +1.2670370e-04 +4.5133951e-02 -6.8580123e-04 +5.2558765e-04 -7.1429259e-05 +1.1472135e+05
1.7150000e-03 +1.0000000e-01 +1.4311667e+00 +1.0229533e-03 +8.1144556e-02 +2.6335432e-01 +4.0077531e-04 +8.1514691e-02 -1.9320000e-03 +1.1418691e-03 -1.7418272e-04 +1.1135079e+05
2.2250000e-03 +1.0000000e-01 +1.8532889e+00 +1.5734667e-03 +1.0236322e-01 +4.3938519e-01 +9.5885679e-04 +1.2438025e-01 -4.2388148e-03 +2.0599136e-03 -3.3196790e-04 +1.0869356e+05
2.7450000e-03 +1.0000000e-01 +2.2803778e+00 +2.2298000e-03 +1.2264556e-01 +6.6094691e-01 +1.9175309e-03 +1.7172840e-01 -7.9531481e-03 +3.3103704e-03 -5.4378148e-04 +1.0635432e+05
3.2740000e-03 +1.0000000e-01 +2.7114667e+00 +2.9841556e-03 +1.4195333e-01 +9.2626420e-01 +3.3889136e-03 +2.2195309e-01 -1.3388642e-02 +4.9050988e-03 -8.0422346e-04 +1.0410163e+05
3.8120000e-03 +1.0000000e-01 +3.1453444e+00 +3.8279444e-03 +1.6025667e-01 +1.2316802e+00 +5.4748395e-03 +2.7379506e-01 -2.0796049e-02 +6.8318519e-03 -1.1054136e-03 +1.0185355e+05
4.3610000e-03 +1.0000000e-01 +3.5806222e+00 +4.7518889e-03 +1.7752222e-01 +1.5716543e+00 +8.2639136e-03 +3.2629753e-01 -3.0340741e-02 +9.0509259e-03 -1.4386049e-03 +9.9644801e+04
4.9190000e-03 +1.0000000e-01 +4.0157333e+00 +5.7460000e-03 +1.9372222e-01 +1.9390370e+00 +1.1830247e-02 +3.7875556e-01 -4.2090617e-02 +1.1495420e-02 -1.7953951e-03 +9.7579720e+04
5.4880000e-03 +1.0000000e-01 +4.4490556e+00 +6.7996778e-03 +2.0883111e-01 +2.3255309e+00 +1.6233704e-02 +4.3067654e-01 -5.6014815e-02 +1.4075185e-02 -2.1684198e-03 +9.5781141e+04
6.0670000e-03 +1.0000000e-01 +4.8788889e+00 +7.9016889e-03 +2.2282222e-01 +2.7222593e+00 +2.1520617e-02 +4.8172346e-01 -7.1991111e-02 +1.6683951e-02 -2.5517284e-03 +9.4349024e+04
6.6570000e-03 +1.0000000e-01 +5.3036222e+00 +9.0402333e-03 +2.3567444e-01 +3.1204074e+00 +2.7725309e-02 +5.3167654e-01 -8.9821728e-02 +1.9207160e-02 -2.9406667e-03 +9.3337928e+04
7.2570000e-03 +1.0000000e-01 +5.7216889e+00 +1.0202967e-02 +2.4736444e-01 +3.5116173e+00 +3.4870988e-02 +5.8039630e-01 -1.0925136e-01 +2.1530988e-02 -3.3316173e-03 +9.2750573e+04
7.8680000e-03 +1.0000000e-01 +6.1316667e+00 +1.1377000e-02 +2.5787556e-01 +3.8884568e+00 +4.2971605e-02 +6.2779136e-01 -1.2998765e-01 +2.3549630e-02 -3.7216543e-03 +9.2544981e+04
8.4910000e-03 +1.0000000e-01 +6.5323000e+00 +1.2548889e-02 +2.6719000e-01 +4.2446543e+00 +5.2031852e-02 +6.7379506e-01 -1.5172099e-01 +2.5170741e-02 -4.1081481e-03 +9.2648350e+04
9.1240000e-03 +1.0000000e-01 +6.9224889e+00 +1.3704556e-02 +2.7529778e-01 +4.5751481e+00 +6.2049259e-02 +7.1835062e-01 -1.7413951e-01 +2.6320000e-02 -4.4884815e-03 +9.2969633e+04
9.7690000e-03 +1.0000000e-01 +7.3013333e+00 +1.4829667e-02 +2.8219222e-01 +4.8762222e+00 +7.3014074e-02 +7.6139753e-01 -1.9694321e-01 +2.6943333e-02 -4.8599630e-03 +9.3414051e+04
1.0426000e-02 +1.0000000e-01 +7.6681111e+00 +1.5909000e-02 +2.8786889e-01 +5.1453333e+00 +8.4909877e-02 +8.0286667e-01 -2.1985556e-01 +2.7008025e-02 -5.2199012e-03 +9.3892141e+04
1.1094000e-02 +1.0000000e-01 +8.0223111e+00 +1.6927222e-02 +2.9233556e-01 +5.3810370e+00 +9.7714815e-02 +8.4267901e-01 -2.4262593e-01 +2.6501111e-02 -5.5660494e-03 +9.4326901e+04
1.1775000e-02 +1.0000000e-01 +8.3635556e+00 +1.7868111e-02 +2.9559889e-01 +5.5828642e+00 +1.1140160e-01 +8.8074444e-01 -2.6504074e-01 +2.5427778e-02 -5.8971235e-03 +9.4657814e+04
1.2467000e-02 +1.0000000e-01 +8.6916222e+00 +1.8715556e-02 +2.9767778e-01 +5.7511235e+00 +1.2593827e-01 +9.1696914e-01 -2.8691358e-01 +2.3807407e-02 -6.2135802e-03 +9.4840702e+04
1.3172000e-02 +1.0000000e-01 +9.0064556e+00 +1.9453111e-02 +2.9859333e-01 +5.8867654e+00 +1.4128889e-01 +9.5126173e-01 -3.0809383e-01 +2.1670494e-02 -6.5183580e-03 +9.4847606e+04
1.3890000e-02 +1.0000000e-01 +9.3080778e+00 +2.0064444e-02 +2.9837556e-01 +5.9912346e+00 +1.5741358e-01 +9.8354198e-01 -3.2845802e-01 +1.9055309e-02 -6.8173704e-03 +9.4662246e+04
1.4621000e-02 +1.0000000e-01 +9.5966556e+00 +2.0533222e-02 +2.9705778e-01 +6.0663704e+00 +1.7427037e-01 +1.0137457e+00 -3.4790864e-01 +1.6005679e-02 -7.1197407e-03 +9.4277493e+04
1.5365000e-02 +1.0000000e-01 +9.8724000e+00 +2.0844000e-02 +2.9467667e-01 +6.1142963e+00 +1.9181358e-01 +1.0418321e+00 -3.6637160e-01 +1.2569877e-02 -7.4377778e-03 +9.3692264e+04
1.6122000e-02 +1.0000000e-01 +1.0135633e+01 +2.0981444e-02 +2.9127556e-01 +6.1372840e+00 +2.0999753e-01 +1.0677852e+00 -3.8379136e-01 +8.7991358e-03 -7.7863333e-03 +9.2910275e+04
1.6892000e-02 +1.0000000e-01 +1.0386689e+01 +2.0931667e-02 +2.8689778e-01 +6.1377284e+00 +2.2877037e-01 +1.0916111e+00 -4.0013210e-01 +4.7475309e-03 -8.1820247e-03 +9.1939146e+04
1.7676000e-02 +1.0000000e-01 +1.0625989e+01 +2.0681333e-02 +2.8159000e-01 +6.1180494e+00 +2.4808148e-01 +1.1133383e+00 -4.1537160e-01 +4.7097654e-04 -8.6420000e-03 +9.0790196e+04
1.8474000e-02 +1.0000000e-01 +1.0853956e+01 +2.0218444e-02 +2.7540111e-01 +6.0806296e+00 +2.6788025e-01 +1.1330123e+00 -4.2950123e-01 -3.9721358e-03 -9.1824691e-03 +8.9477841e+04
1.9286000e-02 +1.0000000e-01 +1.1071044e+01 +1.9532667e-02 +2.6838000e-01 +6.0277778e+00 +2.8811111e-01 +1.1506926e+00 -4.4252469e-01 -8.5202346e-03 -9.8171481e-03 +8.8018149e+04
2.0113000e-02 +1.0000000e-01 +1.1277778e+01 +1.8614444e-02 +2.6057667e-01 +5.9616790e+00 +3.0871852e-01 +1.1664568e+00 -4.5445309e-01 -1.3108765e-02 -1.0555679e-02 +8.6428057e+04
2.0954000e-02 +1.0000000e-01 +1.1474556e+01 +1.7456444e-02 +2.5204444e-01 +5.8843951e+00 +3.2964568e-01 +1.1804000e+00 -4.6530617e-01 -1.7673333e-02 -1.1402395e-02 +8.4723849e+04
2.1810000e-02 +1.0000000e-01 +1.1661889e+01 +1.6052556e-02 +2.4283556e-01 +5.7978395e+00 +3.5083333e-01 +1.1926321e+00 -4.7510988e-01 -2.2155556e-02 -1.2355802e-02 +8.2921821e+04
2.2681000e-02 +1.0000000e-01 +1.1840222e+01 +1.4398111e-02 +2.3300667e-01 +5.7037407e+00 +3.7222222e-01 +1.2032790e+00 -4.8389877e-01 -2.6510370e-02 -1.3408889e-02 +8.1038473e+04
2.3568000e-02 +1.0000000e-01 +1.2010222e+01 +1.2490222e-02 +2.2261556e-01 +5.6036914e+00 +3.9375185e-01 +1.2124802e+00 -4.9171235e-01 -3.0708889e-02 -1.4550864e-02 +7.9090497e+04
2.4470000e-02 +1.0000000e-01 +1.2172111e+01 +1.0327278e-02 +2.1172222e-01 +5.4990988e+00 +4.1536049e-01 +1.2203901e+00 -4.9859012e-01 -3.4736914e-02 -1.5769012e-02 +7.7093767e+04
2.5388000e-02 +1.0000000e-01 +1.2326556e+01 +7.9090889e-03 +2.0038889e-01 +5.3912469e+00 +4.3698642e-01 +1.2271691e+00 -5.0457531e-01 -3.8589259e-02 -1.7051728e-02 +7.5061104e+04
2.6321000e-02 +1.0000000e-01 +1.2473889e+01 +5.2365556e-03 +1.8867889e-01 +5.2812593e+00 +4.5857037e-01 +1.2329815e+00 -5.0970123e-01 -4.2266790e-02 -1.8390123e-02 +7.3002411e+04
2.7271000e-02 +1.0000000e-01 +1.2614444e+01 +2.3117778e-03 +1.7665444e-01 +5.1701111e+00 +4.8005309e-01 +1.2379877e+00 -5.1400000e-01 -4.5776543e-02 -1.9780000e-02 +7.0926539e+04
2.8238000e-02 +1.0000000e-01 +1.2748889e+01 -8.6183778e-04 +1.6437778e-01 +5.0586049e+00 +5.0137901e-01 +1.2423086e+00 -5.1750000e-01 -4.9134321e-02 -2.1221111e-02 +6.8843246e+04
2.9221000e-02 +1.0000000e-01 +1.2877556e+01 -4.2794556e-03 +1.5190778e-01 +4.9474074e+00 +5.2249259e-01 +1.2460494e+00 -5.2022593e-01 -5.2365185e-02 -2.2716543e-02 +6.6763495e+04
3.0222000e-02 +1.0000000e-01 +1.3000667e+01 -7.9346000e-03 +1.3930333e-01 +4.8370741e+00 +5.4334198e-01 +1.2492716e+00 -5.2220864e-01 -5.5497654e-02 -2.4270988e-02 +6.4700128e+04
3.1239000e-02 +1.0000000e-01 +1.3118889e+01 -1.1819000e-02 +1.2662111e-01 +4.7279753e+00 +5.6387407e-01 +1.2519630e+00 -5.2348025e-01 -5.8554938e-02 -2.5890247e-02 +6.2665405e+04
3.2275000e-02 +1.0000000e-01 +1.3232333e+01 -1.5922778e-02 +1.1391444e-01 +4.6204691e+00 +5.8403704e-01 +1.2541235e+00 -5.2407160e-01 -6.1544198e-02 -2.7579506e-02 +6.0670308e+04
3.3328000e-02 +1.0000000e-01 +1.3341333e+01 -2.0234222e-02 +1.0123667e-01 +4.5148025e+00 +6.0377778e-01 +1.2557160e+00 -5.2401481e-01 -6.4452099e-02 -2.9343457e-02 +5.8723617e+04
3.4399000e-02 +1.0000000e-01 +1.3446333e+01 -2.4740444e-02 +8.8635444e-02 +4.4111975e+00 +6.2304444e-01 +1.2567160e+00 -5.2333951e-01 -6.7250370e-02 -3.1185309e-02 +5.6830835e+04
3.5489000e-02 +1.0000000e-01 +1.3547556e+01 -2.9426778e-02 +7.6154667e-02 +4.3098642e+00 +6.4179259e-01 +1.2570988e+00 -5.2207901e-01 -6.9908025e-02 -3.3106296e-02 +5.4992777e+04
3.6597000e-02 +1.0000000e-01 +1.3645222e+01 -3.4277444e-02 +6.3831444e-02 +4.2109877e+00 +6.5997778e-01 +1.2568765e+00 -5.2026543e-01 -7.2403333e-02 -3.5103580e-02 +5.3206027e+04
3.7724000e-02 +1.0000000e-01 +1.3739667e+01 -3.9275667e-02 +5.1694556e-02 +4.1147160e+00 +6.7756914e-01 +1.2560370e+00 -5.1793086e-01 -7.4727901e-02 -3.7170370e-02 +5.1466971e+04
3.8870000e-02 +1.0000000e-01 +1.3831000e+01 -4.4403444e-02 +3.9763556e-02 +4.0211481e+00 +6.9454568e-01 +1.2546296e+00 -5.1510741e-01 -7.6883704e-02 -3.9296049e-02 +4.9775556e+04
4.0036000e-02 +1.0000000e-01 +1.3919444e+01 -4.9641556e-02 +2.8049111e-02 +3.9303086e+00 +7.1089259e-01 +1.2526420e+00 -5.1182963e-01 -7.8876173e-02 -4.1468272e-02 +4.8135447e+04
4.1221000e-02 +1.0000000e-01 +1.4005222e+01 -5.4968889e-02 +1.6555444e-02 +3.8421852e+00 +7.2660617e-01 +1.2501111e+00 -5.0814815e-01 -8.0711481e-02 -4.3672222e-02 +4.6551378e+04
4.2426000e-02 +1.0000000e-01 +1.4088556e+01 -6.0362778e-02 +5.2846667e-03 +3.7567284e+00 +7.4168765e-01 +1.2470988e+00 -5.0412469e-01 -8.2404444e-02 -4.5888889e-02 +4.5025174e+04
4.3652000e-02 +1.0000000e-01 +1.4169444e+01 -6.5798111e-02 -5.7587667e-03 +3.6738765e+00 +7.5613704e-01 +1.2436543e+00 -4.9982469e-01 -8.3991852e-02 -4.8096420e-02 +4.3555069e+04
4.4899000e-02 +1.0000000e-01 +1.4248000e+01 -7.1249333e-02 -1.6564000e-02 +3.5935926e+00 +7.6995802e-01 +1.2398642e+00 -4.9530864e-01 -8.5538765e-02 -5.0273457e-02 +4.2137594e+04
4.6166000e-02 +1.0000000e-01 +1.4324667e+01 -7.6690444e-02 -2.7112222e-02 +3.5158395e+00 +7.8315679e-01 +1.2357407e+00 -4.9062099e-01 -8.7129383e-02 -5.2403951e-02 +4.0773115e+04
4.7454000e-02 +1.0000000e-01 +1.4399222e+01 -8.2097333e-02 -3.7377333e-02 +3.4404938e+00 +7.9574444e-01 +1.2313012e+00 -4.8579383e-01 -8.8851975e-02 -5.4478642e-02 +3.9468307e+04
4.8764000e-02 +1.0000000e-01 +1.4472000e+01 -8.7449222e-02 -4.7328667e-02 +3.3674321e+00 +8.0773704e-01 +1.2265086e+00 -4.8083951e-01 -9.0780494e-02 -5.6493457e-02 +3.8230590e+04
5.0095000e-02 +1.0000000e-01 +1.4543111e+01 -9.2730778e-02 -5.6936556e-02 +3.2966420e+00 +8.1915926e-01 +1.2213457e+00 -4.7576914e-01 -9.2957654e-02 -5.8445185e-02 +3.7060551e+04
5.1449000e-02 +1.0000000e-01 +1.4612778e+01 -9.7932222e-02 -6.6178444e-02 +3.2282099e+00 +8.3003951e-01 +1.2158049e+00 -4.7059012e-01 -9.5390123e-02 -6.0328642e-02 +3.5950634e+04
5.2825000e-02 +1.0000000e-01 +1.4680889e+01 -1.0304878e-01 -7.5043333e-02 +3.1622840e+00 +8.4041481e-01 +1.2098938e+00 -4.6531235e-01 -9.8058395e-02 -6.2137778e-02 +3.4891153e+04
5.4223000e-02 +1.0000000e-01 +1.4747667e+01 -1.0807822e-01 -8.3533333e-02 +3.0990494e+00 +8.5032716e-01 +1.2036370e+00 -4.5994938e-01 -1.0093358e-01 -6.3868395e-02 +3.3875050e+04
5.5645000e-02 +1.0000000e-01 +1.4813222e+01 -1.1301778e-01 -9.1660444e-02 +3.0386049e+00 +8.5981975e-01 +1.1970827e+00 -4.5451728e-01 -1.0398556e-01 -6.5522099e-02 +3.2900100e+04
5.7090000e-02 +1.0000000e-01 +1.4877556e+01 -1.1786444e-01 -9.9443444e-02 +2.9809506e+00 +8.6893333e-01 +1.1902926e+00 -4.4902840e-01 -1.0718173e-01 -6.7108395e-02 +3.1966985e+04
5.8558000e-02 +1.0000000e-01 +1.4940556e+01 -1.2261222e-01 -1.0690522e-01 +2.9260988e+00 +8.7770247e-01 +1.1833519e+00 -4.4349259e-01 -1.1048951e-01 -6.8641975e-02 +3.1074813e+04
6.0050000e-02 +1.0000000e-01 +1.5002556e+01 -1.2725000e-01 -1.1406778e-01 +2.8740617e+00 +8.8615309e-01 +1.1763519e+00 -4.3791481e-01 -1.1389012e-01 -7.0138148e-02 +3.0219832e+04
6.1566000e-02 +1.0000000e-01 +1.5063222e+01 -1.3176889e-01 -1.2094444e-01 +2.8248272e+00 +8.9431605e-01 +1.1693741e+00 -4.3230247e-01 -1.1739222e-01 -7.1608519e-02 +2.9396987e+04
6.3107000e-02 +1.0000000e-01 +1.5122889e+01 -1.3615333e-01 -1.2753444e-01 +2.7783580e+00 +9.0221975e-01 +1.1624827e+00 -4.2665185e-01 -1.2103309e-01 -7.3057531e-02 +2.8604575e+04
6.4672000e-02 +1.0000000e-01 +1.5181333e+01 -1.4039444e-01 -1.3382333e-01 +2.7345802e+00 +9.0989136e-01 +1.1557049e+00 -4.2095926e-01 -1.2485802e-01 -7.4481235e-02 +2.7844851e+04
6.6263000e-02 +1.0000000e-01 +1.5238667e+01 -1.4447667e-01 -1.3979222e-01 +2.6933951e+00 +9.1735556e-01 +1.1490481e+00 -4.1521852e-01 -1.2888148e-01 -7.5869383e-02 +2.7120954e+04
6.7879000e-02 +1.0000000e-01 +1.5295000e+01 -1.4838889e-01 -1.4542000e-01 +2.6546667e+00 +9.2463580e-01 +1.1425284e+00 -4.0942099e-01 -1.3307654e-01 -7.7214198e-02 +2.6433245e+04
6.9520000e-02 +1.0000000e-01 +1.5350222e+01 -1.5211556e-01 -1.5068889e-01 +2.6182469e+00 +9.3173951e-01 +1.1361877e+00 -4.0355926e-01 -1.3740247e-01 -7.8515062e-02 +2.5778786e+04
7.1188000e-02 +1.0000000e-01 +1.5404333e+01 -1.5564333e-01 -1.5558222e-01 +2.5840617e+00 +9.3866790e-01 +1.1300617e+00 -3.9761852e-01 -1.4183457e-01 -7.9775185e-02 +2.5153259e+04
7.2882000e-02 +1.0000000e-01 +1.5457444e+01 -1.5896333e-01 -1.6008222e-01 +2.5520617e+00 +9.4540864e-01 +1.1241333e+00 -3.9157654e-01 -1.4636049e-01 -8.0993210e-02 +2.4554563e+04
7.4602000e-02 +1.0000000e-01 +1.5509444e+01 -1.6206556e-01 -1.6417222e-01 +2.5221605e+00 +9.5194568e-01 +1.1183123e+00 -3.8541728e-01 -1.5095185e-01 -8.2161852e-02 +2.3985252e+04
7.6350000e-02 +1.0000000e-01 +1.5560222e+01 -1.6494333e-01 -1.6783667e-01 +2.4942346e+00 +9.5826049e-01 +1.1124802e+00 -3.7913580e-01 -1.5557407e-01 -8.3272099e-02 +2.3448059e+04
7.8124000e-02 +1.0000000e-01 +1.5609778e+01 -1.6758778e-01 -1.7105889e-01 +2.4681975e+00 +9.6433827e-01 +1.1065457e+00 -3.7276173e-01 -1.6018519e-01 -8.4314691e-02 +2.2940625e+04
7.9926000e-02 +1.0000000e-01 +1.5658222e+01 -1.6998667e-01 -1.7383333e-01 +2.4440370e+00 +9.7017037e-01 +1.1004494e+00 -3.6634198e-01 -1.6474568e-01 -8.5279506e-02 +2.2458544e+04
8.1756000e-02 +1.0000000e-01 +1.5705444e+01 -1.7212444e-01 -1.7616444e-01 +2.4217654e+00 +9.7575556e-01 +1.0941556e+00 -3.5992469e-01 -1.6923704e-01 -8.6155309e-02 +2.2000839e+04
8.3615000e-02 +1.0000000e-01 +1.5751333e+01 -1.7398111e-01 -1.7806444e-01 +2.4013210e+00 +9.8110741e-01 +1.0876667e+00 -3.5353457e-01 -1.7368025e-01 -8.6931852e-02 +2.1569472e+04
8.5501000e-02 +1.0000000e-01 +1.5796111e+01 -1.7554333e-01 -1.7954778e-01 +2.3826049e+00 +9.8624815e-01 +1.0810383e+00 -3.4718025e-01 -1.7812963e-01 -8.7603210e-02 +2.1166720e+04
8.7416000e-02 +1.0000000e-01 +1.5839778e+01 -1.7679444e-01 -1.8062556e-01 +2.3654321e+00 +9.9120617e-01 +1.0743617e+00 -3.4085432e-01 -1.8263333e-01 -8.8169012e-02 +2.0795899e+04
8.9361000e-02 +1.0000000e-01 +1.5882222e+01 -1.7773000e-01 -1.8129667e-01 +2.3497284e+00 +9.9601235e-01 +1.0677630e+00 -3.3454568e-01 -1.8721358e-01 -8.8623457e-02 +2.0459532e+04
9.1335000e-02 +1.0000000e-01 +1.5923444e+01 -1.7834667e-01 -1.8155556e-01 +2.3355185e+00 +1.0006926e+00 +1.0614025e+00 -3.2824198e-01 -1.9187037e-01 -8.8945309e-02 +2.0154991e+04
9.3338000e-02 +1.0000000e-01 +1.5963556e+01 -1.7864667e-01 -1.8139444e-01 +2.3229877e+00 +1.0052667e+00 +1.0554210e+00 -3.2193580e-01 -1.9659877e-01 -8.9101481e-02 +1.9877708e+04
9.5371000e-02 +1.0000000e-01 +1.6002556e+01 -1.7863111e-01 -1.8081667e-01 +2.3123086e+00 +1.0097519e+00 +1.0498889e+00 -3.1563827e-01 -2.0139506e-01 -8.9055679e-02 +1.9622581e+04
9.7435000e-02 +1.0000000e-01 +1.6040444e+01 -1.7830000e-01 -1.7984222e-01 +2.3036543e+00 +1.0141593e+00 +1.0448086e+00 -3.0938148e-01 -2.0625802e-01 -8.8773951e-02 +1.9383897e+04
9.9529000e-02 +1.0000000e-01 +1.6077111e+01 -1.7765556e-01 -1.7851333e-01 +2.2970000e+00 +1.0184951e+00 +1.0401358e+00 -3.0319877e-01 -2.1121481e-01 -8.8234815e-02 +1.9160539e+04
1.0165400e-01 +1.0000000e-01 +1.6112778e+01 -1.7670556e-01 -1.7689667e-01 +2.2921975e+00 +1.0227630e+00 +1.0357975e+00 -2.9711605e-01 -2.1632963e-01 -8.7442222e-02 +1.8956528e+04
1.0381000e-01 +1.0000000e-01 +1.6147333e+01 -1.7545111e-01 -1.7506667e-01 +2.2890370e+00 +1.0269778e+00 +1.0317074e+00 -2.9112222e-01 -2.2165062e-01 -8.6428272e-02 +1.8775755e+04
1.0599800e-01 +1.0000000e-01 +1.6180889e+01 -1.7389444e-01 -1.7309222e-01 +2.2873827e+00 +1.0311679e+00 +1.0277840e+00 -2.8518025e-01 -2.2716296e-01 -8.5241728e-02 +1.8618101e+04
1.0821700e-01 +1.0000000e-01 +1.6213667e+01 -1.7203222e-01 -1.7100333e-01 +2.2871852e+00 +1.0353704e+00 +1.0239667e+00 -2.7925802e-01 -2.3282963e-01 -8.3926543e-02 +1.8479572e+04
1.1046800e-01 +1.0000000e-01 +1.6245444e+01 -1.6987333e-01 -1.6879333e-01 +2.2883580e+00 +1.0396222e+00 +1.0202037e+00 -2.7334074e-01 -2.3862469e-01 -8.2512840e-02 +1.8355913e+04
1.1275100e-01 +1.0000000e-01 +1.6276556e+01 -1.6743222e-01 -1.6644222e-01 +2.2908395e+00 +1.0439469e+00 +1.0164185e+00 -2.6743333e-01 -2.4450741e-01 -8.1019383e-02 +1.8244439e+04
1.1506700e-01 +1.0000000e-01 +1.6306889e+01 -1.6472778e-01 -1.6394444e-01 +2.2945802e+00 +1.0483691e+00 +1.0125123e+00 -2.6154444e-01 -2.5039877e-01 -7.9460494e-02 +1.8147871e+04
1.1741600e-01 +1.0000000e-01 +1.6336444e+01 -1.6177333e-01 -1.6131556e-01 +2.2996173e+00 +1.0529235e+00 +1.0084802e+00 -2.5567901e-01 -2.5623951e-01 -7.7862593e-02 +1.8068023e+04
1.1979700e-01 +1.0000000e-01 +1.6365222e+01 -1.5858667e-01 -1.5859333e-01 +2.3060617e+00 +1.0576481e+00 +1.0044605e+00 -2.4984691e-01 -2.6202963e-01 -7.6270494e-02 +1.8000609e+04
1.2221200e-01 +1.0000000e-01 +1.6393111e+01 -1.5518111e-01 -1.5582889e-01 +2.3139753e+00 +1.0625704e+00 +1.0006469e+00 -2.4407284e-01 -2.6780370e-01 -7.4740741e-02 +1.7940701e+04
1.2466000e-01 +1.0000000e-01 +1.6420333e+01 -1.5156222e-01 -1.5307000e-01 +2.3233580e+00 +1.0676864e+00 +9.9723210e-01 -2.3837160e-01 -2.7360741e-01 -7.3330494e-02 +1.7888979e+04
1.2714300e-01 +1.0000000e-01 +1.6446778e+01 -1.4773111e-01 -1.5036556e-01 +2.3341111e+00 +1.0729704e+00 +9.9441481e-01 -2.3271975e-01 -2.7946667e-01 -7.2075185e-02 +1.7846840e+04
1.2965900e-01 +1.0000000e-01 +1.6472444e+01 -1.4368778e-01 -1.4777111e-01 +2.3461481e+00 +1.0783864e+00 +9.9233951e-01 -2.2709506e-01 -2.8535062e-01 -7.0967160e-02 +1.7811445e+04
1.3220900e-01 +1.0000000e-01 +1.6497556e+01 -1.3944222e-01 -1.4535000e-01 +2.3594691e+00 +1.0839037e+00 +9.9100370e-01 -2.2151235e-01 -2.9121852e-01 -6.9965062e-02 +1.7778389e+04
1.3479400e-01 +1.0000000e-01 +1.6522000e+01 -1.3501000e-01 -1.4316667e-01 +2.3739877e+00 +1.0894951e+00 +9.9021975e-01 -2.1600370e-01 -2.9704691e-01 -6.9012963e-02 +1.7746567e+04
1.3741400e-01 +1.0000000e-01 +1.6545889e+01 -1.3042000e-01 -1.4126444e-01 +2.3893580e+00 +1.0951457e+00 +9.8970988e-01 -2.1057160e-01 -3.0275679e-01 -6.8041358e-02 +1.7721076e+04
1.4006800e-01 +1.0000000e-01 +1.6569222e+01 -1.2570111e-01 -1.3965111e-01 +2.4051111e+00 +1.1008568e+00 +9.8934815e-01 -2.0522346e-01 -3.0822593e-01 -6.6989012e-02 +1.7705693e+04
1.4275700e-01 +1.0000000e-01 +1.6592000e+01 -1.2087778e-01 -1.3827444e-01 +2.4209877e+00 +1.1066185e+00 +9.8923580e-01 -1.9998765e-01 -3.1339259e-01 -6.5837160e-02 +1.7698799e+04
1.4548200e-01 +1.0000000e-01 +1.6614333e+01 -1.1596778e-01 -1.3703667e-01 +2.4371111e+00 +1.1124037e+00 +9.8955062e-01 -1.9486667e-01 -3.1827778e-01 -6.4605679e-02 +1.7697451e+04
1.4824300e-01 +1.0000000e-01 +1.6636000e+01 -1.1097944e-01 -1.3582556e-01 +2.4536543e+00 +1.1181901e+00 +9.9029259e-01 -1.8980988e-01 -3.2294321e-01 -6.3313333e-02 +1.7702313e+04
1.5103800e-01 +1.0000000e-01 +1.6657111e+01 -1.0590744e-01 -1.3455778e-01 +2.4706790e+00 +1.1239926e+00 +9.9125185e-01 -1.8475309e-01 -3.2743333e-01 -6.1956420e-02 +1.7712355e+04
1.5387000e-01 +1.0000000e-01 +1.6677667e+01 -1.0075211e-01 -1.3317444e-01 +2.4880370e+00 +1.1298519e+00 +9.9213580e-01 -1.7960988e-01 -3.3172593e-01 -6.0522963e-02 +1.7724100e+04
1.5673800e-01 +1.0000000e-01 +1.6697667e+01 -9.5539000e-02 -1.3162778e-01 +2.5054691e+00 +1.1357877e+00 +9.9273580e-01 -1.7424198e-01 -3.3575185e-01 -5.9063457e-02 +1.7736659e+04
1.5964200e-01 +1.0000000e-01 +1.6717000e+01 -9.0312556e-02 -1.2990222e-01 +2.5228642e+00 +1.1417790e+00 +9.9311605e-01 -1.6850494e-01 -3.3952099e-01 -5.7693333e-02 +1.7751231e+04
1.6258200e-01 +1.0000000e-01 +1.6735889e+01 -8.5103333e-02 -1.2803000e-01 +2.5403580e+00 +1.1477741e+00 +9.9349506e-01 -1.6231111e-01 -3.4310617e-01 -5.6481728e-02 +1.7771208e+04
1.6555900e-01 +1.0000000e-01 +1.6754222e+01 -7.9914556e-02 -1.2607444e-01 +2.5579012e+00 +1.1537272e+00 +9.9396296e-01 -1.5565432e-01 -3.4655432e-01 -5.5416173e-02 +1.7800786e+04
1.6857200e-01 +1.0000000e-01 +1.6772111e+01 -7.4733000e-02 -1.2408556e-01 +2.5751728e+00 +1.1596222e+00 +9.9438519e-01 -1.4857901e-01 -3.4993951e-01 -5.4429136e-02 +1.7841179e+04
1.7162200e-01 +1.0000000e-01 +1.6789444e+01 -6.9531444e-02 -1.2207111e-01 +2.5920494e+00 +1.1654975e+00 +9.9459012e-01 -1.4111481e-01 -3.5330864e-01 -5.3413704e-02 +1.7890938e+04
1.7470800e-01 +1.0000000e-01 +1.6806444e+01 -6.4274778e-02 -1.2002333e-01 +2.6085309e+00 +1.1714247e+00 +9.9456420e-01 -1.3326173e-01 -3.5657160e-01 -5.2280988e-02 +1.7950655e+04
1.7783200e-01 +1.0000000e-01 +1.6823000e+01 -5.8932889e-02 -1.1796556e-01 +2.6248272e+00 +1.1774704e+00 +9.9440494e-01 -1.2507284e-01 -3.5966914e-01 -5.1027901e-02 +1.8022963e+04
1.8099200e-01 +1.0000000e-01 +1.6839111e+01 -5.3491222e-02 -1.1594222e-01 +2.6414321e+00 +1.1836951e+00 +9.9426790e-01 -1.1670802e-01 -3.6265309e-01 -4.9709877e-02 +1.8104820e+04
1.8419000e-01 +1.0000000e-01 +1.6854667e+01 -4.7950778e-02 -1.1394667e-01 +2.6586914e+00 +1.1901617e+00 +9.9436173e-01 -1.0835716e-01 -3.6545802e-01 -4.8369136e-02 +1.8190979e+04
1.8742400e-01 +1.0000000e-01 +1.6869556e+01 -4.2336556e-02 -1.1194667e-01 +2.6763333e+00 +1.1969049e+00 +9.9482099e-01 -1.0011580e-01 -3.6801481e-01 -4.7025802e-02 +1.8275873e+04
1.9069600e-01 +1.0000000e-01 +1.6884000e+01 -3.6687667e-02 -1.0993356e-01 +2.6940741e+00 +1.2038765e+00 +9.9548025e-01 -9.1998642e-02 -3.7044938e-01 -4.5643457e-02 +1.8355324e+04
1.9400400e-01 +1.0000000e-01 +1.6897778e+01 -3.1018778e-02 -1.0789356e-01 +2.7121481e+00 +1.2109617e+00 +9.9597037e-01 -8.4014938e-02 -3.7302346e-01 -4.4129877e-02 +1.8429906e+04
1.9735000e-01 +1.0000000e-01 +1.6910889e+01 -2.5310444e-02 -1.0577411e-01 +2.7307901e+00 +1.2180420e+00 +9.9609877e-01 -7.6168519e-02 -3.7597037e-01 -4.2430741e-02 +1.8498821e+04
2.0073300e-01 +1.0000000e-01 +1.6923333e+01 -1.9530778e-02 -1.0352622e-01 +2.7496049e+00 +1.2250593e+00 +9.9589753e-01 -6.8436667e-02 -3.7916049e-01 -4.0572222e-02 +1.8559962e+04
2.0415300e-01 +1.0000000e-01 +1.6935111e+01 -1.3650889e-02 -1.0113767e-01 +2.7679012e+00 +1.2320099e+00 +9.9550617e-01 -6.0842716e-02 -3.8215679e-01 -3.8655556e-02 +1.8618211e+04
2.0761100e-01 +1.0000000e-01 +1.6946000e+01 -7.6653889e-03 -9.8635222e-02 +2.7853457e+00 +1.2389136e+00 +9.9513457e-01 -5.3395926e-02 -3.8464691e-01 -3.6820123e-02 +1.8685325e+04
2.1110500e-01 +1.0000000e-01 +1.6956111e+01 -1.6024333e-03 -9.6046222e-02 +2.8018272e+00 +1.2458148e+00 +9.9498519e-01 -4.5960988e-02 -3.8662963e-01 -3.5117037e-02 +1.8774393e+04
2.1463600e-01 +1.0000000e-01 +1.6965444e+01 +4.4915667e-03 -9.3335333e-02 +2.8177654e+00 +1.2527284e+00 +9.9515556e-01 -3.8418395e-02 -3.8825926e-01 -3.3465802e-02 +1.8886736e+04
2.1820500e-01 +1.0000000e-01 +1.6973778e+01 +1.0538856e-02 -9.0408000e-02 +2.8339877e+00 +1.2597284e+00 +9.9575926e-01 -3.0841728e-02 -3.8978889e-01 -3.1722469e-02 +1.9005616e+04
2.2181000e-01 +1.0000000e-01 +1.6981333e+01 +1.6439111e-02 -8.7211556e-02 +2.8513333e+00 +1.2668642e+00 +9.9656049e-01 -2.3388519e-02 -3.9147531e-01 -2.9787901e-02 +1.9115371e+04
2.2545200e-01 +1.0000000e-01 +1.6987778e+01 +2.2140111e-02 -8.3775667e-02 +2.8705309e+00 +1.2741852e+00 +9.9695802e-01 -1.6194321e-02 -3.9352963e-01 -2.7640494e-02 +1.9206369e+04
2.2913100e-01 +1.0000000e-01 +1.6993333e+01 +2.7675889e-02 -8.0171889e-02 +2.8915062e+00 +1.2817901e+00 +9.9680617e-01 -9.3459383e-03 -3.9604568e-01 -2.5373457e-02 +1.9281224e+04
2.3284600e-01 +1.0000000e-01 +1.6998000e+01 +3.3147556e-02 -7.6527889e-02 +2.9134568e+00 +1.2897160e+00 +9.9648519e-01 -2.8271481e-03 -3.9882840e-01 -2.3169259e-02 +1.9355467e+04
2.3659700e-01 +1.0000000e-01 +1.7002111e+01 +3.8641556e-02 -7.2986778e-02 +2.9359506e+00 +1.2979383e+00 +9.9637531e-01 +3.4905185e-03 -4.0164321e-01 -2.1092346e-02 +1.9430114e+04
2.4038500e-01 +1.0000000e-01 +1.7005444e+01 +4.4214333e-02 -6.9624889e-02 +2.9593333e+00 +1.3064074e+00 +9.9676543e-01 +9.8180617e-03 -4.0436914e-01 -1.8999877e-02 +1.9504718e+04
2.4420900e-01 +1.0000000e-01 +1.7007778e+01 +4.9892556e-02 -6.6454778e-02 +2.9834815e+00 +1.3150988e+00 +9.9784321e-01 +1.6363580e-02 -4.0694691e-01 -1.6803210e-02 +1.9580236e+04
2.4806900e-01 +1.0000000e-01 +1.7009222e+01 +5.5671667e-02 -6.3563889e-02 +3.0074321e+00 +1.3239012e+00 +9.9945309e-01 +2.3163951e-02 -4.0932716e-01 -1.4623333e-02 +1.9653614e+04
2.5196400e-01 +1.0000000e-01 +1.7009778e+01 +6.1511556e-02 -6.0994333e-02 +3.0300000e+00 +1.3327037e+00 +1.0014580e+00 +3.0055062e-02 -4.1138642e-01 -1.2676049e-02 +1.9729555e+04
2.5589500e-01 +1.0000000e-01 +1.7009556e+01 +6.7347111e-02 -5.8640222e-02 +3.0500247e+00 +1.3415802e+00 +1.0039037e+00 +3.6851235e-02 -4.1319383e-01 -1.1020333e-02 +1.9810341e+04
2.5986100e-01 +1.0000000e-01 +1.7008556e+01 +7.3113889e-02 -5.6277444e-02 +3.0668519e+00 +1.3505802e+00 +1.0067667e+00 +4.3524444e-02 -4.1486543e-01 -9.5380247e-03 +1.9885941e+04
2.6386200e-01 +1.0000000e-01 +1.7006667e+01 +7.8764000e-02 -5.3689000e-02 +3.0804938e+00 +1.3597160e+00 +1.0098531e+00 +5.0154568e-02 -4.1629506e-01 -8.0873580e-03 +1.9963089e+04
2.6789700e-01 +1.0000000e-01 +1.7003889e+01 +8.4222778e-02 -5.0783889e-02 +3.0914074e+00 +1.3689259e+00 +1.0127716e+00 +5.6902099e-02 -4.1731975e-01 -6.4789136e-03 +2.0060290e+04
2.7196700e-01 +1.0000000e-01 +1.6999889e+01 +8.9388222e-02 -4.7540111e-02 +3.1010123e+00 +1.3782346e+00 +1.0152901e+00 +6.3977037e-02 -4.1823580e-01 -4.5968025e-03 +2.0163990e+04
2.7607100e-01 +1.0000000e-01 +1.6995000e+01 +9.4174778e-02 -4.3925778e-02 +3.1103210e+00 +1.3876049e+00 +1.0178148e+00 +7.1449753e-02 -4.1930864e-01 -2.5693704e-03 +2.0244610e+04
2.8020900e-01 +1.0000000e-01 +1.6989333e+01 +9.8563333e-02 -3.9979111e-02 +3.1193333e+00 +1.3968765e+00 +1.0204025e+00 +7.9071235e-02 -4.2038519e-01 -6.7601852e-04 +2.0314475e+04
2.8438000e-01 +1.0000000e-01 +1.6983000e+01 +1.0259444e-01 -3.5906444e-02 +3.1280617e+00 +1.4058765e+00 +1.0223790e+00 +8.6456420e-02 -4.2118025e-01 +8.6030864e-04 +2.0396253e+04
2.8858300e-01 +1.0000000e-01 +1.6975778e+01 +1.0632744e-01 -3.1821889e-02 +3.1366790e+00 +1.4144938e+00 +1.0235568e+00 +9.3560864e-02 -4.2167531e-01 +2.0837160e-03 +2.0480081e+04
2.9282000e-01 +1.0000000e-01 +1.6967889e+01 +1.0983789e-01 -2.7656333e-02 +3.1445432e+00 +1.4227654e+00 +1.0242716e+00 +1.0068309e-01 -4.2188148e-01 +3.2156420e-03 +2.0564776e+04
2.9708800e-01 +1.0000000e-01 +1.6959222e+01 +1.1314556e-01 -2.3384111e-02 +3.1513086e+00 +1.4306420e+00 +1.0248481e+00 +1.0807593e-01 -4.2195679e-01 +4.3722099e-03 +2.0646049e+04
3.0138800e-01 +1.0000000e-01 +1.6949667e+01 +1.1616778e-01 -1.9129444e-02 +3.1570741e+00 +1.4380617e+00 +1.0258728e+00 +1.1601062e-01 -4.2218025e-01 +5.5439259e-03 +2.0732084e+04
3.0572000e-01 +1.0000000e-01 +1.6939000e+01 +1.1882222e-01 -1.4897556e-02 +3.1618642e+00 +1.4451852e+00 +1.0273494e+00 +1.2477037e-01 -4.2247901e-01 +6.6554568e-03 +2.0840528e+04
3.1008200e-01 +1.0000000e-01 +1.6927333e+01 +1.2110000e-01 -1.0508311e-02 +3.1657654e+00 +1.4523580e+00 +1.0292395e+00 +1.3421975e-01 -4.2258025e-01 +7.6523333e-03 +2.0964009e+04
3.1447500e-01 +1.0000000e-01 +1.6915111e+01 +1.2295667e-01 -5.7943444e-03 +3.1682716e+00 +1.4599012e+00 +1.0321728e+00 +1.4370864e-01 -4.2256049e-01 +8.6803086e-03 +2.1081083e+04
3.1889700e-01 +1.0000000e-01 +1.6902444e+01 +1.2428667e-01 -7.6387000e-04 +3.1686049e+00 +1.4678395e+00 +1.0365827e+00 +1.5277284e-01 -4.2272099e-01 +9.7041235e-03 +2.1203675e+04
3.2334900e-01 +1.0000000e-01 +1.6888889e+01 +1.2500444e-01 +4.5108222e-03 +3.1680741e+00 +1.4760617e+00 +1.0422383e+00 +1.6131235e-01 -4.2301728e-01 +1.0513247e-02 +2.1328292e+04
3.2783000e-01 +1.0000000e-01 +1.6874333e+01 +1.2514556e-01 +9.9731222e-03 +3.1682222e+00 +1.4845309e+00 +1.0487160e+00 +1.6936049e-01 -4.2321852e-01 +1.1213210e-02 +2.1443313e+04
3.3233800e-01 +1.0000000e-01 +1.6858889e+01 +1.2492889e-01 +1.5642000e-02 +3.1684074e+00 +1.4933457e+00 +1.0551210e+00 +1.7705926e-01 -4.2317160e-01 +1.1957914e-02 +2.1575578e+04
3.3687500e-01 +1.0000000e-01 +1.6842667e+01 +1.2451667e-01 +2.1477556e-02 +3.1676049e+00 +1.5025309e+00 +1.0601383e+00 +1.8442840e-01 -4.2286543e-01 +1.2710247e-02 +2.1740211e+04
3.4143800e-01 +1.0000000e-01 +1.6826000e+01 +1.2399111e-01 +2.7458556e-02 +3.1653580e+00 +1.5121852e+00 +1.0636247e+00 +1.9131852e-01 -4.2233457e-01 +1.3356543e-02 +2.1913381e+04
3.4602800e-01 +1.0000000e-01 +1.6808444e+01 +1.2345778e-01 +3.3755333e-02 +3.1623827e+00 +1.5224198e+00 +1.0669148e+00 +1.9760864e-01 -4.2164568e-01 +1.3876543e-02 +2.2063572e+04
3.5064400e-01 +1.0000000e-01 +1.6789889e+01 +1.2294111e-01 +4.0586222e-02 +3.1601111e+00 +1.5330370e+00 +1.0703407e+00 +2.0332963e-01 -4.2095802e-01 +1.4445062e-02 +2.2180954e+04
3.5528600e-01 +1.0000000e-01 +1.6770667e+01 +1.2231222e-01 +4.7955667e-02 +3.1590247e+00 +1.5434444e+00 +1.0736716e+00 +2.0865062e-01 -4.2047160e-01 +1.5203210e-02 +2.2296758e+04
3.5995100e-01 +1.0000000e-01 +1.6751111e+01 +1.2141222e-01 +5.5636111e-02 +3.1581358e+00 +1.5531605e+00 +1.0766815e+00 +2.1355679e-01 -4.1977654e-01 +1.5894198e-02 +2.2431117e+04
3.6464100e-01 +1.0000000e-01 +1.6731667e+01 +1.2010667e-01 +6.3300111e-02 +3.1582963e+00 +1.5620247e+00 +1.0791802e+00 +2.1807531e-01 -4.1806173e-01 +1.6132099e-02 +2.2569228e+04
3.6935400e-01 +1.0000000e-01 +1.6712444e+01 +1.1831667e-01 +7.0658000e-02 +3.1609259e+00 +1.5700864e+00 +1.0812148e+00 +2.2193704e-01 -4.1570494e-01 +1.5973457e-02 +2.2701361e+04
3.7408900e-01 +1.0000000e-01 +1.6693000e+01 +1.1608333e-01 +7.7724111e-02 +3.1676667e+00 +1.5775679e+00 +1.0830519e+00 +2.2461235e-01 -4.1367284e-01 +1.5822593e-02 +2.2832280e+04
3.7884600e-01 +1.0000000e-01 +1.6672667e+01 +1.1349889e-01 +8.4648333e-02 +3.1793704e+00 +1.5849877e+00 +1.0850160e+00 +2.2613457e-01 -4.1209259e-01 +1.5984444e-02 +2.2939454e+04
3.8362400e-01 +1.0000000e-01 +1.6651889e+01 +1.1049156e-01 +9.1408444e-02 +3.1951728e+00 +1.5927901e+00 +1.0872123e+00 +2.2685556e-01 -4.1099136e-01 +1.6247531e-02 +2.3003923e+04
3.8842300e-01 +1.0000000e-01 +1.6630889e+01 +1.0696456e-01 +9.7815444e-02 +3.2130247e+00 +1.6010494e+00 +1.0895259e+00 +2.2720617e-01 -4.1017901e-01 +1.6210370e-02 +2.3058172e+04
3.9324100e-01 +1.0000000e-01 +1.6609889e+01 +1.0297178e-01 +1.0376622e-01 +3.2297531e+00 +1.6093827e+00 +1.0913630e+00 +2.2718025e-01 -4.0904815e-01 +1.5750617e-02 +2.3140259e+04
3.9807800e-01 +1.0000000e-01 +1.6589444e+01 +9.8598556e-02 +1.0927967e-01 +3.2447407e+00 +1.6174815e+00 +1.0921370e+00 +2.2638519e-01 -4.0807284e-01 +1.4846296e-02 +2.3227245e+04
4.0293300e-01 +1.0000000e-01 +1.6569778e+01 +9.4000444e-02 +1.1466556e-01 +3.2594198e+00 +1.6254074e+00 +1.0922123e+00 +2.2473704e-01 -4.0846667e-01 +1.3633210e-02 +2.3286434e+04
4.0780500e-01 +1.0000000e-01 +1.6551000e+01 +8.9361111e-02 +1.2011222e-01 +3.2717654e+00 +1.6332593e+00 +1.0921370e+00 +2.2202716e-01 -4.0959877e-01 +1.2363086e-02 +2.3335147e+04
4.1269400e-01 +1.0000000e-01 +1.6533222e+01 +8.4750444e-02 +1.2580667e-01 +3.2817160e+00 +1.6408765e+00 +1.0929864e+00 +2.1782469e-01 -4.1091235e-01 +1.1248556e-02 +2.3386283e+04
4.1759800e-01 +1.0000000e-01 +1.6515889e+01 +8.0155778e-02 +1.3192222e-01 +3.2917901e+00 +1.6479506e+00 +1.0957222e+00 +2.1230741e-01 -4.1286790e-01 +1.0464593e-02 +2.3432250e+04
4.2251700e-01 +1.0000000e-01 +1.6499000e+01 +7.5560000e-02 +1.3818444e-01 +3.3023704e+00 +1.6540741e+00 +1.0997148e+00 +2.0558395e-01 -4.1537901e-01 +9.9669753e-03 +2.3483211e+04
4.2745000e-01 +1.0000000e-01 +1.6482333e+01 +7.0931778e-02 +1.4424444e-01 +3.3116914e+00 +1.6589136e+00 +1.1028951e+00 +1.9728889e-01 -4.1813457e-01 +9.8063333e-03 +2.3559082e+04
4.3239600e-01 +1.0000000e-01 +1.6466000e+01 +6.6224444e-02 +1.4998889e-01 +3.3184938e+00 +1.6625062e+00 +1.1043864e+00 +1.8740000e-01 -4.2089012e-01 +9.9176296e-03 +2.3649425e+04
4.3735400e-01 +1.0000000e-01 +1.6450778e+01 +6.1465444e-02 +1.5517000e-01 +3.3218519e+00 +1.6650864e+00 +1.1047543e+00 +1.7650000e-01 -4.2303086e-01 +1.0099531e-02 +2.3723049e+04
4.4232400e-01 +1.0000000e-01 +1.6437333e+01 +5.6588778e-02 +1.5970111e-01 +3.3226914e+00 +1.6668148e+00 +1.1047321e+00 +1.6519877e-01 -4.2422716e-01 +1.0582840e-02 +2.3788384e+04
4.4730400e-01 +1.0000000e-01 +1.6425889e+01 +5.1482444e-02 +1.6360111e-01 +3.3223580e+00 +1.6678148e+00 +1.1042370e+00 +1.5353457e-01 -4.2493704e-01 +1.1217716e-02 +2.3860526e+04
4.5229300e-01 +1.0000000e-01 +1.6416333e+01 +4.6119222e-02 +1.6680889e-01 +3.3193333e+00 +1.6685679e+00 +1.1031025e+00 +1.4147284e-01 -4.2504815e-01 +1.1486494e-02 +2.3919760e+04
4.5729200e-01 +1.0000000e-01 +1.6408556e+01 +4.0580889e-02 +1.6934111e-01 +3.3132469e+00 +1.6697160e+00 +1.1013593e+00 +1.2849630e-01 -4.2475926e-01 +1.0945259e-02 +2.3946246e+04
4.6229800e-01 +1.0000000e-01 +1.6402333e+01 +3.4972778e-02 +1.7094222e-01 +3.3054321e+00 +1.6712593e+00 +1.0989531e+00 +1.1434531e-01 -4.2445679e-01 +9.8245062e-03 +2.3969641e+04
4.6731100e-01 +1.0000000e-01 +1.6397222e+01 +2.9430222e-02 +1.7163556e-01 +3.2984198e+00 +1.6726420e+00 +1.0959753e+00 +9.8782346e-02 -4.2402222e-01 +8.5844444e-03 +2.3998863e+04
4.7233000e-01 +1.0000000e-01 +1.6393000e+01 +2.4122444e-02 +1.7145556e-01 +3.2959383e+00 +1.6734691e+00 +1.0924864e+00 +8.2148765e-02 -4.2341852e-01 +7.6021605e-03 +2.4002205e+04
4.7735400e-01 +1.0000000e-01 +1.6389556e+01 +1.9019111e-02 +1.7051556e-01 +3.2978765e+00 +1.6737654e+00 +1.0884741e+00 +6.5385926e-02 -4.2241111e-01 +6.8288272e-03 +2.3984752e+04
4.8238200e-01 +1.0000000e-01 +1.6387000e+01 +1.4072556e-02 +1.6935111e-01 +3.3026790e+00 +1.6738642e+00 +1.0845630e+00 +4.8978148e-02 -4.2128148e-01 +5.6535802e-03 +2.3966273e+04
4.8741300e-01 +1.0000000e-01 +1.6385556e+01 +9.3360222e-03 +1.6847667e-01 +3.3076173e+00 +1.6740494e+00 +1.0815432e+00 +3.3233086e-02 -4.2089259e-01 +4.0148642e-03 +2.3969006e+04
4.9244700e-01 +1.0000000e-01 +1.6384889e+01 +4.6913333e-03 +1.6807556e-01 +3.3105062e+00 +1.6743333e+00 +1.0793136e+00 +1.8387654e-02 -4.2171235e-01 +2.5058765e-03 +2.4015802e+04
4.9748200e-01 +1.0000000e-01 +1.6384778e+01 +0.0000000e+00 +1.6772000e-01 +3.3120000e+00 +1.6745432e+00 +1.0776333e+00 +3.7143086e-03 -4.2282716e-01 +9.1380123e-04 +2.4059630e+04
5.0251800e-01 +1.0000000e-01 +1.6384778e+01 -4.6913333e-03 +1.6650444e-01 +3.3120000e+00 +1.6745432e+00 +1.0772111e+00 -1.1271444e-02 -4.2300247e-01 -9.1380123e-04 +2.4059630e+04
5.0755300e-01 +1.0000000e-01 +1.6384889e+01 -9.3360222e-03 +1.6441333e-01 +3.3105062e+00 +1.6743333e+00 +1.0782321e+00 -2.6268765e-02 -4.2234074e-01 -2.5058765e-03 +2.4015802e+04
5.1258700e-01 +1.0000000e-01 +1.6385556e+01 -1.4072556e-02 +1.6243222e-01 +3.3076173e+00 +1.6740494e+00 +1.0802333e+00 -4.1683333e-02 -4.2172716e-01 -4.0148642e-03 +2.3969006e+04
5.1761800e-01 +1.0000000e-01 +1.6387000e+01 -1.9019111e-02 +1.6119556e-01 +3.3026790e+00 +1.6738642e+00 +1.0833309e+00 -5.8109383e-02 -4.2127037e-01 -5.6535802e-03 +2.3966273e+04
5.2264600e-01 +1.0000000e-01 +1.6389556e+01 -2.4122444e-02 +1.6066556e-01 +3.2978765e+00 +1.6737654e+00 +1.0872383e+00 -7.5268519e-02 -4.2061111e-01 -6.8288272e-03 +2.3984752e+04
5.2767000e-01 +1.0000000e-01 +1.6393000e+01 -2.9430222e-02 +1.6036000e-01 +3.2959383e+00 +1.6734691e+00 +1.0907160e+00 -9.3134815e-02 -4.1958765e-01 -7.6021605e-03 +2.4002205e+04
5.3268900e-01 +1.0000000e-01 +1.6397222e+01 -3.4972778e-02 +1.5966333e-01 +3.2984198e+00 +1.6726420e+00 +1.0930889e+00 -1.1133321e-01 -4.1879506e-01 -8.5844444e-03 +2.3998863e+04
5.3770200e-01 +1.0000000e-01 +1.6402333e+01 -4.0580889e-02 +1.5834556e-01 +3.3054321e+00 +1.6712593e+00 +1.0948988e+00 -1.2882840e-01 -4.1885679e-01 -9.8245062e-03 +2.3969641e+04
5.4270800e-01 +1.0000000e-01 +1.6408556e+01 -4.6119222e-02 +1.5634111e-01 +3.3132469e+00 +1.6697160e+00 +1.0964519e+00 -1.4493457e-01 -4.1925062e-01 -1.0945259e-02 +2.3946246e+04
5.4770700e-01 +1.0000000e-01 +1.6416333e+01 -5.1482444e-02 +1.5353111e-01 +3.3193333e+00 +1.6685679e+00 +1.0975630e+00 -1.5951111e-01 -4.1951852e-01 -1.1486494e-02 +2.3919760e+04
5.5269600e-01 +1.0000000e-01 +1.6425889e+01 -5.6588778e-02 +1.5012333e-01 +3.3223580e+00 +1.6678148e+00 +1.0983494e+00 -1.7291728e-01 -4.1930864e-01 -1.1217716e-02 +2.3860526e+04
5.5767600e-01 +1.0000000e-01 +1.6437333e+01 -6.1465444e-02 +1.4614889e-01 +3.3226914e+00 +1.6668148e+00 +1.0994877e+00 -1.8550617e-01 -4.1857160e-01 -1.0582840e-02 +2.3788384e+04
5.6264600e-01 +1.0000000e-01 +1.6450778e+01 -6.6224444e-02 +1.4155222e-01 +3.3218519e+00 +1.6650864e+00 +1.1007074e+00 -1.9712840e-01 -4.1715432e-01 -1.0099531e-02 +2.3723049e+04
5.6760400e-01 +1.0000000e-01 +1.6466000e+01 -7.0931778e-02 +1.3645000e-01 +3.3184938e+00 +1.6625062e+00 +1.1011469e+00 -2.0781111e-01 -4.1445802e-01 -9.9176296e-03 +2.3649425e+04
5.7255000e-01 +1.0000000e-01 +1.6482333e+01 -7.5560000e-02 +1.3109889e-01 +3.3116914e+00 +1.6589136e+00 +1.0998049e+00 -2.1731111e-01 -4.1090617e-01 -9.8063333e-03 +2.3559082e+04
5.7748300e-01 +1.0000000e-01 +1.6499000e+01 -8.0155778e-02 +1.2570444e-01 +3.3023704e+00 +1.6540741e+00 +1.0963556e+00 -2.2545185e-01 -4.0732963e-01 -9.9669753e-03 +2.3483211e+04
5.8240200e-01 +1.0000000e-01 +1.6515889e+01 -8.4750444e-02 +1.2031778e-01 +3.2917901e+00 +1.6479506e+00 +1.0919321e+00 -2.3212222e-01 -4.0389877e-01 -1.0464593e-02 +2.3432250e+04
5.8730600e-01 +1.0000000e-01 +1.6533222e+01 -8.9361111e-02 +1.1512111e-01 +3.2817160e+00 +1.6408765e+00 +1.0882988e+00 -2.3762716e-01 -4.0075926e-01 -1.1248556e-02 +2.3386283e+04
5.9219500e-01 +1.0000000e-01 +1.6551000e+01 -9.4000444e-02 +1.1018867e-01 +3.2717654e+00 +1.6332593e+00 +1.0857963e+00 -2.4181605e-01 -3.9816049e-01 -1.2363086e-02 +2.3335147e+04
5.9706700e-01 +1.0000000e-01 +1.6569778e+01 -9.8598556e-02 +1.0534956e-01 +3.2594198e+00 +1.6254074e+00 +1.0842531e+00 -2.4436173e-01 -3.9576667e-01 -1.3633210e-02 +2.3286434e+04
6.0192200e-01 +1.0000000e-01 +1.6589444e+01 -1.0297178e-01 +1.0051611e-01 +3.2447407e+00 +1.6174815e+00 +1.0834827e+00 -2.4578642e-01 -3.9398272e-01 -1.4846296e-02 +2.3227245e+04
6.0675900e-01 +1.0000000e-01 +1.6609889e+01 -1.0696456e-01 +9.5647111e-02 +3.2297531e+00 +1.6093827e+00 +1.0832407e+00 -2.4662716e-01 -3.9341852e-01 -1.5750617e-02 +2.3140259e+04
6.1157700e-01 +1.0000000e-01 +1.6630889e+01 -1.1049156e-01 +9.0641222e-02 +3.2130247e+00 +1.6010494e+00 +1.0826148e+00 -2.4703827e-01 -3.9344691e-01 -1.6210370e-02 +2.3058172e+04
6.1637600e-01 +1.0000000e-01 +1.6651889e+01 -1.1349889e-01 +8.5675778e-02 +3.1951728e+00 +1.5927901e+00 +1.0815716e+00 -2.4727901e-01 -3.9394198e-01 -1.6247531e-02 +2.3003923e+04
6.2115400e-01 +1.0000000e-01 +1.6672667e+01 -1.1608333e-01 +8.0836889e-02 +3.1793704e+00 +1.5849877e+00 +1.0805469e+00 -2.4713457e-01 -3.9493086e-01 -1.5984444e-02 +2.2939454e+04
6.2591100e-01 +1.0000000e-01 +1.6693000e+01 -1.1831667e-01 +7.6119222e-02 +3.1676667e+00 +1.5775679e+00 +1.0797296e+00 -2.4605185e-01 -3.9647284e-01 -1.5822593e-02 +2.2832280e+04
6.3064600e-01 +1.0000000e-01 +1.6712444e+01 -1.2010667e-01 +7.1232556e-02 +3.1609259e+00 +1.5700864e+00 +1.0787556e+00 -2.4372716e-01 -3.9883951e-01 -1.5973457e-02 +2.2701361e+04
6.3535900e-01 +1.0000000e-01 +1.6731667e+01 -1.2141222e-01 +6.5683111e-02 +3.1582963e+00 +1.5620247e+00 +1.0772210e+00 -2.4025185e-01 -4.0165926e-01 -1.6132099e-02 +2.2569228e+04
6.4004900e-01 +1.0000000e-01 +1.6751111e+01 -1.2231222e-01 +5.9431000e-02 +3.1581358e+00 +1.5531605e+00 +1.0755272e+00 -2.3614568e-01 -4.0452840e-01 -1.5894198e-02 +2.2431117e+04
6.4471400e-01 +1.0000000e-01 +1.6770667e+01 -1.2294111e-01 +5.2855778e-02 +3.1590247e+00 +1.5434444e+00 +1.0739753e+00 -2.3153086e-01 -4.0775185e-01 -1.5203210e-02 +2.2296758e+04
6.4935600e-01 +1.0000000e-01 +1.6789889e+01 -1.2345778e-01 +4.6243222e-02 +3.1601111e+00 +1.5330370e+00 +1.0723642e+00 -2.2614198e-01 -4.1165432e-01 -1.4445062e-02 +2.2180954e+04
6.5397200e-01 +1.0000000e-01 +1.6808444e+01 -1.2399111e-01 +3.9852222e-02 +3.1623827e+00 +1.5224198e+00 +1.0707802e+00 -2.1989383e-01 -4.1628395e-01 -1.3876543e-02 +2.2063572e+04
6.5856200e-01 +1.0000000e-01 +1.6826000e+01 -1.2451667e-01 +3.3852778e-02 +3.1653580e+00 +1.5121852e+00 +1.0693938e+00 -2.1292963e-01 -4.2096790e-01 -1.3356543e-02 +2.1913381e+04
6.6312500e-01 +1.0000000e-01 +1.6842667e+01 -1.2492889e-01 +2.8231333e-02 +3.1676049e+00 +1.5025309e+00 +1.0671395e+00 -2.0539383e-01 -4.2488272e-01 -1.2710247e-02 +2.1740211e+04
6.6766200e-01 +1.0000000e-01 +1.6858889e+01 -1.2514556e-01 +2.2785778e-02 +3.1684074e+00 +1.4933457e+00 +1.0626037e+00 -1.9729506e-01 -4.2770247e-01 -1.1957914e-02 +2.1575578e+04
6.7217000e-01 +1.0000000e-01 +1.6874333e+01 -1.2500444e-01 +1.7491778e-02 +3.1682222e+00 +1.4845309e+00 +1.0566728e+00 -1.8875432e-01 -4.2978025e-01 -1.1213210e-02 +2.1443313e+04
6.7665100e-01 +1.0000000e-01 +1.6888889e+01 -1.2428667e-01 +1.2483444e-02 +3.1680741e+00 +1.4760617e+00 +1.0507222e+00 -1.7970617e-01 -4.3166049e-01 -1.0513247e-02 +2.1328292e+04
6.8110300e-01 +1.0000000e-01 +1.6902444e+01 -1.2295667e-01 +7.7465000e-03 +3.1686049e+00 +1.4678395e+00 +1.0452914e+00 -1.6984074e-01 -4.3340864e-01 -9.7041235e-03 +2.1203675e+04
6.8552500e-01 +1.0000000e-01 +1.6915111e+01 -1.2110000e-01 +3.1286000e-03 +3.1682716e+00 +1.4599012e+00 +1.0403951e+00 -1.5918395e-01 -4.3479877e-01 -8.6803086e-03 +2.1081083e+04
6.8991800e-01 +1.0000000e-01 +1.6927333e+01 -1.1882222e-01 -1.4718889e-03 +3.1657654e+00 +1.4523580e+00 +1.0361370e+00 -1.4800370e-01 -4.3569012e-01 -7.6523333e-03 +2.0964009e+04
6.9428000e-01 +1.0000000e-01 +1.6939000e+01 -1.1616778e-01 -5.9811111e-03 +3.1618642e+00 +1.4451852e+00 +1.0327148e+00 -1.3673086e-01 -4.3604938e-01 -6.6554568e-03 +2.0840528e+04
6.9861200e-01 +1.0000000e-01 +1.6949667e+01 -1.1314556e-01 -1.0271700e-02 +3.1570741e+00 +1.4380617e+00 +1.0301123e+00 -1.2591358e-01 -4.3615432e-01 -5.5439259e-03 +2.0732084e+04
7.0291200e-01 +1.0000000e-01 +1.6959222e+01 -1.0983789e-01 -1.4394111e-02 +3.1513086e+00 +1.4306420e+00 +1.0285926e+00 -1.1574247e-01 -4.3615802e-01 -4.3722099e-03 +2.0646049e+04
7.0718000e-01 +1.0000000e-01 +1.6967889e+01 -1.0632744e-01 -1.8453333e-02 +3.1445432e+00 +1.4227654e+00 +1.0277333e+00 -1.0597284e-01 -4.3575062e-01 -3.2156420e-03 +2.0564776e+04
7.1141700e-01 +1.0000000e-01 +1.6975778e+01 -1.0259444e-01 -2.2375778e-02 +3.1366790e+00 +1.4144938e+00 +1.0266074e+00 -9.6328519e-02 -4.3462222e-01 -2.0837160e-03 +2.0480081e+04
7.1562000e-01 +1.0000000e-01 +1.6983000e+01 -9.8563333e-02 -2.6161444e-02 +3.1280617e+00 +1.4058765e+00 +1.0249580e+00 -8.6853210e-02 -4.3288765e-01 -8.6030864e-04 +2.0396253e+04
7.1979100e-01 +1.0000000e-01 +1.6989333e+01 -9.4174778e-02 -2.9957000e-02 +3.1193333e+00 +1.3968765e+00 +1.0225407e+00 -7.7477407e-02 -4.3057531e-01 +6.7601852e-04 +2.0314475e+04
7.2392900e-01 +1.0000000e-01 +1.6995000e+01 -8.9388222e-02 -3.3746778e-02 +3.1103210e+00 +1.3876049e+00 +1.0193642e+00 -6.8132840e-02 -4.2767901e-01 +2.5693704e-03 +2.0244610e+04
7.2803300e-01 +1.0000000e-01 +1.6999889e+01 -8.4222778e-02 -3.7410000e-02 +3.1010123e+00 +1.3782346e+00 +1.0160543e+00 -5.9081481e-02 -4.2455432e-01 +4.5968025e-03 +2.0163990e+04
7.3210300e-01 +1.0000000e-01 +1.7003889e+01 -7.8764000e-02 -4.0916778e-02 +3.0914074e+00 +1.3689259e+00 +1.0129407e+00 -5.0625432e-02 -4.2137407e-01 +6.4789136e-03 +2.0060290e+04
7.3613800e-01 +1.0000000e-01 +1.7006667e+01 -7.3113889e-02 -4.4155333e-02 +3.0804938e+00 +1.3597160e+00 +1.0096938e+00 -4.2785062e-02 -4.1787531e-01 +8.0873580e-03 +1.9963089e+04
7.4013900e-01 +1.0000000e-01 +1.7008556e+01 -6.7347111e-02 -4.6943667e-02 +3.0668519e+00 +1.3505802e+00 +1.0064049e+00 -3.5346049e-02 -4.1400741e-01 +9.5380247e-03 +1.9885941e+04
7.4410500e-01 +1.0000000e-01 +1.7009556e+01 -6.1511556e-02 -4.9314889e-02 +3.0500247e+00 +1.3415802e+00 +1.0034679e+00 -2.7997160e-02 -4.1000988e-01 +1.1020333e-02 +1.9810341e+04
7.4803600e-01 +1.0000000e-01 +1.7009778e+01 -5.5671667e-02 -5.1563222e-02 +3.0300000e+00 +1.3327037e+00 +1.0007840e+00 -2.0579506e-02 -4.0583951e-01 +1.2676049e-02 +1.9729555e+04
7.5193100e-01 +1.0000000e-01 +1.7009222e+01 -4.9892556e-02 -5.3932889e-02 +3.0074321e+00 +1.3239012e+00 +9.9801605e-01 -1.3152099e-02 -4.0131481e-01 +1.4623333e-02 +1.9653614e+04
7.5579100e-01 +1.0000000e-01 +1.7007778e+01 -4.4214333e-02 -5.6477000e-02 +2.9834815e+00 +1.3150988e+00 +9.9521852e-01 -5.9255309e-03 -3.9650247e-01 +1.6803210e-02 +1.9580236e+04
7.5961500e-01 +1.0000000e-01 +1.7005444e+01 -3.8641556e-02 -5.9208333e-02 +2.9593333e+00 +1.3064074e+00 +9.9251481e-01 +1.0268753e-03 -3.9155679e-01 +1.8999877e-02 +1.9504718e+04
7.6340300e-01 +1.0000000e-01 +1.7002111e+01 -3.3147556e-02 -6.2187556e-02 +2.9359506e+00 +1.2979383e+00 +9.9005432e-01 +7.8772716e-03 -3.8652963e-01 +2.1092346e-02 +1.9430114e+04
7.6715400e-01 +1.0000000e-01 +1.6998000e+01 -2.7675889e-02 -6.5453889e-02 +2.9134568e+00 +1.2897160e+00 +9.8810617e-01 +1.4819630e-02 -3.8179259e-01 +2.3169259e-02 +1.9355467e+04
7.7086900e-01 +1.0000000e-01 +1.6993333e+01 -2.2140111e-02 -6.8913778e-02 +2.8915062e+00 +1.2817901e+00 +9.8668272e-01 +2.1874321e-02 -3.7786914e-01 +2.5373457e-02 +1.9281224e+04
7.7454800e-01 +1.0000000e-01 +1.6987778e+01 -1.6439111e-02 -7.2380556e-02 +2.8705309e+00 +1.2741852e+00 +9.8552099e-01 +2.8974938e-02 -3.7503827e-01 +2.7640494e-02 +1.9206369e+04
7.7819000e-01 +1.0000000e-01 +1.6981333e+01 -1.0538856e-02 -7.5685333e-02 +2.8513333e+00 +1.2668642e+00 +9.8437654e-01 +3.6084321e-02 -3.7327284e-01 +2.9787901e-02 +1.9115371e+04
7.8179500e-01 +1.0000000e-01 +1.6973778e+01 -4.4915667e-03 -7.8773000e-02 +2.8339877e+00 +1.2597284e+00 +9.8314691e-01 +4.3174691e-02 -3.7232840e-01 +3.1722469e-02 +1.9005616e+04
7.8536400e-01 +1.0000000e-01 +1.6965444e+01 +1.6024333e-03 -8.1629556e-02 +2.8177654e+00 +1.2527284e+00 +9.8222346e-01 +5.0138395e-02 -3.7182593e-01 +3.3465802e-02 +1.8886736e+04
7.8889500e-01 +1.0000000e-01 +1.6956111e+01 +7.6653889e-03 -8.4274000e-02 +2.8018272e+00 +1.2458148e+00 +9.8207654e-01 +5.6840864e-02 -3.7141111e-01 +3.5117037e-02 +1.8774393e+04
7.9238900e-01 +1.0000000e-01 +1.6946000e+01 +1.3650889e-02 -8.6756333e-02 +2.7853457e+00 +1.2389136e+00 +9.8262469e-01 +6.3294815e-02 -3.7094444e-01 +3.6820123e-02 +1.8685325e+04
7.9584700e-01 +1.0000000e-01 +1.6935111e+01 +1.9530778e-02 -8.9113111e-02 +2.7679012e+00 +1.2320099e+00 +9.8345802e-01 +6.9722593e-02 -3.7030741e-01 +3.8655556e-02 +1.8618211e+04
7.9926700e-01 +1.0000000e-01 +1.6923333e+01 +2.5310444e-02 -9.1371000e-02 +2.7496049e+00 +1.2250593e+00 +9.8409012e-01 +7.6375185e-02 -3.6931481e-01 +4.0572222e-02 +1.8559962e+04
8.0265000e-01 +1.0000000e-01 +1.6910889e+01 +3.1018778e-02 -9.3577444e-02 +2.7307901e+00 +1.2180420e+00 +9.8431481e-01 +8.3345185e-02 -3.6807160e-01 +4.2430741e-02 +1.8498821e+04
8.0599600e-01 +1.0000000e-01 +1.6897778e+01 +3.6687667e-02 -9.5789333e-02 +2.7121481e+00 +1.2109617e+00 +9.8408148e-01 +9.0644568e-02 -3.6688642e-01 +4.4129877e-02 +1.8429906e+04
8.0930400e-01 +1.0000000e-01 +1.6884000e+01 +4.2336556e-02 -9.8032556e-02 +2.6940741e+00 +1.2038765e+00 +9.8335309e-01 +9.8258272e-02 -3.6579383e-01 +4.5643457e-02 +1.8355324e+04
8.1257600e-01 +1.0000000e-01 +1.6869556e+01 +4.7950778e-02 -1.0029578e-01 +2.6763333e+00 +1.1969049e+00 +9.8237654e-01 +1.0609914e-01 -3.6444691e-01 +4.7025802e-02 +1.8275873e+04
8.1581000e-01 +1.0000000e-01 +1.6854667e+01 +5.3491222e-02 -1.0254656e-01 +2.6586914e+00 +1.1901617e+00 +9.8155802e-01 +1.1408469e-01 -3.6261111e-01 +4.8369136e-02 +1.8190979e+04
8.1900800e-01 +1.0000000e-01 +1.6839111e+01 +5.8932889e-02 -1.0476478e-01 +2.6414321e+00 +1.1836951e+00 +9.8103951e-01 +1.2219481e-01 -3.6042469e-01 +4.9709877e-02 +1.8104820e+04
8.2216800e-01 +1.0000000e-01 +1.6823000e+01 +6.4274778e-02 -1.0698678e-01 +2.6248272e+00 +1.1774704e+00 +9.8064321e-01 +1.3038889e-01 -3.5818889e-01 +5.1027901e-02 +1.8022963e+04
8.2529200e-01 +1.0000000e-01 +1.6806444e+01 +6.9531444e-02 -1.0929033e-01 +2.6085309e+00 +1.1714247e+00 +9.8015185e-01 +1.3856173e-01 -3.5593951e-01 +5.2280988e-02 +1.7950655e+04
8.2837800e-01 +1.0000000e-01 +1.6789444e+01 +7.4733000e-02 -1.1173889e-01 +2.5920494e+00 +1.1654975e+00 +9.7944938e-01 +1.4660741e-01 -3.5352716e-01 +5.3413704e-02 +1.7890938e+04
8.3142800e-01 +1.0000000e-01 +1.6772111e+01 +7.9914556e-02 -1.1436000e-01 +2.5751728e+00 +1.1596222e+00 +9.7851111e-01 +1.5446420e-01 -3.5099012e-01 +5.4429136e-02 +1.7841179e+04
8.3444100e-01 +1.0000000e-01 +1.6754222e+01 +8.5103333e-02 -1.1713333e-01 +2.5579012e+00 +1.1537272e+00 +9.7742716e-01 +1.6209136e-01 -3.4840123e-01 +5.5416173e-02 +1.7800786e+04
8.3741800e-01 +1.0000000e-01 +1.6735889e+01 +9.0312556e-02 -1.1998333e-01 +2.5403580e+00 +1.1477741e+00 +9.7639753e-01 +1.6943457e-01 -3.4563210e-01 +5.6481728e-02 +1.7771208e+04
8.4035800e-01 +1.0000000e-01 +1.6717000e+01 +9.5539000e-02 -1.2281778e-01 +2.5228642e+00 +1.1417790e+00 +9.7556543e-01 +1.7642346e-01 -3.4248889e-01 +5.7693333e-02 +1.7751231e+04
8.4326200e-01 +1.0000000e-01 +1.6697667e+01 +1.0075211e-01 -1.2557444e-01 +2.5054691e+00 +1.1357877e+00 +9.7491852e-01 +1.8299383e-01 -3.3886173e-01 +5.9063457e-02 +1.7736659e+04
8.4613000e-01 +1.0000000e-01 +1.6677667e+01 +1.0590744e-01 -1.2823333e-01 +2.4880370e+00 +1.1298519e+00 +9.7437037e-01 +1.8914815e-01 -3.3478395e-01 +6.0522963e-02 +1.7724100e+04
8.4896200e-01 +1.0000000e-01 +1.6657111e+01 +1.1097944e-01 -1.3079889e-01 +2.4706790e+00 +1.1239926e+00 +9.7389012e-01 +1.9497778e-01 -3.3040988e-01 +6.1956420e-02 +1.7712355e+04
8.5175700e-01 +1.0000000e-01 +1.6636000e+01 +1.1596778e-01 -1.3328000e-01 +2.4536543e+00 +1.1181901e+00 +9.7353580e-01 +2.0060741e-01 -3.2587531e-01 +6.3313333e-02 +1.7702313e+04
8.5451800e-01 +1.0000000e-01 +1.6614333e+01 +1.2087778e-01 -1.3569222e-01 +2.4371111e+00 +1.1124037e+00 +9.7336049e-01 +2.0613210e-01 -3.2112099e-01 +6.4605679e-02 +1.7697451e+04
8.5724300e-01 +1.0000000e-01 +1.6592000e+01 +1.2570111e-01 -1.3806333e-01 +2.4209877e+00 +1.1066185e+00 +9.7339136e-01 +2.1162346e-01 -3.1598272e-01 +6.5837160e-02 +1.7698799e+04
8.5993200e-01 +1.0000000e-01 +1.6569222e+01 +1.3042000e-01 -1.4043778e-01 +2.4051111e+00 +1.1008568e+00 +9.7358395e-01 +2.1713086e-01 -3.1033457e-01 +6.6989012e-02 +1.7705693e+04
8.6258600e-01 +1.0000000e-01 +1.6545889e+01 +1.3501000e-01 -1.4286556e-01 +2.3893580e+00 +1.0951457e+00 +9.7384568e-01 +2.2264321e-01 -3.0415926e-01 +6.8041358e-02 +1.7721076e+04
8.6520600e-01 +1.0000000e-01 +1.6522000e+01 +1.3944222e-01 -1.4539111e-01 +2.3739877e+00 +1.0894951e+00 +9.7419630e-01 +2.2810494e-01 -2.9760123e-01 +6.9012963e-02 +1.7746567e+04
8.6779100e-01 +1.0000000e-01 +1.6497556e+01 +1.4368778e-01 -1.4803333e-01 +2.3594691e+00 +1.0839037e+00 +9.7483086e-01 +2.3349753e-01 -2.9086049e-01 +6.9965062e-02 +1.7778389e+04
8.7034100e-01 +1.0000000e-01 +1.6472444e+01 +1.4773111e-01 -1.5079222e-01 +2.3461481e+00 +1.0783864e+00 +9.7606543e-01 +2.3884691e-01 -2.8403457e-01 +7.0967160e-02 +1.7811445e+04
8.7285700e-01 +1.0000000e-01 +1.6446778e+01 +1.5156222e-01 -1.5364667e-01 +2.3341111e+00 +1.0729704e+00 +9.7812346e-01 +2.4416173e-01 -2.7714815e-01 +7.2075185e-02 +1.7846840e+04
8.7534000e-01 +1.0000000e-01 +1.6420333e+01 +1.5518111e-01 -1.5657111e-01 +2.3233580e+00 +1.0676864e+00 +9.8103951e-01 +2.4945309e-01 -2.7022593e-01 +7.3330494e-02 +1.7888979e+04
8.7778800e-01 +1.0000000e-01 +1.6393111e+01 +1.5858667e-01 -1.5952889e-01 +2.3139753e+00 +1.0625704e+00 +9.8471235e-01 +2.5476667e-01 -2.6329753e-01 +7.4740741e-02 +1.7940701e+04
8.8020300e-01 +1.0000000e-01 +1.6365222e+01 +1.6177333e-01 -1.6248333e-01 +2.3060617e+00 +1.0576481e+00 +9.8897407e-01 +2.6016049e-01 -2.5637160e-01 +7.6270494e-02 +1.8000609e+04
8.8258400e-01 +1.0000000e-01 +1.6336444e+01 +1.6472778e-01 -1.6539556e-01 +2.2996173e+00 +1.0529235e+00 +9.9363333e-01 +2.6566296e-01 -2.4944691e-01 +7.7862593e-02 +1.8068023e+04
8.8493300e-01 +1.0000000e-01 +1.6306889e+01 +1.6743222e-01 -1.6822222e-01 +2.2945802e+00 +1.0483691e+00 +9.9849753e-01 +2.7126420e-01 -2.4255556e-01 +7.9460494e-02 +1.8147871e+04
8.8724900e-01 +1.0000000e-01 +1.6276556e+01 +1.6987333e-01 -1.7091667e-01 +2.2908395e+00 +1.0439469e+00 +1.0034272e+00 +2.7693827e-01 -2.3578519e-01 +8.1019383e-02 +1.8244439e+04
8.8953200e-01 +1.0000000e-01 +1.6245444e+01 +1.7203222e-01 -1.7344333e-01 +2.2883580e+00 +1.0396222e+00 +1.0083951e+00 +2.8264815e-01 -2.2925556e-01 +8.2512840e-02 +1.8355913e+04
8.9178300e-01 +1.0000000e-01 +1.6213667e+01 +1.7389444e-01 -1.7578444e-01 +2.2871852e+00 +1.0353704e+00 +1.0134309e+00 +2.8835432e-01 -2.2304815e-01 +8.3926543e-02 +1.8479572e+04
8.9400200e-01 +1.0000000e-01 +1.6180889e+01 +1.7545111e-01 -1.7794222e-01 +2.2873827e+00 +1.0311679e+00 +1.0185296e+00 +2.9403457e-01 -2.1716914e-01 +8.5241728e-02 +1.8618101e+04
8.9619000e-01 +1.0000000e-01 +1.6147333e+01 +1.7670556e-01 -1.7990778e-01 +2.2890370e+00 +1.0269778e+00 +1.0236753e+00 +2.9970000e-01 -2.1157160e-01 +8.6428272e-02 +1.8775755e+04
8.9834600e-01 +1.0000000e-01 +1.6112778e+01 +1.7765556e-01 -1.8164333e-01 +2.2921975e+00 +1.0227630e+00 +1.0288704e+00 +3.0538272e-01 -2.0621605e-01 +8.7442222e-02 +1.8956528e+04
9.0047100e-01 +1.0000000e-01 +1.6077111e+01 +1.7830000e-01 -1.8308556e-01 +2.2970000e+00 +1.0184951e+00 +1.0341407e+00 +3.1111111e-01 -2.0106543e-01 +8.8234815e-02 +1.9160539e+04
9.0256500e-01 +1.0000000e-01 +1.6040444e+01 +1.7863111e-01 -1.8416556e-01 +2.3036543e+00 +1.0141593e+00 +1.0395247e+00 +3.1688025e-01 -1.9607531e-01 +8.8773951e-02 +1.9383897e+04
9.0462900e-01 +1.0000000e-01 +1.6002556e+01 +1.7864667e-01 -1.8482778e-01 +2.3123086e+00 +1.0097519e+00 +1.0450765e+00 +3.2267160e-01 -1.9118519e-01 +8.9055679e-02 +1.9622581e+04
9.0666200e-01 +1.0000000e-01 +1.5963556e+01 +1.7834667e-01 -1.8503667e-01 +2.3229877e+00 +1.0052667e+00 +1.0508469e+00 +3.2846049e-01 -1.8634691e-01 +8.9101481e-02 +1.9877708e+04
9.0866500e-01 +1.0000000e-01 +1.5923444e+01 +1.7773000e-01 -1.8478111e-01 +2.3355185e+00 +1.0006926e+00 +1.0568580e+00 +3.3422593e-01 -1.8152593e-01 +8.8945309e-02 +2.0154991e+04
9.1063900e-01 +1.0000000e-01 +1.5882222e+01 +1.7679444e-01 -1.8407222e-01 +2.3497284e+00 +9.9601235e-01 +1.0631025e+00 +3.3996420e-01 -1.7671975e-01 +8.8623457e-02 +2.0459532e+04
9.1258400e-01 +1.0000000e-01 +1.5839778e+01 +1.7554333e-01 -1.8294111e-01 +2.3654321e+00 +9.9120617e-01 +1.0695333e+00 +3.4569012e-01 -1.7197901e-01 +8.8169012e-02 +2.0795899e+04
9.1449900e-01 +1.0000000e-01 +1.5796111e+01 +1.7398111e-01 -1.8142444e-01 +2.3826049e+00 +9.8624815e-01 +1.0760827e+00 +3.5141975e-01 -1.6738395e-01 +8.7603210e-02 +2.1166720e+04
9.1638500e-01 +1.0000000e-01 +1.5751333e+01 +1.7212444e-01 -1.7955556e-01 +2.4013210e+00 +9.8110741e-01 +1.0827000e+00 +3.5716296e-01 -1.6300123e-01 +8.6931852e-02 +2.1569472e+04
9.1824400e-01 +1.0000000e-01 +1.5705444e+01 +1.6998667e-01 -1.7734778e-01 +2.4217654e+00 +9.7575556e-01 +1.0893531e+00 +3.6291852e-01 -1.5882963e-01 +8.6155309e-02 +2.2000839e+04
9.2007400e-01 +1.0000000e-01 +1.5658222e+01 +1.6758778e-01 -1.7479556e-01 +2.4440370e+00 +9.7017037e-01 +1.0960383e+00 +3.6867778e-01 -1.5481852e-01 +8.5279506e-02 +2.2458544e+04
9.2187600e-01 +1.0000000e-01 +1.5609778e+01 +1.6494333e-01 -1.7187778e-01 +2.4681975e+00 +9.6433827e-01 +1.1027753e+00 +3.7442593e-01 -1.5091235e-01 +8.4314691e-02 +2.2940625e+04
9.2365000e-01 +1.0000000e-01 +1.5560222e+01 +1.6206556e-01 -1.6858222e-01 +2.4942346e+00 +9.5826049e-01 +1.1095654e+00 +3.8014691e-01 -1.4706914e-01 +8.3272099e-02 +2.3448059e+04
9.2539800e-01 +1.0000000e-01 +1.5509444e+01 +1.5896333e-01 -1.6490889e-01 +2.5221605e+00 +9.5194568e-01 +1.1163901e+00 +3.8583333e-01 -1.4324938e-01 +8.2161852e-02 +2.3985252e+04
9.2711800e-01 +1.0000000e-01 +1.5457444e+01 +1.5564333e-01 -1.6087333e-01 +2.5520617e+00 +9.4540864e-01 +1.1232506e+00 +3.9149136e-01 -1.3940864e-01 +8.0993210e-02 +2.4554563e+04
9.2881200e-01 +1.0000000e-01 +1.5404333e+01 +1.5211556e-01 -1.5648778e-01 +2.5840617e+00 +9.3866790e-01 +1.1302185e+00 +3.9712716e-01 -1.3552469e-01 +7.9775185e-02 +2.5153259e+04
9.3048000e-01 +1.0000000e-01 +1.5350222e+01 +1.4838889e-01 -1.5176444e-01 +2.6182469e+00 +9.3173951e-01 +1.1373802e+00 +4.0274568e-01 -1.3159630e-01 +7.8515062e-02 +2.5778786e+04
9.3212100e-01 +1.0000000e-01 +1.5295000e+01 +1.4447667e-01 -1.4670667e-01 +2.6546667e+00 +9.2463580e-01 +1.1447654e+00 +4.0834815e-01 -1.2763951e-01 +7.7214198e-02 +2.6433245e+04
9.3373700e-01 +1.0000000e-01 +1.5238667e+01 +1.4039444e-01 -1.4131889e-01 +2.6933951e+00 +9.1735556e-01 +1.1523407e+00 +4.1392963e-01 -1.2368395e-01 +7.5869383e-02 +2.7120954e+04
9.3532800e-01 +1.0000000e-01 +1.5181333e+01 +1.3615333e-01 -1.3560444e-01 +2.7345802e+00 +9.0989136e-01 +1.1600444e+00 +4.1947531e-01 -1.1977136e-01 +7.4481235e-02 +2.7844851e+04
9.3689300e-01 +1.0000000e-01 +1.5122889e+01 +1.3176889e-01 -1.2956667e-01 +2.7783580e+00 +9.0221975e-01 +1.1678259e+00 +4.2496420e-01 -1.1593926e-01 +7.3057531e-02 +2.8604575e+04
9.3843400e-01 +1.0000000e-01 +1.5063222e+01 +1.2725000e-01 -1.2320778e-01 +2.8248272e+00 +8.9431605e-01 +1.1756444e+00 +4.3037531e-01 -1.1220136e-01 +7.1608519e-02 +2.9396987e+04
9.3995000e-01 +1.0000000e-01 +1.5002556e+01 +1.2261222e-01 -1.1653111e-01 +2.8740617e+00 +8.8615309e-01 +1.1834407e+00 +4.3569383e-01 -1.0854889e-01 +7.0138148e-02 +3.0219832e+04
9.4144200e-01 +1.0000000e-01 +1.4940556e+01 +1.1786444e-01 -1.0953556e-01 +2.9260988e+00 +8.7770247e-01 +1.1911407e+00 +4.4090864e-01 -1.0495975e-01 +6.8641975e-02 +3.1074813e+04
9.4291000e-01 +1.0000000e-01 +1.4877556e+01 +1.1301778e-01 -1.0220700e-01 +2.9809506e+00 +8.6893333e-01 +1.1986667e+00 +4.4601481e-01 -1.0141296e-01 +6.7108395e-02 +3.1966985e+04
9.4435500e-01 +1.0000000e-01 +1.4813222e+01 +1.0807822e-01 -9.4525333e-02 +3.0386049e+00 +8.5981975e-01 +1.2059481e+00 +4.5101235e-01 -9.7897160e-02 +6.5522099e-02 +3.2900100e+04
9.4577700e-01 +1.0000000e-01 +1.4747667e+01 +1.0304878e-01 -8.6469778e-02 +3.0990494e+00 +8.5032716e-01 +1.2129210e+00 +4.5590123e-01 -9.4406667e-02 +6.3868395e-02 +3.3875050e+04
9.4717500e-01 +1.0000000e-01 +1.4680889e+01 +9.7932222e-02 -7.8024333e-02 +3.1622840e+00 +8.4041481e-01 +1.2195160e+00 +4.6068272e-01 -9.0940247e-02 +6.2137778e-02 +3.4891153e+04
9.4855100e-01 +1.0000000e-01 +1.4612778e+01 +9.2730778e-02 -6.9179000e-02 +3.2282099e+00 +8.3003951e-01 +1.2256753e+00 +4.6536049e-01 -8.7508889e-02 +6.0328642e-02 +3.5950634e+04
9.4990500e-01 +1.0000000e-01 +1.4543111e+01 +8.7449222e-02 -5.9931667e-02 +3.2966420e+00 +8.1915926e-01 +1.2313506e+00 +4.6994444e-01 -8.4140000e-02 +5.8445185e-02 +3.7060551e+04
9.5123600e-01 +1.0000000e-01 +1.4472000e+01 +8.2097333e-02 -5.0288667e-02 +3.3674321e+00 +8.0773704e-01 +1.2365185e+00 +4.7444815e-01 -8.0869012e-02 +5.6493457e-02 +3.8230590e+04
9.5254600e-01 +1.0000000e-01 +1.4399222e+01 +7.6690444e-02 -4.0266000e-02 +3.4404938e+00 +7.9574444e-01 +1.2411605e+00 +4.7887901e-01 -7.7721852e-02 +5.4478642e-02 +3.9468307e+04
9.5383400e-01 +1.0000000e-01 +1.4324667e+01 +7.1249333e-02 -2.9886000e-02 +3.5158395e+00 +7.8315679e-01 +1.2452963e+00 +4.8324198e-01 -7.4697407e-02 +5.2403951e-02 +4.0773115e+04
9.5510100e-01 +1.0000000e-01 +1.4248000e+01 +6.5798111e-02 -1.9173111e-02 +3.5935926e+00 +7.6995802e-01 +1.2489136e+00 +4.8752346e-01 -7.1768272e-02 +5.0273457e-02 +4.2137594e+04
9.5634800e-01 +1.0000000e-01 +1.4169444e+01 +6.0362778e-02 -8.1471556e-03 +3.6738765e+00 +7.5613704e-01 +1.2520494e+00 +4.9169630e-01 -6.8894444e-02 +4.8096420e-02 +4.3555069e+04
9.5757400e-01 +1.0000000e-01 +1.4088556e+01 +5.4968889e-02 +3.1797556e-03 +3.7567284e+00 +7.4168765e-01 +1.2546543e+00 +4.9571975e-01 -6.6035926e-02 +4.5888889e-02 +4.5025174e+04
9.5877900e-01 +1.0000000e-01 +1.4005222e+01 +4.9641556e-02 +1.4804222e-02 +3.8421852e+00 +7.2660617e-01 +1.2566914e+00 +4.9953827e-01 -6.3160123e-02 +4.3672222e-02 +4.6551378e+04
9.5996400e-01 +1.0000000e-01 +1.3919444e+01 +4.4403444e-02 +2.6728444e-02 +3.9303086e+00 +7.1089259e-01 +1.2581358e+00 +5.0309012e-01 -6.0246543e-02 +4.1468272e-02 +4.8135447e+04
9.6113000e-01 +1.0000000e-01 +1.3831000e+01 +3.9275667e-02 +3.8954889e-02 +4.0211481e+00 +6.9454568e-01 +1.2589506e+00 +5.0631728e-01 -5.7283086e-02 +3.9296049e-02 +4.9775556e+04
9.6227600e-01 +1.0000000e-01 +1.3739667e+01 +3.4277444e-02 +5.1479889e-02 +4.1147160e+00 +6.7756914e-01 +1.2591481e+00 +5.0916543e-01 -5.4257160e-02 +3.7170370e-02 +5.1466971e+04
9.6340300e-01 +1.0000000e-01 +1.3645222e+01 +2.9426778e-02 +6.4287333e-02 +4.2109877e+00 +6.5997778e-01 +1.2587654e+00 +5.1159012e-01 -5.1152099e-02 +3.5103580e-02 +5.3206027e+04
9.6451100e-01 +1.0000000e-01 +1.3547556e+01 +2.4740444e-02 +7.7346667e-02 +4.3098642e+00 +6.4179259e-01 +1.2578272e+00 +5.1355062e-01 -4.7952099e-02 +3.3106296e-02 +5.4992777e+04
9.6560100e-01 +1.0000000e-01 +1.3446333e+01 +2.0234222e-02 +9.0613222e-02 +4.4111975e+00 +6.2304444e-01 +1.2563333e+00 +5.1500247e-01 -4.4650123e-02 +3.1185309e-02 +5.6830835e+04
9.6667200e-01 +1.0000000e-01 +1.3341333e+01 +1.5922778e-02 +1.0403211e-01 +4.5148025e+00 +6.0377778e-01 +1.2543210e+00 +5.1590370e-01 -4.1252222e-02 +2.9343457e-02 +5.8723617e+04
9.6772500e-01 +1.0000000e-01 +1.3232333e+01 +1.1819000e-02 +1.1754222e-01 +4.6204691e+00 +5.8403704e-01 +1.2517901e+00 +5.1620988e-01 -3.7775432e-02 +2.7579506e-02 +6.0670308e+04
9.6876100e-01 +1.0000000e-01 +1.3118889e+01 +7.9346000e-03 +1.3107889e-01 +4.7279753e+00 +5.6387407e-01 +1.2487654e+00 +5.1588025e-01 -3.4242222e-02 +2.5890247e-02 +6.2665405e+04
9.6977800e-01 +1.0000000e-01 +1.3000667e+01 +4.2794556e-03 +1.4458000e-01 +4.8370741e+00 +5.4334198e-01 +1.2452716e+00 +5.1487901e-01 -3.0669506e-02 +2.4270988e-02 +6.4700128e+04
9.7077900e-01 +1.0000000e-01 +1.2877556e+01 +8.6183778e-04 +1.5798222e-01 +4.9474074e+00 +5.2249259e-01 +1.2413086e+00 +5.1317160e-01 -2.7060741e-02 +2.2716543e-02 +6.6763495e+04
9.7176200e-01 +1.0000000e-01 +1.2748889e+01 -2.3117778e-03 +1.7122222e-01 +5.0586049e+00 +5.0137901e-01 +1.2368272e+00 +5.1072963e-01 -2.3406543e-02 +2.1221111e-02 +6.8843246e+04
9.7272900e-01 +1.0000000e-01 +1.2614444e+01 -5.2365556e-03 +1.8424111e-01 +5.1701111e+00 +4.8005309e-01 +1.2317654e+00 +5.0752963e-01 -1.9693951e-02 +1.9780000e-02 +7.0926539e+04
9.7367900e-01 +1.0000000e-01 +1.2473889e+01 -7.9090889e-03 +1.9697556e-01 +5.2812593e+00 +4.5857037e-01 +1.2260136e+00 +5.0355309e-01 -1.5917778e-02 +1.8390123e-02 +7.3002411e+04
9.7461200e-01 +1.0000000e-01 +1.2326556e+01 -1.0327278e-02 +2.0936444e-01 +5.3912469e+00 +4.3698642e-01 +1.2194444e+00 +4.9877901e-01 -1.2086889e-02 +1.7051728e-02 +7.5061104e+04
9.7553000e-01 +1.0000000e-01 +1.2172111e+01 -1.2490222e-02 +2.2134444e-01 +5.4990988e+00 +4.1536049e-01 +1.2119148e+00 +4.9318642e-01 -8.2243457e-03 +1.5769012e-02 +7.7093767e+04
9.7643200e-01 +1.0000000e-01 +1.2010222e+01 -1.4398111e-02 +2.3285222e-01 +5.6036914e+00 +3.9375185e-01 +1.2032778e+00 +4.8674815e-01 -4.3630864e-03 +1.4550864e-02 +7.9090497e+04
9.7731900e-01 +1.0000000e-01 +1.1840222e+01 -1.6052556e-02 +2.4382222e-01 +5.7037407e+00 +3.7222222e-01 +1.1933889e+00 +4.7942716e-01 -5.4009630e-04 +1.3408889e-02 +8.1038473e+04
9.7819000e-01 +1.0000000e-01 +1.1661889e+01 -1.7456444e-02 +2.5419222e-01 +5.7978395e+00 +3.5083333e-01 +1.1821111e+00 +4.7118889e-01 +3.2085185e-03 +1.2355802e-02 +8.2921821e+04
9.7904600e-01 +1.0000000e-01 +1.1474556e+01 -1.8614444e-02 +2.6389444e-01 +5.8843951e+00 +3.2964568e-01 +1.1693259e+00 +4.6199136e-01 +6.8502222e-03 +1.1402395e-02 +8.4723849e+04
9.7988700e-01 +1.0000000e-01 +1.1277778e+01 -1.9532667e-02 +2.7286778e-01 +5.9616790e+00 +3.0871852e-01 +1.1549222e+00 +4.5179877e-01 +1.0356481e-02 +1.0555679e-02 +8.6428057e+04
9.8071400e-01 +1.0000000e-01 +1.1071044e+01 -2.0218444e-02 +2.8104889e-01 +6.0277778e+00 +2.8811111e-01 +1.1388074e+00 +4.4057284e-01 +1.3702222e-02 +9.8171481e-03 +8.8018149e+04
9.8152600e-01 +1.0000000e-01 +1.0853956e+01 -2.0681333e-02 +2.8837667e-01 +6.0806296e+00 +2.6788025e-01 +1.1208975e+00 +4.2828272e-01 +1.6864815e-02 +9.1824691e-03 +8.9477841e+04
9.8232400e-01 +1.0000000e-01 +1.0625989e+01 -2.0931667e-02 +2.9479333e-01 +6.1180494e+00 +2.4808148e-01 +1.1011160e+00 +4.1490000e-01 +1.9822593e-02 +8.6420000e-03 +9.0790196e+04
9.8310800e-01 +1.0000000e-01 +1.0386689e+01 -2.0981444e-02 +3.0024333e-01 +6.1377284e+00 +2.2877037e-01 +1.0793975e+00 +4.0040741e-01 +2.2554444e-02 +8.1820247e-03 +9.1939146e+04
9.8387800e-01 +1.0000000e-01 +1.0135633e+01 -2.0844000e-02 +3.0467556e-01 +6.1372840e+00 +2.0999753e-01 +1.0556815e+00 +3.8479383e-01 +2.5037407e-02 +7.7863333e-03 +9.2910275e+04
9.8463500e-01 +1.0000000e-01 +9.8724000e+00 -2.0533222e-02 +3.0804333e-01 +6.1142963e+00 +1.9181358e-01 +1.0299222e+00 +3.6806543e-01 +2.7246667e-02 +7.4377778e-03 +9.3692264e+04
9.8537900e-01 +1.0000000e-01 +9.5966556e+00 -2.0064444e-02 +3.1030444e-01 +6.0663704e+00 +1.7427037e-01 +1.0020901e+00 +3.5023951e-01 +2.9154815e-02 +7.1197407e-03 +9.4277493e+04
9.8611000e-01 +1.0000000e-01 +9.3080778e+00 -1.9453111e-02 +3.1142333e-01 +5.9912346e+00 +1.5741358e-01 +9.7217901e-01 +3.3135556e-01 +3.0732840e-02 +6.8173704e-03 +9.4662246e+04
9.8682800e-01 +1.0000000e-01 +9.0064556e+00 -1.8715556e-02 +3.1136667e-01 +5.8867654e+00 +1.4128889e-01 +9.4020617e-01 +3.1147407e-01 +3.1951605e-02 +6.5183580e-03 +9.4847606e+04
9.8753300e-01 +1.0000000e-01 +8.6916222e+00 -1.7868111e-02 +3.1011000e-01 +5.7511235e+00 +1.2593827e-01 +9.0622222e-01 +2.9068148e-01 +3.2783580e-02 +6.2135802e-03 +9.4840702e+04
9.8822500e-01 +1.0000000e-01 +8.3635556e+00 -1.6927222e-02 +3.0763444e-01 +5.5828642e+00 +1.1140160e-01 +8.7029753e-01 +2.6909259e-01 +3.3204568e-02 +5.8971235e-03 +9.4657814e+04
9.8890600e-01 +1.0000000e-01 +8.0223111e+00 -1.5909000e-02 +3.0392556e-01 +5.3810370e+00 +9.7714815e-02 +8.3252222e-01 +2.4685556e-01 +3.3196420e-02 +5.5660494e-03 +9.4326901e+04
9.8957400e-01 +1.0000000e-01 +7.6681111e+00 -1.4829667e-02 +2.9897556e-01 +5.1453333e+00 +8.4909877e-02 +7.9299259e-01 +2.2415185e-01 +3.2749012e-02 +5.2199012e-03 +9.3892141e+04
9.9023100e-01 +1.0000000e-01 +7.3013333e+00 -1.3704556e-02 +2.9278111e-01 +4.8762222e+00 +7.3014074e-02 +7.5180617e-01 +2.0120123e-01 +3.1862593e-02 +4.8599630e-03 +9.3414050e+04
9.9087600e-01 +1.0000000e-01 +6.9224889e+00 -1.2548889e-02 +2.8534667e-01 +4.5751481e+00 +6.2049259e-02 +7.0905432e-01 +1.7826049e-01 +3.0549753e-02 +4.4884815e-03 +9.2969633e+04
9.9150900e-01 +1.0000000e-01 +6.5323000e+00 -1.1377000e-02 +2.7668111e-01 +4.2446543e+00 +5.2031852e-02 +6.6481728e-01 +1.5561481e-01 +2.8837160e-02 +4.1081481e-03 +9.2648350e+04
9.9213200e-01 +1.0000000e-01 +6.1316667e+00 -1.0202967e-02 +2.6679444e-01 +3.8884568e+00 +4.2971605e-02 +6.1916667e-01 +1.3357778e-01 +2.6765432e-02 +3.7216543e-03 +9.2544981e+04
9.9274300e-01 +1.0000000e-01 +5.7216889e+00 -9.0402333e-03 +2.5570444e-01 +3.5116173e+00 +3.4870988e-02 +5.7217037e-01 +1.1247667e-01 +2.4390247e-02 +3.3316173e-03 +9.2750573e+04
9.9334300e-01 +1.0000000e-01 +5.3036222e+00 -7.9016889e-03 +2.4342889e-01 +3.1204074e+00 +2.7725309e-02 +5.2390494e-01 +9.2639753e-02 +2.1780617e-02 +2.9406667e-03 +9.3337928e+04
9.9393300e-01 +1.0000000e-01 +4.8788889e+00 -6.7996778e-03 +2.2998889e-01 +2.7222593e+00 +2.1520617e-02 +4.7446914e-01 +7.4379136e-02 +1.9017778e-02 +2.5517284e-03 +9.4349024e+04
9.9451200e-01 +1.0000000e-01 +4.4490556e+00 -5.7460000e-03 +2.1540556e-01 +2.3255309e+00 +1.6233704e-02 +4.2400741e-01 +5.7970741e-02 +1.6191852e-02 +2.1684198e-03 +9.5781141e+04
9.9508100e-01 +1.0000000e-01 +4.0157333e+00 -4.7518889e-03 +1.9970333e-01 +1.9390370e+00 +1.1830247e-02 +3.7273704e-01 +4.3631852e-02 +1.3397531e-02 +1.7953951e-03 +9.7579720e+04
9.9563900e-01 +1.0000000e-01 +3.5806222e+00 -3.8279444e-03 +1.8290556e-01 +1.5716543e+00 +8.2639136e-03 +3.2098765e-01 +3.1501975e-02 +1.0727630e-02 +1.4386049e-03 +9.9644801e+04
9.9618800e-01 +1.0000000e-01 +3.1453444e+00 -2.9841556e-03 +1.6503778e-01 +1.2316802e+00 +5.4748395e-03 +2.6924321e-01 +2.1626049e-02 +8.2663951e-03 +1.1054136e-03 +1.0185355e+05
9.9672600e-01 +1.0000000e-01 +2.7114667e+00 -2.2298000e-03 +1.4612667e-01 +9.2626420e-01 +3.3889136e-03 +2.1819136e-01 +1.3944815e-02 +6.0824568e-03 +8.0422346e-04 +1.0410163e+05
9.9725500e-01 +1.0000000e-01 +2.2803778e+00 -1.5734667e-03 +1.2620222e-01 +6.6094691e-01 +1.9175309e-03 +1.6876667e-01 +8.2967160e-03 +4.2240494e-03 +5.4378148e-04 +1.0635432e+05
9.9777500e-01 +1.0000000e-01 +1.8532889e+00 -1.0229533e-03 +1.0529578e-01 +4.3938519e-01 +9.5885679e-04 +1.2220148e-01 +4.4291852e-03 +2.7167901e-03 +3.3196790e-04 +1.0869356e+05
9.9828500e-01 +1.0000000e-01 +1.4311667e+00 -5.8522556e-04 +8.3443444e-02 +2.6335432e-01 +4.0077531e-04 +8.0067531e-02 +2.0222840e-03 +1.5646914e-03 +1.7418272e-04 +1.1135079e+05
9.9878600e-01 +1.0000000e-01 +1.0147089e+00 -2.6640111e-04 +6.0683889e-02 +1.3302469e-01 +1.2670370e-04 +4.4323457e-02 +7.1920617e-04 +7.5322346e-04 +7.1429259e-05 +1.1472135e+05
9.9927800e-01 +1.0000000e-01 +6.0439889e-01 -7.1517222e-05 +3.7060444e-02 +4.7469383e-02 +2.4819383e-05 +1.7370988e-02 +1.5975556e-04 +2.5344691e-04 +1.8332222e-05 +1.1935300e+05
9.9976100e-01 +1.0000000e-01 +2.0048444e-01 +0.0000000e+00 +1.2628889e-02 +5.2709136e-03 +1.7971481e-06 +2.1417284e-03 +1.0384494e-05 +2.5962593e-05 +1.3898765e-06 +1.2539215e+05
1.0000000e+00 +1.0000000e-01 +0.0000000e+00 +0.0000000e+00 +0.0000000e+00 +0.0000000e+00 +0.0000000e+00 +0.0000000e+00 +0.0000000e+00 +0.0000000e+00 +0.0000000e+00 +1.2539136e+05
