#    y              z              <u>            <v>            <w>            <u'u'>         <v'v'>         <w'w'>         <u'v'>         <u'w'>         <v'w'>         <eps>         
#----------------------------------------------------------------------------------------------------------------------------------------------------------------------------------
0.0000000e+00 +1.5000000e-01 +0.0000000e+00 +0.0000000e+00 +0.0000000e+00 +0.0000000e+00 +0.0000000e+00 +0.0000000e+00 +0.0000000e+00 +0.0000000e+00 +0.0000000e+00 +3.2851042e+05
1.7900000e-04 +1.5000000e-01 +2.2002833e-01 +1.0733917e-05 +7.4699833e-03 +7.6734028e-03 +3.0114653e-06 +3.2505764e-03 -2.3888819e-05 -5.7405278e-06 -9.6190972e-07 +3.2851138e+05
5.3800000e-04 +1.5000000e-01 +6.6253083e-01 +3.9425167e-05 +2.2201833e-02 +6.8896528e-02 +4.0947431e-05 +2.6109167e-02 -3.6268681e-04 +5.4713611e-05 -1.3370347e-05 +3.1187670e+05
9.0300000e-04 +1.5000000e-01 +1.1101750e+00 +8.5456667e-05 +3.6766000e-02 +1.9218472e-01 +2.0613750e-04 +6.5958611e-02 -1.6091528e-03 +4.0055139e-04 -5.5047500e-05 +2.9875547e+05
1.2720000e-03 +1.5000000e-01 +1.5624583e+00 +1.4744000e-04 +5.1142667e-02 +3.7836458e-01 +6.4304236e-04 +1.1797917e-01 -4.4544306e-03 +1.2367431e-03 -1.4260139e-04 +2.8846500e+05
1.6470000e-03 +1.5000000e-01 +2.0185583e+00 +2.2396667e-04 +6.5310750e-02 +6.2703125e-01 +1.5175417e-03 +1.7832986e-01 -9.5956250e-03 +2.7279375e-03 -2.9007708e-04 +2.7938161e+05
2.0270000e-03 +1.5000000e-01 +2.4772917e+00 +3.1368917e-04 +7.9244833e-02 +9.3561806e-01 +2.9945000e-03 +2.4398333e-01 -1.7664514e-02 +4.9800417e-03 -5.0896806e-04 +2.7048453e+05
2.4120000e-03 +1.5000000e-01 +2.9371917e+00 +4.1537083e-04 +9.2915833e-02 +1.2988611e+00 +5.2242917e-03 +3.1260764e-01 -2.9159722e-02 +8.0227778e-03 -8.0806944e-04 +2.6136862e+05
2.8020000e-03 +1.5000000e-01 +3.3965333e+00 +5.2792583e-04 +1.0629000e-01 +1.7087083e+00 +8.3356944e-03 +3.8246250e-01 -4.4396875e-02 +1.1799722e-02 -1.1931667e-03 +2.5211442e+05
3.1980000e-03 +1.5000000e-01 +3.8534250e+00 +6.5043750e-04 +1.1933333e-01 +2.1548333e+00 +1.2433194e-02 +4.5230486e-01 -6.3484028e-02 +1.6171042e-02 -1.6667222e-03 +2.4310441e+05
3.5990000e-03 +1.5000000e-01 +4.3059083e+00 +7.8216167e-04 +1.3200750e-01 +2.6253611e+00 +1.7597292e-02 +5.2129097e-01 -8.6324306e-02 +2.0928611e-02 -2.2276806e-03 +2.3482472e+05
4.0050000e-03 +1.5000000e-01 +4.7520250e+00 +9.2251667e-04 +1.4427583e-01 +3.1078403e+00 +2.3886042e-02 +5.8888750e-01 -1.1263958e-01 +2.5820833e-02 -2.8715208e-03 +2.2769419e+05
4.4170000e-03 +1.5000000e-01 +5.1899417e+00 +1.0710667e-03 +1.5610500e-01 +3.5902083e+00 +3.1337917e-02 +6.5478889e-01 -1.4201042e-01 +3.0581181e-02 -3.5907014e-03 +2.2197019e+05
4.8350000e-03 +1.5000000e-01 +5.6179917e+00 +1.2274500e-03 +1.6746167e-01 +4.0614722e+00 +3.9974306e-02 +7.1884722e-01 -1.7391944e-01 +3.4954861e-02 -4.3752569e-03 +2.1771915e+05
5.2580000e-03 +1.5000000e-01 +6.0347167e+00 +1.3913833e-03 +1.7831917e-01 +4.5122778e+00 +4.9802500e-02 +7.8100694e-01 -2.0780000e-01 +3.8720000e-02 -5.2136667e-03 +2.1483961e+05
5.6870000e-03 +1.5000000e-01 +6.4389250e+00 +1.5625667e-03 +1.8865500e-01 +4.9351667e+00 +6.0817222e-02 +8.4127083e-01 -2.4307083e-01 +4.1700278e-02 -6.0936597e-03 +2.1311006e+05
6.1220000e-03 +1.5000000e-01 +6.8296500e+00 +1.7406417e-03 +1.9845167e-01 +5.3246458e+00 +7.3002778e-02 +8.9966667e-01 -2.7917292e-01 +4.3770833e-02 -7.0029861e-03 +2.1224736e+05
6.5630000e-03 +1.5000000e-01 +7.2062083e+00 +1.9251417e-03 +2.0769583e-01 +5.6770625e+00 +8.6335417e-02 +9.5620833e-01 -3.1558958e-01 +4.4856944e-02 -7.9300000e-03 +2.1195486e+05
7.0100000e-03 +1.5000000e-01 +7.5681583e+00 +2.1154667e-03 +2.1638250e-01 +5.9904444e+00 +1.0078264e-01 +1.0109167e+00 -3.5186597e-01 +4.4929583e-02 -8.8640278e-03 +2.1195703e+05
7.4630000e-03 +1.5000000e-01 +7.9152500e+00 +2.3108500e-03 +2.2450833e-01 +6.2641875e+00 +1.1630417e-01 +1.0637917e+00 -3.8761111e-01 +4.3997778e-02 -9.7956250e-03 +2.1202442e+05
7.9210000e-03 +1.5000000e-01 +8.2474417e+00 +2.5103417e-03 +2.3207417e-01 +6.4988194e+00 +1.3285486e-01 +1.1147986e+00 -4.2250625e-01 +4.2101806e-02 -1.0716736e-02 +2.1197970e+05
8.3870000e-03 +1.5000000e-01 +8.5648333e+00 +2.7128250e-03 +2.3908750e-01 +6.6956944e+00 +1.5038403e-01 +1.1639097e+00 -4.5629722e-01 +3.9305694e-02 -1.1620486e-02 +2.1169831e+05
8.8580000e-03 +1.5000000e-01 +8.8677500e+00 +2.9170083e-03 +2.4555500e-01 +6.8567986e+00 +1.6883472e-01 +1.2110903e+00 -4.8879444e-01 +3.5691528e-02 -1.2501111e-02 +2.1110205e+05
9.3360000e-03 +1.5000000e-01 +9.1565833e+00 +3.1214500e-03 +2.5148833e-01 +6.9845139e+00 +1.8814653e-01 +1.2562778e+00 -5.1986181e-01 +3.1353750e-02 -1.3354444e-02 +2.1015233e+05
9.8200000e-03 +1.5000000e-01 +9.4315833e+00 +3.3245833e-03 +2.5689917e-01 +7.0813889e+00 +2.0825625e-01 +1.2994375e+00 -5.4940972e-01 +2.6394167e-02 -1.4177361e-02 +2.0883862e+05
1.0311000e-02 +1.5000000e-01 +9.6935000e+00 +3.5246917e-03 +2.6180250e-01 +7.1502778e+00 +2.2909583e-01 +1.3405278e+00 -5.7738958e-01 +2.0917639e-02 -1.4968403e-02 +2.0716930e+05
1.0808000e-02 +1.5000000e-01 +9.9427500e+00 +3.7199750e-03 +2.6621167e-01 +7.1938194e+00 +2.5059653e-01 +1.3795278e+00 -6.0378472e-01 +1.5027708e-02 -1.5727083e-02 +2.0517053e+05
1.1312000e-02 +1.5000000e-01 +1.0179917e+01 +3.9085167e-03 +2.7014417e-01 +7.2146528e+00 +2.7268750e-01 +1.4164236e+00 -6.2860347e-01 +8.8231944e-03 -1.6454653e-02 +2.0287137e+05
1.1823000e-02 +1.5000000e-01 +1.0405583e+01 +4.0882917e-03 +2.7361333e-01 +7.2154167e+00 +2.9529653e-01 +1.4512153e+00 -6.5187431e-01 +2.3953125e-03 -1.7153194e-02 +2.0030836e+05
1.2341000e-02 +1.5000000e-01 +1.0620417e+01 +4.2572000e-03 +2.7663500e-01 +7.1984722e+00 +3.1835278e-01 +1.4839236e+00 -6.7364097e-01 -4.1738819e-03 -1.7825972e-02 +1.9751448e+05
1.2866000e-02 +1.5000000e-01 +1.0824917e+01 +4.4130750e-03 +2.7922333e-01 +7.1661111e+00 +3.4178403e-01 +1.5145833e+00 -6.9395486e-01 -1.0812222e-02 -1.8477014e-02 +1.9452196e+05
1.3397000e-02 +1.5000000e-01 +1.1019750e+01 +4.5536667e-03 +2.8139250e-01 +7.1203472e+00 +3.6551875e-01 +1.5432569e+00 -7.1287500e-01 -1.7457083e-02 -1.9110556e-02 +1.9135943e+05
1.3936000e-02 +1.5000000e-01 +1.1205417e+01 +4.6767417e-03 +2.8315417e-01 +7.0630556e+00 +3.8948611e-01 +1.5699931e+00 -7.3047222e-01 -2.4054861e-02 -1.9730556e-02 +1.8805360e+05
1.4482000e-02 +1.5000000e-01 +1.1382417e+01 +4.7800500e-03 +2.8452250e-01 +6.9960417e+00 +4.1361806e-01 +1.5948750e+00 -7.4679861e-01 -3.0560417e-02 -2.0340417e-02 +1.8463024e+05
1.5035000e-02 +1.5000000e-01 +1.1551417e+01 +4.8614500e-03 +2.8550667e-01 +6.9208542e+00 +4.3784722e-01 +1.6179722e+00 -7.6193750e-01 -3.6936319e-02 -2.0942431e-02 +1.8111374e+05
1.5596000e-02 +1.5000000e-01 +1.1712750e+01 +4.9188667e-03 +2.8611917e-01 +6.8388333e+00 +4.6210833e-01 +1.6393611e+00 -7.7593750e-01 -4.3152708e-02 -2.1537361e-02 +1.7752785e+05
1.6164000e-02 +1.5000000e-01 +1.1866917e+01 +4.9503917e-03 +2.8637000e-01 +6.7512222e+00 +4.8633819e-01 +1.6591181e+00 -7.8887500e-01 -4.9186875e-02 -2.2124444e-02 +1.7389549e+05
1.6739000e-02 +1.5000000e-01 +1.2014417e+01 +4.9542250e-03 +2.8627000e-01 +6.6591319e+00 +5.1047778e-01 +1.6773194e+00 -8.0080556e-01 -5.5021528e-02 -2.2701458e-02 +1.7023890e+05
1.7323000e-02 +1.5000000e-01 +1.2155583e+01 +4.9287000e-03 +2.8583000e-01 +6.5635278e+00 +5.3446944e-01 +1.6940347e+00 -8.1179167e-01 -6.0644028e-02 -2.3265278e-02 +1.6657486e+05
1.7914000e-02 +1.5000000e-01 +1.2290917e+01 +4.8722667e-03 +2.8506000e-01 +6.4652639e+00 +5.5826111e-01 +1.7093403e+00 -8.2190278e-01 -6.6044444e-02 -2.3812014e-02 +1.6292133e+05
1.8513000e-02 +1.5000000e-01 +1.2420667e+01 +4.7834667e-03 +2.8397250e-01 +6.3650972e+00 +5.8180278e-01 +1.7232986e+00 -8.3118750e-01 -7.1215278e-02 -2.4338125e-02 +1.5928876e+05
1.9119000e-02 +1.5000000e-01 +1.2545333e+01 +4.6609250e-03 +2.8257750e-01 +6.2636736e+00 +6.0504861e-01 +1.7359931e+00 -8.3970139e-01 -7.6149306e-02 -2.4840694e-02 +1.5568684e+05
1.9734000e-02 +1.5000000e-01 +1.2665167e+01 +4.5033417e-03 +2.8088500e-01 +6.1615694e+00 +6.2795625e-01 +1.7474792e+00 -8.4750000e-01 -8.0841667e-02 -2.5317361e-02 +1.5212182e+05
2.0357000e-02 +1.5000000e-01 +1.2780500e+01 +4.3095083e-03 +2.7890667e-01 +6.0592917e+00 +6.5048750e-01 +1.7578264e+00 -8.5463194e-01 -8.5284722e-02 -2.5766736e-02 +1.4859645e+05
2.0988000e-02 +1.5000000e-01 +1.2891583e+01 +4.0783417e-03 +2.7665167e-01 +5.9572431e+00 +6.7260625e-01 +1.7670972e+00 -8.6114583e-01 -8.9472917e-02 -2.6187500e-02 +1.4511418e+05
2.1627000e-02 +1.5000000e-01 +1.2998667e+01 +3.8089000e-03 +2.7413000e-01 +5.8557986e+00 +6.9428125e-01 +1.7753542e+00 -8.6706944e-01 -9.3400000e-02 -2.6578681e-02 +1.4168118e+05
2.2275000e-02 +1.5000000e-01 +1.3102167e+01 +3.5003333e-03 +2.7135083e-01 +5.7552639e+00 +7.1548611e-01 +1.7826528e+00 -8.7245833e-01 -9.7063889e-02 -2.6939931e-02 +1.3830166e+05
2.2932000e-02 +1.5000000e-01 +1.3202167e+01 +3.1518667e-03 +2.6832417e-01 +5.6558819e+00 +7.3618750e-01 +1.7890278e+00 -8.7733333e-01 -1.0046389e-01 -2.7271319e-02 +1.3498181e+05
2.3596000e-02 +1.5000000e-01 +1.3298917e+01 +2.7627000e-03 +2.6505667e-01 +5.5578958e+00 +7.5636111e-01 +1.7945417e+00 -8.8172917e-01 -1.0360486e-01 -2.7573958e-02 +1.3172502e+05
2.4270000e-02 +1.5000000e-01 +1.3392750e+01 +2.3320000e-03 +2.6155750e-01 +5.4614861e+00 +7.7599306e-01 +1.7992292e+00 -8.8568056e-01 -1.0649792e-01 -2.7849792e-02 +1.2853340e+05
2.4952000e-02 +1.5000000e-01 +1.3483750e+01 +1.8588833e-03 +2.5783250e-01 +5.3668403e+00 +7.9505556e-01 +1.8031597e+00 -8.8920139e-01 -1.0916111e-01 -2.8101944e-02 +1.2540339e+05
2.5644000e-02 +1.5000000e-01 +1.3572083e+01 +1.3425500e-03 +2.5388917e-01 +5.2740903e+00 +8.1353472e-01 +1.8063819e+00 -8.9233333e-01 -1.1162014e-01 -2.8333958e-02 +1.2233432e+05
2.6344000e-02 +1.5000000e-01 +1.3657917e+01 +7.8232917e-04 +2.4973417e-01 +5.1833472e+00 +8.3142361e-01 +1.8089444e+00 -8.9508333e-01 -1.1390833e-01 -2.8549931e-02 +1.1932472e+05
2.7054000e-02 +1.5000000e-01 +1.3741500e+01 +1.7772917e-04 +2.4537417e-01 +5.0946806e+00 +8.4870139e-01 +1.8109028e+00 -8.9747917e-01 -1.1605833e-01 -2.8753611e-02 +1.1637531e+05
2.7772000e-02 +1.5000000e-01 +1.3823000e+01 -4.7166917e-04 +2.4081500e-01 +5.0081250e+00 +8.6536111e-01 +1.8122847e+00 -8.9954167e-01 -1.1810000e-01 -2.8947847e-02 +1.1348881e+05
2.8500000e-02 +1.5000000e-01 +1.3902417e+01 -1.1663750e-03 +2.3606333e-01 +4.9236875e+00 +8.8139583e-01 +1.8131181e+00 -9.0127778e-01 -1.2005347e-01 -2.9134792e-02 +1.1066873e+05
2.9238000e-02 +1.5000000e-01 +1.3980000e+01 -1.9072250e-03 +2.3112250e-01 +4.8413542e+00 +8.9680556e-01 +1.8133889e+00 -9.0271528e-01 -1.2192222e-01 -2.9315486e-02 +1.0792132e+05
2.9985000e-02 +1.5000000e-01 +1.4055917e+01 -2.6954750e-03 +2.2599917e-01 +4.7610903e+00 +9.1157639e-01 +1.8130903e+00 -9.0384722e-01 -1.2370069e-01 -2.9490069e-02 +1.0525416e+05
3.0741000e-02 +1.5000000e-01 +1.4130167e+01 -3.5328917e-03 +2.2070000e-01 +4.6828542e+00 +9.2570833e-01 +1.8122153e+00 -9.0468056e-01 -1.2537639e-01 -2.9657986e-02 +1.0266866e+05
3.1508000e-02 +1.5000000e-01 +1.4203000e+01 -4.4215833e-03 +2.1523167e-01 +4.6066389e+00 +9.3920833e-01 +1.8107639e+00 -9.0523611e-01 -1.2694097e-01 -2.9818403e-02 +1.0016548e+05
3.2284000e-02 +1.5000000e-01 +1.4274500e+01 -5.3638000e-03 +2.0960750e-01 +4.5324375e+00 +9.5207639e-01 +1.8087361e+00 -9.0552083e-01 -1.2839861e-01 -2.9971458e-02 +9.7736959e+04
3.3070000e-02 +1.5000000e-01 +1.4344750e+01 -6.3616833e-03 +2.0384167e-01 +4.4602708e+00 +9.6431944e-01 +1.8061528e+00 -9.0552778e-01 -1.2976319e-01 -3.0119722e-02 +9.5376801e+04
3.3866000e-02 +1.5000000e-01 +1.4413917e+01 -7.4170917e-03 +1.9795250e-01 +4.3901458e+00 +9.7594444e-01 +1.8030556e+00 -9.0528472e-01 -1.3104861e-01 -3.0269722e-02 +9.3077345e+04
3.4673000e-02 +1.5000000e-01 +1.4481917e+01 -8.5315000e-03 +1.9195750e-01 +4.3220972e+00 +9.8695139e-01 +1.7994722e+00 -9.0478472e-01 -1.3226181e-01 -3.0431528e-02 +9.0833009e+04
3.5490000e-02 +1.5000000e-01 +1.4549000e+01 -9.7057500e-03 +1.8587667e-01 +4.2561111e+00 +9.9736806e-01 +1.7954583e+00 -9.0404861e-01 -1.3339514e-01 -3.0616806e-02 +8.8640966e+04
3.6317000e-02 +1.5000000e-01 +1.4615167e+01 -1.0940500e-02 +1.7972333e-01 +4.1921806e+00 +1.0072014e+00 +1.7910486e+00 -9.0307639e-01 -1.3443889e-01 -3.0836806e-02 +8.6499153e+04
3.7155000e-02 +1.5000000e-01 +1.4680583e+01 -1.2236083e-02 +1.7351250e-01 +4.1302639e+00 +1.0164583e+00 +1.7862639e+00 -9.0187500e-01 -1.3538056e-01 -3.1100000e-02 +8.4408232e+04
3.8003000e-02 +1.5000000e-01 +1.4745083e+01 -1.3592917e-02 +1.6725167e-01 +4.0703125e+00 +1.0251597e+00 +1.7811319e+00 -9.0045139e-01 -1.3621875e-01 -3.1411181e-02 +8.2366074e+04
3.8862000e-02 +1.5000000e-01 +1.4809000e+01 -1.5011500e-02 +1.6094833e-01 +4.0122639e+00 +1.0333125e+00 +1.7756597e+00 -8.9881944e-01 -1.3695486e-01 -3.1771389e-02 +8.0371335e+04
3.9732000e-02 +1.5000000e-01 +1.4872167e+01 -1.6493000e-02 +1.5460917e-01 +3.9560208e+00 +1.0409306e+00 +1.7698333e+00 -8.9697917e-01 -1.3759236e-01 -3.2178681e-02 +7.8427415e+04
4.0613000e-02 +1.5000000e-01 +1.4934750e+01 -1.8039000e-02 +1.4823833e-01 +3.9014444e+00 +1.0480347e+00 +1.7636389e+00 -8.9493056e-01 -1.3812986e-01 -3.2630486e-02 +7.6537179e+04
4.1505000e-02 +1.5000000e-01 +1.4996750e+01 -1.9651250e-02 +1.4184333e-01 +3.8484097e+00 +1.0546319e+00 +1.7570625e+00 -8.9267361e-01 -1.3855833e-01 -3.3125764e-02 +7.4705404e+04
4.2409000e-02 +1.5000000e-01 +1.5058250e+01 -2.1331667e-02 +1.3542917e-01 +3.7968056e+00 +1.0607361e+00 +1.7500903e+00 -8.9020833e-01 -1.3886806e-01 -3.3666042e-02 +7.2930006e+04
4.3324000e-02 +1.5000000e-01 +1.5119250e+01 -2.3081833e-02 +1.2900417e-01 +3.7465694e+00 +1.0663681e+00 +1.7427153e+00 -8.8753472e-01 -1.3905347e-01 -3.4253264e-02 +7.1204714e+04
4.4250000e-02 +1.5000000e-01 +1.5179750e+01 -2.4902833e-02 +1.2257417e-01 +3.6976389e+00 +1.0715278e+00 +1.7349514e+00 -8.8465278e-01 -1.3911944e-01 -3.4887431e-02 +6.9522097e+04
4.5188000e-02 +1.5000000e-01 +1.5239917e+01 -2.6795167e-02 +1.1614583e-01 +3.6499583e+00 +1.0762292e+00 +1.7267986e+00 -8.8156944e-01 -1.3907917e-01 -3.5564375e-02 +6.7881419e+04
4.6137000e-02 +1.5000000e-01 +1.5299583e+01 -2.8758583e-02 +1.0972583e-01 +3.6034722e+00 +1.0804931e+00 +1.7182847e+00 -8.7827083e-01 -1.3895903e-01 -3.6274722e-02 +6.6285143e+04
4.7099000e-02 +1.5000000e-01 +1.5359000e+01 -3.0792000e-02 +1.0332083e-01 +3.5581111e+00 +1.0843333e+00 +1.7094097e+00 -8.7476389e-01 -1.3879514e-01 -3.7005486e-02 +6.4736864e+04
4.8072000e-02 +1.5000000e-01 +1.5418000e+01 -3.2894083e-02 +9.6939167e-02 +3.5138403e+00 +1.0877569e+00 +1.7002153e+00 -8.7104167e-01 -1.3863056e-01 -3.7743194e-02 +6.3237553e+04
4.9057000e-02 +1.5000000e-01 +1.5476667e+01 -3.5063417e-02 +9.0587500e-02 +3.4706111e+00 +1.0907778e+00 +1.6907361e+00 -8.6710417e-01 -1.3850069e-01 -3.8478125e-02 +6.1784025e+04
5.0055000e-02 +1.5000000e-01 +1.5535083e+01 -3.7298667e-02 +8.4273333e-02 +3.4283681e+00 +1.0934236e+00 +1.6810069e+00 -8.6293750e-01 -1.3843611e-01 -3.9205347e-02 +6.0370798e+04
5.1065000e-02 +1.5000000e-01 +1.5593250e+01 -3.9598583e-02 +7.8000000e-02 +3.3870625e+00 +1.0956944e+00 +1.6710625e+00 -8.5854167e-01 -1.3846111e-01 -3.9922917e-02 +5.8993698e+04
5.2087000e-02 +1.5000000e-01 +1.5651083e+01 -4.1961000e-02 +7.1768833e-02 +3.3466319e+00 +1.0976250e+00 +1.6609167e+00 -8.5393056e-01 -1.3859653e-01 -4.0629931e-02 +5.7651753e+04
5.3122000e-02 +1.5000000e-01 +1.5708750e+01 -4.4383500e-02 +6.5579750e-02 +3.3070347e+00 +1.0992292e+00 +1.6505556e+00 -8.4910417e-01 -1.3886528e-01 -4.1325069e-02 +5.6345290e+04
5.4170000e-02 +1.5000000e-01 +1.5766250e+01 -4.6863083e-02 +5.9432583e-02 +3.2682778e+00 +1.1005208e+00 +1.6399722e+00 -8.4408333e-01 -1.3929306e-01 -4.2004514e-02 +5.5072475e+04
5.5231000e-02 +1.5000000e-01 +1.5823500e+01 -4.9397167e-02 +5.3329000e-02 +3.2303889e+00 +1.1015208e+00 +1.6291458e+00 -8.3888194e-01 -1.3990625e-01 -4.2660903e-02 +5.3829387e+04
5.6304000e-02 +1.5000000e-01 +1.5880583e+01 -5.1983417e-02 +4.7272833e-02 +3.1933958e+00 +1.1022361e+00 +1.6180833e+00 -8.3351389e-01 -1.4072222e-01 -4.3286111e-02 +5.2612625e+04
5.7391000e-02 +1.5000000e-01 +1.5937417e+01 -5.4619750e-02 +4.1269583e-02 +3.1573264e+00 +1.1026736e+00 +1.6067778e+00 -8.2798611e-01 -1.4173542e-01 -4.3877431e-02 +5.1420304e+04
5.8491000e-02 +1.5000000e-01 +1.5994083e+01 -5.7303667e-02 +3.5323417e-02 +3.1221389e+00 +1.1028542e+00 +1.5952292e+00 -8.2231250e-01 -1.4291597e-01 -4.4439306e-02 +5.0252607e+04
5.9604000e-02 +1.5000000e-01 +1.6050500e+01 -6.0032417e-02 +2.9435583e-02 +3.0877847e+00 +1.1027847e+00 +1.5834722e+00 -8.1650694e-01 -1.4422153e-01 -4.4980764e-02 +4.9111492e+04
6.0730000e-02 +1.5000000e-01 +1.6106750e+01 -6.2802750e-02 +2.3604000e-02 +3.0541806e+00 +1.1024792e+00 +1.5715347e+00 -8.1056944e-01 -1.4560486e-01 -4.5510556e-02 +4.7999762e+04
6.1870000e-02 +1.5000000e-01 +1.6162667e+01 -6.5611583e-02 +1.7824083e-02 +3.0212083e+00 +1.1019583e+00 +1.5594444e+00 -8.0450694e-01 -1.4702014e-01 -4.6035972e-02 +4.6920425e+04
6.3024000e-02 +1.5000000e-01 +1.6218417e+01 -6.8456083e-02 +1.2089667e-02 +2.9887917e+00 +1.1012292e+00 +1.5472361e+00 -7.9831250e-01 -1.4842361e-01 -4.6563958e-02 +4.5873297e+04
6.4192000e-02 +1.5000000e-01 +1.6274000e+01 -7.1333667e-02 +6.3936250e-03 +2.9568611e+00 +1.1003264e+00 +1.5349444e+00 -7.9200000e-01 -1.4978125e-01 -4.7100764e-02 +4.4854402e+04
6.5374000e-02 +1.5000000e-01 +1.6329250e+01 -7.4241917e-02 +7.2991833e-04 +2.9253611e+00 +1.0992500e+00 +1.5226111e+00 -7.8556250e-01 -1.5107153e-01 -4.7650556e-02 +4.3859985e+04
6.6570000e-02 +1.5000000e-01 +1.6384333e+01 -7.7179333e-02 -4.9050500e-03 +2.8942639e+00 +1.0980139e+00 +1.5102639e+00 -7.7900000e-01 -1.5229306e-01 -4.8215347e-02 +4.2889329e+04
6.7780000e-02 +1.5000000e-01 +1.6439167e+01 -8.0145750e-02 -1.0512333e-02 +2.8635417e+00 +1.0966319e+00 +1.4979306e+00 -7.7232639e-01 -1.5346319e-01 -4.8796250e-02 +4.1942634e+04
6.9004000e-02 +1.5000000e-01 +1.6493750e+01 -8.3142750e-02 -1.6091583e-02 +2.8331736e+00 +1.0950903e+00 +1.4856319e+00 -7.6552778e-01 -1.5461042e-01 -4.9395139e-02 +4.1020156e+04
7.0243000e-02 +1.5000000e-01 +1.6548167e+01 -8.6172500e-02 -2.1641333e-02 +2.8031528e+00 +1.0934028e+00 +1.4734028e+00 -7.5861806e-01 -1.5577361e-01 -5.0016250e-02 +4.0122552e+04
7.1496000e-02 +1.5000000e-01 +1.6602250e+01 -8.9235833e-02 -2.7158583e-02 +2.7734514e+00 +1.0915556e+00 +1.4612569e+00 -7.5157639e-01 -1.5698542e-01 -5.0666319e-02 +3.9250347e+04
7.2765000e-02 +1.5000000e-01 +1.6656083e+01 -9.2331667e-02 -3.2637083e-02 +2.7440556e+00 +1.0895556e+00 +1.4492153e+00 -7.4439583e-01 -1.5826667e-01 -5.1352222e-02 +3.8402810e+04
7.4048000e-02 +1.5000000e-01 +1.6709667e+01 -9.5459167e-02 -3.8067500e-02 +2.7149653e+00 +1.0874097e+00 +1.4372639e+00 -7.3706250e-01 -1.5962431e-01 -5.2075903e-02 +3.7578630e+04
7.5346000e-02 +1.5000000e-01 +1.6763083e+01 -9.8614167e-02 -4.3439250e-02 +2.6861389e+00 +1.0851181e+00 +1.4253681e+00 -7.2955556e-01 -1.6104792e-01 -5.2830556e-02 +3.6778760e+04
7.6659000e-02 +1.5000000e-01 +1.6816250e+01 -1.0179083e-01 -4.8743417e-02 +2.6575556e+00 +1.0826736e+00 +1.4134931e+00 -7.2186111e-01 -1.6252917e-01 -5.3602222e-02 +3.6004831e+04
7.7988000e-02 +1.5000000e-01 +1.6869167e+01 -1.0498250e-01 -5.3974750e-02 +2.6292014e+00 +1.0800972e+00 +1.4016181e+00 -7.1398611e-01 -1.6408125e-01 -5.4377639e-02 +3.5255756e+04
7.9332000e-02 +1.5000000e-01 +1.6921833e+01 -1.0818417e-01 -5.9132500e-02 +2.6010833e+00 +1.0774028e+00 +1.3897361e+00 -7.0590972e-01 -1.6574444e-01 -5.5149514e-02 +3.4528505e+04
8.0691000e-02 +1.5000000e-01 +1.6974333e+01 -1.1138833e-01 -6.4219667e-02 +2.5731875e+00 +1.0745903e+00 +1.3778542e+00 -6.9764583e-01 -1.6756042e-01 -5.5917639e-02 +3.3821028e+04
8.2066000e-02 +1.5000000e-01 +1.7026417e+01 -1.1458917e-01 -6.9240833e-02 +2.5455000e+00 +1.0716875e+00 +1.3659861e+00 -6.8918611e-01 -1.6954583e-01 -5.6685903e-02 +3.3132440e+04
8.3457000e-02 +1.5000000e-01 +1.7078333e+01 -1.1778083e-01 -7.4200417e-02 +2.5179653e+00 +1.0687083e+00 +1.3541319e+00 -6.8054514e-01 -1.7169236e-01 -5.7457708e-02 +3.2462675e+04
8.4864000e-02 +1.5000000e-01 +1.7129833e+01 -1.2095500e-01 -7.9100583e-02 +2.4905347e+00 +1.0656528e+00 +1.3422917e+00 -6.7173125e-01 -1.7398056e-01 -5.8232431e-02 +3.1811843e+04
8.6287000e-02 +1.5000000e-01 +1.7181083e+01 -1.2410417e-01 -8.3939167e-02 +2.4632083e+00 +1.0625417e+00 +1.3304653e+00 -6.6276181e-01 -1.7639306e-01 -5.9006528e-02 +3.1178351e+04
8.7726000e-02 +1.5000000e-01 +1.7231917e+01 -1.2721917e-01 -8.8711667e-02 +2.4360208e+00 +1.0593819e+00 +1.3186528e+00 -6.5365764e-01 -1.7891319e-01 -5.9776875e-02 +3.0560727e+04
8.9181000e-02 +1.5000000e-01 +1.7282417e+01 -1.3029250e-01 -9.3410833e-02 +2.4090139e+00 +1.0561944e+00 +1.3068472e+00 -6.4444306e-01 -1.8152361e-01 -6.0540139e-02 +2.9960465e+04
9.0653000e-02 +1.5000000e-01 +1.7332500e+01 -1.3332000e-01 -9.8030833e-02 +2.3822153e+00 +1.0529861e+00 +1.2950278e+00 -6.3513750e-01 -1.8420972e-01 -6.1291111e-02 +2.9380624e+04
9.2141000e-02 +1.5000000e-01 +1.7382167e+01 -1.3629750e-01 -1.0256500e-01 +2.3556667e+00 +1.0497778e+00 +1.2831944e+00 -6.2576111e-01 -1.8695486e-01 -6.2024167e-02 +2.8820688e+04
9.3646000e-02 +1.5000000e-01 +1.7431417e+01 -1.3922250e-01 -1.0700833e-01 +2.3294375e+00 +1.0465764e+00 +1.2713472e+00 -6.1632569e-01 -1.8973611e-01 -6.2737153e-02 +2.8275872e+04
9.5167000e-02 +1.5000000e-01 +1.7480250e+01 -1.4209417e-01 -1.1136000e-01 +2.3035486e+00 +1.0434097e+00 +1.2595208e+00 -6.0683472e-01 -1.9253542e-01 -6.3432083e-02 +2.7742172e+04
9.6706000e-02 +1.5000000e-01 +1.7528583e+01 -1.4491167e-01 -1.1561750e-01 +2.2780208e+00 +1.0402847e+00 +1.2477292e+00 -5.9728472e-01 -1.9536597e-01 -6.4110208e-02 +2.7220101e+04
9.8262000e-02 +1.5000000e-01 +1.7576500e+01 -1.4767333e-01 -1.1977583e-01 +2.2528542e+00 +1.0372222e+00 +1.2359931e+00 -5.8767431e-01 -1.9826250e-01 -6.4767500e-02 +2.6712058e+04
9.9834000e-02 +1.5000000e-01 +1.7623917e+01 -1.5037833e-01 -1.2382083e-01 +2.2280833e+00 +1.0342153e+00 +1.2243125e+00 -5.7801042e-01 -2.0126944e-01 -6.5393333e-02 +2.6218770e+04
1.0142400e-01 +1.5000000e-01 +1.7670917e+01 -1.5302500e-01 -1.2774083e-01 +2.2037917e+00 +1.0312778e+00 +1.2127153e+00 -5.6830903e-01 -2.0440347e-01 -6.5974514e-02 +2.5738904e+04
1.0303200e-01 +1.5000000e-01 +1.7717333e+01 -1.5560833e-01 -1.3153000e-01 +2.1800694e+00 +1.0284028e+00 +1.2012431e+00 -5.5859028e-01 -2.0763750e-01 -6.6502986e-02 +2.5270486e+04
1.0465700e-01 +1.5000000e-01 +1.7763250e+01 -1.5812333e-01 -1.3518750e-01 +2.1569375e+00 +1.0255903e+00 +1.1899444e+00 -5.4887222e-01 -2.1093264e-01 -6.6979792e-02 +2.4813672e+04
1.0629900e-01 +1.5000000e-01 +1.7808583e+01 -1.6056417e-01 -1.3871583e-01 +2.1343542e+00 +1.0228472e+00 +1.1788681e+00 -5.3916181e-01 -2.1426389e-01 -6.7411389e-02 +2.4370565e+04
1.0796000e-01 +1.5000000e-01 +1.7853417e+01 -1.6292500e-01 -1.4211917e-01 +2.1122778e+00 +1.0201667e+00 +1.1680625e+00 -5.2945972e-01 -2.1762292e-01 -6.7802500e-02 +2.3942864e+04
1.0963800e-01 +1.5000000e-01 +1.7897667e+01 -1.6520500e-01 -1.4540167e-01 +2.0906667e+00 +1.0175625e+00 +1.1575486e+00 -5.1975625e-01 -2.2101181e-01 -6.8153333e-02 +2.3530933e+04
1.1133400e-01 +1.5000000e-01 +1.7941333e+01 -1.6740250e-01 -1.4856333e-01 +2.0695347e+00 +1.0150417e+00 +1.1473264e+00 -5.1003681e-01 -2.2444514e-01 -6.8461528e-02 +2.3135184e+04
1.1304800e-01 +1.5000000e-01 +1.7984500e+01 -1.6951750e-01 -1.5160333e-01 +2.0488958e+00 +1.0126042e+00 +1.1373750e+00 -5.0028681e-01 -2.2794514e-01 -6.8727083e-02 +2.2755424e+04
1.1478100e-01 +1.5000000e-01 +1.8027083e+01 -1.7154917e-01 -1.5452417e-01 +2.0287847e+00 +1.0102778e+00 +1.1276736e+00 -4.9050000e-01 -2.3153889e-01 -6.8956806e-02 +2.2390323e+04
1.1653100e-01 +1.5000000e-01 +1.8069000e+01 -1.7349667e-01 -1.5733917e-01 +2.0092361e+00 +1.0080556e+00 +1.1182222e+00 -4.8067917e-01 -2.3525972e-01 -6.9165417e-02 +2.2037674e+04
1.1830100e-01 +1.5000000e-01 +1.8110417e+01 -1.7535750e-01 -1.6006333e-01 +1.9903125e+00 +1.0059444e+00 +1.1089861e+00 -4.7083472e-01 -2.3913819e-01 -6.9371875e-02 +2.1695396e+04
1.2008800e-01 +1.5000000e-01 +1.8151250e+01 -1.7712333e-01 -1.6270583e-01 +1.9721042e+00 +1.0039375e+00 +1.0999514e+00 -4.6098194e-01 -2.4316806e-01 -6.9594444e-02 +2.1361235e+04
1.2189500e-01 +1.5000000e-01 +1.8191500e+01 -1.7878583e-01 -1.6526500e-01 +1.9547153e+00 +1.0020347e+00 +1.0910556e+00 -4.5113958e-01 -2.4730139e-01 -6.9842361e-02 +2.1033646e+04
1.2372000e-01 +1.5000000e-01 +1.8231000e+01 -1.8033917e-01 -1.6772833e-01 +1.9381875e+00 +1.0002153e+00 +1.0822917e+00 -4.4132361e-01 -2.5148611e-01 -7.0110417e-02 +2.0712528e+04
1.2556400e-01 +1.5000000e-01 +1.8269917e+01 -1.8177750e-01 -1.7008083e-01 +1.9224931e+00 +9.9847222e-01 +1.0736667e+00 -4.3154375e-01 -2.5569097e-01 -7.0379167e-02 +2.0399965e+04
1.2742700e-01 +1.5000000e-01 +1.8308167e+01 -1.8309750e-01 -1.7231583e-01 +1.9075764e+00 +9.9679861e-01 +1.0652361e+00 -4.2180625e-01 -2.5992083e-01 -7.0620139e-02 +2.0098324e+04
1.2930900e-01 +1.5000000e-01 +1.8345667e+01 -1.8429833e-01 -1.7443417e-01 +1.8934097e+00 +9.9520139e-01 +1.0570417e+00 -4.1210556e-01 -2.6421319e-01 -7.0803472e-02 +1.9808577e+04
1.3121000e-01 +1.5000000e-01 +1.8382583e+01 -1.8537917e-01 -1.7644333e-01 +1.8799722e+00 +9.9366667e-01 +1.0491111e+00 -4.0242431e-01 -2.6861181e-01 -7.0905556e-02 +1.9530050e+04
1.3313000e-01 +1.5000000e-01 +1.8418833e+01 -1.8634250e-01 -1.7834750e-01 +1.8672847e+00 +9.9219444e-01 +1.0414236e+00 -3.9274306e-01 -2.7311944e-01 -7.0912500e-02 +1.9262543e+04
1.3507000e-01 +1.5000000e-01 +1.8454500e+01 -1.8718833e-01 -1.8015000e-01 +1.8553264e+00 +9.9078472e-01 +1.0339236e+00 -3.8305000e-01 -2.7770347e-01 -7.0825694e-02 +1.9007135e+04
1.3702900e-01 +1.5000000e-01 +1.8489417e+01 -1.8792167e-01 -1.8185333e-01 +1.8440694e+00 +9.8944444e-01 +1.0265694e+00 -3.7334583e-01 -2.8233472e-01 -7.0653472e-02 +1.8764888e+04
1.3900700e-01 +1.5000000e-01 +1.8523667e+01 -1.8854333e-01 -1.8345833e-01 +1.8334722e+00 +9.8817361e-01 +1.0193750e+00 -3.6364653e-01 -2.8700278e-01 -7.0408333e-02 +1.8535655e+04
1.4100500e-01 +1.5000000e-01 +1.8557333e+01 -1.8905500e-01 -1.8495750e-01 +1.8235347e+00 +9.8698611e-01 +1.0123333e+00 -3.5396944e-01 -2.9169306e-01 -7.0102778e-02 +1.8317065e+04
1.4302300e-01 +1.5000000e-01 +1.8590167e+01 -1.8945500e-01 -1.8634250e-01 +1.8142708e+00 +9.8591667e-01 +1.0054583e+00 -3.4432778e-01 -2.9637847e-01 -6.9746528e-02 +1.8106195e+04
1.4506100e-01 +1.5000000e-01 +1.8622333e+01 -1.8974000e-01 -1.8759917e-01 +1.8057500e+00 +9.8496528e-01 +9.9872917e-01 -3.3473958e-01 -3.0103819e-01 -6.9339583e-02 +1.7901321e+04
1.4711800e-01 +1.5000000e-01 +1.8653750e+01 -1.8990667e-01 -1.8871167e-01 +1.7980000e+00 +9.8416667e-01 +9.9216667e-01 -3.2522014e-01 -3.0568958e-01 -6.8865556e-02 +1.7701923e+04
1.4919600e-01 +1.5000000e-01 +1.8684333e+01 -1.8995333e-01 -1.8965667e-01 +1.7910000e+00 +9.8352778e-01 +9.8575000e-01 -3.1577917e-01 -3.1037500e-01 -6.8305556e-02 +1.7508198e+04
1.5129300e-01 +1.5000000e-01 +1.8714167e+01 -1.8987833e-01 -1.9041750e-01 +1.7846389e+00 +9.8306250e-01 +9.7948611e-01 -3.0642778e-01 -3.1511389e-01 -6.7652361e-02 +1.7321302e+04
1.5341000e-01 +1.5000000e-01 +1.8743167e+01 -1.8968000e-01 -1.9099750e-01 +1.7788056e+00 +9.8277778e-01 +9.7337500e-01 -2.9717431e-01 -3.1989792e-01 -6.6913333e-02 +1.7142313e+04
1.5554800e-01 +1.5000000e-01 +1.8771417e+01 -1.8936500e-01 -1.9141833e-01 +1.7734375e+00 +9.8267361e-01 +9.6743750e-01 -2.8801458e-01 -3.2472222e-01 -6.6100694e-02 +1.6973137e+04
1.5770600e-01 +1.5000000e-01 +1.8798833e+01 -1.8894000e-01 -1.9171917e-01 +1.7685347e+00 +9.8272917e-01 +9.6170833e-01 -2.7893264e-01 -3.2959306e-01 -6.5226389e-02 +1.6815587e+04
1.5988400e-01 +1.5000000e-01 +1.8825417e+01 -1.8841417e-01 -1.9194667e-01 +1.7640972e+00 +9.8295139e-01 +9.5624306e-01 -2.6990764e-01 -3.3450556e-01 -6.4302847e-02 +1.6668747e+04
1.6208200e-01 +1.5000000e-01 +1.8851250e+01 -1.8778917e-01 -1.9214500e-01 +1.7601181e+00 +9.8334722e-01 +9.5106944e-01 -2.6093333e-01 -3.3943472e-01 -6.3344792e-02 +1.6530956e+04
1.6430000e-01 +1.5000000e-01 +1.8876333e+01 -1.8706250e-01 -1.9234083e-01 +1.7566042e+00 +9.8394444e-01 +9.4615278e-01 -2.5201875e-01 -3.4433542e-01 -6.2367569e-02 +1.6402542e+04
1.6654000e-01 +1.5000000e-01 +1.8900583e+01 -1.8622917e-01 -1.9254000e-01 +1.7536111e+00 +9.8474306e-01 +9.4146528e-01 -2.4318333e-01 -3.4915486e-01 -6.1379792e-02 +1.6284211e+04
1.6879900e-01 +1.5000000e-01 +1.8924083e+01 -1.8528833e-01 -1.9273333e-01 +1.7512153e+00 +9.8575694e-01 +9.3701389e-01 -2.3443681e-01 -3.5386528e-01 -6.0379306e-02 +1.6174491e+04
1.7107900e-01 +1.5000000e-01 +1.8946750e+01 -1.8424000e-01 -1.9290833e-01 +1.7494722e+00 +9.8696528e-01 +9.3281250e-01 -2.2577292e-01 -3.5847639e-01 -5.9356181e-02 +1.6071763e+04
1.7338000e-01 +1.5000000e-01 +1.8968583e+01 -1.8308417e-01 -1.9305833e-01 +1.7483542e+00 +9.8836806e-01 +9.2888194e-01 -2.1717361e-01 -3.6300000e-01 -5.8297639e-02 +1.5975131e+04
1.7570100e-01 +1.5000000e-01 +1.8989583e+01 -1.8182167e-01 -1.9317667e-01 +1.7478056e+00 +9.8994444e-01 +9.2524306e-01 -2.0862222e-01 -3.6744375e-01 -5.7195972e-02 +1.5883831e+04
1.7804300e-01 +1.5000000e-01 +1.9009833e+01 -1.8045167e-01 -1.9325083e-01 +1.7477847e+00 +9.9170139e-01 +9.2190278e-01 -2.0011111e-01 -3.7183542e-01 -5.6052222e-02 +1.5797980e+04
1.8040600e-01 +1.5000000e-01 +1.9029250e+01 -1.7897583e-01 -1.9326083e-01 +1.7483194e+00 +9.9366667e-01 +9.1886806e-01 -1.9162778e-01 -3.7622431e-01 -5.4873056e-02 +1.5717380e+04
1.8278900e-01 +1.5000000e-01 +1.9047833e+01 -1.7739750e-01 -1.9318750e-01 +1.7494792e+00 +9.9584722e-01 +9.1613194e-01 -1.8315556e-01 -3.8065625e-01 -5.3665556e-02 +1.5640294e+04
1.8519300e-01 +1.5000000e-01 +1.9065500e+01 -1.7572333e-01 -1.9301333e-01 +1.7513264e+00 +9.9824306e-01 +9.1365972e-01 -1.7467708e-01 -3.8516319e-01 -5.2430556e-02 +1.5565719e+04
1.8761700e-01 +1.5000000e-01 +1.9082250e+01 -1.7396333e-01 -1.9271750e-01 +1.7538472e+00 +1.0008542e+00 +9.1133333e-01 -1.6619167e-01 -3.8975069e-01 -5.1152986e-02 +1.5493693e+04
1.9006300e-01 +1.5000000e-01 +1.9098083e+01 -1.7212917e-01 -1.9228083e-01 +1.7569653e+00 +1.0036389e+00 +9.0904167e-01 -1.5770903e-01 -3.9439722e-01 -4.9800833e-02 +1.5425126e+04
1.9252900e-01 +1.5000000e-01 +1.9113083e+01 -1.7022333e-01 -1.9168333e-01 +1.7606250e+00 +1.0065625e+00 +9.0676389e-01 -1.4924653e-01 -3.9908056e-01 -4.8342222e-02 +1.5362587e+04
1.9501600e-01 +1.5000000e-01 +1.9127083e+01 -1.6823917e-01 -1.9091000e-01 +1.7647431e+00 +1.0096250e+00 +9.0452083e-01 -1.4083056e-01 -4.0379444e-01 -4.6772639e-02 +1.5308490e+04
1.9752400e-01 +1.5000000e-01 +1.9140167e+01 -1.6616333e-01 -1.8994917e-01 +1.7693125e+00 +1.0128056e+00 +9.0239583e-01 -1.3248194e-01 -4.0857431e-01 -4.5119167e-02 +1.5263701e+04
2.0005300e-01 +1.5000000e-01 +1.9152417e+01 -1.6398667e-01 -1.8879250e-01 +1.7743403e+00 +1.0161042e+00 +9.0043750e-01 -1.2421528e-01 -4.1344167e-01 -4.3408194e-02 +1.5226674e+04
2.0260200e-01 +1.5000000e-01 +1.9163667e+01 -1.6170417e-01 -1.8743750e-01 +1.7798333e+00 +1.0195347e+00 +8.9863194e-01 -1.1604444e-01 -4.1836458e-01 -4.1644444e-02 +1.5194800e+04
2.0517200e-01 +1.5000000e-01 +1.9174083e+01 -1.5931583e-01 -1.8589667e-01 +1.7857708e+00 +1.0230833e+00 +8.9700000e-01 -1.0798681e-01 -4.2328611e-01 -3.9827014e-02 +1.5167277e+04
2.0776300e-01 +1.5000000e-01 +1.9183500e+01 -1.5682500e-01 -1.8418667e-01 +1.7921806e+00 +1.0267708e+00 +8.9554861e-01 -1.0003750e-01 -4.2816528e-01 -3.7969028e-02 +1.5144538e+04
2.1037500e-01 +1.5000000e-01 +1.9191917e+01 -1.5423917e-01 -1.8231250e-01 +1.7991806e+00 +1.0305903e+00 +8.9432639e-01 -9.2175694e-02 -4.3302778e-01 -3.6090625e-02 +1.5126703e+04
2.1300800e-01 +1.5000000e-01 +1.9199417e+01 -1.5156667e-01 -1.8025833e-01 +1.8069306e+00 +1.0345486e+00 +8.9336111e-01 -8.4372917e-02 -4.3796944e-01 -3.4205903e-02 +1.5116668e+04
2.1566100e-01 +1.5000000e-01 +1.9206000e+01 -1.4881417e-01 -1.7799833e-01 +1.8156042e+00 +1.0386250e+00 +8.9265972e-01 -7.6602083e-02 -4.4310486e-01 -3.2323750e-02 +1.5116230e+04
2.1833500e-01 +1.5000000e-01 +1.9211667e+01 -1.4598583e-01 -1.7552167e-01 +1.8253403e+00 +1.0428125e+00 +8.9224306e-01 -6.8834236e-02 -4.4847778e-01 -3.0468264e-02 +1.5122043e+04
2.2102900e-01 +1.5000000e-01 +1.9216500e+01 -1.4309083e-01 -1.7285000e-01 +1.8361528e+00 +1.0471181e+00 +8.9209028e-01 -6.1045625e-02 -4.5402847e-01 -2.8682778e-02 +1.5129272e+04
2.2374400e-01 +1.5000000e-01 +1.9220500e+01 -1.4013500e-01 -1.7002167e-01 +1.8479444e+00 +1.0515347e+00 +8.9215972e-01 -5.3211806e-02 -4.5964306e-01 -2.6987014e-02 +1.5138261e+04
2.2648000e-01 +1.5000000e-01 +1.9223583e+01 -1.3712083e-01 -1.6706500e-01 +1.8606042e+00 +1.0560625e+00 +8.9238194e-01 -4.5323472e-02 -4.6523750e-01 -2.5355625e-02 +1.5152404e+04
2.2923600e-01 +1.5000000e-01 +1.9225833e+01 -1.3405417e-01 -1.6399667e-01 +1.8740208e+00 +1.0607014e+00 +8.9272222e-01 -3.7400972e-02 -4.7079028e-01 -2.3739028e-02 +1.5171280e+04
2.3201300e-01 +1.5000000e-01 +1.9227250e+01 -1.3094667e-01 -1.6083000e-01 +1.8880625e+00 +1.0654375e+00 +8.9318056e-01 -2.9487708e-02 -4.7630278e-01 -2.2092986e-02 +1.5192853e+04
2.3481000e-01 +1.5000000e-01 +1.9227833e+01 -1.2781667e-01 -1.5757167e-01 +1.9025764e+00 +1.0702708e+00 +8.9372917e-01 -2.1632153e-02 -4.8176042e-01 -2.0405625e-02 +1.5216706e+04
2.3762700e-01 +1.5000000e-01 +1.9227583e+01 -1.2468917e-01 -1.5422500e-01 +1.9174722e+00 +1.0751944e+00 +8.9430556e-01 -1.3864236e-02 -4.8712708e-01 -1.8684653e-02 +1.5244140e+04
2.4046400e-01 +1.5000000e-01 +1.9226667e+01 -1.2159250e-01 -1.5079167e-01 +1.9326458e+00 +1.0802083e+00 +8.9497917e-01 -6.1719444e-03 -4.9237222e-01 -1.6939236e-02 +1.5277120e+04
2.4332200e-01 +1.5000000e-01 +1.9225000e+01 -1.1853917e-01 -1.4726500e-01 +1.9480417e+00 +1.0853403e+00 +8.9580556e-01 +1.4791944e-03 -4.9748472e-01 -1.5177292e-02 +1.5316968e+04
2.4620000e-01 +1.5000000e-01 +1.9222583e+01 -1.1552000e-01 -1.4363833e-01 +1.9636458e+00 +1.0906250e+00 +8.9674306e-01 +9.1118750e-03 -5.0246111e-01 -1.3408472e-02 +1.5363006e+04
2.4909800e-01 +1.5000000e-01 +1.9219333e+01 -1.1251583e-01 -1.3992833e-01 +1.9794931e+00 +1.0960903e+00 +8.9767361e-01 +1.6721875e-02 -5.0730764e-01 -1.1638194e-02 +1.5413845e+04
2.5201500e-01 +1.5000000e-01 +1.9215333e+01 -1.0951333e-01 -1.3615250e-01 +1.9956806e+00 +1.1017569e+00 +8.9858333e-01 +2.4289514e-02 -5.1211458e-01 -9.8681944e-03 +1.5469150e+04
2.5495300e-01 +1.5000000e-01 +1.9210583e+01 -1.0651667e-01 -1.3231917e-01 +2.0123958e+00 +1.1076181e+00 +8.9957639e-01 +3.1810417e-02 -5.1702639e-01 -8.1193056e-03 +1.5528209e+04
2.5791000e-01 +1.5000000e-01 +1.9204917e+01 -1.0354250e-01 -1.2842667e-01 +2.0297153e+00 +1.1136806e+00 +9.0079167e-01 +3.9284236e-02 -5.2217708e-01 -6.4291111e-03 +1.5588102e+04
2.6088700e-01 +1.5000000e-01 +1.9198500e+01 -1.0061417e-01 -1.2445833e-01 +2.0476181e+00 +1.1199444e+00 +9.0236111e-01 +4.6713472e-02 -5.2769931e-01 -4.8166389e-03 +1.5647368e+04
2.6388300e-01 +1.5000000e-01 +1.9191333e+01 -9.7741667e-02 -1.2037667e-01 +2.0659722e+00 +1.1264236e+00 +9.0438194e-01 +5.4098750e-02 -5.3368542e-01 -3.2642778e-03 +1.5706670e+04
2.6689900e-01 +1.5000000e-01 +1.9183417e+01 -9.4906667e-02 -1.1616500e-01 +2.0846875e+00 +1.1331319e+00 +9.0690278e-01 +6.1394861e-02 -5.4010417e-01 -1.7287083e-03 +1.5766636e+04
2.6993400e-01 +1.5000000e-01 +1.9174750e+01 -9.2075000e-02 -1.1183167e-01 +2.1037361e+00 +1.1400764e+00 +9.0990278e-01 +6.8540069e-02 -5.4687014e-01 -1.6695833e-04 +1.5827834e+04
2.7298800e-01 +1.5000000e-01 +1.9165167e+01 -8.9216667e-02 -1.0737833e-01 +2.1230764e+00 +1.1472431e+00 +9.1332639e-01 +7.5499306e-02 -5.5393819e-01 +1.4645208e-03 +1.5893122e+04
2.7606100e-01 +1.5000000e-01 +1.9154833e+01 -8.6331667e-02 -1.0278750e-01 +2.1426389e+00 +1.1545625e+00 +9.1715278e-01 +8.2247917e-02 -5.6120069e-01 +3.2083472e-03 +1.5963009e+04
2.7915300e-01 +1.5000000e-01 +1.9143750e+01 -8.3435833e-02 -9.8045000e-02 +2.1624583e+00 +1.1619792e+00 +9.2128472e-01 +8.8765972e-02 -5.6852153e-01 +5.0765972e-03 +1.6036934e+04
2.8226400e-01 +1.5000000e-01 +1.9131833e+01 -8.0535667e-02 -9.3131667e-02 +2.1825556e+00 +1.1694653e+00 +9.2557639e-01 +9.5045833e-02 -5.7580347e-01 +7.0629167e-03 +1.6116011e+04
2.8539300e-01 +1.5000000e-01 +1.9119167e+01 -7.7626333e-02 -8.8053333e-02 +2.2028681e+00 +1.1770278e+00 +9.2984722e-01 +1.0110972e-01 -5.8297708e-01 +9.1346528e-03 +1.6198636e+04
2.8854100e-01 +1.5000000e-01 +1.9105917e+01 -7.4703667e-02 -8.2868583e-02 +2.2232639e+00 +1.1846597e+00 +9.3388889e-01 +1.0704236e-01 -5.8989236e-01 +1.1207917e-02 +1.6281667e+04
2.9170600e-01 +1.5000000e-01 +1.9091917e+01 -7.1773750e-02 -7.7612833e-02 +2.2435278e+00 +1.1923125e+00 +9.3760417e-01 +1.1293125e-01 -5.9643542e-01 +1.3174514e-02 +1.6362329e+04
2.9489000e-01 +1.5000000e-01 +1.9077250e+01 -6.8857917e-02 -7.2242917e-02 +2.2634792e+00 +1.1999514e+00 +9.4111111e-01 +1.1880069e-01 -6.0265972e-01 +1.4970347e-02 +1.6444531e+04
2.9809200e-01 +1.5000000e-01 +1.9061917e+01 -6.5991083e-02 -6.6693917e-02 +2.2831944e+00 +1.2075694e+00 +9.4465972e-01 +1.2462708e-01 -6.0869583e-01 +1.6596944e-02 +1.6530876e+04
3.0131100e-01 +1.5000000e-01 +1.9045917e+01 -6.3207667e-02 -6.0927750e-02 +2.3029375e+00 +1.2151875e+00 +9.4844444e-01 +1.3037708e-01 -6.1466944e-01 +1.8092014e-02 +1.6618080e+04
3.0454800e-01 +1.5000000e-01 +1.9029167e+01 -6.0524583e-02 -5.4966000e-02 +2.3227986e+00 +1.2228333e+00 +9.5240278e-01 +1.3603056e-01 -6.2061250e-01 +1.9515208e-02 +1.6708157e+04
3.0780200e-01 +1.5000000e-01 +1.9011833e+01 -5.7947667e-02 -4.8842250e-02 +2.3426875e+00 +1.2305417e+00 +9.5645139e-01 +1.4158264e-01 -6.2652361e-01 +2.0911736e-02 +1.6804212e+04
3.1107400e-01 +1.5000000e-01 +1.8993917e+01 -5.5479250e-02 -4.2569250e-02 +2.3624583e+00 +1.2383333e+00 +9.6057639e-01 +1.4702431e-01 -6.3248403e-01 +2.2253194e-02 +1.6903019e+04
3.1436200e-01 +1.5000000e-01 +1.8975500e+01 -5.3116917e-02 -3.6151167e-02 +2.3819514e+00 +1.2462222e+00 +9.6472222e-01 +1.5235903e-01 -6.3849444e-01 +2.3474167e-02 +1.7003014e+04
3.1766700e-01 +1.5000000e-01 +1.8956667e+01 -5.0858917e-02 -2.9597417e-02 +2.4008889e+00 +1.2542083e+00 +9.6890972e-01 +1.5759792e-01 -6.4447292e-01 +2.4530764e-02 +1.7101849e+04
3.2098800e-01 +1.5000000e-01 +1.8937250e+01 -4.8710417e-02 -2.2935500e-02 +2.4192639e+00 +1.2622639e+00 +9.7320139e-01 +1.6270347e-01 -6.5043333e-01 +2.5357292e-02 +1.7196498e+04
3.2432600e-01 +1.5000000e-01 +1.8917333e+01 -4.6669083e-02 -1.6230667e-02 +2.4373333e+00 +1.2703403e+00 +9.7758333e-01 +1.6762917e-01 -6.5638472e-01 +2.5904792e-02 +1.7288889e+04
3.2768000e-01 +1.5000000e-01 +1.8896917e+01 -4.4717917e-02 -9.5245833e-03 +2.4552639e+00 +1.2783611e+00 +9.8201389e-01 +1.7232708e-01 -6.6233403e-01 +2.6171736e-02 +1.7386847e+04
3.3104900e-01 +1.5000000e-01 +1.8876083e+01 -4.2838583e-02 -2.8237167e-03 +2.4732014e+00 +1.2862361e+00 +9.8642361e-01 +1.7677778e-01 -6.6834792e-01 +2.6146597e-02 +1.7490908e+04
3.3443500e-01 +1.5000000e-01 +1.8854750e+01 -4.1019500e-02 +3.8549667e-03 +2.4912153e+00 +1.2939306e+00 +9.9078472e-01 +1.8099306e-01 -6.7448889e-01 +2.5826528e-02 +1.7592384e+04
3.3783500e-01 +1.5000000e-01 +1.8833250e+01 -3.9255167e-02 +1.0514667e-02 +2.5090486e+00 +1.3014583e+00 +9.9519444e-01 +1.8493611e-01 -6.8075417e-01 +2.5317083e-02 +1.7683361e+04
3.4125100e-01 +1.5000000e-01 +1.8811583e+01 -3.7541333e-02 +1.7171500e-02 +2.5262292e+00 +1.3088542e+00 +9.9977083e-01 +1.8848958e-01 -6.8702917e-01 +2.4841319e-02 +1.7773353e+04
3.4468100e-01 +1.5000000e-01 +1.8789917e+01 -3.5884000e-02 +2.3846333e-02 +2.5423472e+00 +1.3162153e+00 +1.0046111e+00 +1.9153125e-01 -6.9316528e-01 +2.4548750e-02 +1.7872234e+04
3.4812600e-01 +1.5000000e-01 +1.8768083e+01 -3.4295667e-02 +3.0562333e-02 +2.5572361e+00 +1.3236250e+00 +1.0096528e+00 +1.9409028e-01 -6.9906250e-01 +2.4426806e-02 +1.7972236e+04
3.5158500e-01 +1.5000000e-01 +1.8746083e+01 -3.2768167e-02 +3.7318500e-02 +2.5708681e+00 +1.3311458e+00 +1.0146042e+00 +1.9629931e-01 -7.0452778e-01 +2.4409236e-02 +1.8067078e+04
3.5505900e-01 +1.5000000e-01 +1.8724000e+01 -3.1274583e-02 +4.4113083e-02 +2.5831875e+00 +1.3387292e+00 +1.0192639e+00 +1.9817847e-01 -7.0935417e-01 +2.4488056e-02 +1.8158906e+04
3.5854600e-01 +1.5000000e-01 +1.8701833e+01 -2.9791250e-02 +5.0962083e-02 +2.5942500e+00 +1.3462708e+00 +1.0234653e+00 +1.9966042e-01 -7.1355556e-01 +2.4717500e-02 +1.8254314e+04
3.6204600e-01 +1.5000000e-01 +1.8679333e+01 -2.8318000e-02 +5.7900750e-02 +2.6042778e+00 +1.3536736e+00 +1.0271736e+00 +2.0070069e-01 -7.1720139e-01 +2.5100694e-02 +1.8362056e+04
3.6556000e-01 +1.5000000e-01 +1.8656667e+01 -2.6882333e-02 +6.4977917e-02 +2.6136042e+00 +1.3609028e+00 +1.0304861e+00 +2.0133403e-01 -7.2035417e-01 +2.5556528e-02 +1.8485764e+04
3.6908700e-01 +1.5000000e-01 +1.8633833e+01 -2.5503500e-02 +7.2222167e-02 +2.6224514e+00 +1.3680139e+00 +1.0335764e+00 +2.0169792e-01 -7.2304167e-01 +2.5983194e-02 +1.8614884e+04
3.7262600e-01 +1.5000000e-01 +1.8611000e+01 -2.4177417e-02 +7.9597167e-02 +2.6306319e+00 +1.3750625e+00 +1.0364583e+00 +2.0188542e-01 -7.2534028e-01 +2.6300833e-02 +1.8740171e+04
3.7617800e-01 +1.5000000e-01 +1.8588167e+01 -2.2911417e-02 +8.6979167e-02 +2.6376944e+00 +1.3820694e+00 +1.0389653e+00 +2.0185139e-01 -7.2736111e-01 +2.6493889e-02 +1.8866130e+04
3.7974200e-01 +1.5000000e-01 +1.8565583e+01 -2.1717667e-02 +9.4232500e-02 +2.6434931e+00 +1.3890417e+00 +1.0411458e+00 +2.0144931e-01 -7.2915972e-01 +2.6584028e-02 +1.8990823e+04
3.8331700e-01 +1.5000000e-01 +1.8543083e+01 -2.0587417e-02 +1.0128667e-01 +2.6483264e+00 +1.3959792e+00 +1.0432292e+00 +2.0054514e-01 -7.3077083e-01 +2.6636319e-02 +1.9107318e+04
3.8690400e-01 +1.5000000e-01 +1.8520917e+01 -1.9495917e-02 +1.0813750e-01 +2.6523264e+00 +1.4029028e+00 +1.0454722e+00 +1.9906597e-01 -7.3211111e-01 +2.6746806e-02 +1.9218676e+04
3.9050200e-01 +1.5000000e-01 +1.8499000e+01 -1.8423583e-02 +1.1477583e-01 +2.6556042e+00 +1.4098056e+00 +1.0479097e+00 +1.9695833e-01 -7.3311111e-01 +2.6947778e-02 +1.9330172e+04
3.9411100e-01 +1.5000000e-01 +1.8477500e+01 -1.7365500e-02 +1.2120917e-01 +2.6583264e+00 +1.4166597e+00 +1.0503958e+00 +1.9421806e-01 -7.3378472e-01 +2.7143056e-02 +1.9439240e+04
3.9773000e-01 +1.5000000e-01 +1.8456250e+01 -1.6327333e-02 +1.2746583e-01 +2.6604236e+00 +1.4234375e+00 +1.0529097e+00 +1.9094236e-01 -7.3429861e-01 +2.7218333e-02 +1.9546575e+04
4.0135900e-01 +1.5000000e-01 +1.8435250e+01 -1.5314917e-02 +1.3356417e-01 +2.6620625e+00 +1.4301181e+00 +1.0553472e+00 +1.8724653e-01 -7.3482639e-01 +2.7159583e-02 +1.9655511e+04
4.0499800e-01 +1.5000000e-01 +1.8414500e+01 -1.4342083e-02 +1.3956750e-01 +2.6638333e+00 +1.4367083e+00 +1.0575903e+00 +1.8318472e-01 -7.3546528e-01 +2.7019792e-02 +1.9758200e+04
4.0864600e-01 +1.5000000e-01 +1.8394083e+01 -1.3409667e-02 +1.4548750e-01 +2.6659097e+00 +1.4432153e+00 +1.0596111e+00 +1.7884444e-01 -7.3636111e-01 +2.6743056e-02 +1.9853332e+04
4.1230400e-01 +1.5000000e-01 +1.8373833e+01 -1.2509250e-02 +1.5127000e-01 +2.6681458e+00 +1.4495903e+00 +1.0613681e+00 +1.7433472e-01 -7.3740972e-01 +2.6317917e-02 +1.9947577e+04
4.1597000e-01 +1.5000000e-01 +1.8353833e+01 -1.1624250e-02 +1.5691917e-01 +2.6706250e+00 +1.4557708e+00 +1.0628472e+00 +1.6973125e-01 -7.3836111e-01 +2.5849583e-02 +2.0042464e+04
4.1964500e-01 +1.5000000e-01 +1.8334250e+01 -1.0754083e-02 +1.6251583e-01 +2.6733542e+00 +1.4617292e+00 +1.0643681e+00 +1.6497292e-01 -7.3928472e-01 +2.5403889e-02 +2.0136814e+04
4.2332800e-01 +1.5000000e-01 +1.8315167e+01 -9.9172500e-03 +1.6808500e-01 +2.6762500e+00 +1.4674722e+00 +1.0663264e+00 +1.5993819e-01 -7.4041667e-01 +2.4970069e-02 +2.0229312e+04
4.2701900e-01 +1.5000000e-01 +1.8296417e+01 -9.1149167e-03 +1.7361833e-01 +2.6791875e+00 +1.4730347e+00 +1.0685417e+00 +1.5458611e-01 -7.4181250e-01 +2.4544167e-02 +2.0322669e+04
4.3071600e-01 +1.5000000e-01 +1.8278083e+01 -8.3405833e-03 +1.7910750e-01 +2.6820208e+00 +1.4784167e+00 +1.0707986e+00 +1.4891806e-01 -7.4327778e-01 +2.4094792e-02 +2.0416544e+04
4.3442100e-01 +1.5000000e-01 +1.8260333e+01 -7.6125083e-03 +1.8447000e-01 +2.6847014e+00 +1.4835486e+00 +1.0729583e+00 +1.4300833e-01 -7.4463194e-01 +2.3483542e-02 +2.0504548e+04
4.3813300e-01 +1.5000000e-01 +1.8243000e+01 -6.9586000e-03 +1.8959750e-01 +2.6873264e+00 +1.4883889e+00 +1.0749167e+00 +1.3697500e-01 -7.4602083e-01 +2.2621528e-02 +2.0592380e+04
4.4185100e-01 +1.5000000e-01 +1.8226333e+01 -6.3967750e-03 +1.9439250e-01 +2.6901389e+00 +1.4929028e+00 +1.0767917e+00 +1.3080208e-01 -7.4760417e-01 +2.1579861e-02 +2.0676778e+04
4.4557400e-01 +1.5000000e-01 +1.8210250e+01 -5.9361083e-03 +1.9883500e-01 +2.6934167e+00 +1.4971319e+00 +1.0787222e+00 +1.2437639e-01 -7.4945833e-01 +2.0477708e-02 +2.0747954e+04
4.4930400e-01 +1.5000000e-01 +1.8194750e+01 -5.5538167e-03 +2.0299833e-01 +2.6971667e+00 +1.5011181e+00 +1.0805972e+00 +1.1763125e-01 -7.5154861e-01 +1.9338125e-02 +2.0809106e+04
4.5303800e-01 +1.5000000e-01 +1.8179917e+01 -5.2088417e-03 +2.0700667e-01 +2.7013194e+00 +1.5048611e+00 +1.0822847e+00 +1.1058125e-01 -7.5381250e-01 +1.8106528e-02 +2.0868848e+04
4.5677700e-01 +1.5000000e-01 +1.8166000e+01 -4.8802250e-03 +2.1089917e-01 +2.7060903e+00 +1.5083125e+00 +1.0838125e+00 +1.0328611e-01 -7.5625694e-01 +1.6725625e-02 +2.0928571e+04
4.6052100e-01 +1.5000000e-01 +1.8153167e+01 -4.5719583e-03 +2.1458750e-01 +2.7114514e+00 +1.5114167e+00 +1.0854931e+00 +9.5777778e-02 -7.5888194e-01 +1.5167292e-02 +2.0982306e+04
4.6426900e-01 +1.5000000e-01 +1.8141417e+01 -4.2729083e-03 +2.1800250e-01 +2.7170833e+00 +1.5141667e+00 +1.0874097e+00 +8.7980556e-02 -7.6170139e-01 +1.3451181e-02 +2.1035472e+04
4.6802000e-01 +1.5000000e-01 +1.8130667e+01 -3.9445667e-03 +2.2116667e-01 +2.7227222e+00 +1.5165556e+00 +1.0894028e+00 +7.9815972e-02 -7.6479167e-01 +1.1695486e-02 +2.1098419e+04
4.7177500e-01 +1.5000000e-01 +1.8120917e+01 -3.5529500e-03 +2.2405500e-01 +2.7281944e+00 +1.5186389e+00 +1.0914375e+00 +7.1209722e-02 -7.6811806e-01 +1.0012222e-02 +2.1155523e+04
4.7553200e-01 +1.5000000e-01 +1.8112333e+01 -3.0908000e-03 +2.2655667e-01 +2.7330833e+00 +1.5205625e+00 +1.0934931e+00 +6.2127847e-02 -7.7134722e-01 +8.4542361e-03 +2.1196718e+04
4.7929200e-01 +1.5000000e-01 +1.8104750e+01 -2.5666417e-03 +2.2864000e-01 +2.7368403e+00 +1.5224514e+00 +1.0954306e+00 +5.2699931e-02 -7.7403472e-01 +7.0290972e-03 +2.1230824e+04
4.8305400e-01 +1.5000000e-01 +1.8098333e+01 -2.0161333e-03 +2.3030750e-01 +2.7391597e+00 +1.5242986e+00 +1.0972847e+00 +4.3079444e-02 -7.7604167e-01 +5.6819722e-03 +2.1259162e+04
4.8681800e-01 +1.5000000e-01 +1.8093083e+01 -1.4815333e-03 +2.3161083e-01 +2.7402639e+00 +1.5259931e+00 +1.0990000e+00 +3.3372361e-02 -7.7748611e-01 +4.4272431e-03 +2.1280276e+04
4.9058400e-01 +1.5000000e-01 +1.8089000e+01 -9.8549167e-04 +2.3258000e-01 +2.7406528e+00 +1.5273889e+00 +1.1004444e+00 +2.3694444e-02 -7.7823611e-01 +3.2209028e-03 +2.1291597e+04
4.9435000e-01 +1.5000000e-01 +1.8086250e+01 -5.0007250e-04 +2.3324500e-01 +2.7407292e+00 +1.5283819e+00 +1.1013958e+00 +1.4146250e-02 -7.7829167e-01 +1.9707431e-03 +2.1292153e+04
4.9811700e-01 +1.5000000e-01 +1.8084833e+01 +0.0000000e+00 +2.3359167e-01 +2.7407361e+00 +1.5288819e+00 +1.1018125e+00 +4.7067639e-03 -7.7812500e-01 +6.6404444e-04 +2.1285278e+04
5.0188300e-01 +1.5000000e-01 +1.8084833e+01 +5.0007250e-04 +2.3359167e-01 +2.7407361e+00 +1.5288819e+00 +1.1018125e+00 -4.7067639e-03 -7.7812500e-01 -6.6404444e-04 +2.1285278e+04
5.0565000e-01 +1.5000000e-01 +1.8086250e+01 +9.8549167e-04 +2.3324500e-01 +2.7407292e+00 +1.5283819e+00 +1.1013958e+00 -1.4146250e-02 -7.7829167e-01 -1.9707431e-03 +2.1292153e+04
5.0941600e-01 +1.5000000e-01 +1.8089000e+01 +1.4815333e-03 +2.3258000e-01 +2.7406528e+00 +1.5273889e+00 +1.1004444e+00 -2.3694444e-02 -7.7823611e-01 -3.2209028e-03 +2.1291597e+04
5.1318200e-01 +1.5000000e-01 +1.8093083e+01 +2.0161333e-03 +2.3161083e-01 +2.7402639e+00 +1.5259931e+00 +1.0990000e+00 -3.3372361e-02 -7.7748611e-01 -4.4272431e-03 +2.1280276e+04
5.1694600e-01 +1.5000000e-01 +1.8098333e+01 +2.5666417e-03 +2.3030750e-01 +2.7391597e+00 +1.5242986e+00 +1.0972847e+00 -4.3079444e-02 -7.7604167e-01 -5.6819722e-03 +2.1259162e+04
5.2070800e-01 +1.5000000e-01 +1.8104750e+01 +3.0908000e-03 +2.2864000e-01 +2.7368403e+00 +1.5224514e+00 +1.0954306e+00 -5.2699931e-02 -7.7403472e-01 -7.0290972e-03 +2.1230824e+04
5.2446800e-01 +1.5000000e-01 +1.8112333e+01 +3.5529500e-03 +2.2655667e-01 +2.7330833e+00 +1.5205625e+00 +1.0934931e+00 -6.2127847e-02 -7.7134722e-01 -8.4542361e-03 +2.1196718e+04
5.2822500e-01 +1.5000000e-01 +1.8120917e+01 +3.9445667e-03 +2.2405500e-01 +2.7281944e+00 +1.5186389e+00 +1.0914375e+00 -7.1209722e-02 -7.6811806e-01 -1.0012222e-02 +2.1155523e+04
5.3198000e-01 +1.5000000e-01 +1.8130667e+01 +4.2729083e-03 +2.2116667e-01 +2.7227222e+00 +1.5165556e+00 +1.0894028e+00 -7.9815972e-02 -7.6479167e-01 -1.1695486e-02 +2.1098419e+04
5.3573100e-01 +1.5000000e-01 +1.8141417e+01 +4.5719583e-03 +2.1800250e-01 +2.7170833e+00 +1.5141667e+00 +1.0874097e+00 -8.7980556e-02 -7.6170139e-01 -1.3451181e-02 +2.1035472e+04
5.3947900e-01 +1.5000000e-01 +1.8153167e+01 +4.8802250e-03 +2.1458750e-01 +2.7114514e+00 +1.5114167e+00 +1.0854931e+00 -9.5777778e-02 -7.5888194e-01 -1.5167292e-02 +2.0982306e+04
5.4322300e-01 +1.5000000e-01 +1.8166000e+01 +5.2088417e-03 +2.1089917e-01 +2.7060903e+00 +1.5083125e+00 +1.0838125e+00 -1.0328611e-01 -7.5625694e-01 -1.6725625e-02 +2.0928571e+04
5.4696200e-01 +1.5000000e-01 +1.8179917e+01 +5.5538167e-03 +2.0700667e-01 +2.7013194e+00 +1.5048611e+00 +1.0822847e+00 -1.1058125e-01 -7.5381250e-01 -1.8106528e-02 +2.0868848e+04
5.5069600e-01 +1.5000000e-01 +1.8194750e+01 +5.9361083e-03 +2.0299833e-01 +2.6971667e+00 +1.5011181e+00 +1.0805972e+00 -1.1763125e-01 -7.5154861e-01 -1.9338125e-02 +2.0809106e+04
5.5442600e-01 +1.5000000e-01 +1.8210250e+01 +6.3967750e-03 +1.9883500e-01 +2.6934167e+00 +1.4971319e+00 +1.0787222e+00 -1.2437639e-01 -7.4945833e-01 -2.0477708e-02 +2.0747954e+04
5.5814900e-01 +1.5000000e-01 +1.8226333e+01 +6.9586000e-03 +1.9439250e-01 +2.6901389e+00 +1.4929028e+00 +1.0767917e+00 -1.3080208e-01 -7.4760417e-01 -2.1579861e-02 +2.0676778e+04
5.6186700e-01 +1.5000000e-01 +1.8243000e+01 +7.6125083e-03 +1.8959750e-01 +2.6873264e+00 +1.4883889e+00 +1.0749167e+00 -1.3697500e-01 -7.4602083e-01 -2.2621528e-02 +2.0592380e+04
5.6557900e-01 +1.5000000e-01 +1.8260333e+01 +8.3405833e-03 +1.8447000e-01 +2.6847014e+00 +1.4835486e+00 +1.0729583e+00 -1.4300833e-01 -7.4463194e-01 -2.3483542e-02 +2.0504548e+04
5.6928400e-01 +1.5000000e-01 +1.8278083e+01 +9.1149167e-03 +1.7910750e-01 +2.6820208e+00 +1.4784167e+00 +1.0707986e+00 -1.4891806e-01 -7.4327778e-01 -2.4094792e-02 +2.0416544e+04
5.7298100e-01 +1.5000000e-01 +1.8296417e+01 +9.9172500e-03 +1.7361833e-01 +2.6791875e+00 +1.4730347e+00 +1.0685417e+00 -1.5458611e-01 -7.4181250e-01 -2.4544167e-02 +2.0322669e+04
5.7667200e-01 +1.5000000e-01 +1.8315167e+01 +1.0754083e-02 +1.6808500e-01 +2.6762500e+00 +1.4674722e+00 +1.0663264e+00 -1.5993819e-01 -7.4041667e-01 -2.4970069e-02 +2.0229312e+04
5.8035500e-01 +1.5000000e-01 +1.8334250e+01 +1.1624250e-02 +1.6251583e-01 +2.6733542e+00 +1.4617292e+00 +1.0643681e+00 -1.6497292e-01 -7.3928472e-01 -2.5403889e-02 +2.0136814e+04
5.8403000e-01 +1.5000000e-01 +1.8353833e+01 +1.2509250e-02 +1.5691917e-01 +2.6706250e+00 +1.4557708e+00 +1.0628472e+00 -1.6973125e-01 -7.3836111e-01 -2.5849583e-02 +2.0042464e+04
5.8769600e-01 +1.5000000e-01 +1.8373833e+01 +1.3409667e-02 +1.5127000e-01 +2.6681458e+00 +1.4495903e+00 +1.0613681e+00 -1.7433472e-01 -7.3740972e-01 -2.6317917e-02 +1.9947577e+04
5.9135400e-01 +1.5000000e-01 +1.8394083e+01 +1.4342083e-02 +1.4548750e-01 +2.6659097e+00 +1.4432153e+00 +1.0596111e+00 -1.7884444e-01 -7.3636111e-01 -2.6743056e-02 +1.9853332e+04
5.9500200e-01 +1.5000000e-01 +1.8414500e+01 +1.5314917e-02 +1.3956750e-01 +2.6638333e+00 +1.4367083e+00 +1.0575903e+00 -1.8318472e-01 -7.3546528e-01 -2.7019792e-02 +1.9758200e+04
5.9864100e-01 +1.5000000e-01 +1.8435250e+01 +1.6327333e-02 +1.3356417e-01 +2.6620625e+00 +1.4301181e+00 +1.0553472e+00 -1.8724653e-01 -7.3482639e-01 -2.7159583e-02 +1.9655511e+04
6.0227000e-01 +1.5000000e-01 +1.8456250e+01 +1.7365500e-02 +1.2746583e-01 +2.6604236e+00 +1.4234375e+00 +1.0529097e+00 -1.9094236e-01 -7.3429861e-01 -2.7218333e-02 +1.9546575e+04
6.0588900e-01 +1.5000000e-01 +1.8477500e+01 +1.8423583e-02 +1.2120917e-01 +2.6583264e+00 +1.4166597e+00 +1.0503958e+00 -1.9421806e-01 -7.3378472e-01 -2.7143056e-02 +1.9439240e+04
6.0949800e-01 +1.5000000e-01 +1.8499000e+01 +1.9495917e-02 +1.1477583e-01 +2.6556042e+00 +1.4098056e+00 +1.0479097e+00 -1.9695833e-01 -7.3311111e-01 -2.6947778e-02 +1.9330172e+04
6.1309600e-01 +1.5000000e-01 +1.8520917e+01 +2.0587417e-02 +1.0813750e-01 +2.6523264e+00 +1.4029028e+00 +1.0454722e+00 -1.9906597e-01 -7.3211111e-01 -2.6746806e-02 +1.9218676e+04
6.1668300e-01 +1.5000000e-01 +1.8543083e+01 +2.1717667e-02 +1.0128667e-01 +2.6483264e+00 +1.3959792e+00 +1.0432292e+00 -2.0054514e-01 -7.3077083e-01 -2.6636319e-02 +1.9107318e+04
6.2025800e-01 +1.5000000e-01 +1.8565583e+01 +2.2911417e-02 +9.4232500e-02 +2.6434931e+00 +1.3890417e+00 +1.0411458e+00 -2.0144931e-01 -7.2915972e-01 -2.6584028e-02 +1.8990823e+04
6.2382200e-01 +1.5000000e-01 +1.8588167e+01 +2.4177417e-02 +8.6979167e-02 +2.6376944e+00 +1.3820694e+00 +1.0389653e+00 -2.0185139e-01 -7.2736111e-01 -2.6493889e-02 +1.8866130e+04
6.2737400e-01 +1.5000000e-01 +1.8611000e+01 +2.5503500e-02 +7.9597167e-02 +2.6306319e+00 +1.3750625e+00 +1.0364583e+00 -2.0188542e-01 -7.2534028e-01 -2.6300833e-02 +1.8740171e+04
6.3091300e-01 +1.5000000e-01 +1.8633833e+01 +2.6882333e-02 +7.2222167e-02 +2.6224514e+00 +1.3680139e+00 +1.0335764e+00 -2.0169792e-01 -7.2304167e-01 -2.5983194e-02 +1.8614884e+04
6.3444000e-01 +1.5000000e-01 +1.8656667e+01 +2.8318000e-02 +6.4977917e-02 +2.6136042e+00 +1.3609028e+00 +1.0304861e+00 -2.0133403e-01 -7.2035417e-01 -2.5556528e-02 +1.8485764e+04
6.3795400e-01 +1.5000000e-01 +1.8679333e+01 +2.9791250e-02 +5.7900750e-02 +2.6042778e+00 +1.3536736e+00 +1.0271736e+00 -2.0070069e-01 -7.1720139e-01 -2.5100694e-02 +1.8362056e+04
6.4145400e-01 +1.5000000e-01 +1.8701833e+01 +3.1274583e-02 +5.0962083e-02 +2.5942500e+00 +1.3462708e+00 +1.0234653e+00 -1.9966042e-01 -7.1355556e-01 -2.4717500e-02 +1.8254314e+04
6.4494100e-01 +1.5000000e-01 +1.8724000e+01 +3.2768167e-02 +4.4113083e-02 +2.5831875e+00 +1.3387292e+00 +1.0192639e+00 -1.9817847e-01 -7.0935417e-01 -2.4488056e-02 +1.8158906e+04
6.4841500e-01 +1.5000000e-01 +1.8746083e+01 +3.4295667e-02 +3.7318500e-02 +2.5708681e+00 +1.3311458e+00 +1.0146042e+00 -1.9629931e-01 -7.0452778e-01 -2.4409236e-02 +1.8067078e+04
6.5187400e-01 +1.5000000e-01 +1.8768083e+01 +3.5884000e-02 +3.0562333e-02 +2.5572361e+00 +1.3236250e+00 +1.0096528e+00 -1.9409028e-01 -6.9906250e-01 -2.4426806e-02 +1.7972236e+04
6.5531900e-01 +1.5000000e-01 +1.8789917e+01 +3.7541333e-02 +2.3846333e-02 +2.5423472e+00 +1.3162153e+00 +1.0046111e+00 -1.9153125e-01 -6.9316528e-01 -2.4548750e-02 +1.7872234e+04
6.5874900e-01 +1.5000000e-01 +1.8811583e+01 +3.9255167e-02 +1.7171500e-02 +2.5262292e+00 +1.3088542e+00 +9.9977083e-01 -1.8848958e-01 -6.8702917e-01 -2.4841319e-02 +1.7773353e+04
6.6216500e-01 +1.5000000e-01 +1.8833250e+01 +4.1019500e-02 +1.0514667e-02 +2.5090486e+00 +1.3014583e+00 +9.9519444e-01 -1.8493611e-01 -6.8075417e-01 -2.5317083e-02 +1.7683361e+04
6.6556500e-01 +1.5000000e-01 +1.8854750e+01 +4.2838583e-02 +3.8549667e-03 +2.4912153e+00 +1.2939306e+00 +9.9078472e-01 -1.8099306e-01 -6.7448889e-01 -2.5826528e-02 +1.7592384e+04
6.6895100e-01 +1.5000000e-01 +1.8876083e+01 +4.4717917e-02 -2.8237167e-03 +2.4732014e+00 +1.2862361e+00 +9.8642361e-01 -1.7677778e-01 -6.6834792e-01 -2.6146597e-02 +1.7490908e+04
6.7232000e-01 +1.5000000e-01 +1.8896917e+01 +4.6669083e-02 -9.5245833e-03 +2.4552639e+00 +1.2783611e+00 +9.8201389e-01 -1.7232708e-01 -6.6233403e-01 -2.6171736e-02 +1.7386847e+04
6.7567400e-01 +1.5000000e-01 +1.8917333e+01 +4.8710417e-02 -1.6230667e-02 +2.4373333e+00 +1.2703403e+00 +9.7758333e-01 -1.6762917e-01 -6.5638472e-01 -2.5904792e-02 +1.7288889e+04
6.7901200e-01 +1.5000000e-01 +1.8937250e+01 +5.0858917e-02 -2.2935500e-02 +2.4192639e+00 +1.2622639e+00 +9.7320139e-01 -1.6270347e-01 -6.5043333e-01 -2.5357292e-02 +1.7196498e+04
6.8233300e-01 +1.5000000e-01 +1.8956667e+01 +5.3116917e-02 -2.9597417e-02 +2.4008889e+00 +1.2542083e+00 +9.6890972e-01 -1.5759792e-01 -6.4447292e-01 -2.4530764e-02 +1.7101849e+04
6.8563800e-01 +1.5000000e-01 +1.8975500e+01 +5.5479250e-02 -3.6151167e-02 +2.3819514e+00 +1.2462222e+00 +9.6472222e-01 -1.5235903e-01 -6.3849444e-01 -2.3474167e-02 +1.7003014e+04
6.8892600e-01 +1.5000000e-01 +1.8993917e+01 +5.7947667e-02 -4.2569250e-02 +2.3624583e+00 +1.2383333e+00 +9.6057639e-01 -1.4702431e-01 -6.3248403e-01 -2.2253194e-02 +1.6903019e+04
6.9219800e-01 +1.5000000e-01 +1.9011833e+01 +6.0524583e-02 -4.8842250e-02 +2.3426875e+00 +1.2305417e+00 +9.5645139e-01 -1.4158264e-01 -6.2652361e-01 -2.0911736e-02 +1.6804212e+04
6.9545200e-01 +1.5000000e-01 +1.9029167e+01 +6.3207667e-02 -5.4966000e-02 +2.3227986e+00 +1.2228333e+00 +9.5240278e-01 -1.3603056e-01 -6.2061250e-01 -1.9515208e-02 +1.6708157e+04
6.9868900e-01 +1.5000000e-01 +1.9045917e+01 +6.5991083e-02 -6.0927750e-02 +2.3029375e+00 +1.2151875e+00 +9.4844444e-01 -1.3037708e-01 -6.1466944e-01 -1.8092014e-02 +1.6618080e+04
7.0190800e-01 +1.5000000e-01 +1.9061917e+01 +6.8857917e-02 -6.6693917e-02 +2.2831944e+00 +1.2075694e+00 +9.4465972e-01 -1.2462708e-01 -6.0869583e-01 -1.6596944e-02 +1.6530876e+04
7.0511000e-01 +1.5000000e-01 +1.9077250e+01 +7.1773750e-02 -7.2242917e-02 +2.2634792e+00 +1.1999514e+00 +9.4111111e-01 -1.1880069e-01 -6.0265972e-01 -1.4970347e-02 +1.6444531e+04
7.0829400e-01 +1.5000000e-01 +1.9091917e+01 +7.4703667e-02 -7.7612833e-02 +2.2435278e+00 +1.1923125e+00 +9.3760417e-01 -1.1293125e-01 -5.9643542e-01 -1.3174514e-02 +1.6362329e+04
7.1145900e-01 +1.5000000e-01 +1.9105917e+01 +7.7626333e-02 -8.2868583e-02 +2.2232639e+00 +1.1846597e+00 +9.3388889e-01 -1.0704236e-01 -5.8989236e-01 -1.1207917e-02 +1.6281667e+04
7.1460700e-01 +1.5000000e-01 +1.9119167e+01 +8.0535667e-02 -8.8053333e-02 +2.2028681e+00 +1.1770278e+00 +9.2984722e-01 -1.0110972e-01 -5.8297708e-01 -9.1346528e-03 +1.6198636e+04
7.1773600e-01 +1.5000000e-01 +1.9131833e+01 +8.3435833e-02 -9.3131667e-02 +2.1825556e+00 +1.1694653e+00 +9.2557639e-01 -9.5045833e-02 -5.7580347e-01 -7.0629167e-03 +1.6116011e+04
7.2084700e-01 +1.5000000e-01 +1.9143750e+01 +8.6331667e-02 -9.8045000e-02 +2.1624583e+00 +1.1619792e+00 +9.2128472e-01 -8.8765972e-02 -5.6852153e-01 -5.0765972e-03 +1.6036934e+04
7.2393900e-01 +1.5000000e-01 +1.9154833e+01 +8.9216667e-02 -1.0278750e-01 +2.1426389e+00 +1.1545625e+00 +9.1715278e-01 -8.2247917e-02 -5.6120069e-01 -3.2083472e-03 +1.5963009e+04
7.2701200e-01 +1.5000000e-01 +1.9165167e+01 +9.2075000e-02 -1.0737833e-01 +2.1230764e+00 +1.1472431e+00 +9.1332639e-01 -7.5499306e-02 -5.5393819e-01 -1.4645208e-03 +1.5893122e+04
7.3006600e-01 +1.5000000e-01 +1.9174750e+01 +9.4906667e-02 -1.1183167e-01 +2.1037361e+00 +1.1400764e+00 +9.0990278e-01 -6.8540069e-02 -5.4687014e-01 +1.6695833e-04 +1.5827834e+04
7.3310100e-01 +1.5000000e-01 +1.9183417e+01 +9.7741667e-02 -1.1616500e-01 +2.0846875e+00 +1.1331319e+00 +9.0690278e-01 -6.1394861e-02 -5.4010417e-01 +1.7287083e-03 +1.5766636e+04
7.3611700e-01 +1.5000000e-01 +1.9191333e+01 +1.0061417e-01 -1.2037667e-01 +2.0659722e+00 +1.1264236e+00 +9.0438194e-01 -5.4098750e-02 -5.3368542e-01 +3.2642778e-03 +1.5706670e+04
7.3911300e-01 +1.5000000e-01 +1.9198500e+01 +1.0354250e-01 -1.2445833e-01 +2.0476181e+00 +1.1199444e+00 +9.0236111e-01 -4.6713472e-02 -5.2769931e-01 +4.8166389e-03 +1.5647368e+04
7.4209000e-01 +1.5000000e-01 +1.9204917e+01 +1.0651667e-01 -1.2842667e-01 +2.0297153e+00 +1.1136806e+00 +9.0079167e-01 -3.9284236e-02 -5.2217708e-01 +6.4291111e-03 +1.5588102e+04
7.4504700e-01 +1.5000000e-01 +1.9210583e+01 +1.0951333e-01 -1.3231917e-01 +2.0123958e+00 +1.1076181e+00 +8.9957639e-01 -3.1810417e-02 -5.1702639e-01 +8.1193056e-03 +1.5528209e+04
7.4798500e-01 +1.5000000e-01 +1.9215333e+01 +1.1251583e-01 -1.3615250e-01 +1.9956806e+00 +1.1017569e+00 +8.9858333e-01 -2.4289514e-02 -5.1211458e-01 +9.8681944e-03 +1.5469150e+04
7.5090200e-01 +1.5000000e-01 +1.9219333e+01 +1.1552000e-01 -1.3992833e-01 +1.9794931e+00 +1.0960903e+00 +8.9767361e-01 -1.6721875e-02 -5.0730764e-01 +1.1638194e-02 +1.5413845e+04
7.5380000e-01 +1.5000000e-01 +1.9222583e+01 +1.1853917e-01 -1.4363833e-01 +1.9636458e+00 +1.0906250e+00 +8.9674306e-01 -9.1118750e-03 -5.0246111e-01 +1.3408472e-02 +1.5363006e+04
7.5667800e-01 +1.5000000e-01 +1.9225000e+01 +1.2159250e-01 -1.4726500e-01 +1.9480417e+00 +1.0853403e+00 +8.9580556e-01 -1.4791944e-03 -4.9748472e-01 +1.5177292e-02 +1.5316968e+04
7.5953600e-01 +1.5000000e-01 +1.9226667e+01 +1.2468917e-01 -1.5079167e-01 +1.9326458e+00 +1.0802083e+00 +8.9497917e-01 +6.1719444e-03 -4.9237222e-01 +1.6939236e-02 +1.5277120e+04
7.6237300e-01 +1.5000000e-01 +1.9227583e+01 +1.2781667e-01 -1.5422500e-01 +1.9174722e+00 +1.0751944e+00 +8.9430556e-01 +1.3864236e-02 -4.8712708e-01 +1.8684653e-02 +1.5244140e+04
7.6519000e-01 +1.5000000e-01 +1.9227833e+01 +1.3094667e-01 -1.5757167e-01 +1.9025764e+00 +1.0702708e+00 +8.9372917e-01 +2.1632153e-02 -4.8176042e-01 +2.0405625e-02 +1.5216706e+04
7.6798700e-01 +1.5000000e-01 +1.9227250e+01 +1.3405417e-01 -1.6083000e-01 +1.8880625e+00 +1.0654375e+00 +8.9318056e-01 +2.9487708e-02 -4.7630278e-01 +2.2092986e-02 +1.5192853e+04
7.7076400e-01 +1.5000000e-01 +1.9225833e+01 +1.3712083e-01 -1.6399667e-01 +1.8740208e+00 +1.0607014e+00 +8.9272222e-01 +3.7400972e-02 -4.7079028e-01 +2.3739028e-02 +1.5171280e+04
7.7352000e-01 +1.5000000e-01 +1.9223583e+01 +1.4013500e-01 -1.6706500e-01 +1.8606042e+00 +1.0560625e+00 +8.9238194e-01 +4.5323472e-02 -4.6523750e-01 +2.5355625e-02 +1.5152404e+04
7.7625600e-01 +1.5000000e-01 +1.9220500e+01 +1.4309083e-01 -1.7002167e-01 +1.8479444e+00 +1.0515347e+00 +8.9215972e-01 +5.3211806e-02 -4.5964306e-01 +2.6987014e-02 +1.5138261e+04
7.7897100e-01 +1.5000000e-01 +1.9216500e+01 +1.4598583e-01 -1.7285000e-01 +1.8361528e+00 +1.0471181e+00 +8.9209028e-01 +6.1045625e-02 -4.5402847e-01 +2.8682778e-02 +1.5129272e+04
7.8166500e-01 +1.5000000e-01 +1.9211667e+01 +1.4881417e-01 -1.7552167e-01 +1.8253403e+00 +1.0428125e+00 +8.9224306e-01 +6.8834236e-02 -4.4847778e-01 +3.0468264e-02 +1.5122043e+04
7.8433900e-01 +1.5000000e-01 +1.9206000e+01 +1.5156667e-01 -1.7799833e-01 +1.8156042e+00 +1.0386250e+00 +8.9265972e-01 +7.6602083e-02 -4.4310486e-01 +3.2323750e-02 +1.5116230e+04
7.8699200e-01 +1.5000000e-01 +1.9199417e+01 +1.5423917e-01 -1.8025833e-01 +1.8069306e+00 +1.0345486e+00 +8.9336111e-01 +8.4372917e-02 -4.3796944e-01 +3.4205903e-02 +1.5116668e+04
7.8962500e-01 +1.5000000e-01 +1.9191917e+01 +1.5682500e-01 -1.8231250e-01 +1.7991806e+00 +1.0305903e+00 +8.9432639e-01 +9.2175694e-02 -4.3302778e-01 +3.6090625e-02 +1.5126703e+04
7.9223700e-01 +1.5000000e-01 +1.9183500e+01 +1.5931583e-01 -1.8418667e-01 +1.7921806e+00 +1.0267708e+00 +8.9554861e-01 +1.0003750e-01 -4.2816528e-01 +3.7969028e-02 +1.5144538e+04
7.9482800e-01 +1.5000000e-01 +1.9174083e+01 +1.6170417e-01 -1.8589667e-01 +1.7857708e+00 +1.0230833e+00 +8.9700000e-01 +1.0798681e-01 -4.2328611e-01 +3.9827014e-02 +1.5167277e+04
7.9739800e-01 +1.5000000e-01 +1.9163667e+01 +1.6398667e-01 -1.8743750e-01 +1.7798333e+00 +1.0195347e+00 +8.9863194e-01 +1.1604444e-01 -4.1836458e-01 +4.1644444e-02 +1.5194800e+04
7.9994700e-01 +1.5000000e-01 +1.9152417e+01 +1.6616333e-01 -1.8879250e-01 +1.7743403e+00 +1.0161042e+00 +9.0043750e-01 +1.2421528e-01 -4.1344167e-01 +4.3408194e-02 +1.5226674e+04
8.0247600e-01 +1.5000000e-01 +1.9140167e+01 +1.6823917e-01 -1.8994917e-01 +1.7693125e+00 +1.0128056e+00 +9.0239583e-01 +1.3248194e-01 -4.0857431e-01 +4.5119167e-02 +1.5263701e+04
8.0498400e-01 +1.5000000e-01 +1.9127083e+01 +1.7022333e-01 -1.9091000e-01 +1.7647431e+00 +1.0096250e+00 +9.0452083e-01 +1.4083056e-01 -4.0379444e-01 +4.6772639e-02 +1.5308490e+04
8.0747100e-01 +1.5000000e-01 +1.9113083e+01 +1.7212917e-01 -1.9168333e-01 +1.7606250e+00 +1.0065625e+00 +9.0676389e-01 +1.4924653e-01 -3.9908056e-01 +4.8342222e-02 +1.5362587e+04
8.0993700e-01 +1.5000000e-01 +1.9098083e+01 +1.7396333e-01 -1.9228083e-01 +1.7569653e+00 +1.0036389e+00 +9.0904167e-01 +1.5770903e-01 -3.9439722e-01 +4.9800833e-02 +1.5425126e+04
8.1238300e-01 +1.5000000e-01 +1.9082250e+01 +1.7572333e-01 -1.9271750e-01 +1.7538472e+00 +1.0008542e+00 +9.1133333e-01 +1.6619167e-01 -3.8975069e-01 +5.1152986e-02 +1.5493693e+04
8.1480700e-01 +1.5000000e-01 +1.9065500e+01 +1.7739750e-01 -1.9301333e-01 +1.7513264e+00 +9.9824306e-01 +9.1365972e-01 +1.7467708e-01 -3.8516319e-01 +5.2430556e-02 +1.5565719e+04
8.1721100e-01 +1.5000000e-01 +1.9047833e+01 +1.7897583e-01 -1.9318750e-01 +1.7494792e+00 +9.9584722e-01 +9.1613194e-01 +1.8315556e-01 -3.8065625e-01 +5.3665556e-02 +1.5640294e+04
8.1959400e-01 +1.5000000e-01 +1.9029250e+01 +1.8045167e-01 -1.9326083e-01 +1.7483194e+00 +9.9366667e-01 +9.1886806e-01 +1.9162778e-01 -3.7622431e-01 +5.4873056e-02 +1.5717380e+04
8.2195700e-01 +1.5000000e-01 +1.9009833e+01 +1.8182167e-01 -1.9325083e-01 +1.7477847e+00 +9.9170139e-01 +9.2190278e-01 +2.0011111e-01 -3.7183542e-01 +5.6052222e-02 +1.5797980e+04
8.2429900e-01 +1.5000000e-01 +1.8989583e+01 +1.8308417e-01 -1.9317667e-01 +1.7478056e+00 +9.8994444e-01 +9.2524306e-01 +2.0862222e-01 -3.6744375e-01 +5.7195972e-02 +1.5883831e+04
8.2662000e-01 +1.5000000e-01 +1.8968583e+01 +1.8424000e-01 -1.9305833e-01 +1.7483542e+00 +9.8836806e-01 +9.2888194e-01 +2.1717361e-01 -3.6300000e-01 +5.8297639e-02 +1.5975131e+04
8.2892100e-01 +1.5000000e-01 +1.8946750e+01 +1.8528833e-01 -1.9290833e-01 +1.7494722e+00 +9.8696528e-01 +9.3281250e-01 +2.2577292e-01 -3.5847639e-01 +5.9356181e-02 +1.6071763e+04
8.3120100e-01 +1.5000000e-01 +1.8924083e+01 +1.8622917e-01 -1.9273333e-01 +1.7512153e+00 +9.8575694e-01 +9.3701389e-01 +2.3443681e-01 -3.5386528e-01 +6.0379306e-02 +1.6174491e+04
8.3346000e-01 +1.5000000e-01 +1.8900583e+01 +1.8706250e-01 -1.9254000e-01 +1.7536111e+00 +9.8474306e-01 +9.4146528e-01 +2.4318333e-01 -3.4915486e-01 +6.1379792e-02 +1.6284211e+04
8.3570000e-01 +1.5000000e-01 +1.8876333e+01 +1.8778917e-01 -1.9234083e-01 +1.7566042e+00 +9.8394444e-01 +9.4615278e-01 +2.5201875e-01 -3.4433542e-01 +6.2367569e-02 +1.6402542e+04
8.3791800e-01 +1.5000000e-01 +1.8851250e+01 +1.8841417e-01 -1.9214500e-01 +1.7601181e+00 +9.8334722e-01 +9.5106944e-01 +2.6093333e-01 -3.3943472e-01 +6.3344792e-02 +1.6530956e+04
8.4011600e-01 +1.5000000e-01 +1.8825417e+01 +1.8894000e-01 -1.9194667e-01 +1.7640972e+00 +9.8295139e-01 +9.5624306e-01 +2.6990764e-01 -3.3450556e-01 +6.4302847e-02 +1.6668747e+04
8.4229400e-01 +1.5000000e-01 +1.8798833e+01 +1.8936500e-01 -1.9171917e-01 +1.7685347e+00 +9.8272917e-01 +9.6170833e-01 +2.7893264e-01 -3.2959306e-01 +6.5226389e-02 +1.6815587e+04
8.4445200e-01 +1.5000000e-01 +1.8771417e+01 +1.8968000e-01 -1.9141833e-01 +1.7734375e+00 +9.8267361e-01 +9.6743750e-01 +2.8801458e-01 -3.2472222e-01 +6.6100694e-02 +1.6973137e+04
8.4659000e-01 +1.5000000e-01 +1.8743167e+01 +1.8987833e-01 -1.9099750e-01 +1.7788056e+00 +9.8277778e-01 +9.7337500e-01 +2.9717431e-01 -3.1989792e-01 +6.6913333e-02 +1.7142313e+04
8.4870700e-01 +1.5000000e-01 +1.8714167e+01 +1.8995333e-01 -1.9041750e-01 +1.7846389e+00 +9.8306250e-01 +9.7948611e-01 +3.0642778e-01 -3.1511389e-01 +6.7652361e-02 +1.7321302e+04
8.5080400e-01 +1.5000000e-01 +1.8684333e+01 +1.8990667e-01 -1.8965667e-01 +1.7910000e+00 +9.8352778e-01 +9.8575000e-01 +3.1577917e-01 -3.1037500e-01 +6.8305556e-02 +1.7508198e+04
8.5288200e-01 +1.5000000e-01 +1.8653750e+01 +1.8974000e-01 -1.8871167e-01 +1.7980000e+00 +9.8416667e-01 +9.9216667e-01 +3.2522014e-01 -3.0568958e-01 +6.8865556e-02 +1.7701923e+04
8.5493900e-01 +1.5000000e-01 +1.8622333e+01 +1.8945500e-01 -1.8759917e-01 +1.8057500e+00 +9.8496528e-01 +9.9872917e-01 +3.3473958e-01 -3.0103819e-01 +6.9339583e-02 +1.7901321e+04
8.5697700e-01 +1.5000000e-01 +1.8590167e+01 +1.8905500e-01 -1.8634250e-01 +1.8142708e+00 +9.8591667e-01 +1.0054583e+00 +3.4432778e-01 -2.9637847e-01 +6.9746528e-02 +1.8106195e+04
8.5899500e-01 +1.5000000e-01 +1.8557333e+01 +1.8854333e-01 -1.8495750e-01 +1.8235347e+00 +9.8698611e-01 +1.0123333e+00 +3.5396944e-01 -2.9169306e-01 +7.0102778e-02 +1.8317065e+04
8.6099300e-01 +1.5000000e-01 +1.8523667e+01 +1.8792167e-01 -1.8345833e-01 +1.8334722e+00 +9.8817361e-01 +1.0193750e+00 +3.6364653e-01 -2.8700278e-01 +7.0408333e-02 +1.8535655e+04
8.6297100e-01 +1.5000000e-01 +1.8489417e+01 +1.8718833e-01 -1.8185333e-01 +1.8440694e+00 +9.8944444e-01 +1.0265694e+00 +3.7334583e-01 -2.8233472e-01 +7.0653472e-02 +1.8764888e+04
8.6493000e-01 +1.5000000e-01 +1.8454500e+01 +1.8634250e-01 -1.8015000e-01 +1.8553264e+00 +9.9078472e-01 +1.0339236e+00 +3.8305000e-01 -2.7770347e-01 +7.0825694e-02 +1.9007135e+04
8.6687000e-01 +1.5000000e-01 +1.8418833e+01 +1.8537917e-01 -1.7834750e-01 +1.8672847e+00 +9.9219444e-01 +1.0414236e+00 +3.9274306e-01 -2.7311944e-01 +7.0912500e-02 +1.9262543e+04
8.6879000e-01 +1.5000000e-01 +1.8382583e+01 +1.8429833e-01 -1.7644333e-01 +1.8799722e+00 +9.9366667e-01 +1.0491111e+00 +4.0242431e-01 -2.6861181e-01 +7.0905556e-02 +1.9530050e+04
8.7069100e-01 +1.5000000e-01 +1.8345667e+01 +1.8309750e-01 -1.7443417e-01 +1.8934097e+00 +9.9520139e-01 +1.0570417e+00 +4.1210556e-01 -2.6421319e-01 +7.0803472e-02 +1.9808577e+04
8.7257300e-01 +1.5000000e-01 +1.8308167e+01 +1.8177750e-01 -1.7231583e-01 +1.9075764e+00 +9.9679861e-01 +1.0652361e+00 +4.2180625e-01 -2.5992083e-01 +7.0620139e-02 +2.0098324e+04
8.7443600e-01 +1.5000000e-01 +1.8269917e+01 +1.8033917e-01 -1.7008083e-01 +1.9224931e+00 +9.9847222e-01 +1.0736667e+00 +4.3154375e-01 -2.5569097e-01 +7.0379167e-02 +2.0399965e+04
8.7628000e-01 +1.5000000e-01 +1.8231000e+01 +1.7878583e-01 -1.6772833e-01 +1.9381875e+00 +1.0002153e+00 +1.0822917e+00 +4.4132361e-01 -2.5148611e-01 +7.0110417e-02 +2.0712528e+04
8.7810500e-01 +1.5000000e-01 +1.8191500e+01 +1.7712333e-01 -1.6526500e-01 +1.9547153e+00 +1.0020347e+00 +1.0910556e+00 +4.5113958e-01 -2.4730139e-01 +6.9842361e-02 +2.1033646e+04
8.7991200e-01 +1.5000000e-01 +1.8151250e+01 +1.7535750e-01 -1.6270583e-01 +1.9721042e+00 +1.0039375e+00 +1.0999514e+00 +4.6098194e-01 -2.4316806e-01 +6.9594444e-02 +2.1361235e+04
8.8169900e-01 +1.5000000e-01 +1.8110417e+01 +1.7349667e-01 -1.6006333e-01 +1.9903125e+00 +1.0059444e+00 +1.1089861e+00 +4.7083472e-01 -2.3913819e-01 +6.9371875e-02 +2.1695396e+04
8.8346900e-01 +1.5000000e-01 +1.8069000e+01 +1.7154917e-01 -1.5733917e-01 +2.0092361e+00 +1.0080556e+00 +1.1182222e+00 +4.8067917e-01 -2.3525972e-01 +6.9165417e-02 +2.2037674e+04
8.8521900e-01 +1.5000000e-01 +1.8027083e+01 +1.6951750e-01 -1.5452417e-01 +2.0287847e+00 +1.0102778e+00 +1.1276736e+00 +4.9050000e-01 -2.3153889e-01 +6.8956806e-02 +2.2390323e+04
8.8695200e-01 +1.5000000e-01 +1.7984500e+01 +1.6740250e-01 -1.5160333e-01 +2.0488958e+00 +1.0126042e+00 +1.1373750e+00 +5.0028681e-01 -2.2794514e-01 +6.8727083e-02 +2.2755424e+04
8.8866600e-01 +1.5000000e-01 +1.7941333e+01 +1.6520500e-01 -1.4856333e-01 +2.0695347e+00 +1.0150417e+00 +1.1473264e+00 +5.1003681e-01 -2.2444514e-01 +6.8461528e-02 +2.3135184e+04
8.9036200e-01 +1.5000000e-01 +1.7897667e+01 +1.6292500e-01 -1.4540167e-01 +2.0906667e+00 +1.0175625e+00 +1.1575486e+00 +5.1975625e-01 -2.2101181e-01 +6.8153333e-02 +2.3530933e+04
8.9204000e-01 +1.5000000e-01 +1.7853417e+01 +1.6056417e-01 -1.4211917e-01 +2.1122778e+00 +1.0201667e+00 +1.1680625e+00 +5.2945972e-01 -2.1762292e-01 +6.7802500e-02 +2.3942864e+04
8.9370100e-01 +1.5000000e-01 +1.7808583e+01 +1.5812333e-01 -1.3871583e-01 +2.1343542e+00 +1.0228472e+00 +1.1788681e+00 +5.3916181e-01 -2.1426389e-01 +6.7411389e-02 +2.4370565e+04
8.9534300e-01 +1.5000000e-01 +1.7763250e+01 +1.5560833e-01 -1.3518750e-01 +2.1569375e+00 +1.0255903e+00 +1.1899444e+00 +5.4887222e-01 -2.1093264e-01 +6.6979792e-02 +2.4813672e+04
8.9696800e-01 +1.5000000e-01 +1.7717333e+01 +1.5302500e-01 -1.3153000e-01 +2.1800694e+00 +1.0284028e+00 +1.2012431e+00 +5.5859028e-01 -2.0763750e-01 +6.6502986e-02 +2.5270486e+04
8.9857600e-01 +1.5000000e-01 +1.7670917e+01 +1.5037833e-01 -1.2774083e-01 +2.2037917e+00 +1.0312778e+00 +1.2127153e+00 +5.6830903e-01 -2.0440347e-01 +6.5974514e-02 +2.5738904e+04
9.0016600e-01 +1.5000000e-01 +1.7623917e+01 +1.4767333e-01 -1.2382083e-01 +2.2280833e+00 +1.0342153e+00 +1.2243125e+00 +5.7801042e-01 -2.0126944e-01 +6.5393333e-02 +2.6218770e+04
9.0173800e-01 +1.5000000e-01 +1.7576500e+01 +1.4491167e-01 -1.1977583e-01 +2.2528542e+00 +1.0372222e+00 +1.2359931e+00 +5.8767431e-01 -1.9826250e-01 +6.4767500e-02 +2.6712058e+04
9.0329400e-01 +1.5000000e-01 +1.7528583e+01 +1.4209417e-01 -1.1561750e-01 +2.2780208e+00 +1.0402847e+00 +1.2477292e+00 +5.9728472e-01 -1.9536597e-01 +6.4110208e-02 +2.7220101e+04
9.0483300e-01 +1.5000000e-01 +1.7480250e+01 +1.3922250e-01 -1.1136000e-01 +2.3035486e+00 +1.0434097e+00 +1.2595208e+00 +6.0683472e-01 -1.9253542e-01 +6.3432083e-02 +2.7742172e+04
9.0635400e-01 +1.5000000e-01 +1.7431417e+01 +1.3629750e-01 -1.0700833e-01 +2.3294375e+00 +1.0465764e+00 +1.2713472e+00 +6.1632569e-01 -1.8973611e-01 +6.2737153e-02 +2.8275872e+04
9.0785900e-01 +1.5000000e-01 +1.7382167e+01 +1.3332000e-01 -1.0256500e-01 +2.3556667e+00 +1.0497778e+00 +1.2831944e+00 +6.2576111e-01 -1.8695486e-01 +6.2024167e-02 +2.8820688e+04
9.0934700e-01 +1.5000000e-01 +1.7332500e+01 +1.3029250e-01 -9.8030833e-02 +2.3822153e+00 +1.0529861e+00 +1.2950278e+00 +6.3513750e-01 -1.8420972e-01 +6.1291111e-02 +2.9380624e+04
9.1081900e-01 +1.5000000e-01 +1.7282417e+01 +1.2721917e-01 -9.3410833e-02 +2.4090139e+00 +1.0561944e+00 +1.3068472e+00 +6.4444306e-01 -1.8152361e-01 +6.0540139e-02 +2.9960465e+04
9.1227400e-01 +1.5000000e-01 +1.7231917e+01 +1.2410417e-01 -8.8711667e-02 +2.4360208e+00 +1.0593819e+00 +1.3186528e+00 +6.5365764e-01 -1.7891319e-01 +5.9776875e-02 +3.0560727e+04
9.1371300e-01 +1.5000000e-01 +1.7181083e+01 +1.2095500e-01 -8.3939167e-02 +2.4632083e+00 +1.0625417e+00 +1.3304653e+00 +6.6276181e-01 -1.7639306e-01 +5.9006528e-02 +3.1178351e+04
9.1513600e-01 +1.5000000e-01 +1.7129833e+01 +1.1778083e-01 -7.9100583e-02 +2.4905347e+00 +1.0656528e+00 +1.3422917e+00 +6.7173125e-01 -1.7398056e-01 +5.8232431e-02 +3.1811843e+04
9.1654300e-01 +1.5000000e-01 +1.7078333e+01 +1.1458917e-01 -7.4200417e-02 +2.5179653e+00 +1.0687083e+00 +1.3541319e+00 +6.8054514e-01 -1.7169236e-01 +5.7457708e-02 +3.2462675e+04
9.1793400e-01 +1.5000000e-01 +1.7026417e+01 +1.1138833e-01 -6.9240833e-02 +2.5455000e+00 +1.0716875e+00 +1.3659861e+00 +6.8918611e-01 -1.6954583e-01 +5.6685903e-02 +3.3132440e+04
9.1930900e-01 +1.5000000e-01 +1.6974333e+01 +1.0818417e-01 -6.4219667e-02 +2.5731875e+00 +1.0745903e+00 +1.3778542e+00 +6.9764583e-01 -1.6756042e-01 +5.5917639e-02 +3.3821028e+04
9.2066800e-01 +1.5000000e-01 +1.6921833e+01 +1.0498250e-01 -5.9132500e-02 +2.6010833e+00 +1.0774028e+00 +1.3897361e+00 +7.0590972e-01 -1.6574444e-01 +5.5149514e-02 +3.4528505e+04
9.2201200e-01 +1.5000000e-01 +1.6869167e+01 +1.0179083e-01 -5.3974750e-02 +2.6292014e+00 +1.0800972e+00 +1.4016181e+00 +7.1398611e-01 -1.6408125e-01 +5.4377639e-02 +3.5255756e+04
9.2334100e-01 +1.5000000e-01 +1.6816250e+01 +9.8614167e-02 -4.8743417e-02 +2.6575556e+00 +1.0826736e+00 +1.4134931e+00 +7.2186111e-01 -1.6252917e-01 +5.3602222e-02 +3.6004831e+04
9.2465400e-01 +1.5000000e-01 +1.6763083e+01 +9.5459167e-02 -4.3439250e-02 +2.6861389e+00 +1.0851181e+00 +1.4253681e+00 +7.2955556e-01 -1.6104792e-01 +5.2830556e-02 +3.6778760e+04
9.2595200e-01 +1.5000000e-01 +1.6709667e+01 +9.2331667e-02 -3.8067500e-02 +2.7149653e+00 +1.0874097e+00 +1.4372639e+00 +7.3706250e-01 -1.5962431e-01 +5.2075903e-02 +3.7578630e+04
9.2723500e-01 +1.5000000e-01 +1.6656083e+01 +8.9235833e-02 -3.2637083e-02 +2.7440556e+00 +1.0895556e+00 +1.4492153e+00 +7.4439583e-01 -1.5826667e-01 +5.1352222e-02 +3.8402810e+04
9.2850400e-01 +1.5000000e-01 +1.6602250e+01 +8.6172500e-02 -2.7158583e-02 +2.7734514e+00 +1.0915556e+00 +1.4612569e+00 +7.5157639e-01 -1.5698542e-01 +5.0666319e-02 +3.9250347e+04
9.2975700e-01 +1.5000000e-01 +1.6548167e+01 +8.3142750e-02 -2.1641333e-02 +2.8031528e+00 +1.0934028e+00 +1.4734028e+00 +7.5861806e-01 -1.5577361e-01 +5.0016250e-02 +4.0122552e+04
9.3099600e-01 +1.5000000e-01 +1.6493750e+01 +8.0145750e-02 -1.6091583e-02 +2.8331736e+00 +1.0950903e+00 +1.4856319e+00 +7.6552778e-01 -1.5461042e-01 +4.9395139e-02 +4.1020156e+04
9.3222000e-01 +1.5000000e-01 +1.6439167e+01 +7.7179333e-02 -1.0512333e-02 +2.8635417e+00 +1.0966319e+00 +1.4979306e+00 +7.7232639e-01 -1.5346319e-01 +4.8796250e-02 +4.1942634e+04
9.3343000e-01 +1.5000000e-01 +1.6384333e+01 +7.4241917e-02 -4.9050500e-03 +2.8942639e+00 +1.0980139e+00 +1.5102639e+00 +7.7900000e-01 -1.5229306e-01 +4.8215347e-02 +4.2889329e+04
9.3462600e-01 +1.5000000e-01 +1.6329250e+01 +7.1333667e-02 +7.2991833e-04 +2.9253611e+00 +1.0992500e+00 +1.5226111e+00 +7.8556250e-01 -1.5107153e-01 +4.7650556e-02 +4.3859985e+04
9.3580800e-01 +1.5000000e-01 +1.6274000e+01 +6.8456083e-02 +6.3936250e-03 +2.9568611e+00 +1.1003264e+00 +1.5349444e+00 +7.9200000e-01 -1.4978125e-01 +4.7100764e-02 +4.4854402e+04
9.3697600e-01 +1.5000000e-01 +1.6218417e+01 +6.5611583e-02 +1.2089667e-02 +2.9887917e+00 +1.1012292e+00 +1.5472361e+00 +7.9831250e-01 -1.4842361e-01 +4.6563958e-02 +4.5873297e+04
9.3813000e-01 +1.5000000e-01 +1.6162667e+01 +6.2802750e-02 +1.7824083e-02 +3.0212083e+00 +1.1019583e+00 +1.5594444e+00 +8.0450694e-01 -1.4702014e-01 +4.6035972e-02 +4.6920425e+04
9.3927000e-01 +1.5000000e-01 +1.6106750e+01 +6.0032417e-02 +2.3604000e-02 +3.0541806e+00 +1.1024792e+00 +1.5715347e+00 +8.1056944e-01 -1.4560486e-01 +4.5510556e-02 +4.7999762e+04
9.4039600e-01 +1.5000000e-01 +1.6050500e+01 +5.7303667e-02 +2.9435583e-02 +3.0877847e+00 +1.1027847e+00 +1.5834722e+00 +8.1650694e-01 -1.4422153e-01 +4.4980764e-02 +4.9111492e+04
9.4150900e-01 +1.5000000e-01 +1.5994083e+01 +5.4619750e-02 +3.5323417e-02 +3.1221389e+00 +1.1028542e+00 +1.5952292e+00 +8.2231250e-01 -1.4291597e-01 +4.4439306e-02 +5.0252607e+04
9.4260900e-01 +1.5000000e-01 +1.5937417e+01 +5.1983417e-02 +4.1269583e-02 +3.1573264e+00 +1.1026736e+00 +1.6067778e+00 +8.2798611e-01 -1.4173542e-01 +4.3877431e-02 +5.1420304e+04
9.4369600e-01 +1.5000000e-01 +1.5880583e+01 +4.9397167e-02 +4.7272833e-02 +3.1933958e+00 +1.1022361e+00 +1.6180833e+00 +8.3351389e-01 -1.4072222e-01 +4.3286111e-02 +5.2612625e+04
9.4476900e-01 +1.5000000e-01 +1.5823500e+01 +4.6863083e-02 +5.3329000e-02 +3.2303889e+00 +1.1015208e+00 +1.6291458e+00 +8.3888194e-01 -1.3990625e-01 +4.2660903e-02 +5.3829387e+04
9.4583000e-01 +1.5000000e-01 +1.5766250e+01 +4.4383500e-02 +5.9432583e-02 +3.2682778e+00 +1.1005208e+00 +1.6399722e+00 +8.4408333e-01 -1.3929306e-01 +4.2004514e-02 +5.5072475e+04
9.4687800e-01 +1.5000000e-01 +1.5708750e+01 +4.1961000e-02 +6.5579750e-02 +3.3070347e+00 +1.0992292e+00 +1.6505556e+00 +8.4910417e-01 -1.3886528e-01 +4.1325069e-02 +5.6345290e+04
9.4791300e-01 +1.5000000e-01 +1.5651083e+01 +3.9598583e-02 +7.1768833e-02 +3.3466319e+00 +1.0976250e+00 +1.6609167e+00 +8.5393056e-01 -1.3859653e-01 +4.0629931e-02 +5.7651753e+04
9.4893500e-01 +1.5000000e-01 +1.5593250e+01 +3.7298667e-02 +7.8000000e-02 +3.3870625e+00 +1.0956944e+00 +1.6710625e+00 +8.5854167e-01 -1.3846111e-01 +3.9922917e-02 +5.8993698e+04
9.4994500e-01 +1.5000000e-01 +1.5535083e+01 +3.5063417e-02 +8.4273333e-02 +3.4283681e+00 +1.0934236e+00 +1.6810069e+00 +8.6293750e-01 -1.3843611e-01 +3.9205347e-02 +6.0370798e+04
9.5094300e-01 +1.5000000e-01 +1.5476667e+01 +3.2894083e-02 +9.0587500e-02 +3.4706111e+00 +1.0907778e+00 +1.6907361e+00 +8.6710417e-01 -1.3850069e-01 +3.8478125e-02 +6.1784025e+04
9.5192800e-01 +1.5000000e-01 +1.5418000e+01 +3.0792000e-02 +9.6939167e-02 +3.5138403e+00 +1.0877569e+00 +1.7002153e+00 +8.7104167e-01 -1.3863056e-01 +3.7743194e-02 +6.3237553e+04
9.5290100e-01 +1.5000000e-01 +1.5359000e+01 +2.8758583e-02 +1.0332083e-01 +3.5581111e+00 +1.0843333e+00 +1.7094097e+00 +8.7476389e-01 -1.3879514e-01 +3.7005486e-02 +6.4736864e+04
9.5386300e-01 +1.5000000e-01 +1.5299583e+01 +2.6795167e-02 +1.0972583e-01 +3.6034722e+00 +1.0804931e+00 +1.7182847e+00 +8.7827083e-01 -1.3895903e-01 +3.6274722e-02 +6.6285143e+04
9.5481200e-01 +1.5000000e-01 +1.5239917e+01 +2.4902833e-02 +1.1614583e-01 +3.6499583e+00 +1.0762292e+00 +1.7267986e+00 +8.8156944e-01 -1.3907917e-01 +3.5564375e-02 +6.7881419e+04
9.5575000e-01 +1.5000000e-01 +1.5179750e+01 +2.3081833e-02 +1.2257417e-01 +3.6976389e+00 +1.0715278e+00 +1.7349514e+00 +8.8465278e-01 -1.3911944e-01 +3.4887431e-02 +6.9522097e+04
9.5667600e-01 +1.5000000e-01 +1.5119250e+01 +2.1331667e-02 +1.2900417e-01 +3.7465694e+00 +1.0663681e+00 +1.7427153e+00 +8.8753472e-01 -1.3905347e-01 +3.4253264e-02 +7.1204714e+04
9.5759100e-01 +1.5000000e-01 +1.5058250e+01 +1.9651250e-02 +1.3542917e-01 +3.7968056e+00 +1.0607361e+00 +1.7500903e+00 +8.9020833e-01 -1.3886806e-01 +3.3666042e-02 +7.2930006e+04
9.5849500e-01 +1.5000000e-01 +1.4996750e+01 +1.8039000e-02 +1.4184333e-01 +3.8484097e+00 +1.0546319e+00 +1.7570625e+00 +8.9267361e-01 -1.3855833e-01 +3.3125764e-02 +7.4705404e+04
9.5938700e-01 +1.5000000e-01 +1.4934750e+01 +1.6493000e-02 +1.4823833e-01 +3.9014444e+00 +1.0480347e+00 +1.7636389e+00 +8.9493056e-01 -1.3812986e-01 +3.2630486e-02 +7.6537179e+04
9.6026800e-01 +1.5000000e-01 +1.4872167e+01 +1.5011500e-02 +1.5460917e-01 +3.9560208e+00 +1.0409306e+00 +1.7698333e+00 +8.9697917e-01 -1.3759236e-01 +3.2178681e-02 +7.8427415e+04
9.6113800e-01 +1.5000000e-01 +1.4809000e+01 +1.3592917e-02 +1.6094833e-01 +4.0122639e+00 +1.0333125e+00 +1.7756597e+00 +8.9881944e-01 -1.3695486e-01 +3.1771389e-02 +8.0371335e+04
9.6199700e-01 +1.5000000e-01 +1.4745083e+01 +1.2236083e-02 +1.6725167e-01 +4.0703125e+00 +1.0251597e+00 +1.7811319e+00 +9.0045139e-01 -1.3621875e-01 +3.1411181e-02 +8.2366074e+04
9.6284500e-01 +1.5000000e-01 +1.4680583e+01 +1.0940500e-02 +1.7351250e-01 +4.1302639e+00 +1.0164583e+00 +1.7862639e+00 +9.0187500e-01 -1.3538056e-01 +3.1100000e-02 +8.4408232e+04
9.6368300e-01 +1.5000000e-01 +1.4615167e+01 +9.7057500e-03 +1.7972333e-01 +4.1921806e+00 +1.0072014e+00 +1.7910486e+00 +9.0307639e-01 -1.3443889e-01 +3.0836806e-02 +8.6499153e+04
9.6451000e-01 +1.5000000e-01 +1.4549000e+01 +8.5315000e-03 +1.8587667e-01 +4.2561111e+00 +9.9736806e-01 +1.7954583e+00 +9.0404861e-01 -1.3339514e-01 +3.0616806e-02 +8.8640966e+04
9.6532700e-01 +1.5000000e-01 +1.4481917e+01 +7.4170917e-03 +1.9195750e-01 +4.3220972e+00 +9.8695139e-01 +1.7994722e+00 +9.0478472e-01 -1.3226181e-01 +3.0431528e-02 +9.0833009e+04
9.6613400e-01 +1.5000000e-01 +1.4413917e+01 +6.3616833e-03 +1.9795250e-01 +4.3901458e+00 +9.7594444e-01 +1.8030556e+00 +9.0528472e-01 -1.3104861e-01 +3.0269722e-02 +9.3077345e+04
9.6693000e-01 +1.5000000e-01 +1.4344750e+01 +5.3638000e-03 +2.0384167e-01 +4.4602708e+00 +9.6431944e-01 +1.8061528e+00 +9.0552778e-01 -1.2976319e-01 +3.0119722e-02 +9.5376801e+04
9.6771600e-01 +1.5000000e-01 +1.4274500e+01 +4.4215833e-03 +2.0960750e-01 +4.5324375e+00 +9.5207639e-01 +1.8087361e+00 +9.0552083e-01 -1.2839861e-01 +2.9971458e-02 +9.7736959e+04
9.6849200e-01 +1.5000000e-01 +1.4203000e+01 +3.5328917e-03 +2.1523167e-01 +4.6066389e+00 +9.3920833e-01 +1.8107639e+00 +9.0523611e-01 -1.2694097e-01 +2.9818403e-02 +1.0016548e+05
9.6925900e-01 +1.5000000e-01 +1.4130167e+01 +2.6954750e-03 +2.2070000e-01 +4.6828542e+00 +9.2570833e-01 +1.8122153e+00 +9.0468056e-01 -1.2537639e-01 +2.9657986e-02 +1.0266866e+05
9.7001500e-01 +1.5000000e-01 +1.4055917e+01 +1.9072250e-03 +2.2599917e-01 +4.7610903e+00 +9.1157639e-01 +1.8130903e+00 +9.0384722e-01 -1.2370069e-01 +2.9490069e-02 +1.0525416e+05
9.7076200e-01 +1.5000000e-01 +1.3980000e+01 +1.1663750e-03 +2.3112250e-01 +4.8413542e+00 +8.9680556e-01 +1.8133889e+00 +9.0271528e-01 -1.2192222e-01 +2.9315486e-02 +1.0792132e+05
9.7150000e-01 +1.5000000e-01 +1.3902417e+01 +4.7166917e-04 +2.3606333e-01 +4.9236875e+00 +8.8139583e-01 +1.8131181e+00 +9.0127778e-01 -1.2005347e-01 +2.9134792e-02 +1.1066873e+05
9.7222800e-01 +1.5000000e-01 +1.3823000e+01 -1.7772917e-04 +2.4081500e-01 +5.0081250e+00 +8.6536111e-01 +1.8122847e+00 +8.9954167e-01 -1.1810000e-01 +2.8947847e-02 +1.1348881e+05
9.7294600e-01 +1.5000000e-01 +1.3741500e+01 -7.8232917e-04 +2.4537417e-01 +5.0946806e+00 +8.4870139e-01 +1.8109028e+00 +8.9747917e-01 -1.1605833e-01 +2.8753611e-02 +1.1637531e+05
9.7365600e-01 +1.5000000e-01 +1.3657917e+01 -1.3425500e-03 +2.4973417e-01 +5.1833472e+00 +8.3142361e-01 +1.8089444e+00 +8.9508333e-01 -1.1390833e-01 +2.8549931e-02 +1.1932472e+05
9.7435600e-01 +1.5000000e-01 +1.3572083e+01 -1.8588833e-03 +2.5388917e-01 +5.2740903e+00 +8.1353472e-01 +1.8063819e+00 +8.9233333e-01 -1.1162014e-01 +2.8333958e-02 +1.2233432e+05
9.7504800e-01 +1.5000000e-01 +1.3483750e+01 -2.3320000e-03 +2.5783250e-01 +5.3668403e+00 +7.9505556e-01 +1.8031597e+00 +8.8920139e-01 -1.0916111e-01 +2.8101944e-02 +1.2540339e+05
9.7573000e-01 +1.5000000e-01 +1.3392750e+01 -2.7627000e-03 +2.6155750e-01 +5.4614861e+00 +7.7599306e-01 +1.7992292e+00 +8.8568056e-01 -1.0649792e-01 +2.7849792e-02 +1.2853340e+05
9.7640400e-01 +1.5000000e-01 +1.3298917e+01 -3.1518667e-03 +2.6505667e-01 +5.5578958e+00 +7.5636111e-01 +1.7945417e+00 +8.8172917e-01 -1.0360486e-01 +2.7573958e-02 +1.3172502e+05
9.7706800e-01 +1.5000000e-01 +1.3202167e+01 -3.5003333e-03 +2.6832417e-01 +5.6558819e+00 +7.3618750e-01 +1.7890278e+00 +8.7733333e-01 -1.0046389e-01 +2.7271319e-02 +1.3498181e+05
9.7772500e-01 +1.5000000e-01 +1.3102167e+01 -3.8089000e-03 +2.7135083e-01 +5.7552639e+00 +7.1548611e-01 +1.7826528e+00 +8.7245833e-01 -9.7063889e-02 +2.6939931e-02 +1.3830166e+05
9.7837300e-01 +1.5000000e-01 +1.2998667e+01 -4.0783417e-03 +2.7413000e-01 +5.8557986e+00 +6.9428125e-01 +1.7753542e+00 +8.6706944e-01 -9.3400000e-02 +2.6578681e-02 +1.4168118e+05
9.7901200e-01 +1.5000000e-01 +1.2891583e+01 -4.3095083e-03 +2.7665167e-01 +5.9572431e+00 +6.7260625e-01 +1.7670972e+00 +8.6114583e-01 -8.9472917e-02 +2.6187500e-02 +1.4511418e+05
9.7964300e-01 +1.5000000e-01 +1.2780500e+01 -4.5033417e-03 +2.7890667e-01 +6.0592917e+00 +6.5048750e-01 +1.7578264e+00 +8.5463194e-01 -8.5284722e-02 +2.5766736e-02 +1.4859645e+05
9.8026600e-01 +1.5000000e-01 +1.2665167e+01 -4.6609250e-03 +2.8088500e-01 +6.1615694e+00 +6.2795625e-01 +1.7474792e+00 +8.4750000e-01 -8.0841667e-02 +2.5317361e-02 +1.5212182e+05
9.8088100e-01 +1.5000000e-01 +1.2545333e+01 -4.7834667e-03 +2.8257750e-01 +6.2636736e+00 +6.0504861e-01 +1.7359931e+00 +8.3970139e-01 -7.6149306e-02 +2.4840694e-02 +1.5568684e+05
9.8148700e-01 +1.5000000e-01 +1.2420667e+01 -4.8722667e-03 +2.8397250e-01 +6.3650972e+00 +5.8180278e-01 +1.7232986e+00 +8.3118750e-01 -7.1215278e-02 +2.4338125e-02 +1.5928876e+05
9.8208600e-01 +1.5000000e-01 +1.2290917e+01 -4.9287000e-03 +2.8506000e-01 +6.4652639e+00 +5.5826111e-01 +1.7093403e+00 +8.2190278e-01 -6.6044444e-02 +2.3812014e-02 +1.6292133e+05
9.8267700e-01 +1.5000000e-01 +1.2155583e+01 -4.9542250e-03 +2.8583000e-01 +6.5635278e+00 +5.3446944e-01 +1.6940347e+00 +8.1179167e-01 -6.0644028e-02 +2.3265278e-02 +1.6657486e+05
9.8326100e-01 +1.5000000e-01 +1.2014417e+01 -4.9503917e-03 +2.8627000e-01 +6.6591319e+00 +5.1047778e-01 +1.6773194e+00 +8.0080556e-01 -5.5021528e-02 +2.2701458e-02 +1.7023890e+05
9.8383600e-01 +1.5000000e-01 +1.1866917e+01 -4.9188667e-03 +2.8637000e-01 +6.7512222e+00 +4.8633819e-01 +1.6591181e+00 +7.8887500e-01 -4.9186875e-02 +2.2124444e-02 +1.7389549e+05
9.8440400e-01 +1.5000000e-01 +1.1712750e+01 -4.8614500e-03 +2.8611917e-01 +6.8388333e+00 +4.6210833e-01 +1.6393611e+00 +7.7593750e-01 -4.3152708e-02 +2.1537361e-02 +1.7752785e+05
9.8496500e-01 +1.5000000e-01 +1.1551417e+01 -4.7800500e-03 +2.8550667e-01 +6.9208542e+00 +4.3784722e-01 +1.6179722e+00 +7.6193750e-01 -3.6936319e-02 +2.0942431e-02 +1.8111374e+05
9.8551800e-01 +1.5000000e-01 +1.1382417e+01 -4.6767417e-03 +2.8452250e-01 +6.9960417e+00 +4.1361806e-01 +1.5948750e+00 +7.4679861e-01 -3.0560417e-02 +2.0340417e-02 +1.8463024e+05
9.8606400e-01 +1.5000000e-01 +1.1205417e+01 -4.5536667e-03 +2.8315417e-01 +7.0630556e+00 +3.8948611e-01 +1.5699931e+00 +7.3047222e-01 -2.4054861e-02 +1.9730556e-02 +1.8805360e+05
9.8660300e-01 +1.5000000e-01 +1.1019750e+01 -4.4130750e-03 +2.8139250e-01 +7.1203472e+00 +3.6551875e-01 +1.5432569e+00 +7.1287500e-01 -1.7457083e-02 +1.9110556e-02 +1.9135943e+05
9.8713400e-01 +1.5000000e-01 +1.0824917e+01 -4.2572000e-03 +2.7922333e-01 +7.1661111e+00 +3.4178403e-01 +1.5145833e+00 +6.9395486e-01 -1.0812222e-02 +1.8477014e-02 +1.9452196e+05
9.8765900e-01 +1.5000000e-01 +1.0620417e+01 -4.0882917e-03 +2.7663500e-01 +7.1984722e+00 +3.1835278e-01 +1.4839236e+00 +6.7364097e-01 -4.1738819e-03 +1.7825972e-02 +1.9751448e+05
9.8817700e-01 +1.5000000e-01 +1.0405583e+01 -3.9085167e-03 +2.7361333e-01 +7.2154167e+00 +2.9529653e-01 +1.4512153e+00 +6.5187431e-01 +2.3953125e-03 +1.7153194e-02 +2.0030836e+05
9.8868800e-01 +1.5000000e-01 +1.0179917e+01 -3.7199750e-03 +2.7014417e-01 +7.2146528e+00 +2.7268750e-01 +1.4164236e+00 +6.2860347e-01 +8.8231944e-03 +1.6454653e-02 +2.0287137e+05
9.8919200e-01 +1.5000000e-01 +9.9427500e+00 -3.5246917e-03 +2.6621167e-01 +7.1938194e+00 +2.5059653e-01 +1.3795278e+00 +6.0378472e-01 +1.5027708e-02 +1.5727083e-02 +2.0517053e+05
9.8968900e-01 +1.5000000e-01 +9.6935000e+00 -3.3245833e-03 +2.6180250e-01 +7.1502778e+00 +2.2909583e-01 +1.3405278e+00 +5.7738958e-01 +2.0917639e-02 +1.4968403e-02 +2.0716930e+05
9.9018000e-01 +1.5000000e-01 +9.4315833e+00 -3.1214500e-03 +2.5689917e-01 +7.0813889e+00 +2.0825625e-01 +1.2994375e+00 +5.4940972e-01 +2.6394167e-02 +1.4177361e-02 +2.0883862e+05
9.9066400e-01 +1.5000000e-01 +9.1565833e+00 -2.9170083e-03 +2.5148833e-01 +6.9845139e+00 +1.8814653e-01 +1.2562778e+00 +5.1986181e-01 +3.1353750e-02 +1.3354444e-02 +2.1015233e+05
9.9114200e-01 +1.5000000e-01 +8.8677500e+00 -2.7128250e-03 +2.4555500e-01 +6.8567986e+00 +1.6883472e-01 +1.2110903e+00 +4.8879444e-01 +3.5691528e-02 +1.2501111e-02 +2.1110205e+05
9.9161300e-01 +1.5000000e-01 +8.5648333e+00 -2.5103417e-03 +2.3908750e-01 +6.6956944e+00 +1.5038403e-01 +1.1639097e+00 +4.5629722e-01 +3.9305694e-02 +1.1620486e-02 +2.1169831e+05
9.9207900e-01 +1.5000000e-01 +8.2474417e+00 -2.3108500e-03 +2.3207417e-01 +6.4988194e+00 +1.3285486e-01 +1.1147986e+00 +4.2250625e-01 +4.2101806e-02 +1.0716736e-02 +2.1197970e+05
9.9253700e-01 +1.5000000e-01 +7.9152500e+00 -2.1154667e-03 +2.2450833e-01 +6.2641875e+00 +1.1630417e-01 +1.0637917e+00 +3.8761111e-01 +4.3997778e-02 +9.7956250e-03 +2.1202442e+05
9.9299000e-01 +1.5000000e-01 +7.5681583e+00 -1.9251417e-03 +2.1638250e-01 +5.9904444e+00 +1.0078264e-01 +1.0109167e+00 +3.5186597e-01 +4.4929583e-02 +8.8640278e-03 +2.1195703e+05
9.9343700e-01 +1.5000000e-01 +7.2062083e+00 -1.7406417e-03 +2.0769583e-01 +5.6770625e+00 +8.6335417e-02 +9.5620833e-01 +3.1558958e-01 +4.4856944e-02 +7.9300000e-03 +2.1195486e+05
9.9387800e-01 +1.5000000e-01 +6.8296500e+00 -1.5625667e-03 +1.9845167e-01 +5.3246458e+00 +7.3002778e-02 +8.9966667e-01 +2.7917292e-01 +4.3770833e-02 +7.0029861e-03 +2.1224736e+05
9.9431300e-01 +1.5000000e-01 +6.4389250e+00 -1.3913833e-03 +1.8865500e-01 +4.9351667e+00 +6.0817222e-02 +8.4127083e-01 +2.4307083e-01 +4.1700278e-02 +6.0936597e-03 +2.1311006e+05
9.9474200e-01 +1.5000000e-01 +6.0347167e+00 -1.2274500e-03 +1.7831917e-01 +4.5122778e+00 +4.9802500e-02 +7.8100694e-01 +2.0780000e-01 +3.8720000e-02 +5.2136667e-03 +2.1483961e+05
9.9516500e-01 +1.5000000e-01 +5.6179917e+00 -1.0710667e-03 +1.6746167e-01 +4.0614722e+00 +3.9974306e-02 +7.1884722e-01 +1.7391944e-01 +3.4954861e-02 +4.3752569e-03 +2.1771915e+05
9.9558300e-01 +1.5000000e-01 +5.1899417e+00 -9.2251667e-04 +1.5610500e-01 +3.5902083e+00 +3.1337917e-02 +6.5478889e-01 +1.4201042e-01 +3.0581181e-02 +3.5907014e-03 +2.2197019e+05
9.9599500e-01 +1.5000000e-01 +4.7520250e+00 -7.8216167e-04 +1.4427583e-01 +3.1078403e+00 +2.3886042e-02 +5.8888750e-01 +1.1263958e-01 +2.5820833e-02 +2.8715208e-03 +2.2769419e+05
9.9640100e-01 +1.5000000e-01 +4.3059083e+00 -6.5043750e-04 +1.3200750e-01 +2.6253611e+00 +1.7597292e-02 +5.2129097e-01 +8.6324306e-02 +2.0928611e-02 +2.2276806e-03 +2.3482472e+05
9.9680200e-01 +1.5000000e-01 +3.8534250e+00 -5.2792583e-04 +1.1933333e-01 +2.1548333e+00 +1.2433194e-02 +4.5230486e-01 +6.3484028e-02 +1.6171042e-02 +1.6667222e-03 +2.4310441e+05
9.9719800e-01 +1.5000000e-01 +3.3965333e+00 -4.1537083e-04 +1.0629000e-01 +1.7087083e+00 +8.3356944e-03 +3.8246250e-01 +4.4396875e-02 +1.1799722e-02 +1.1931667e-03 +2.5211442e+05
9.9758800e-01 +1.5000000e-01 +2.9371917e+00 -3.1368917e-04 +9.2915833e-02 +1.2988611e+00 +5.2242917e-03 +3.1260764e-01 +2.9159722e-02 +8.0227778e-03 +8.0806944e-04 +2.6136862e+05
9.9797300e-01 +1.5000000e-01 +2.4772917e+00 -2.2396667e-04 +7.9244833e-02 +9.3561806e-01 +2.9945000e-03 +2.4398333e-01 +1.7664514e-02 +4.9800417e-03 +5.0896806e-04 +2.7048453e+05
9.9835300e-01 +1.5000000e-01 +2.0185583e+00 -1.4744000e-04 +6.5310750e-02 +6.2703125e-01 +1.5175417e-03 +1.7832986e-01 +9.5956250e-03 +2.7279375e-03 +2.9007708e-04 +2.7938161e+05
9.9872800e-01 +1.5000000e-01 +1.5624583e+00 -8.5456667e-05 +5.1142667e-02 +3.7836458e-01 +6.4304236e-04 +1.1797917e-01 +4.4544306e-03 +1.2367431e-03 +1.4260139e-04 +2.8846500e+05
9.9909700e-01 +1.5000000e-01 +1.1101750e+00 -3.9425167e-05 +3.6766000e-02 +1.9218472e-01 +2.0613750e-04 +6.5958611e-02 +1.6091528e-03 +4.0055139e-04 +5.5047500e-05 +2.9875547e+05
9.9946200e-01 +1.5000000e-01 +6.6253083e-01 -1.0733917e-05 +2.2201833e-02 +6.8896528e-02 +4.0947431e-05 +2.6109167e-02 +3.6268681e-04 +5.4713611e-05 +1.3370347e-05 +3.1187670e+05
9.9982100e-01 +1.5000000e-01 +2.2002833e-01 +0.0000000e+00 +7.4699833e-03 +7.6734028e-03 +3.0114653e-06 +3.2505764e-03 +2.3888819e-05 -5.7405278e-06 +9.6190972e-07 +3.2851138e+05
1.0000000e+00 +1.5000000e-01 +0.0000000e+00 +0.0000000e+00 +0.0000000e+00 +0.0000000e+00 +0.0000000e+00 +0.0000000e+00 +0.0000000e+00 +0.0000000e+00 +0.0000000e+00 +3.2851042e+05
