#    y              z              <u>            <v>            <w>            <u'u'>         <v'v'>         <w'w'>         <u'v'>         <u'w'>         <v'w'>         <eps>         
#----------------------------------------------------------------------------------------------------------------------------------------------------------------------------------
0.0000000e+00 +1.0000000e-02 +0.0000000e+00 +0.0000000e+00 +0.0000000e+00 +0.0000000e+00 +0.0000000e+00 +0.0000000e+00 +0.0000000e+00 +0.0000000e+00 +0.0000000e+00 +3.2906597e+04
1.7900000e-04 +1.0000000e-02 +8.7440000e-02 -1.0320167e-04 +9.9585000e-04 +9.2486806e-04 +5.2354514e-07 +1.9599583e-04 -8.2336806e-07 -2.9464722e-05 -4.9854792e-06 +3.2906749e+04
5.3800000e-04 +1.0000000e-02 +2.6300917e-01 -3.8412250e-04 +2.7866167e-03 +7.8974306e-03 +7.4213194e-06 +1.5832639e-03 -1.3952708e-05 -2.5298958e-04 -6.7143194e-05 +3.0282195e+04
9.0300000e-04 +1.0000000e-02 +4.4039917e-01 -8.4242500e-04 +4.3397000e-03 +2.1180694e-02 +3.8762986e-05 +4.0156111e-03 -6.4487153e-05 -6.7475000e-04 -2.6931389e-04 +2.8440633e+04
1.2720000e-03 +1.0000000e-02 +6.1960917e-01 -1.4696167e-03 +5.6444417e-03 +4.0357292e-02 +1.2551389e-04 +7.2059722e-03 -1.8299236e-04 -1.2625208e-03 -6.8049792e-04 +2.7366481e+04
1.6470000e-03 +1.0000000e-02 +8.0061583e-01 -2.2558583e-03 +6.6995333e-03 +6.5175972e-02 +3.0766111e-04 +1.0922361e-02 -4.0198750e-04 -1.9738264e-03 -1.3512778e-03 +2.6848788e+04
2.0270000e-03 +1.0000000e-02 +9.8336667e-01 -3.1903583e-03 +7.5080750e-03 +9.5474306e-02 +6.3080486e-04 +1.4979236e-02 -7.5455556e-04 -2.7577500e-03 -2.3166667e-03 +2.6733395e+04
2.4120000e-03 +1.0000000e-02 +1.1677917e+00 -4.2613083e-03 +8.0751167e-03 +1.3112222e-01 +1.1435625e-03 +1.9230347e-02 -1.2731667e-03 -3.5601944e-03 -3.5986944e-03 +2.6916508e+04
2.8020000e-03 +1.0000000e-02 +1.3537750e+00 -5.4557917e-03 +8.4055000e-03 +1.7198194e-01 +1.8955764e-03 +2.3562431e-02 -1.9884028e-03 -4.3311250e-03 -5.2085833e-03 +2.7329689e+04
3.1980000e-03 +1.0000000e-02 +1.5412083e+00 -6.7595500e-03 +8.5020833e-03 +2.1789097e-01 +2.9359306e-03 +2.7888819e-02 -2.9274306e-03 -5.0322292e-03 -7.1485417e-03 +2.7929126e+04
3.5990000e-03 +1.0000000e-02 +1.7299417e+00 -8.1567333e-03 +8.3647500e-03 +2.6864792e-01 +4.3118333e-03 +3.2144583e-02 -4.1123681e-03 -5.6433264e-03 -9.4129861e-03 +2.8686170e+04
4.0050000e-03 +1.0000000e-02 +1.9198167e+00 -9.6296667e-03 +7.9898083e-03 +3.2401875e-01 +6.0675139e-03 +3.6282083e-02 -5.5586181e-03 -6.1668819e-03 -1.1989722e-02 +2.9581511e+04
4.4170000e-03 +1.0000000e-02 +2.1106667e+00 -1.1158667e-02 +7.3698083e-03 +3.8373958e-01 +8.2431250e-03 +4.0267292e-02 -7.2732639e-03 -6.6299653e-03 -1.4860486e-02 +3.0601025e+04
4.8350000e-03 +1.0000000e-02 +2.3023083e+00 -1.2721833e-02 +6.4941083e-03 +4.4752431e-01 +1.0874028e-02 +4.4078056e-02 -9.2539583e-03 -7.0836806e-03 -1.8001736e-02 +3.1733485e+04
5.2580000e-03 +1.0000000e-02 +2.4945500e+00 -1.4295250e-02 +5.3497750e-03 +5.1507569e-01 +1.3989653e-02 +4.7701875e-02 -1.1487639e-02 -7.6005556e-03 -2.1385208e-02 +3.2968798e+04
5.6870000e-03 +1.0000000e-02 +2.6872083e+00 -1.5852833e-02 +3.9227333e-03 +5.8609167e-01 +1.7613333e-02 +5.1135417e-02 -1.3950694e-02 -8.2694444e-03 -2.4978958e-02 +3.4297803e+04
6.1220000e-03 +1.0000000e-02 +2.8800750e+00 -1.7366833e-02 +2.1992333e-03 +6.6027153e-01 +2.1761597e-02 +5.4383333e-02 -1.6608542e-02 -9.1902778e-03 -2.8748264e-02 +3.5711437e+04
6.5630000e-03 +1.0000000e-02 +3.0729417e+00 -1.8808083e-02 +1.6733167e-04 +7.3731944e-01 +2.6444097e-02 +5.7457361e-02 -1.9416875e-02 -1.0467222e-02 -3.2656667e-02 +3.7200567e+04
7.0100000e-03 +1.0000000e-02 +3.2656083e+00 -2.0146500e-02 -2.1817000e-03 +8.1695833e-01 +3.1663611e-02 +6.0375417e-02 -2.2322569e-02 -1.2202431e-02 -3.6667153e-02 +3.8756057e+04
7.4630000e-03 +1.0000000e-02 +3.4578500e+00 -2.1351500e-02 -4.8520333e-03 +8.9890278e-01 +3.7416667e-02 +6.3159861e-02 -2.5265625e-02 -1.4490000e-02 -4.0742917e-02 +4.0368762e+04
7.9210000e-03 +1.0000000e-02 +3.6494583e+00 -2.2392833e-02 -7.8422750e-03 +9.8289583e-01 +4.3693611e-02 +6.5835764e-02 -2.8180903e-02 -1.7411389e-02 -4.4848750e-02 +4.2029307e+04
8.3870000e-03 +1.0000000e-02 +3.8402083e+00 -2.3240750e-02 -1.1144667e-02 +1.0686806e+00 +5.0479792e-02 +6.8428889e-02 -3.1000625e-02 -2.1031111e-02 -4.8951319e-02 +4.3729476e+04
8.8580000e-03 +1.0000000e-02 +4.0298750e+00 -2.3867000e-02 -1.4744833e-02 +1.1560208e+00 +5.7756181e-02 +7.0963194e-02 -3.3656667e-02 -2.5394306e-02 -5.3020000e-02 +4.5460947e+04
9.3360000e-03 +1.0000000e-02 +4.2182417e+00 -2.4245250e-02 -1.8621333e-02 +1.2446736e+00 +6.5500347e-02 +7.3460417e-02 -3.6082222e-02 -3.0525486e-02 -5.7027292e-02 +4.7217144e+04
9.8200000e-03 +1.0000000e-02 +4.4050750e+00 -2.4351167e-02 -2.2746667e-02 +1.3343958e+00 +7.3687500e-02 +7.5936806e-02 -3.8214583e-02 -3.6427917e-02 -6.0948542e-02 +4.8992101e+04
1.0311000e-02 +1.0000000e-02 +4.5901500e+00 -2.4163167e-02 -2.7087083e-02 +1.4249653e+00 +8.2290972e-02 +7.8402083e-02 -3.9996181e-02 -4.3084931e-02 -6.4762292e-02 +5.0781497e+04
1.0808000e-02 +1.0000000e-02 +4.7732333e+00 -2.3662667e-02 -3.1603917e-02 +1.5161528e+00 +9.1284722e-02 +8.0861806e-02 -4.1376319e-02 -5.0461319e-02 -6.8450208e-02 +5.2582028e+04
1.1312000e-02 +1.0000000e-02 +4.9541083e+00 -2.2833833e-02 -3.6254500e-02 +1.6077292e+00 +1.0064097e-01 +8.3313194e-02 -4.2312014e-02 -5.8506111e-02 -7.1996528e-02 +5.4391649e+04
1.1823000e-02 +1.0000000e-02 +5.1325500e+00 -2.1664083e-02 -4.0993417e-02 +1.6994722e+00 +1.1033472e-01 +8.5749306e-02 -4.2768681e-02 -6.7155347e-02 -7.5387500e-02 +5.6209240e+04
1.2341000e-02 +1.0000000e-02 +5.3083250e+00 -2.0143750e-02 -4.5773417e-02 +1.7911597e+00 +1.2034167e-01 +8.8159028e-02 -4.2720069e-02 -7.6335417e-02 -7.8612500e-02 +5.8034219e+04
1.2866000e-02 +1.0000000e-02 +5.4812333e+00 -1.8266083e-02 -5.0546917e-02 +1.8825833e+00 +1.3063889e-01 +9.0525694e-02 -4.2148472e-02 -8.5966667e-02 -8.1662500e-02 +5.9866494e+04
1.3397000e-02 +1.0000000e-02 +5.6510500e+00 -1.6027167e-02 -5.5267083e-02 +1.9735347e+00 +1.4120625e-01 +9.2832639e-02 -4.1044028e-02 -9.5965278e-02 -8.4528472e-02 +6.1706080e+04
1.3936000e-02 +1.0000000e-02 +5.8175917e+00 -1.3425333e-02 -5.9888833e-02 +2.0638333e+00 +1.5202639e-01 +9.5061111e-02 -3.9404306e-02 -1.0624792e-01 -8.7204861e-02 +6.3553467e+04
1.4482000e-02 +1.0000000e-02 +5.9806583e+00 -1.0461417e-02 -6.4369500e-02 +2.1533125e+00 +1.6308472e-01 +9.7192361e-02 -3.7233333e-02 -1.1673403e-01 -8.9685417e-02 +6.5408411e+04
1.5035000e-02 +1.0000000e-02 +6.1400750e+00 -7.1380083e-03 -6.8670000e-02 +2.2418125e+00 +1.7436667e-01 +9.9210417e-02 -3.4541111e-02 -1.2734583e-01 -9.1966667e-02 +6.7270752e+04
1.5596000e-02 +1.0000000e-02 +6.2956750e+00 -3.4595167e-03 -7.2755000e-02 +2.3292153e+00 +1.8586319e-01 +1.0110000e-01 -3.1342639e-02 -1.3801319e-01 -9.4043056e-02 +6.9140053e+04
1.6164000e-02 +1.0000000e-02 +6.4473000e+00 +5.6826583e-04 -7.6593333e-02 +2.4153958e+00 +1.9756528e-01 +1.0284861e-01 -2.7657222e-02 -1.4867153e-01 -9.5913194e-02 +7.1015515e+04
1.6739000e-02 +1.0000000e-02 +6.5948250e+00 +4.9383583e-03 -8.0158500e-02 +2.5002847e+00 +2.0946458e-01 +1.0444722e-01 -2.3507847e-02 -1.5926528e-01 -9.7572917e-02 +7.2896183e+04
1.7323000e-02 +1.0000000e-02 +6.7381167e+00 +9.6427500e-03 -8.3428333e-02 +2.5838056e+00 +2.2155694e-01 +1.0588889e-01 -1.8920764e-02 -1.6974514e-01 -9.9020139e-02 +7.4780710e+04
1.7914000e-02 +1.0000000e-02 +6.8770833e+00 +1.4672667e-02 -8.6385000e-02 +2.6659236e+00 +2.3383681e-01 +1.0717083e-01 -1.3924722e-02 -1.8006944e-01 -1.0025139e-01 +7.6668329e+04
1.8513000e-02 +1.0000000e-02 +7.0116333e+00 +2.0018583e-02 -8.9015000e-02 +2.7465972e+00 +2.4630000e-01 +1.0829306e-01 -8.5506944e-03 -1.9020417e-01 -1.0126597e-01 +7.8558008e+04
1.9119000e-02 +1.0000000e-02 +7.1416917e+00 +2.5670333e-02 -9.1309167e-02 +2.8258264e+00 +2.5894167e-01 +1.0925694e-01 -2.8314583e-03 -2.0012014e-01 -1.0206111e-01 +8.0448290e+04
1.9734000e-02 +1.0000000e-02 +7.2672000e+00 +3.1617333e-02 -9.3262500e-02 +2.9036042e+00 +2.7175764e-01 +1.1006875e-01 +3.1989583e-03 -2.0979375e-01 -1.0263472e-01 +8.2339125e+04
2.0357000e-02 +1.0000000e-02 +7.3881250e+00 +3.7848500e-02 -9.4870833e-02 +2.9799444e+00 +2.8474444e-01 +1.1073472e-01 +9.5054861e-03 -2.1920486e-01 -1.0298681e-01 +8.4229781e+04
2.0988000e-02 +1.0000000e-02 +7.5044333e+00 +4.4352167e-02 -9.6136667e-02 +3.0548611e+00 +2.9789514e-01 +1.1126458e-01 +1.6052500e-02 -2.2833889e-01 -1.0311597e-01 +8.6119776e+04
2.1627000e-02 +1.0000000e-02 +7.6161250e+00 +5.1116250e-02 -9.7062500e-02 +3.1283750e+00 +3.1120486e-01 +1.1166944e-01 +2.2803958e-02 -2.3718333e-01 -1.0302292e-01 +8.8009315e+04
2.2275000e-02 +1.0000000e-02 +7.7231917e+00 +5.8128083e-02 -9.7655000e-02 +3.2005208e+00 +3.2466806e-01 +1.1196111e-01 +2.9723889e-02 -2.4572917e-01 -1.0270903e-01 +8.9897510e+04
2.2932000e-02 +1.0000000e-02 +7.8256583e+00 +6.5374417e-02 -9.7920000e-02 +3.2713333e+00 +3.3827569e-01 +1.1215347e-01 +3.6776458e-02 -2.5397014e-01 -1.0217639e-01 +9.1783940e+04
2.3596000e-02 +1.0000000e-02 +7.9235583e+00 +7.2841417e-02 -9.7868333e-02 +3.3408542e+00 +3.5202014e-01 +1.1225903e-01 +4.3926319e-02 -2.6190000e-01 -1.0142847e-01 +9.3666915e+04
2.4270000e-02 +1.0000000e-02 +8.0169083e+00 +8.0514583e-02 -9.7510000e-02 +3.4091181e+00 +3.6589375e-01 +1.1229167e-01 +5.1138889e-02 -2.6951528e-01 -1.0046806e-01 +9.5547541e+04
2.4952000e-02 +1.0000000e-02 +8.1057750e+00 +8.8379167e-02 -9.6857500e-02 +3.4761597e+00 +3.7988542e-01 +1.1226597e-01 +5.8380069e-02 -2.7681181e-01 -9.9300694e-02 +9.7425548e+04
2.5644000e-02 +1.0000000e-02 +8.1902167e+00 +9.6418333e-02 -9.5922500e-02 +3.5420278e+00 +3.9398611e-01 +1.1219375e-01 +6.5616736e-02 -2.8378889e-01 -9.7931250e-02 +9.9301156e+04
2.6344000e-02 +1.0000000e-02 +8.2703000e+00 +1.0461667e-01 -9.4719167e-02 +3.6067431e+00 +4.0818333e-01 +1.1208819e-01 +7.2815972e-02 -2.9044444e-01 -9.6366667e-02 +1.0117476e+05
2.7054000e-02 +1.0000000e-02 +8.3460833e+00 +1.1295583e-01 -9.3261667e-02 +3.6703403e+00 +4.2246597e-01 +1.1196111e-01 +7.9947222e-02 -2.9677986e-01 -9.4612500e-02 +1.0304662e+05
2.7772000e-02 +1.0000000e-02 +8.4176667e+00 +1.2141750e-01 -9.1565000e-02 +3.7328611e+00 +4.3682222e-01 +1.1182431e-01 +8.6978472e-02 -3.0279792e-01 -9.2677778e-02 +1.0491575e+05
2.8500000e-02 +1.0000000e-02 +8.4851667e+00 +1.2998333e-01 -8.9645000e-02 +3.7943333e+00 +4.5123958e-01 +1.1168958e-01 +9.3881250e-02 -3.0850417e-01 -9.0572222e-02 +1.0678247e+05
2.9238000e-02 +1.0000000e-02 +8.5485833e+00 +1.3863417e-01 -8.7517500e-02 +3.8547778e+00 +4.6570486e-01 +1.1156528e-01 +1.0062986e-01 -3.1390694e-01 -8.8304167e-02 +1.0864645e+05
2.9985000e-02 +1.0000000e-02 +8.6081667e+00 +1.4734833e-01 -8.5198333e-02 +3.9142361e+00 +4.8020486e-01 +1.1146111e-01 +1.0719931e-01 -3.1901806e-01 -8.5883333e-02 +1.1050773e+05
3.0741000e-02 +1.0000000e-02 +8.6638333e+00 +1.5610667e-01 -8.2705500e-02 +3.9727431e+00 +4.9472639e-01 +1.1138403e-01 +1.1356944e-01 -3.2385208e-01 -8.3319444e-02 +1.1236664e+05
3.1508000e-02 +1.0000000e-02 +8.7158333e+00 +1.6488667e-01 -8.0054083e-02 +4.0303194e+00 +5.0925486e-01 +1.1134236e-01 +1.1972361e-01 -3.2842778e-01 -8.0623611e-02 +1.1422224e+05
3.2284000e-02 +1.0000000e-02 +8.7641667e+00 +1.7366750e-01 -7.7260167e-02 +4.0870208e+00 +5.2377708e-01 +1.1134375e-01 +1.2564722e-01 -3.3276389e-01 -7.7805556e-02 +1.1607481e+05
3.3070000e-02 +1.0000000e-02 +8.8090000e+00 +1.8242750e-01 -7.4339500e-02 +4.1428611e+00 +5.3827847e-01 +1.1139514e-01 +1.3133056e-01 -3.3688125e-01 -7.4878472e-02 +1.1792236e+05
3.3866000e-02 +1.0000000e-02 +8.8504167e+00 +1.9114417e-01 -7.1307417e-02 +4.1978681e+00 +5.5274583e-01 +1.1150764e-01 +1.3676458e-01 -3.4080069e-01 -7.1856250e-02 +1.1976661e+05
3.4673000e-02 +1.0000000e-02 +8.8885000e+00 +1.9979750e-01 -6.8179083e-02 +4.2520833e+00 +5.6716458e-01 +1.1168889e-01 +1.4194167e-01 -3.4454167e-01 -6.8755278e-02 +1.2160838e+05
3.5490000e-02 +1.0000000e-02 +8.9234167e+00 +2.0836417e-01 -6.4969750e-02 +4.3055208e+00 +5.8152153e-01 +1.1194722e-01 +1.4685556e-01 -3.4812222e-01 -6.5594861e-02 +1.2344695e+05
3.6317000e-02 +1.0000000e-02 +8.9551667e+00 +2.1682500e-01 -6.1694667e-02 +4.3582153e+00 +5.9580417e-01 +1.1228958e-01 +1.5149792e-01 -3.5155903e-01 -6.2395625e-02 +1.2528408e+05
3.7155000e-02 +1.0000000e-02 +8.9839167e+00 +2.2515750e-01 -5.8368750e-02 +4.4102083e+00 +6.0999931e-01 +1.1271667e-01 +1.5586597e-01 -3.5486736e-01 -5.9178750e-02 +1.2711989e+05
3.8003000e-02 +1.0000000e-02 +9.0098333e+00 +2.3334250e-01 -5.5006500e-02 +4.4615347e+00 +6.2409444e-01 +1.1322708e-01 +1.5995694e-01 -3.5806319e-01 -5.5964583e-02 +1.2895562e+05
3.8862000e-02 +1.0000000e-02 +9.0328333e+00 +2.4135917e-01 -5.1621667e-02 +4.5122153e+00 +6.3807778e-01 +1.1381597e-01 +1.6377153e-01 -3.6115972e-01 -5.2771667e-02 +1.3079344e+05
3.9732000e-02 +1.0000000e-02 +9.0532500e+00 +2.4918667e-01 -4.8227167e-02 +4.5622500e+00 +6.5193958e-01 +1.1447431e-01 +1.6731250e-01 -3.6416944e-01 -4.9616181e-02 +1.3263370e+05
4.0613000e-02 +1.0000000e-02 +9.0710000e+00 +2.5680667e-01 -4.4835000e-02 +4.6116458e+00 +6.6567083e-01 +1.1519444e-01 +1.7057986e-01 -3.6710208e-01 -4.6512083e-02 +1.3448016e+05
4.1505000e-02 +1.0000000e-02 +9.0863333e+00 +2.6420000e-01 -4.1456250e-02 +4.6603611e+00 +6.7926250e-01 +1.1596944e-01 +1.7357361e-01 -3.6996250e-01 -4.3470486e-02 +1.3633245e+05
4.2409000e-02 +1.0000000e-02 +9.0992500e+00 +2.7134667e-01 -3.8101083e-02 +4.7083403e+00 +6.9271042e-01 +1.1679514e-01 +1.7628889e-01 -3.7275417e-01 -4.0500347e-02 +1.3819416e+05
4.3324000e-02 +1.0000000e-02 +9.1100000e+00 +2.7822917e-01 -3.4778250e-02 +4.7555208e+00 +7.0600694e-01 +1.1766944e-01 +1.7871458e-01 -3.7547847e-01 -3.7608681e-02 +1.4006994e+05
4.4250000e-02 +1.0000000e-02 +9.1186667e+00 +2.8483250e-01 -3.1495083e-02 +4.8018194e+00 +7.1915972e-01 +1.1859306e-01 +1.8083819e-01 -3.7813194e-01 -3.4801806e-02 +1.4196563e+05
4.5188000e-02 +1.0000000e-02 +9.1252500e+00 +2.9114000e-01 -2.8257333e-02 +4.8472083e+00 +7.3216667e-01 +1.1957083e-01 +1.8264097e-01 -3.8070972e-01 -3.2086042e-02 +1.4388337e+05
4.6137000e-02 +1.0000000e-02 +9.1300833e+00 +2.9713917e-01 -2.5070000e-02 +4.8916667e+00 +7.4501389e-01 +1.2060694e-01 +1.8410069e-01 -3.8320556e-01 -2.9467500e-02 +1.4581996e+05
4.7099000e-02 +1.0000000e-02 +9.1330833e+00 +3.0281750e-01 -2.1937917e-02 +4.9352361e+00 +7.5771528e-01 +1.2170417e-01 +1.8519722e-01 -3.8561597e-01 -2.6951944e-02 +1.4777247e+05
4.8072000e-02 +1.0000000e-02 +9.1344167e+00 +3.0816417e-01 -1.8866167e-02 +4.9779583e+00 +7.7025694e-01 +1.2286250e-01 +1.8591111e-01 -3.8793958e-01 -2.4544653e-02 +1.4974118e+05
4.9057000e-02 +1.0000000e-02 +9.1342500e+00 +3.1317000e-01 -1.5860667e-02 +5.0199028e+00 +7.8263889e-01 +1.2407500e-01 +1.8622778e-01 -3.9018542e-01 -2.2250903e-02 +1.5173085e+05
5.0055000e-02 +1.0000000e-02 +9.1326667e+00 +3.1782667e-01 -1.2928917e-02 +5.0611944e+00 +7.9485417e-01 +1.2532708e-01 +1.8613750e-01 -3.9236944e-01 -2.0075486e-02 +1.5374686e+05
5.1065000e-02 +1.0000000e-02 +9.1296667e+00 +3.2212917e-01 -1.0079917e-02 +5.1020069e+00 +8.0689583e-01 +1.2660278e-01 +1.8563819e-01 -3.9451875e-01 -1.8022986e-02 +1.5578910e+05
5.2087000e-02 +1.0000000e-02 +9.1255000e+00 +3.2607417e-01 -7.3229583e-03 +5.1425000e+00 +8.1875694e-01 +1.2788958e-01 +1.8473403e-01 -3.9665833e-01 -1.6096806e-02 +1.5784906e+05
5.3122000e-02 +1.0000000e-02 +9.1202500e+00 +3.2966083e-01 -4.6667833e-03 +5.1828056e+00 +8.3043750e-01 +1.2918889e-01 +1.8343264e-01 -3.9880486e-01 -1.4299792e-02 +1.5992153e+05
5.4170000e-02 +1.0000000e-02 +9.1139167e+00 +3.3289333e-01 -2.1178500e-03 +5.2229792e+00 +8.4193750e-01 +1.3050972e-01 +1.8174375e-01 -4.0095764e-01 -1.2634167e-02 +1.6200296e+05
5.5231000e-02 +1.0000000e-02 +9.1066667e+00 +3.3577417e-01 +3.1953917e-04 +5.2629861e+00 +8.5325694e-01 +1.3185972e-01 +1.7966875e-01 -4.0310764e-01 -1.1101875e-02 +1.6409942e+05
5.6304000e-02 +1.0000000e-02 +9.0987500e+00 +3.3830917e-01 +2.6420750e-03 +5.3027639e+00 +8.6438889e-01 +1.3323819e-01 +1.7720139e-01 -4.0524792e-01 -9.7040278e-03 +1.6621361e+05
5.7391000e-02 +1.0000000e-02 +9.0901667e+00 +3.4050250e-01 +4.8459750e-03 +5.3422500e+00 +8.7531250e-01 +1.3463264e-01 +1.7432778e-01 -4.0739167e-01 -8.4393750e-03 +1.6834608e+05
5.8491000e-02 +1.0000000e-02 +9.0810833e+00 +3.4236167e-01 +6.9261833e-03 +5.3813958e+00 +8.8602778e-01 +1.3602500e-01 +1.7103681e-01 -4.0957014e-01 -7.3024306e-03 +1.7049727e+05
5.9604000e-02 +1.0000000e-02 +9.0716667e+00 +3.4389000e-01 +8.8762500e-03 +5.4202222e+00 +8.9651389e-01 +1.3740903e-01 +1.6732500e-01 -4.1182292e-01 -6.2846458e-03 +1.7266914e+05
6.0730000e-02 +1.0000000e-02 +9.0620000e+00 +3.4509500e-01 +1.0687750e-02 +5.4588125e+00 +9.0675694e-01 +1.3879931e-01 +1.6319514e-01 -4.1418958e-01 -5.3787431e-03 +1.7486494e+05
6.1870000e-02 +1.0000000e-02 +9.0522500e+00 +3.4598167e-01 +1.2350250e-02 +5.4973819e+00 +9.1675000e-01 +1.4021250e-01 +1.5865833e-01 -4.1670208e-01 -4.5802292e-03 +1.7707677e+05
6.3024000e-02 +1.0000000e-02 +9.0425833e+00 +3.4655833e-01 +1.3851667e-02 +5.5362431e+00 +9.2648611e-01 +1.4165208e-01 +1.5372847e-01 -4.1937361e-01 -3.8846875e-03 +1.7928896e+05
6.4192000e-02 +1.0000000e-02 +9.0331667e+00 +3.4683417e-01 +1.5182750e-02 +5.5757431e+00 +9.3595139e-01 +1.4310278e-01 +1.4843194e-01 -4.2219931e-01 -3.2827569e-03 +1.8148479e+05
6.5374000e-02 +1.0000000e-02 +9.0239167e+00 +3.4682000e-01 +1.6340667e-02 +5.6161806e+00 +9.4514583e-01 +1.4455208e-01 +1.4281319e-01 -4.2518194e-01 -2.7604653e-03 +1.8365289e+05
6.6570000e-02 +1.0000000e-02 +9.0150000e+00 +3.4652500e-01 +1.7330000e-02 +5.6577222e+00 +9.5405556e-01 +1.4600694e-01 +1.3694028e-01 -4.2834236e-01 -2.3066528e-03 +1.8579488e+05
6.7780000e-02 +1.0000000e-02 +9.0065000e+00 +3.4595667e-01 +1.8160500e-02 +5.7004097e+00 +9.6268056e-01 +1.4748333e-01 +1.3089514e-01 -4.3170347e-01 -1.9204167e-03 +1.8791821e+05
6.9004000e-02 +1.0000000e-02 +8.9985000e+00 +3.4512250e-01 +1.8843083e-02 +5.7441389e+00 +9.7102778e-01 +1.4898611e-01 +1.2475764e-01 -4.3527083e-01 -1.6125972e-03 +1.9003017e+05
7.0243000e-02 +1.0000000e-02 +8.9910000e+00 +3.4403167e-01 +1.9388417e-02 +5.7887639e+00 +9.7912500e-01 +1.5050556e-01 +1.1859861e-01 -4.3901806e-01 -1.4017569e-03 +1.9213878e+05
7.1496000e-02 +1.0000000e-02 +8.9841667e+00 +3.4269250e-01 +1.9805833e-02 +5.8340278e+00 +9.8699306e-01 +1.5202361e-01 +1.1248403e-01 -4.4288472e-01 -1.3064583e-03 +1.9425255e+05
7.2765000e-02 +1.0000000e-02 +8.9780833e+00 +3.4111500e-01 +2.0104917e-02 +5.8795833e+00 +9.9467361e-01 +1.5352569e-01 +1.0647639e-01 -4.4678264e-01 -1.3371528e-03 +1.9638564e+05
7.4048000e-02 +1.0000000e-02 +8.9728333e+00 +3.3931167e-01 +2.0295333e-02 +5.9250625e+00 +1.0022014e+00 +1.5500278e-01 +1.0062847e-01 -4.5061944e-01 -1.4917500e-03 +1.9853789e+05
7.5346000e-02 +1.0000000e-02 +8.9685000e+00 +3.3729500e-01 +2.0385667e-02 +5.9700972e+00 +1.0096389e+00 +1.5645208e-01 +9.4972222e-02 -4.5433264e-01 -1.7568681e-03 +2.0070432e+05
7.6659000e-02 +1.0000000e-02 +8.9652500e+00 +3.3508000e-01 +2.0382417e-02 +6.0142431e+00 +1.0170208e+00 +1.5788958e-01 +8.9517361e-02 -4.5790764e-01 -2.1151597e-03 +2.0287892e+05
7.7988000e-02 +1.0000000e-02 +8.9631667e+00 +3.3268500e-01 +2.0289500e-02 +6.0568958e+00 +1.0244167e+00 +1.5935972e-01 +8.4254167e-02 -4.6137014e-01 -2.5542917e-03 +2.0506541e+05
7.9332000e-02 +1.0000000e-02 +8.9621667e+00 +3.3012667e-01 +2.0112583e-02 +6.0974028e+00 +1.0318542e+00 +1.6091042e-01 +7.9166667e-02 -4.6474861e-01 -3.0682708e-03 +2.0727532e+05
8.0691000e-02 +1.0000000e-02 +8.9625000e+00 +3.2742833e-01 +1.9861833e-02 +6.1352986e+00 +1.0393681e+00 +1.6255069e-01 +7.4224306e-02 -4.6805208e-01 -3.6495347e-03 +2.0951667e+05
8.2066000e-02 +1.0000000e-02 +8.9640000e+00 +3.2461417e-01 +1.9551583e-02 +6.1704653e+00 +1.0469792e+00 +1.6424306e-01 +6.9379722e-02 -4.7127292e-01 -4.2833403e-03 +2.1178512e+05
8.3457000e-02 +1.0000000e-02 +8.9667500e+00 +3.2171167e-01 +1.9197417e-02 +6.2031597e+00 +1.0546944e+00 +1.6592569e-01 +6.4580347e-02 -4.7438403e-01 -4.9509792e-03 +2.1407170e+05
8.4864000e-02 +1.0000000e-02 +8.9706667e+00 +3.1874833e-01 +1.8816667e-02 +6.2338333e+00 +1.0624931e+00 +1.6755208e-01 +5.9802222e-02 -4.7734931e-01 -5.6375833e-03 +2.1636665e+05
8.6287000e-02 +1.0000000e-02 +8.9757500e+00 +3.1574917e-01 +1.8430167e-02 +6.2629306e+00 +1.0703750e+00 +1.6911458e-01 +5.5053681e-02 -4.8015069e-01 -6.3353333e-03 +2.1867088e+05
8.7726000e-02 +1.0000000e-02 +8.9819167e+00 +3.1273667e-01 +1.8058083e-02 +6.2907361e+00 +1.0783194e+00 +1.7064722e-01 +5.0348125e-02 -4.8276736e-01 -7.0359028e-03 +2.2099419e+05
8.9181000e-02 +1.0000000e-02 +8.9891667e+00 +3.0972750e-01 +1.7712667e-02 +6.3175208e+00 +1.0863403e+00 +1.7220833e-01 +4.5670903e-02 -4.8518681e-01 -7.7252083e-03 +2.2333412e+05
9.0653000e-02 +1.0000000e-02 +8.9975000e+00 +3.0673917e-01 +1.7387083e-02 +6.3435972e+00 +1.0944306e+00 +1.7383542e-01 +4.0970694e-02 -4.8742778e-01 -8.3912500e-03 +2.2568525e+05
9.2141000e-02 +1.0000000e-02 +9.0068333e+00 +3.0379167e-01 +1.7049167e-02 +6.3692292e+00 +1.1025833e+00 +1.7550625e-01 +3.6181597e-02 -4.8952639e-01 -9.0229167e-03 +2.2806212e+05
9.3646000e-02 +1.0000000e-02 +9.0171667e+00 +3.0091167e-01 +1.6649667e-02 +6.3948264e+00 +1.1107569e+00 +1.7715278e-01 +3.1258611e-02 -4.9155208e-01 -9.6009722e-03 +2.3047714e+05
9.5167000e-02 +1.0000000e-02 +9.0283333e+00 +2.9812667e-01 +1.6145500e-02 +6.4211181e+00 +1.1189167e+00 +1.7872708e-01 +2.6230972e-02 -4.9364028e-01 -1.0101528e-02 +2.3290438e+05
9.6706000e-02 +1.0000000e-02 +9.0403333e+00 +2.9546083e-01 +1.5521500e-02 +6.4489236e+00 +1.1269931e+00 +1.8024097e-01 +2.1231319e-02 -4.9595000e-01 -1.0505903e-02 +2.3531122e+05
9.8262000e-02 +1.0000000e-02 +9.0530000e+00 +2.9292417e-01 +1.4793417e-02 +6.4787014e+00 +1.1349722e+00 +1.8174722e-01 +1.6453889e-02 -4.9858750e-01 -1.0809792e-02 +2.3767382e+05
9.9834000e-02 +1.0000000e-02 +9.0662500e+00 +2.9052000e-01 +1.3994500e-02 +6.5102917e+00 +1.1428264e+00 +1.8331111e-01 +1.2084722e-02 -5.0157222e-01 -1.1026806e-02 +2.3998744e+05
1.0142400e-01 +1.0000000e-02 +9.0800833e+00 +2.8824583e-01 +1.3160000e-02 +6.5427222e+00 +1.1505486e+00 +1.8498194e-01 +8.2308333e-03 -5.0481528e-01 -1.1186042e-02 +2.4229493e+05
1.0303200e-01 +1.0000000e-02 +9.0945833e+00 +2.8609500e-01 +1.2316667e-02 +6.5747292e+00 +1.1581111e+00 +1.8675069e-01 +4.8624306e-03 -5.0812153e-01 -1.1322847e-02 +2.4466381e+05
1.0465700e-01 +1.0000000e-02 +9.1097500e+00 +2.8406083e-01 +1.1477917e-02 +6.6056736e+00 +1.1654931e+00 +1.8853403e-01 +1.8425625e-03 -5.1127361e-01 -1.1462639e-02 +2.4710321e+05
1.0629900e-01 +1.0000000e-02 +9.1255000e+00 +2.8214167e-01 +1.0642000e-02 +6.6358056e+00 +1.1726597e+00 +1.9023889e-01 -9.5772222e-04 -5.1416319e-01 -1.1606944e-02 +2.4956118e+05
1.0796000e-01 +1.0000000e-02 +9.1418333e+00 +2.8033667e-01 +9.8006667e-03 +6.6657569e+00 +1.1795694e+00 +1.9181736e-01 -3.5499722e-03 -5.1683611e-01 -1.1737847e-02 +2.5199394e+05
1.0963800e-01 +1.0000000e-02 +9.1585000e+00 +2.7864250e-01 +8.9521667e-03 +6.6958472e+00 +1.1862083e+00 +1.9327639e-01 -5.8120625e-03 -5.1941597e-01 -1.1842014e-02 +2.5439894e+05
1.1133400e-01 +1.0000000e-02 +9.1753333e+00 +2.7704833e-01 +8.1069833e-03 +6.7256528e+00 +1.1925972e+00 +1.9466389e-01 -7.5429167e-03 -5.2206111e-01 -1.1940417e-02 +2.5682764e+05
1.1304800e-01 +1.0000000e-02 +9.1924167e+00 +2.7554250e-01 +7.2833083e-03 +6.7545208e+00 +1.1988056e+00 +1.9603542e-01 -8.5484722e-03 -5.2488264e-01 -1.2109028e-02 +2.5931459e+05
1.1478100e-01 +1.0000000e-02 +9.2095000e+00 +2.7412250e-01 +6.5046667e-03 +6.7821667e+00 +1.2049444e+00 +1.9741042e-01 -8.7196528e-03 -5.2779444e-01 -1.2435278e-02 +2.6183780e+05
1.1653100e-01 +1.0000000e-02 +9.2265833e+00 +2.7279500e-01 +5.8080333e-03 +6.8084097e+00 +1.2111111e+00 +1.9877153e-01 -8.0491667e-03 -5.3065000e-01 -1.2932847e-02 +2.6436953e+05
1.1830100e-01 +1.0000000e-02 +9.2438333e+00 +2.7156833e-01 +5.2357417e-03 +6.8326667e+00 +1.2173472e+00 +2.0009097e-01 -6.6261458e-03 -5.3338194e-01 -1.3523542e-02 +2.6693648e+05
1.2008800e-01 +1.0000000e-02 +9.2610000e+00 +2.7044417e-01 +4.8089417e-03 +6.8542569e+00 +1.2236736e+00 +2.0137708e-01 -4.6127500e-03 -5.3588333e-01 -1.4111875e-02 +2.6958071e+05
1.2189500e-01 +1.0000000e-02 +9.2783333e+00 +2.6941417e-01 +4.5139417e-03 +6.8726944e+00 +1.2300278e+00 +2.0267361e-01 -2.2467222e-03 -5.3792292e-01 -1.4648889e-02 +2.7233540e+05
1.2372000e-01 +1.0000000e-02 +9.2958333e+00 +2.6846083e-01 +4.3098417e-03 +6.8882083e+00 +1.2363750e+00 +2.0394306e-01 +1.6316806e-04 -5.3936806e-01 -1.5102292e-02 +2.7519476e+05
1.2556400e-01 +1.0000000e-02 +9.3135000e+00 +2.6757250e-01 +4.1455167e-03 +6.9019722e+00 +1.2426597e+00 +2.0508889e-01 +2.3974514e-03 -5.4042361e-01 -1.5446319e-02 +2.7811158e+05
1.2742700e-01 +1.0000000e-02 +9.3312500e+00 +2.6673917e-01 +3.9777333e-03 +6.9156111e+00 +1.2489028e+00 +2.0610903e-01 +4.4485694e-03 -5.4141806e-01 -1.5701250e-02 +2.8101145e+05
1.2930900e-01 +1.0000000e-02 +9.3490000e+00 +2.6595833e-01 +3.7752333e-03 +6.9304514e+00 +1.2551250e+00 +2.0706875e-01 +6.4498194e-03 -5.4257917e-01 -1.5892361e-02 +2.8384648e+05
1.3121000e-01 +1.0000000e-02 +9.3667500e+00 +2.6522583e-01 +3.5410000e-03 +6.9470139e+00 +1.2613403e+00 +2.0799792e-01 +8.5527083e-03 -5.4407083e-01 -1.6008125e-02 +2.8663642e+05
1.3313000e-01 +1.0000000e-02 +9.3844167e+00 +2.6453000e-01 +3.3267167e-03 +6.9645833e+00 +1.2675139e+00 +2.0892222e-01 +1.0781667e-02 -5.4587222e-01 -1.6032083e-02 +2.8946056e+05
1.3507000e-01 +1.0000000e-02 +9.4022500e+00 +2.6384500e-01 +3.1869583e-03 +6.9816667e+00 +1.2736111e+00 +2.0988264e-01 +1.2957708e-02 -5.4773750e-01 -1.5982361e-02 +2.9238291e+05
1.3702900e-01 +1.0000000e-02 +9.4202500e+00 +2.6315500e-01 +3.1264417e-03 +6.9979167e+00 +1.2796181e+00 +2.1081111e-01 +1.4862639e-02 -5.4934861e-01 -1.5899444e-02 +2.9536539e+05
1.3900700e-01 +1.0000000e-02 +9.4380833e+00 +2.6245917e-01 +3.1141250e-03 +7.0138889e+00 +1.2855278e+00 +2.1157778e-01 +1.6434931e-02 -5.5058958e-01 -1.5757222e-02 +2.9835558e+05
1.4100500e-01 +1.0000000e-02 +9.4555000e+00 +2.6175250e-01 +3.1249667e-03 +7.0301389e+00 +1.2913194e+00 +2.1223681e-01 +1.7794583e-02 -5.5175417e-01 -1.5488472e-02 +3.0137076e+05
1.4302300e-01 +1.0000000e-02 +9.4725000e+00 +2.6102333e-01 +3.1437750e-03 +7.0471528e+00 +1.2969444e+00 +2.1298889e-01 +1.9160486e-02 -5.5317708e-01 -1.5128889e-02 +3.0442029e+05
1.4506100e-01 +1.0000000e-02 +9.4890000e+00 +2.6026000e-01 +3.1652667e-03 +7.0651389e+00 +1.3023819e+00 +2.1387083e-01 +2.0698958e-02 -5.5494931e-01 -1.4780833e-02 +3.0751704e+05
1.4711800e-01 +1.0000000e-02 +9.5051667e+00 +2.5945167e-01 +3.2036417e-03 +7.0831944e+00 +1.3075972e+00 +2.1480694e-01 +2.2333958e-02 -5.5696111e-01 -1.4529931e-02 +3.1068264e+05
1.4919600e-01 +1.0000000e-02 +9.5213333e+00 +2.5859750e-01 +3.2704750e-03 +7.1005556e+00 +1.3126181e+00 +2.1564722e-01 +2.3871181e-02 -5.5898194e-01 -1.4440764e-02 +3.1393855e+05
1.5129300e-01 +1.0000000e-02 +9.5376667e+00 +2.5772000e-01 +3.3421250e-03 +7.1164583e+00 +1.3175139e+00 +2.1628819e-01 +2.5216736e-02 -5.6075903e-01 -1.4509792e-02 +3.1724144e+05
1.5341000e-01 +1.0000000e-02 +9.5543333e+00 +2.5685083e-01 +3.3899417e-03 +7.1307639e+00 +1.3223611e+00 +2.1682361e-01 +2.6228889e-02 -5.6212222e-01 -1.4677361e-02 +3.2053008e+05
1.5554800e-01 +1.0000000e-02 +9.5713333e+00 +2.5603083e-01 +3.3953250e-03 +7.1431250e+00 +1.3271806e+00 +2.1730903e-01 +2.6793542e-02 -5.6313750e-01 -1.4802639e-02 +3.2383373e+05
1.5770600e-01 +1.0000000e-02 +9.5885833e+00 +2.5528917e-01 +3.3310083e-03 +7.1532639e+00 +1.3318889e+00 +2.1787292e-01 +2.6981389e-02 -5.6405069e-01 -1.4771667e-02 +3.2718172e+05
1.5988400e-01 +1.0000000e-02 +9.6062500e+00 +2.5462333e-01 +3.1737250e-03 +7.1611111e+00 +1.3364097e+00 +2.1860417e-01 +2.6883819e-02 -5.6503819e-01 -1.4606736e-02 +3.3053654e+05
1.6208200e-01 +1.0000000e-02 +9.6242500e+00 +2.5401667e-01 +2.9169667e-03 +7.1667361e+00 +1.3406667e+00 +2.1934028e-01 +2.6562778e-02 -5.6604514e-01 -1.4383264e-02 +3.3388794e+05
1.6430000e-01 +1.0000000e-02 +9.6426667e+00 +2.5345750e-01 +2.5909000e-03 +7.1702778e+00 +1.3446528e+00 +2.1994653e-01 +2.6141250e-02 -5.6698819e-01 -1.4184167e-02 +3.3727183e+05
1.6654000e-01 +1.0000000e-02 +9.6612500e+00 +2.5295583e-01 +2.2501083e-03 +7.1725694e+00 +1.3484167e+00 +2.2039236e-01 +2.5782569e-02 -5.6780833e-01 -1.4067569e-02 +3.4069720e+05
1.6879900e-01 +1.0000000e-02 +9.6800833e+00 +2.5253333e-01 +1.8923500e-03 +7.1738889e+00 +1.3521181e+00 +2.2083819e-01 +2.5528194e-02 -5.6851181e-01 -1.4002639e-02 +3.4416025e+05
1.7107900e-01 +1.0000000e-02 +9.6990833e+00 +2.5221000e-01 +1.4598583e-03 +7.1752778e+00 +1.3558611e+00 +2.2146736e-01 +2.5285903e-02 -5.6928056e-01 -1.3954514e-02 +3.4766128e+05
1.7338000e-01 +1.0000000e-02 +9.7180833e+00 +2.5202500e-01 +8.9785000e-04 +7.1785417e+00 +1.3596319e+00 +2.2217292e-01 +2.5132014e-02 -5.7043819e-01 -1.3895208e-02 +3.5116383e+05
1.7570100e-01 +1.0000000e-02 +9.7368333e+00 +2.5203167e-01 +1.8609750e-04 +7.1846528e+00 +1.3633889e+00 +2.2280764e-01 +2.5515833e-02 -5.7212639e-01 -1.3714028e-02 +3.5460927e+05
1.7804300e-01 +1.0000000e-02 +9.7554167e+00 +2.5226167e-01 -6.3401917e-04 +7.1928472e+00 +1.3670903e+00 +2.2345139e-01 +2.6906528e-02 -5.7425139e-01 -1.3361181e-02 +3.5808245e+05
1.8040600e-01 +1.0000000e-02 +9.7735000e+00 +2.5270000e-01 -1.4161000e-03 +7.2011806e+00 +1.3707083e+00 +2.2441458e-01 +2.9339792e-02 -5.7676806e-01 -1.2972292e-02 +3.6171047e+05
1.8278900e-01 +1.0000000e-02 +9.7911667e+00 +2.5329583e-01 -2.0273500e-03 +7.2098611e+00 +1.3742708e+00 +2.2568958e-01 +3.2591458e-02 -5.7954792e-01 -1.2762569e-02 +3.6540608e+05
1.8519300e-01 +1.0000000e-02 +9.8083333e+00 +2.5402167e-01 -2.4496000e-03 +7.2197222e+00 +1.3778681e+00 +2.2685139e-01 +3.6558542e-02 -5.8214097e-01 -1.2892778e-02 +3.6906913e+05
1.8761700e-01 +1.0000000e-02 +9.8251667e+00 +2.5488833e-01 -2.7155000e-03 +7.2292361e+00 +1.3815972e+00 +2.2770694e-01 +4.1035764e-02 -5.8430833e-01 -1.3343125e-02 +3.7272554e+05
1.9006300e-01 +1.0000000e-02 +9.8417500e+00 +2.5589917e-01 -2.8601417e-03 +7.2361111e+00 +1.3855208e+00 +2.2838750e-01 +4.5592083e-02 -5.8583333e-01 -1.3914028e-02 +3.7636021e+05
1.9252900e-01 +1.0000000e-02 +9.8580833e+00 +2.5705833e-01 -2.9921000e-03 +7.2392361e+00 +1.3895417e+00 +2.2883750e-01 +4.9873472e-02 -5.8642639e-01 -1.4345833e-02 +3.7999519e+05
1.9501600e-01 +1.0000000e-02 +9.8740833e+00 +2.5835583e-01 -3.1866500e-03 +7.2387500e+00 +1.3934583e+00 +2.2901181e-01 +5.3706944e-02 -5.8598403e-01 -1.4515486e-02 +3.8364245e+05
1.9752400e-01 +1.0000000e-02 +9.8891667e+00 +2.5975167e-01 -3.3851583e-03 +7.2370139e+00 +1.3971042e+00 +2.2915903e-01 +5.7227153e-02 -5.8507569e-01 -1.4405972e-02 +3.8726957e+05
2.0005300e-01 +1.0000000e-02 +9.9028333e+00 +2.6116750e-01 -3.4599667e-03 +7.2372917e+00 +1.4004375e+00 +2.2950833e-01 +6.0696458e-02 -5.8459931e-01 -1.4018333e-02 +3.9087794e+05
2.0260200e-01 +1.0000000e-02 +9.9150000e+00 +2.6252417e-01 -3.3562833e-03 +7.2414583e+00 +1.4034722e+00 +2.2988056e-01 +6.4145278e-02 -5.8469653e-01 -1.3413889e-02 +3.9451880e+05
2.0517200e-01 +1.0000000e-02 +9.9255833e+00 +2.6377167e-01 -3.0775750e-03 +7.2488889e+00 +1.4063194e+00 +2.3010000e-01 +6.7551111e-02 -5.8494444e-01 -1.2727917e-02 +3.9823105e+05
2.0776300e-01 +1.0000000e-02 +9.9347500e+00 +2.6487333e-01 -2.5732667e-03 +7.2586111e+00 +1.4090556e+00 +2.3030278e-01 +7.0970833e-02 -5.8523194e-01 -1.2015208e-02 +4.0200344e+05
2.1037500e-01 +1.0000000e-02 +9.9426667e+00 +2.6577667e-01 -1.8233583e-03 +7.2704861e+00 +1.4116736e+00 +2.3065903e-01 +7.4214583e-02 -5.8576042e-01 -1.1390000e-02 +4.0587072e+05
2.1300800e-01 +1.0000000e-02 +9.9495000e+00 +2.6646083e-01 -9.5276667e-04 +7.2852778e+00 +1.4141458e+00 +2.3095139e-01 +7.6895833e-02 -5.8637986e-01 -1.1012986e-02 +4.0973549e+05
2.1566100e-01 +1.0000000e-02 +9.9555833e+00 +2.6690250e-01 -1.9277417e-04 +7.3015972e+00 +1.4164792e+00 +2.3116597e-01 +7.8831250e-02 -5.8692014e-01 -1.0756042e-02 +4.1346971e+05
2.1833500e-01 +1.0000000e-02 +9.9614167e+00 +2.6707833e-01 +3.1620917e-04 +7.3168750e+00 +1.4185556e+00 +2.3129722e-01 +7.9929861e-02 -5.8788333e-01 -1.0266944e-02 +4.1717254e+05
2.2102900e-01 +1.0000000e-02 +9.9670833e+00 +2.6706667e-01 +6.2692417e-04 +7.3300694e+00 +1.4202361e+00 +2.3135069e-01 +8.0529167e-02 -5.8939236e-01 -9.5825000e-03 +4.2087623e+05
2.2374400e-01 +1.0000000e-02 +9.9730833e+00 +2.6698667e-01 +8.5667500e-04 +7.3403472e+00 +1.4215903e+00 +2.3131736e-01 +8.0988194e-02 -5.9048889e-01 -9.0314583e-03 +4.2452732e+05
2.2648000e-01 +1.0000000e-02 +9.9799167e+00 +2.6691833e-01 +1.0143917e-03 +7.3473611e+00 +1.4227986e+00 +2.3128819e-01 +8.1054167e-02 -5.9058681e-01 -8.7859722e-03 +4.2816896e+05
2.2923600e-01 +1.0000000e-02 +9.9875833e+00 +2.6689500e-01 +1.0608667e-03 +7.3530556e+00 +1.4239583e+00 +2.3139375e-01 +8.0337500e-02 -5.9024167e-01 -8.7298611e-03 +4.3176189e+05
2.3201300e-01 +1.0000000e-02 +9.9955833e+00 +2.6690417e-01 +9.4841667e-04 +7.3602083e+00 +1.4249375e+00 +2.3163472e-01 +7.9004167e-02 -5.9042986e-01 -8.7298611e-03 +4.3521961e+05
2.3481000e-01 +1.0000000e-02 +1.0003583e+01 +2.6694250e-01 +7.0732667e-04 +7.3706250e+00 +1.4255972e+00 +2.3182431e-01 +7.7766667e-02 -5.9135208e-01 -8.7664583e-03 +4.3850350e+05
2.3762700e-01 +1.0000000e-02 +1.0011500e+01 +2.6705667e-01 +3.9709917e-04 +7.3835417e+00 +1.4258958e+00 +2.3185278e-01 +7.7181250e-02 -5.9281528e-01 -8.8376389e-03 +4.4158088e+05
2.4046400e-01 +1.0000000e-02 +1.0019083e+01 +2.6726917e-01 +8.3307083e-05 +7.3969444e+00 +1.4258056e+00 +2.3171458e-01 +7.7877778e-02 -5.9461458e-01 -8.8643750e-03 +4.4454896e+05
2.4332200e-01 +1.0000000e-02 +1.0026417e+01 +2.6754833e-01 -1.9055000e-04 +7.4075694e+00 +1.4254028e+00 +2.3161944e-01 +7.9752778e-02 -5.9576806e-01 -8.8279167e-03 +4.4748311e+05
2.4620000e-01 +1.0000000e-02 +1.0033417e+01 +2.6787083e-01 -4.7893083e-04 +7.4142361e+00 +1.4249028e+00 +2.3172361e-01 +8.2189583e-02 -5.9592153e-01 -8.7495139e-03 +4.5036299e+05
2.4909800e-01 +1.0000000e-02 +1.0039667e+01 +2.6829000e-01 -9.0655833e-04 +7.4168750e+00 +1.4244236e+00 +2.3192292e-01 +8.4784028e-02 -5.9550139e-01 -8.4600694e-03 +4.5323482e+05
2.5201500e-01 +1.0000000e-02 +1.0044667e+01 +2.6885667e-01 -1.4076667e-03 +7.4193056e+00 +1.4237778e+00 +2.3210417e-01 +8.7404861e-02 -5.9519653e-01 -7.8015972e-03 +4.5609880e+05
2.5495300e-01 +1.0000000e-02 +1.0047667e+01 +2.6948083e-01 -1.8188500e-03 +7.4261111e+00 +1.4226597e+00 +2.3239097e-01 +9.0436806e-02 -5.9583958e-01 -7.0488194e-03 +4.5883281e+05
2.5791000e-01 +1.0000000e-02 +1.0048667e+01 +2.7007000e-01 -1.9564917e-03 +7.4356944e+00 +1.4211389e+00 +2.3261944e-01 +9.4509722e-02 -5.9646389e-01 -6.6408264e-03 +4.6160255e+05
2.6088700e-01 +1.0000000e-02 +1.0048000e+01 +2.7055167e-01 -1.8285167e-03 +7.4465278e+00 +1.4195556e+00 +2.3265625e-01 +9.9494444e-02 -5.9628681e-01 -6.6807153e-03 +4.6443234e+05
2.6388300e-01 +1.0000000e-02 +1.0046000e+01 +2.7087000e-01 -1.4809917e-03 +7.4605556e+00 +1.4181250e+00 +2.3245417e-01 +1.0509722e-01 -5.9629653e-01 -6.9613889e-03 +4.6715825e+05
2.6689900e-01 +1.0000000e-02 +1.0042750e+01 +2.7099917e-01 -9.6209167e-04 +7.4756944e+00 +1.4168958e+00 +2.3212292e-01 +1.1128681e-01 -5.9665139e-01 -7.0850000e-03 +4.6978367e+05
2.6993400e-01 +1.0000000e-02 +1.0038417e+01 +2.7096500e-01 -3.9782333e-04 +7.4895833e+00 +1.4159375e+00 +2.3162917e-01 +1.1776250e-01 -5.9655486e-01 -6.8467708e-03 +4.7237724e+05
2.7298800e-01 +1.0000000e-02 +1.0033833e+01 +2.7082167e-01 +6.6985583e-05 +7.4989583e+00 +1.4152569e+00 +2.3110903e-01 +1.2417569e-01 -5.9584097e-01 -6.3202917e-03 +4.7503559e+05
2.7606100e-01 +1.0000000e-02 +1.0029833e+01 +2.7059417e-01 +4.9282583e-04 +7.5004167e+00 +1.4147708e+00 +2.3079722e-01 +1.2959653e-01 -5.9431250e-01 -5.8159861e-03 +4.7778609e+05
2.7915300e-01 +1.0000000e-02 +1.0026167e+01 +2.7031333e-01 +8.4945000e-04 +7.4984028e+00 +1.4143194e+00 +2.3068056e-01 +1.3348819e-01 -5.9274653e-01 -5.6008194e-03 +4.8042865e+05
2.8226400e-01 +1.0000000e-02 +1.0021667e+01 +2.6998417e-01 +1.1050500e-03 +7.4990972e+00 +1.4138403e+00 +2.3065625e-01 +1.3611389e-01 -5.9166250e-01 -5.5964583e-03 +4.8283252e+05
2.8539300e-01 +1.0000000e-02 +1.0015917e+01 +2.6958583e-01 +1.4232833e-03 +7.5032639e+00 +1.4132986e+00 +2.3062083e-01 +1.3804931e-01 -5.9112292e-01 -5.6423056e-03 +4.8506689e+05
2.8854100e-01 +1.0000000e-02 +1.0009000e+01 +2.6907417e-01 +1.8001083e-03 +7.5085417e+00 +1.4127431e+00 +2.3078681e-01 +1.3969236e-01 -5.9065139e-01 -5.6769931e-03 +4.8725056e+05
2.9170600e-01 +1.0000000e-02 +1.0001000e+01 +2.6842417e-01 +2.1747167e-03 +7.5141667e+00 +1.4121042e+00 +2.3108194e-01 +1.4109514e-01 -5.9054931e-01 -5.6126319e-03 +4.8935394e+05
2.9489000e-01 +1.0000000e-02 +9.9925833e+00 +2.6767083e-01 +2.4932333e-03 +7.5191667e+00 +1.4110625e+00 +2.3112431e-01 +1.4237431e-01 -5.9074097e-01 -5.4387778e-03 +4.9130469e+05
2.9809200e-01 +1.0000000e-02 +9.9847500e+00 +2.6689417e-01 +2.6448083e-03 +7.5197917e+00 +1.4092917e+00 +2.3071181e-01 +1.4331597e-01 -5.8998403e-01 -5.0274444e-03 +4.9313589e+05
3.0131100e-01 +1.0000000e-02 +9.9771667e+00 +2.6604167e-01 +2.6660417e-03 +7.5159722e+00 +1.4066944e+00 +2.3016667e-01 +1.4353472e-01 -5.8853472e-01 -4.3655694e-03 +4.9476396e+05
3.0454800e-01 +1.0000000e-02 +9.9685000e+00 +2.6497500e-01 +2.7355333e-03 +7.5163889e+00 +1.4033472e+00 +2.2994931e-01 +1.4390139e-01 -5.8784028e-01 -3.6276736e-03 +4.9608793e+05
3.0780200e-01 +1.0000000e-02 +9.9575833e+00 +2.6355500e-01 +3.0033083e-03 +7.5245833e+00 +1.3994514e+00 +2.3006111e-01 +1.4513264e-01 -5.8823403e-01 -2.9970903e-03 +4.9732762e+05
3.1107400e-01 +1.0000000e-02 +9.9449167e+00 +2.6173917e-01 +3.6364833e-03 +7.5376389e+00 +1.3954722e+00 +2.2989792e-01 +1.4710764e-01 -5.8894306e-01 -2.7798333e-03 +4.9856621e+05
3.1436200e-01 +1.0000000e-02 +9.9314167e+00 +2.5957167e-01 +4.5027000e-03 +7.5526389e+00 +1.3917778e+00 +2.2971250e-01 +1.4941528e-01 -5.8940556e-01 -2.9434931e-03 +4.9980151e+05
3.1766700e-01 +1.0000000e-02 +9.9179167e+00 +2.5710667e-01 +5.3555833e-03 +7.5645833e+00 +1.3883750e+00 +2.2948056e-01 +1.5147292e-01 -5.8998194e-01 -3.4017292e-03 +5.0102842e+05
3.2098800e-01 +1.0000000e-02 +9.9049167e+00 +2.5438583e-01 +5.9341083e-03 +7.5702778e+00 +1.3849931e+00 +2.2918125e-01 +1.5300694e-01 -5.9037014e-01 -3.5930694e-03 +5.0219517e+05
3.2432600e-01 +1.0000000e-02 +9.8926667e+00 +2.5151583e-01 +6.0555333e-03 +7.5700000e+00 +1.3812917e+00 +2.2914097e-01 +1.5406806e-01 -5.9021597e-01 -3.4583958e-03 +5.0323614e+05
3.2768000e-01 +1.0000000e-02 +9.8812500e+00 +2.4854833e-01 +5.7822750e-03 +7.5640972e+00 +1.3771250e+00 +2.2908472e-01 +1.5491458e-01 -5.8926806e-01 -3.1891736e-03 +5.0401251e+05
3.3104900e-01 +1.0000000e-02 +9.8706667e+00 +2.4557500e-01 +5.2104667e-03 +7.5520833e+00 +1.3726667e+00 +2.2856181e-01 +1.5621181e-01 -5.8700347e-01 -2.8576667e-03 +5.0456935e+05
3.3443500e-01 +1.0000000e-02 +9.8611667e+00 +2.4277250e-01 +4.6370833e-03 +7.5350000e+00 +1.3680694e+00 +2.2775486e-01 +1.5782500e-01 -5.8425486e-01 -2.6237292e-03 +5.0496069e+05
3.3783500e-01 +1.0000000e-02 +9.8518333e+00 +2.4016000e-01 +4.3153417e-03 +7.5146528e+00 +1.3631458e+00 +2.2731042e-01 +1.5948403e-01 -5.8266944e-01 -2.5260417e-03 +5.0537320e+05
3.4125100e-01 +1.0000000e-02 +9.8416667e+00 +2.3754250e-01 +4.3187000e-03 +7.4946528e+00 +1.3578125e+00 +2.2698125e-01 +1.6097569e-01 -5.8149306e-01 -2.6876458e-03 +5.0588723e+05
3.4468100e-01 +1.0000000e-02 +9.8307500e+00 +2.3471833e-01 +4.5374750e-03 +7.4816667e+00 +1.3523264e+00 +2.2608611e-01 +1.6229722e-01 -5.7927083e-01 -2.8408194e-03 +5.0637284e+05
3.4812600e-01 +1.0000000e-02 +9.8185000e+00 +2.3163500e-01 +4.8471333e-03 +7.4777083e+00 +1.3470000e+00 +2.2482708e-01 +1.6365417e-01 -5.7706944e-01 -2.6659722e-03 +5.0679515e+05
3.5158500e-01 +1.0000000e-02 +9.8051667e+00 +2.2831250e-01 +5.2890083e-03 +7.4831944e+00 +1.3420625e+00 +2.2379931e-01 +1.6508403e-01 -5.7559514e-01 -2.7489167e-03 +5.0701761e+05
3.5505900e-01 +1.0000000e-02 +9.7918333e+00 +2.2486500e-01 +5.7306583e-03 +7.4898611e+00 +1.3377083e+00 +2.2264722e-01 +1.6647361e-01 -5.7347847e-01 -3.1518542e-03 +5.0713478e+05
3.5854600e-01 +1.0000000e-02 +9.7791667e+00 +2.2140333e-01 +5.9912500e-03 +7.4915972e+00 +1.3338472e+00 +2.2191458e-01 +1.6690625e-01 -5.7146389e-01 -3.1896875e-03 +5.0734346e+05
3.6204600e-01 +1.0000000e-02 +9.7672500e+00 +2.1803500e-01 +5.9877583e-03 +7.4897222e+00 +1.3301042e+00 +2.2182361e-01 +1.6606875e-01 -5.7057569e-01 -3.0199375e-03 +5.0740875e+05
3.6556000e-01 +1.0000000e-02 +9.7565000e+00 +2.1501500e-01 +5.6885667e-03 +7.4833333e+00 +1.3262986e+00 +2.2096042e-01 +1.6461875e-01 -5.6916181e-01 -2.9030278e-03 +5.0729040e+05
3.6908700e-01 +1.0000000e-02 +9.7467500e+00 +2.1237917e-01 +5.0931500e-03 +7.4722222e+00 +1.3221528e+00 +2.1962639e-01 +1.6325208e-01 -5.6690000e-01 -2.7243681e-03 +5.0693378e+05
3.7262600e-01 +1.0000000e-02 +9.7365833e+00 +2.0983083e-01 +4.3939333e-03 +7.4595833e+00 +1.3175347e+00 +2.1884375e-01 +1.6318194e-01 -5.6535278e-01 -2.2997083e-03 +5.0630432e+05
3.7617800e-01 +1.0000000e-02 +9.7246667e+00 +2.0713917e-01 +3.9801083e-03 +7.4500000e+00 +1.3127569e+00 +2.1812986e-01 +1.6427431e-01 -5.6476875e-01 -1.9358333e-03 +5.0554638e+05
3.7974200e-01 +1.0000000e-02 +9.7109167e+00 +2.0426417e-01 +4.1134667e-03 +7.4455556e+00 +1.3083681e+00 +2.1718125e-01 +1.6669097e-01 -5.6462639e-01 -1.8636042e-03 +5.0494322e+05
3.8331700e-01 +1.0000000e-02 +9.6961667e+00 +2.0113833e-01 +4.7438750e-03 +7.4385417e+00 +1.3048125e+00 +2.1633472e-01 +1.6921319e-01 -5.6344097e-01 -1.9953333e-03 +5.0470693e+05
3.8690400e-01 +1.0000000e-02 +9.6803333e+00 +1.9761917e-01 +5.4733417e-03 +7.4282639e+00 +1.3019861e+00 +2.1560972e-01 +1.6993333e-01 -5.6128819e-01 -2.0615278e-03 +5.0441816e+05
3.9050200e-01 +1.0000000e-02 +9.6629167e+00 +1.9372917e-01 +6.0131667e-03 +7.4188194e+00 +1.2993194e+00 +2.1507917e-01 +1.6943611e-01 -5.5916181e-01 -1.6568819e-03 +5.0379721e+05
3.9411100e-01 +1.0000000e-02 +9.6446667e+00 +1.8956333e-01 +6.4366750e-03 +7.4090278e+00 +1.2962639e+00 +2.1470833e-01 +1.6818750e-01 -5.5745069e-01 -8.4643750e-04 +5.0317939e+05
3.9773000e-01 +1.0000000e-02 +9.6262500e+00 +1.8519167e-01 +6.8378917e-03 +7.3961111e+00 +1.2925556e+00 +2.1410694e-01 +1.6622847e-01 -5.5617431e-01 +9.3733333e-05 +5.0268013e+05
4.0135900e-01 +1.0000000e-02 +9.6083333e+00 +1.8067750e-01 +7.2212750e-03 +7.3800000e+00 +1.2882153e+00 +2.1358542e-01 +1.6431806e-01 -5.5563403e-01 +8.2477778e-04 +5.0218554e+05
4.0499800e-01 +1.0000000e-02 +9.5915833e+00 +1.7602000e-01 +7.4523833e-03 +7.3586806e+00 +1.2835486e+00 +2.1340139e-01 +1.6278542e-01 -5.5490903e-01 +1.1160694e-03 +5.0162981e+05
4.0864600e-01 +1.0000000e-02 +9.5758333e+00 +1.7129083e-01 +7.5111417e-03 +7.3370833e+00 +1.2788611e+00 +2.1287292e-01 +1.6123542e-01 -5.5314028e-01 +1.0693542e-03 +5.0084938e+05
4.1230400e-01 +1.0000000e-02 +9.5604167e+00 +1.6663000e-01 +7.4586167e-03 +7.3170833e+00 +1.2743125e+00 +2.1192639e-01 +1.5956875e-01 -5.5053264e-01 +1.0617292e-03 +5.0012702e+05
4.1597000e-01 +1.0000000e-02 +9.5446667e+00 +1.6202750e-01 +7.4787833e-03 +7.2995833e+00 +1.2700000e+00 +2.1135903e-01 +1.5737847e-01 -5.4802500e-01 +1.1861319e-03 +4.9949474e+05
4.1964500e-01 +1.0000000e-02 +9.5280000e+00 +1.5749917e-01 +7.3686167e-03 +7.2877083e+00 +1.2656528e+00 +2.1058681e-01 +1.5497014e-01 -5.4662500e-01 +1.3246944e-03 +4.9866331e+05
4.2332800e-01 +1.0000000e-02 +9.5106667e+00 +1.5284333e-01 +7.2004167e-03 +7.2761111e+00 +1.2611319e+00 +2.0970139e-01 +1.5331181e-01 -5.4524167e-01 +1.5890694e-03 +4.9766485e+05
4.2701900e-01 +1.0000000e-02 +9.4922500e+00 +1.4797417e-01 +7.1385500e-03 +7.2624306e+00 +1.2565556e+00 +2.0919444e-01 +1.5196250e-01 -5.4394931e-01 +2.2300556e-03 +4.9658472e+05
4.3071600e-01 +1.0000000e-02 +9.4722500e+00 +1.4286500e-01 +7.2862917e-03 +7.2514583e+00 +1.2521736e+00 +2.0890694e-01 +1.5102153e-01 -5.4350417e-01 +2.5731667e-03 +4.9555109e+05
4.3442100e-01 +1.0000000e-02 +9.4515000e+00 +1.3745417e-01 +7.7248083e-03 +7.2422917e+00 +1.2486111e+00 +2.0870278e-01 +1.4989167e-01 -5.4237083e-01 +2.0757500e-03 +4.9474846e+05
4.3813300e-01 +1.0000000e-02 +9.4307500e+00 +1.3174333e-01 +8.4470000e-03 +7.2306250e+00 +1.2460764e+00 +2.0820903e-01 +1.4768125e-01 -5.3937222e-01 +1.3346458e-03 +4.9389089e+05
4.4185100e-01 +1.0000000e-02 +9.4097500e+00 +1.2572583e-01 +9.3639167e-03 +7.2162500e+00 +1.2439028e+00 +2.0750347e-01 +1.4411667e-01 -5.3573542e-01 +1.1735486e-03 +4.9302072e+05
4.4557400e-01 +1.0000000e-02 +9.3885000e+00 +1.1940917e-01 +1.0435250e-02 +7.2048611e+00 +1.2415556e+00 +2.0679375e-01 +1.3885556e-01 -5.3284514e-01 +1.4296181e-03 +4.9219877e+05
4.4930400e-01 +1.0000000e-02 +9.3667500e+00 +1.1268833e-01 +1.1530167e-02 +7.2028472e+00 +1.2389375e+00 +2.0641181e-01 +1.3220972e-01 -5.3248611e-01 +1.8576181e-03 +4.9135385e+05
4.5303800e-01 +1.0000000e-02 +9.3454167e+00 +1.0537750e-01 +1.2238417e-02 +7.2096528e+00 +1.2361944e+00 +2.0637847e-01 +1.2549583e-01 -5.3398194e-01 +1.8200069e-03 +4.9041051e+05
4.5677700e-01 +1.0000000e-02 +9.3260833e+00 +9.7606667e-02 +1.2522833e-02 +7.2137500e+00 +1.2336875e+00 +2.0615972e-01 +1.1942847e-01 -5.3489375e-01 +1.2245903e-03 +4.8939188e+05
4.6052100e-01 +1.0000000e-02 +9.3091667e+00 +8.9699167e-02 +1.2523750e-02 +7.2069444e+00 +1.2317569e+00 +2.0542778e-01 +1.1361181e-01 -5.3389167e-01 +6.0720347e-04 +4.8838833e+05
4.6426900e-01 +1.0000000e-02 +9.2948333e+00 +8.1740833e-02 +1.2484833e-02 +7.1891667e+00 +1.2303819e+00 +2.0464444e-01 +1.0775903e-01 -5.3194236e-01 +3.0196944e-04 +4.8747482e+05
4.6802000e-01 +1.0000000e-02 +9.2825000e+00 +7.3711500e-02 +1.2584917e-02 +7.1650694e+00 +1.2293403e+00 +2.0401736e-01 +1.0090903e-01 -5.2957014e-01 +1.7576736e-04 +4.8679914e+05
4.7177500e-01 +1.0000000e-02 +9.2718333e+00 +6.5512083e-02 +1.2933167e-02 +7.1420833e+00 +1.2282778e+00 +2.0374653e-01 +9.2021528e-02 -5.2717708e-01 +1.9966667e-04 +4.8629303e+05
4.7553200e-01 +1.0000000e-02 +9.2616667e+00 +5.7044500e-02 +1.3405250e-02 +7.1292361e+00 +1.2268542e+00 +2.0361458e-01 +8.0807639e-02 -5.2518889e-01 +1.5872639e-04 +4.8572212e+05
4.7929200e-01 +1.0000000e-02 +9.2512500e+00 +4.8204167e-02 +1.3814833e-02 +7.1287500e+00 +1.2250764e+00 +2.0327847e-01 +6.8655000e-02 -5.2450556e-01 +2.8266111e-04 +4.8489149e+05
4.8305400e-01 +1.0000000e-02 +9.2416667e+00 +3.8997750e-02 +1.4216083e-02 +7.1325694e+00 +1.2231111e+00 +2.0296181e-01 +5.6955764e-02 -5.2437986e-01 +4.5377986e-04 +4.8407344e+05
4.8681800e-01 +1.0000000e-02 +9.2345833e+00 +2.9486167e-02 +1.4548833e-02 +7.1318750e+00 +1.2212778e+00 +2.0278056e-01 +4.5955347e-02 -5.2483681e-01 +3.5013125e-04 +4.8352209e+05
4.9058400e-01 +1.0000000e-02 +9.2301667e+00 +1.9796167e-02 +1.4880333e-02 +7.1245139e+00 +1.2200694e+00 +2.0269861e-01 +3.4646319e-02 -5.2461667e-01 -1.4644722e-04 +4.8331298e+05
4.9435000e-01 +1.0000000e-02 +9.2278333e+00 +9.9785833e-03 +1.5154667e-02 +7.1137500e+00 +1.2195208e+00 +2.0278542e-01 +2.1543194e-02 -5.2358819e-01 -3.4760833e-04 +4.8322219e+05
4.9811700e-01 +1.0000000e-02 +9.2267500e+00 +0.0000000e+00 +1.5192667e-02 +7.1083333e+00 +1.2192778e+00 +2.0270069e-01 +7.2955556e-03 -5.2290903e-01 -1.3345556e-04 +4.8311458e+05
5.0188300e-01 +1.0000000e-02 +9.2267500e+00 -9.9785833e-03 +1.5192667e-02 +7.1083333e+00 +1.2192778e+00 +2.0270069e-01 -7.2955556e-03 -5.2290903e-01 +1.3345556e-04 +4.8311458e+05
5.0565000e-01 +1.0000000e-02 +9.2278333e+00 -1.9796167e-02 +1.5154667e-02 +7.1137500e+00 +1.2195208e+00 +2.0278542e-01 -2.1543194e-02 -5.2358819e-01 +3.4760833e-04 +4.8322219e+05
5.0941600e-01 +1.0000000e-02 +9.2301667e+00 -2.9486167e-02 +1.4880333e-02 +7.1245139e+00 +1.2200694e+00 +2.0269861e-01 -3.4646319e-02 -5.2461667e-01 +1.4644722e-04 +4.8331298e+05
5.1318200e-01 +1.0000000e-02 +9.2345833e+00 -3.8997750e-02 +1.4548833e-02 +7.1318750e+00 +1.2212778e+00 +2.0278056e-01 -4.5955347e-02 -5.2483681e-01 -3.5013125e-04 +4.8352209e+05
5.1694600e-01 +1.0000000e-02 +9.2416667e+00 -4.8204167e-02 +1.4216083e-02 +7.1325694e+00 +1.2231111e+00 +2.0296181e-01 -5.6955764e-02 -5.2437986e-01 -4.5377986e-04 +4.8407344e+05
5.2070800e-01 +1.0000000e-02 +9.2512500e+00 -5.7044500e-02 +1.3814833e-02 +7.1287500e+00 +1.2250764e+00 +2.0327847e-01 -6.8655000e-02 -5.2450556e-01 -2.8266111e-04 +4.8489149e+05
5.2446800e-01 +1.0000000e-02 +9.2616667e+00 -6.5512083e-02 +1.3405250e-02 +7.1292361e+00 +1.2268542e+00 +2.0361458e-01 -8.0807639e-02 -5.2518889e-01 -1.5872639e-04 +4.8572212e+05
5.2822500e-01 +1.0000000e-02 +9.2718333e+00 -7.3711500e-02 +1.2933167e-02 +7.1420833e+00 +1.2282778e+00 +2.0374653e-01 -9.2021528e-02 -5.2717708e-01 -1.9966667e-04 +4.8629303e+05
5.3198000e-01 +1.0000000e-02 +9.2825000e+00 -8.1740833e-02 +1.2584917e-02 +7.1650694e+00 +1.2293403e+00 +2.0401736e-01 -1.0090903e-01 -5.2957014e-01 -1.7576736e-04 +4.8679914e+05
5.3573100e-01 +1.0000000e-02 +9.2948333e+00 -8.9699167e-02 +1.2484833e-02 +7.1891667e+00 +1.2303819e+00 +2.0464444e-01 -1.0775903e-01 -5.3194236e-01 -3.0196944e-04 +4.8747482e+05
5.3947900e-01 +1.0000000e-02 +9.3091667e+00 -9.7606667e-02 +1.2523750e-02 +7.2069444e+00 +1.2317569e+00 +2.0542778e-01 -1.1361181e-01 -5.3389167e-01 -6.0720347e-04 +4.8838833e+05
5.4322300e-01 +1.0000000e-02 +9.3260833e+00 -1.0537750e-01 +1.2522833e-02 +7.2137500e+00 +1.2336875e+00 +2.0615972e-01 -1.1942847e-01 -5.3489375e-01 -1.2245903e-03 +4.8939188e+05
5.4696200e-01 +1.0000000e-02 +9.3454167e+00 -1.1268833e-01 +1.2238417e-02 +7.2096528e+00 +1.2361944e+00 +2.0637847e-01 -1.2549583e-01 -5.3398194e-01 -1.8200069e-03 +4.9041051e+05
5.5069600e-01 +1.0000000e-02 +9.3667500e+00 -1.1940917e-01 +1.1530167e-02 +7.2028472e+00 +1.2389375e+00 +2.0641181e-01 -1.3220972e-01 -5.3248611e-01 -1.8576181e-03 +4.9135385e+05
5.5442600e-01 +1.0000000e-02 +9.3885000e+00 -1.2572583e-01 +1.0435250e-02 +7.2048611e+00 +1.2415556e+00 +2.0679375e-01 -1.3885556e-01 -5.3284514e-01 -1.4296181e-03 +4.9219877e+05
5.5814900e-01 +1.0000000e-02 +9.4097500e+00 -1.3174333e-01 +9.3639167e-03 +7.2162500e+00 +1.2439028e+00 +2.0750347e-01 -1.4411667e-01 -5.3573542e-01 -1.1735486e-03 +4.9302072e+05
5.6186700e-01 +1.0000000e-02 +9.4307500e+00 -1.3745417e-01 +8.4470000e-03 +7.2306250e+00 +1.2460764e+00 +2.0820903e-01 -1.4768125e-01 -5.3937222e-01 -1.3346458e-03 +4.9389089e+05
5.6557900e-01 +1.0000000e-02 +9.4515000e+00 -1.4286500e-01 +7.7248083e-03 +7.2422917e+00 +1.2486111e+00 +2.0870278e-01 -1.4989167e-01 -5.4237083e-01 -2.0757500e-03 +4.9474846e+05
5.6928400e-01 +1.0000000e-02 +9.4722500e+00 -1.4797417e-01 +7.2862917e-03 +7.2514583e+00 +1.2521736e+00 +2.0890694e-01 -1.5102153e-01 -5.4350417e-01 -2.5731667e-03 +4.9555109e+05
5.7298100e-01 +1.0000000e-02 +9.4922500e+00 -1.5284333e-01 +7.1385500e-03 +7.2624306e+00 +1.2565556e+00 +2.0919444e-01 -1.5196250e-01 -5.4394931e-01 -2.2300556e-03 +4.9658472e+05
5.7667200e-01 +1.0000000e-02 +9.5106667e+00 -1.5749917e-01 +7.2004167e-03 +7.2761111e+00 +1.2611319e+00 +2.0970139e-01 -1.5331181e-01 -5.4524167e-01 -1.5890694e-03 +4.9766485e+05
5.8035500e-01 +1.0000000e-02 +9.5280000e+00 -1.6202750e-01 +7.3686167e-03 +7.2877083e+00 +1.2656528e+00 +2.1058681e-01 -1.5497014e-01 -5.4662500e-01 -1.3246944e-03 +4.9866331e+05
5.8403000e-01 +1.0000000e-02 +9.5446667e+00 -1.6663000e-01 +7.4787833e-03 +7.2995833e+00 +1.2700000e+00 +2.1135903e-01 -1.5737847e-01 -5.4802500e-01 -1.1861319e-03 +4.9949474e+05
5.8769600e-01 +1.0000000e-02 +9.5604167e+00 -1.7129083e-01 +7.4586167e-03 +7.3170833e+00 +1.2743125e+00 +2.1192639e-01 -1.5956875e-01 -5.5053264e-01 -1.0617292e-03 +5.0012702e+05
5.9135400e-01 +1.0000000e-02 +9.5758333e+00 -1.7602000e-01 +7.5111417e-03 +7.3370833e+00 +1.2788611e+00 +2.1287292e-01 -1.6123542e-01 -5.5314028e-01 -1.0693542e-03 +5.0084938e+05
5.9500200e-01 +1.0000000e-02 +9.5915833e+00 -1.8067750e-01 +7.4523833e-03 +7.3586806e+00 +1.2835486e+00 +2.1340139e-01 -1.6278542e-01 -5.5490903e-01 -1.1160694e-03 +5.0162981e+05
5.9864100e-01 +1.0000000e-02 +9.6083333e+00 -1.8519167e-01 +7.2212750e-03 +7.3800000e+00 +1.2882153e+00 +2.1358542e-01 -1.6431806e-01 -5.5563403e-01 -8.2477778e-04 +5.0218554e+05
6.0227000e-01 +1.0000000e-02 +9.6262500e+00 -1.8956333e-01 +6.8378917e-03 +7.3961111e+00 +1.2925556e+00 +2.1410694e-01 -1.6622847e-01 -5.5617431e-01 -9.3733333e-05 +5.0268013e+05
6.0588900e-01 +1.0000000e-02 +9.6446667e+00 -1.9372917e-01 +6.4366750e-03 +7.4090278e+00 +1.2962639e+00 +2.1470833e-01 -1.6818750e-01 -5.5745069e-01 +8.4643750e-04 +5.0317939e+05
6.0949800e-01 +1.0000000e-02 +9.6629167e+00 -1.9761917e-01 +6.0131667e-03 +7.4188194e+00 +1.2993194e+00 +2.1507917e-01 -1.6943611e-01 -5.5916181e-01 +1.6568819e-03 +5.0379721e+05
6.1309600e-01 +1.0000000e-02 +9.6803333e+00 -2.0113833e-01 +5.4733417e-03 +7.4282639e+00 +1.3019861e+00 +2.1560972e-01 -1.6993333e-01 -5.6128819e-01 +2.0615278e-03 +5.0441816e+05
6.1668300e-01 +1.0000000e-02 +9.6961667e+00 -2.0426417e-01 +4.7438750e-03 +7.4385417e+00 +1.3048125e+00 +2.1633472e-01 -1.6921319e-01 -5.6344097e-01 +1.9953333e-03 +5.0470693e+05
6.2025800e-01 +1.0000000e-02 +9.7109167e+00 -2.0713917e-01 +4.1134667e-03 +7.4455556e+00 +1.3083681e+00 +2.1718125e-01 -1.6669097e-01 -5.6462639e-01 +1.8636042e-03 +5.0494322e+05
6.2382200e-01 +1.0000000e-02 +9.7246667e+00 -2.0983083e-01 +3.9801083e-03 +7.4500000e+00 +1.3127569e+00 +2.1812986e-01 -1.6427431e-01 -5.6476875e-01 +1.9358333e-03 +5.0554638e+05
6.2737400e-01 +1.0000000e-02 +9.7365833e+00 -2.1237917e-01 +4.3939333e-03 +7.4595833e+00 +1.3175347e+00 +2.1884375e-01 -1.6318194e-01 -5.6535278e-01 +2.2997083e-03 +5.0630432e+05
6.3091300e-01 +1.0000000e-02 +9.7467500e+00 -2.1501500e-01 +5.0931500e-03 +7.4722222e+00 +1.3221528e+00 +2.1962639e-01 -1.6325208e-01 -5.6690000e-01 +2.7243681e-03 +5.0693378e+05
6.3444000e-01 +1.0000000e-02 +9.7565000e+00 -2.1803500e-01 +5.6885667e-03 +7.4833333e+00 +1.3262986e+00 +2.2096042e-01 -1.6461875e-01 -5.6916181e-01 +2.9030278e-03 +5.0729040e+05
6.3795400e-01 +1.0000000e-02 +9.7672500e+00 -2.2140333e-01 +5.9877583e-03 +7.4897222e+00 +1.3301042e+00 +2.2182361e-01 -1.6606875e-01 -5.7057569e-01 +3.0199375e-03 +5.0740875e+05
6.4145400e-01 +1.0000000e-02 +9.7791667e+00 -2.2486500e-01 +5.9912500e-03 +7.4915972e+00 +1.3338472e+00 +2.2191458e-01 -1.6690625e-01 -5.7146389e-01 +3.1896875e-03 +5.0734346e+05
6.4494100e-01 +1.0000000e-02 +9.7918333e+00 -2.2831250e-01 +5.7306583e-03 +7.4898611e+00 +1.3377083e+00 +2.2264722e-01 -1.6647361e-01 -5.7347847e-01 +3.1518542e-03 +5.0713478e+05
6.4841500e-01 +1.0000000e-02 +9.8051667e+00 -2.3163500e-01 +5.2890083e-03 +7.4831944e+00 +1.3420625e+00 +2.2379931e-01 -1.6508403e-01 -5.7559514e-01 +2.7489167e-03 +5.0701761e+05
6.5187400e-01 +1.0000000e-02 +9.8185000e+00 -2.3471833e-01 +4.8471333e-03 +7.4777083e+00 +1.3470000e+00 +2.2482708e-01 -1.6365417e-01 -5.7706944e-01 +2.6659722e-03 +5.0679515e+05
6.5531900e-01 +1.0000000e-02 +9.8307500e+00 -2.3754250e-01 +4.5374750e-03 +7.4816667e+00 +1.3523264e+00 +2.2608611e-01 -1.6229722e-01 -5.7927083e-01 +2.8408194e-03 +5.0637284e+05
6.5874900e-01 +1.0000000e-02 +9.8416667e+00 -2.4016000e-01 +4.3187000e-03 +7.4946528e+00 +1.3578125e+00 +2.2698125e-01 -1.6097569e-01 -5.8149306e-01 +2.6876458e-03 +5.0588723e+05
6.6216500e-01 +1.0000000e-02 +9.8518333e+00 -2.4277250e-01 +4.3153417e-03 +7.5146528e+00 +1.3631458e+00 +2.2731042e-01 -1.5948403e-01 -5.8266944e-01 +2.5260417e-03 +5.0537320e+05
6.6556500e-01 +1.0000000e-02 +9.8611667e+00 -2.4557500e-01 +4.6370833e-03 +7.5350000e+00 +1.3680694e+00 +2.2775486e-01 -1.5782500e-01 -5.8425486e-01 +2.6237292e-03 +5.0496069e+05
6.6895100e-01 +1.0000000e-02 +9.8706667e+00 -2.4854833e-01 +5.2104667e-03 +7.5520833e+00 +1.3726667e+00 +2.2856181e-01 -1.5621181e-01 -5.8700347e-01 +2.8576667e-03 +5.0456935e+05
6.7232000e-01 +1.0000000e-02 +9.8812500e+00 -2.5151583e-01 +5.7822750e-03 +7.5640972e+00 +1.3771250e+00 +2.2908472e-01 -1.5491458e-01 -5.8926806e-01 +3.1891736e-03 +5.0401251e+05
6.7567400e-01 +1.0000000e-02 +9.8926667e+00 -2.5438583e-01 +6.0555333e-03 +7.5700000e+00 +1.3812917e+00 +2.2914097e-01 -1.5406806e-01 -5.9021597e-01 +3.4583958e-03 +5.0323614e+05
6.7901200e-01 +1.0000000e-02 +9.9049167e+00 -2.5710667e-01 +5.9341083e-03 +7.5702778e+00 +1.3849931e+00 +2.2918125e-01 -1.5300694e-01 -5.9037014e-01 +3.5930694e-03 +5.0219517e+05
6.8233300e-01 +1.0000000e-02 +9.9179167e+00 -2.5957167e-01 +5.3555833e-03 +7.5645833e+00 +1.3883750e+00 +2.2948056e-01 -1.5147292e-01 -5.8998194e-01 +3.4017292e-03 +5.0102842e+05
6.8563800e-01 +1.0000000e-02 +9.9314167e+00 -2.6173917e-01 +4.5027000e-03 +7.5526389e+00 +1.3917778e+00 +2.2971250e-01 -1.4941528e-01 -5.8940556e-01 +2.9434931e-03 +4.9980151e+05
6.8892600e-01 +1.0000000e-02 +9.9449167e+00 -2.6355500e-01 +3.6364833e-03 +7.5376389e+00 +1.3954722e+00 +2.2989792e-01 -1.4710764e-01 -5.8894306e-01 +2.7798333e-03 +4.9856621e+05
6.9219800e-01 +1.0000000e-02 +9.9575833e+00 -2.6497500e-01 +3.0033083e-03 +7.5245833e+00 +1.3994514e+00 +2.3006111e-01 -1.4513264e-01 -5.8823403e-01 +2.9970903e-03 +4.9732762e+05
6.9545200e-01 +1.0000000e-02 +9.9685000e+00 -2.6604167e-01 +2.7355333e-03 +7.5163889e+00 +1.4033472e+00 +2.2994931e-01 -1.4390139e-01 -5.8784028e-01 +3.6276736e-03 +4.9608793e+05
6.9868900e-01 +1.0000000e-02 +9.9771667e+00 -2.6689417e-01 +2.6660417e-03 +7.5159722e+00 +1.4066944e+00 +2.3016667e-01 -1.4353472e-01 -5.8853472e-01 +4.3655694e-03 +4.9476396e+05
7.0190800e-01 +1.0000000e-02 +9.9847500e+00 -2.6767083e-01 +2.6448083e-03 +7.5197917e+00 +1.4092917e+00 +2.3071181e-01 -1.4331597e-01 -5.8998403e-01 +5.0274444e-03 +4.9313589e+05
7.0511000e-01 +1.0000000e-02 +9.9925833e+00 -2.6842417e-01 +2.4932333e-03 +7.5191667e+00 +1.4110625e+00 +2.3112431e-01 -1.4237431e-01 -5.9074097e-01 +5.4387778e-03 +4.9130469e+05
7.0829400e-01 +1.0000000e-02 +1.0001000e+01 -2.6907417e-01 +2.1747167e-03 +7.5141667e+00 +1.4121042e+00 +2.3108194e-01 -1.4109514e-01 -5.9054931e-01 +5.6126319e-03 +4.8935394e+05
7.1145900e-01 +1.0000000e-02 +1.0009000e+01 -2.6958583e-01 +1.8001083e-03 +7.5085417e+00 +1.4127431e+00 +2.3078681e-01 -1.3969236e-01 -5.9065139e-01 +5.6769931e-03 +4.8725056e+05
7.1460700e-01 +1.0000000e-02 +1.0015917e+01 -2.6998417e-01 +1.4232833e-03 +7.5032639e+00 +1.4132986e+00 +2.3062083e-01 -1.3804931e-01 -5.9112292e-01 +5.6423056e-03 +4.8506689e+05
7.1773600e-01 +1.0000000e-02 +1.0021667e+01 -2.7031333e-01 +1.1050500e-03 +7.4990972e+00 +1.4138403e+00 +2.3065625e-01 -1.3611389e-01 -5.9166250e-01 +5.5964583e-03 +4.8283252e+05
7.2084700e-01 +1.0000000e-02 +1.0026167e+01 -2.7059417e-01 +8.4945000e-04 +7.4984028e+00 +1.4143194e+00 +2.3068056e-01 -1.3348819e-01 -5.9274653e-01 +5.6008194e-03 +4.8042865e+05
7.2393900e-01 +1.0000000e-02 +1.0029833e+01 -2.7082167e-01 +4.9282583e-04 +7.5004167e+00 +1.4147708e+00 +2.3079722e-01 -1.2959653e-01 -5.9431250e-01 +5.8159861e-03 +4.7778609e+05
7.2701200e-01 +1.0000000e-02 +1.0033833e+01 -2.7096500e-01 +6.6985583e-05 +7.4989583e+00 +1.4152569e+00 +2.3110903e-01 -1.2417569e-01 -5.9584097e-01 +6.3202917e-03 +4.7503559e+05
7.3006600e-01 +1.0000000e-02 +1.0038417e+01 -2.7099917e-01 -3.9782333e-04 +7.4895833e+00 +1.4159375e+00 +2.3162917e-01 -1.1776250e-01 -5.9655486e-01 +6.8467708e-03 +4.7237724e+05
7.3310100e-01 +1.0000000e-02 +1.0042750e+01 -2.7087000e-01 -9.6209167e-04 +7.4756944e+00 +1.4168958e+00 +2.3212292e-01 -1.1128681e-01 -5.9665139e-01 +7.0850000e-03 +4.6978367e+05
7.3611700e-01 +1.0000000e-02 +1.0046000e+01 -2.7055167e-01 -1.4809917e-03 +7.4605556e+00 +1.4181250e+00 +2.3245417e-01 -1.0509722e-01 -5.9629653e-01 +6.9613889e-03 +4.6715825e+05
7.3911300e-01 +1.0000000e-02 +1.0048000e+01 -2.7007000e-01 -1.8285167e-03 +7.4465278e+00 +1.4195556e+00 +2.3265625e-01 -9.9494444e-02 -5.9628681e-01 +6.6807153e-03 +4.6443234e+05
7.4209000e-01 +1.0000000e-02 +1.0048667e+01 -2.6948083e-01 -1.9564917e-03 +7.4356944e+00 +1.4211389e+00 +2.3261944e-01 -9.4509722e-02 -5.9646389e-01 +6.6408264e-03 +4.6160255e+05
7.4504700e-01 +1.0000000e-02 +1.0047667e+01 -2.6885667e-01 -1.8188500e-03 +7.4261111e+00 +1.4226597e+00 +2.3239097e-01 -9.0436806e-02 -5.9583958e-01 +7.0488194e-03 +4.5883281e+05
7.4798500e-01 +1.0000000e-02 +1.0044667e+01 -2.6829000e-01 -1.4076667e-03 +7.4193056e+00 +1.4237778e+00 +2.3210417e-01 -8.7404861e-02 -5.9519653e-01 +7.8015972e-03 +4.5609880e+05
7.5090200e-01 +1.0000000e-02 +1.0039667e+01 -2.6787083e-01 -9.0655833e-04 +7.4168750e+00 +1.4244236e+00 +2.3192292e-01 -8.4784028e-02 -5.9550139e-01 +8.4600694e-03 +4.5323482e+05
7.5380000e-01 +1.0000000e-02 +1.0033417e+01 -2.6754833e-01 -4.7893083e-04 +7.4142361e+00 +1.4249028e+00 +2.3172361e-01 -8.2189583e-02 -5.9592153e-01 +8.7495139e-03 +4.5036299e+05
7.5667800e-01 +1.0000000e-02 +1.0026417e+01 -2.6726917e-01 -1.9055000e-04 +7.4075694e+00 +1.4254028e+00 +2.3161944e-01 -7.9752778e-02 -5.9576806e-01 +8.8279167e-03 +4.4748311e+05
7.5953600e-01 +1.0000000e-02 +1.0019083e+01 -2.6705667e-01 +8.3307083e-05 +7.3969444e+00 +1.4258056e+00 +2.3171458e-01 -7.7877778e-02 -5.9461458e-01 +8.8643750e-03 +4.4454896e+05
7.6237300e-01 +1.0000000e-02 +1.0011500e+01 -2.6694250e-01 +3.9709917e-04 +7.3835417e+00 +1.4258958e+00 +2.3185278e-01 -7.7181250e-02 -5.9281528e-01 +8.8376389e-03 +4.4158088e+05
7.6519000e-01 +1.0000000e-02 +1.0003583e+01 -2.6690417e-01 +7.0732667e-04 +7.3706250e+00 +1.4255972e+00 +2.3182431e-01 -7.7766667e-02 -5.9135208e-01 +8.7664583e-03 +4.3850350e+05
7.6798700e-01 +1.0000000e-02 +9.9955833e+00 -2.6689500e-01 +9.4841667e-04 +7.3602083e+00 +1.4249375e+00 +2.3163472e-01 -7.9004167e-02 -5.9042986e-01 +8.7298611e-03 +4.3521961e+05
7.7076400e-01 +1.0000000e-02 +9.9875833e+00 -2.6691833e-01 +1.0608667e-03 +7.3530556e+00 +1.4239583e+00 +2.3139375e-01 -8.0337500e-02 -5.9024167e-01 +8.7298611e-03 +4.3176189e+05
7.7352000e-01 +1.0000000e-02 +9.9799167e+00 -2.6698667e-01 +1.0143917e-03 +7.3473611e+00 +1.4227986e+00 +2.3128819e-01 -8.1054167e-02 -5.9058681e-01 +8.7859722e-03 +4.2816896e+05
7.7625600e-01 +1.0000000e-02 +9.9730833e+00 -2.6706667e-01 +8.5667500e-04 +7.3403472e+00 +1.4215903e+00 +2.3131736e-01 -8.0988194e-02 -5.9048889e-01 +9.0314583e-03 +4.2452732e+05
7.7897100e-01 +1.0000000e-02 +9.9670833e+00 -2.6707833e-01 +6.2692417e-04 +7.3300694e+00 +1.4202361e+00 +2.3135069e-01 -8.0529167e-02 -5.8939236e-01 +9.5825000e-03 +4.2087623e+05
7.8166500e-01 +1.0000000e-02 +9.9614167e+00 -2.6690250e-01 +3.1620917e-04 +7.3168750e+00 +1.4185556e+00 +2.3129722e-01 -7.9929861e-02 -5.8788333e-01 +1.0266944e-02 +4.1717254e+05
7.8433900e-01 +1.0000000e-02 +9.9555833e+00 -2.6646083e-01 -1.9277417e-04 +7.3015972e+00 +1.4164792e+00 +2.3116597e-01 -7.8831250e-02 -5.8692014e-01 +1.0756042e-02 +4.1346971e+05
7.8699200e-01 +1.0000000e-02 +9.9495000e+00 -2.6577667e-01 -9.5276667e-04 +7.2852778e+00 +1.4141458e+00 +2.3095139e-01 -7.6895833e-02 -5.8637986e-01 +1.1012986e-02 +4.0973549e+05
7.8962500e-01 +1.0000000e-02 +9.9426667e+00 -2.6487333e-01 -1.8233583e-03 +7.2704861e+00 +1.4116736e+00 +2.3065903e-01 -7.4214583e-02 -5.8576042e-01 +1.1390000e-02 +4.0587072e+05
7.9223700e-01 +1.0000000e-02 +9.9347500e+00 -2.6377167e-01 -2.5732667e-03 +7.2586111e+00 +1.4090556e+00 +2.3030278e-01 -7.0970833e-02 -5.8523194e-01 +1.2015208e-02 +4.0200344e+05
7.9482800e-01 +1.0000000e-02 +9.9255833e+00 -2.6252417e-01 -3.0775750e-03 +7.2488889e+00 +1.4063194e+00 +2.3010000e-01 -6.7551111e-02 -5.8494444e-01 +1.2727917e-02 +3.9823105e+05
7.9739800e-01 +1.0000000e-02 +9.9150000e+00 -2.6116750e-01 -3.3562833e-03 +7.2414583e+00 +1.4034722e+00 +2.2988056e-01 -6.4145278e-02 -5.8469653e-01 +1.3413889e-02 +3.9451880e+05
7.9994700e-01 +1.0000000e-02 +9.9028333e+00 -2.5975167e-01 -3.4599667e-03 +7.2372917e+00 +1.4004375e+00 +2.2950833e-01 -6.0696458e-02 -5.8459931e-01 +1.4018333e-02 +3.9087794e+05
8.0247600e-01 +1.0000000e-02 +9.8891667e+00 -2.5835583e-01 -3.3851583e-03 +7.2370139e+00 +1.3971042e+00 +2.2915903e-01 -5.7227153e-02 -5.8507569e-01 +1.4405972e-02 +3.8726957e+05
8.0498400e-01 +1.0000000e-02 +9.8740833e+00 -2.5705833e-01 -3.1866500e-03 +7.2387500e+00 +1.3934583e+00 +2.2901181e-01 -5.3706944e-02 -5.8598403e-01 +1.4515486e-02 +3.8364245e+05
8.0747100e-01 +1.0000000e-02 +9.8580833e+00 -2.5589917e-01 -2.9921000e-03 +7.2392361e+00 +1.3895417e+00 +2.2883750e-01 -4.9873472e-02 -5.8642639e-01 +1.4345833e-02 +3.7999519e+05
8.0993700e-01 +1.0000000e-02 +9.8417500e+00 -2.5488833e-01 -2.8601417e-03 +7.2361111e+00 +1.3855208e+00 +2.2838750e-01 -4.5592083e-02 -5.8583333e-01 +1.3914028e-02 +3.7636021e+05
8.1238300e-01 +1.0000000e-02 +9.8251667e+00 -2.5402167e-01 -2.7155000e-03 +7.2292361e+00 +1.3815972e+00 +2.2770694e-01 -4.1035764e-02 -5.8430833e-01 +1.3343125e-02 +3.7272554e+05
8.1480700e-01 +1.0000000e-02 +9.8083333e+00 -2.5329583e-01 -2.4496000e-03 +7.2197222e+00 +1.3778681e+00 +2.2685139e-01 -3.6558542e-02 -5.8214097e-01 +1.2892778e-02 +3.6906913e+05
8.1721100e-01 +1.0000000e-02 +9.7911667e+00 -2.5270000e-01 -2.0273500e-03 +7.2098611e+00 +1.3742708e+00 +2.2568958e-01 -3.2591458e-02 -5.7954792e-01 +1.2762569e-02 +3.6540608e+05
8.1959400e-01 +1.0000000e-02 +9.7735000e+00 -2.5226167e-01 -1.4161000e-03 +7.2011806e+00 +1.3707083e+00 +2.2441458e-01 -2.9339792e-02 -5.7676806e-01 +1.2972292e-02 +3.6171047e+05
8.2195700e-01 +1.0000000e-02 +9.7554167e+00 -2.5203167e-01 -6.3401917e-04 +7.1928472e+00 +1.3670903e+00 +2.2345139e-01 -2.6906528e-02 -5.7425139e-01 +1.3361181e-02 +3.5808245e+05
8.2429900e-01 +1.0000000e-02 +9.7368333e+00 -2.5202500e-01 +1.8609750e-04 +7.1846528e+00 +1.3633889e+00 +2.2280764e-01 -2.5515833e-02 -5.7212639e-01 +1.3714028e-02 +3.5460927e+05
8.2662000e-01 +1.0000000e-02 +9.7180833e+00 -2.5221000e-01 +8.9785000e-04 +7.1785417e+00 +1.3596319e+00 +2.2217292e-01 -2.5132014e-02 -5.7043819e-01 +1.3895208e-02 +3.5116383e+05
8.2892100e-01 +1.0000000e-02 +9.6990833e+00 -2.5253333e-01 +1.4598583e-03 +7.1752778e+00 +1.3558611e+00 +2.2146736e-01 -2.5285903e-02 -5.6928056e-01 +1.3954514e-02 +3.4766128e+05
8.3120100e-01 +1.0000000e-02 +9.6800833e+00 -2.5295583e-01 +1.8923500e-03 +7.1738889e+00 +1.3521181e+00 +2.2083819e-01 -2.5528194e-02 -5.6851181e-01 +1.4002639e-02 +3.4416025e+05
8.3346000e-01 +1.0000000e-02 +9.6612500e+00 -2.5345750e-01 +2.2501083e-03 +7.1725694e+00 +1.3484167e+00 +2.2039236e-01 -2.5782569e-02 -5.6780833e-01 +1.4067569e-02 +3.4069720e+05
8.3570000e-01 +1.0000000e-02 +9.6426667e+00 -2.5401667e-01 +2.5909000e-03 +7.1702778e+00 +1.3446528e+00 +2.1994653e-01 -2.6141250e-02 -5.6698819e-01 +1.4184167e-02 +3.3727183e+05
8.3791800e-01 +1.0000000e-02 +9.6242500e+00 -2.5462333e-01 +2.9169667e-03 +7.1667361e+00 +1.3406667e+00 +2.1934028e-01 -2.6562778e-02 -5.6604514e-01 +1.4383264e-02 +3.3388794e+05
8.4011600e-01 +1.0000000e-02 +9.6062500e+00 -2.5528917e-01 +3.1737250e-03 +7.1611111e+00 +1.3364097e+00 +2.1860417e-01 -2.6883819e-02 -5.6503819e-01 +1.4606736e-02 +3.3053654e+05
8.4229400e-01 +1.0000000e-02 +9.5885833e+00 -2.5603083e-01 +3.3310083e-03 +7.1532639e+00 +1.3318889e+00 +2.1787292e-01 -2.6981389e-02 -5.6405069e-01 +1.4771667e-02 +3.2718172e+05
8.4445200e-01 +1.0000000e-02 +9.5713333e+00 -2.5685083e-01 +3.3953250e-03 +7.1431250e+00 +1.3271806e+00 +2.1730903e-01 -2.6793542e-02 -5.6313750e-01 +1.4802639e-02 +3.2383373e+05
8.4659000e-01 +1.0000000e-02 +9.5543333e+00 -2.5772000e-01 +3.3899417e-03 +7.1307639e+00 +1.3223611e+00 +2.1682361e-01 -2.6228889e-02 -5.6212222e-01 +1.4677361e-02 +3.2053008e+05
8.4870700e-01 +1.0000000e-02 +9.5376667e+00 -2.5859750e-01 +3.3421250e-03 +7.1164583e+00 +1.3175139e+00 +2.1628819e-01 -2.5216736e-02 -5.6075903e-01 +1.4509792e-02 +3.1724144e+05
8.5080400e-01 +1.0000000e-02 +9.5213333e+00 -2.5945167e-01 +3.2704750e-03 +7.1005556e+00 +1.3126181e+00 +2.1564722e-01 -2.3871181e-02 -5.5898194e-01 +1.4440764e-02 +3.1393855e+05
8.5288200e-01 +1.0000000e-02 +9.5051667e+00 -2.6026000e-01 +3.2036417e-03 +7.0831944e+00 +1.3075972e+00 +2.1480694e-01 -2.2333958e-02 -5.5696111e-01 +1.4529931e-02 +3.1068264e+05
8.5493900e-01 +1.0000000e-02 +9.4890000e+00 -2.6102333e-01 +3.1652667e-03 +7.0651389e+00 +1.3023819e+00 +2.1387083e-01 -2.0698958e-02 -5.5494931e-01 +1.4780833e-02 +3.0751704e+05
8.5697700e-01 +1.0000000e-02 +9.4725000e+00 -2.6175250e-01 +3.1437750e-03 +7.0471528e+00 +1.2969444e+00 +2.1298889e-01 -1.9160486e-02 -5.5317708e-01 +1.5128889e-02 +3.0442029e+05
8.5899500e-01 +1.0000000e-02 +9.4555000e+00 -2.6245917e-01 +3.1249667e-03 +7.0301389e+00 +1.2913194e+00 +2.1223681e-01 -1.7794583e-02 -5.5175417e-01 +1.5488472e-02 +3.0137076e+05
8.6099300e-01 +1.0000000e-02 +9.4380833e+00 -2.6315500e-01 +3.1141250e-03 +7.0138889e+00 +1.2855278e+00 +2.1157778e-01 -1.6434931e-02 -5.5058958e-01 +1.5757222e-02 +2.9835558e+05
8.6297100e-01 +1.0000000e-02 +9.4202500e+00 -2.6384500e-01 +3.1264417e-03 +6.9979167e+00 +1.2796181e+00 +2.1081111e-01 -1.4862639e-02 -5.4934861e-01 +1.5899444e-02 +2.9536539e+05
8.6493000e-01 +1.0000000e-02 +9.4022500e+00 -2.6453000e-01 +3.1869583e-03 +6.9816667e+00 +1.2736111e+00 +2.0988264e-01 -1.2957708e-02 -5.4773750e-01 +1.5982361e-02 +2.9238291e+05
8.6687000e-01 +1.0000000e-02 +9.3844167e+00 -2.6522583e-01 +3.3267167e-03 +6.9645833e+00 +1.2675139e+00 +2.0892222e-01 -1.0781667e-02 -5.4587222e-01 +1.6032083e-02 +2.8946056e+05
8.6879000e-01 +1.0000000e-02 +9.3667500e+00 -2.6595833e-01 +3.5410000e-03 +6.9470139e+00 +1.2613403e+00 +2.0799792e-01 -8.5527083e-03 -5.4407083e-01 +1.6008125e-02 +2.8663642e+05
8.7069100e-01 +1.0000000e-02 +9.3490000e+00 -2.6673917e-01 +3.7752333e-03 +6.9304514e+00 +1.2551250e+00 +2.0706875e-01 -6.4498194e-03 -5.4257917e-01 +1.5892361e-02 +2.8384648e+05
8.7257300e-01 +1.0000000e-02 +9.3312500e+00 -2.6757250e-01 +3.9777333e-03 +6.9156111e+00 +1.2489028e+00 +2.0610903e-01 -4.4485694e-03 -5.4141806e-01 +1.5701250e-02 +2.8101145e+05
8.7443600e-01 +1.0000000e-02 +9.3135000e+00 -2.6846083e-01 +4.1455167e-03 +6.9019722e+00 +1.2426597e+00 +2.0508889e-01 -2.3974514e-03 -5.4042361e-01 +1.5446319e-02 +2.7811158e+05
8.7628000e-01 +1.0000000e-02 +9.2958333e+00 -2.6941417e-01 +4.3098417e-03 +6.8882083e+00 +1.2363750e+00 +2.0394306e-01 -1.6316806e-04 -5.3936806e-01 +1.5102292e-02 +2.7519476e+05
8.7810500e-01 +1.0000000e-02 +9.2783333e+00 -2.7044417e-01 +4.5139417e-03 +6.8726944e+00 +1.2300278e+00 +2.0267361e-01 +2.2467222e-03 -5.3792292e-01 +1.4648889e-02 +2.7233540e+05
8.7991200e-01 +1.0000000e-02 +9.2610000e+00 -2.7156833e-01 +4.8089417e-03 +6.8542569e+00 +1.2236736e+00 +2.0137708e-01 +4.6127500e-03 -5.3588333e-01 +1.4111875e-02 +2.6958071e+05
8.8169900e-01 +1.0000000e-02 +9.2438333e+00 -2.7279500e-01 +5.2357417e-03 +6.8326667e+00 +1.2173472e+00 +2.0009097e-01 +6.6261458e-03 -5.3338194e-01 +1.3523542e-02 +2.6693648e+05
8.8346900e-01 +1.0000000e-02 +9.2265833e+00 -2.7412250e-01 +5.8080333e-03 +6.8084097e+00 +1.2111111e+00 +1.9877153e-01 +8.0491667e-03 -5.3065000e-01 +1.2932847e-02 +2.6436953e+05
8.8521900e-01 +1.0000000e-02 +9.2095000e+00 -2.7554250e-01 +6.5046667e-03 +6.7821667e+00 +1.2049444e+00 +1.9741042e-01 +8.7196528e-03 -5.2779444e-01 +1.2435278e-02 +2.6183780e+05
8.8695200e-01 +1.0000000e-02 +9.1924167e+00 -2.7704833e-01 +7.2833083e-03 +6.7545208e+00 +1.1988056e+00 +1.9603542e-01 +8.5484722e-03 -5.2488264e-01 +1.2109028e-02 +2.5931459e+05
8.8866600e-01 +1.0000000e-02 +9.1753333e+00 -2.7864250e-01 +8.1069833e-03 +6.7256528e+00 +1.1925972e+00 +1.9466389e-01 +7.5429167e-03 -5.2206111e-01 +1.1940417e-02 +2.5682764e+05
8.9036200e-01 +1.0000000e-02 +9.1585000e+00 -2.8033667e-01 +8.9521667e-03 +6.6958472e+00 +1.1862083e+00 +1.9327639e-01 +5.8120625e-03 -5.1941597e-01 +1.1842014e-02 +2.5439894e+05
8.9204000e-01 +1.0000000e-02 +9.1418333e+00 -2.8214167e-01 +9.8006667e-03 +6.6657569e+00 +1.1795694e+00 +1.9181736e-01 +3.5499722e-03 -5.1683611e-01 +1.1737847e-02 +2.5199394e+05
8.9370100e-01 +1.0000000e-02 +9.1255000e+00 -2.8406083e-01 +1.0642000e-02 +6.6358056e+00 +1.1726597e+00 +1.9023889e-01 +9.5772222e-04 -5.1416319e-01 +1.1606944e-02 +2.4956118e+05
8.9534300e-01 +1.0000000e-02 +9.1097500e+00 -2.8609500e-01 +1.1477917e-02 +6.6056736e+00 +1.1654931e+00 +1.8853403e-01 -1.8425625e-03 -5.1127361e-01 +1.1462639e-02 +2.4710321e+05
8.9696800e-01 +1.0000000e-02 +9.0945833e+00 -2.8824583e-01 +1.2316667e-02 +6.5747292e+00 +1.1581111e+00 +1.8675069e-01 -4.8624306e-03 -5.0812153e-01 +1.1322847e-02 +2.4466381e+05
8.9857600e-01 +1.0000000e-02 +9.0800833e+00 -2.9052000e-01 +1.3160000e-02 +6.5427222e+00 +1.1505486e+00 +1.8498194e-01 -8.2308333e-03 -5.0481528e-01 +1.1186042e-02 +2.4229493e+05
9.0016600e-01 +1.0000000e-02 +9.0662500e+00 -2.9292417e-01 +1.3994500e-02 +6.5102917e+00 +1.1428264e+00 +1.8331111e-01 -1.2084722e-02 -5.0157222e-01 +1.1026806e-02 +2.3998744e+05
9.0173800e-01 +1.0000000e-02 +9.0530000e+00 -2.9546083e-01 +1.4793417e-02 +6.4787014e+00 +1.1349722e+00 +1.8174722e-01 -1.6453889e-02 -4.9858750e-01 +1.0809792e-02 +2.3767382e+05
9.0329400e-01 +1.0000000e-02 +9.0403333e+00 -2.9812667e-01 +1.5521500e-02 +6.4489236e+00 +1.1269931e+00 +1.8024097e-01 -2.1231319e-02 -4.9595000e-01 +1.0505903e-02 +2.3531122e+05
9.0483300e-01 +1.0000000e-02 +9.0283333e+00 -3.0091167e-01 +1.6145500e-02 +6.4211181e+00 +1.1189167e+00 +1.7872708e-01 -2.6230972e-02 -4.9364028e-01 +1.0101528e-02 +2.3290438e+05
9.0635400e-01 +1.0000000e-02 +9.0171667e+00 -3.0379167e-01 +1.6649667e-02 +6.3948264e+00 +1.1107569e+00 +1.7715278e-01 -3.1258611e-02 -4.9155208e-01 +9.6009722e-03 +2.3047714e+05
9.0785900e-01 +1.0000000e-02 +9.0068333e+00 -3.0673917e-01 +1.7049167e-02 +6.3692292e+00 +1.1025833e+00 +1.7550625e-01 -3.6181597e-02 -4.8952639e-01 +9.0229167e-03 +2.2806212e+05
9.0934700e-01 +1.0000000e-02 +8.9975000e+00 -3.0972750e-01 +1.7387083e-02 +6.3435972e+00 +1.0944306e+00 +1.7383542e-01 -4.0970694e-02 -4.8742778e-01 +8.3912500e-03 +2.2568525e+05
9.1081900e-01 +1.0000000e-02 +8.9891667e+00 -3.1273667e-01 +1.7712667e-02 +6.3175208e+00 +1.0863403e+00 +1.7220833e-01 -4.5670903e-02 -4.8518681e-01 +7.7252083e-03 +2.2333412e+05
9.1227400e-01 +1.0000000e-02 +8.9819167e+00 -3.1574917e-01 +1.8058083e-02 +6.2907361e+00 +1.0783194e+00 +1.7064722e-01 -5.0348125e-02 -4.8276736e-01 +7.0359028e-03 +2.2099419e+05
9.1371300e-01 +1.0000000e-02 +8.9757500e+00 -3.1874833e-01 +1.8430167e-02 +6.2629306e+00 +1.0703750e+00 +1.6911458e-01 -5.5053681e-02 -4.8015069e-01 +6.3353333e-03 +2.1867088e+05
9.1513600e-01 +1.0000000e-02 +8.9706667e+00 -3.2171167e-01 +1.8816667e-02 +6.2338333e+00 +1.0624931e+00 +1.6755208e-01 -5.9802222e-02 -4.7734931e-01 +5.6375833e-03 +2.1636665e+05
9.1654300e-01 +1.0000000e-02 +8.9667500e+00 -3.2461417e-01 +1.9197417e-02 +6.2031597e+00 +1.0546944e+00 +1.6592569e-01 -6.4580347e-02 -4.7438403e-01 +4.9509792e-03 +2.1407170e+05
9.1793400e-01 +1.0000000e-02 +8.9640000e+00 -3.2742833e-01 +1.9551583e-02 +6.1704653e+00 +1.0469792e+00 +1.6424306e-01 -6.9379722e-02 -4.7127292e-01 +4.2833403e-03 +2.1178512e+05
9.1930900e-01 +1.0000000e-02 +8.9625000e+00 -3.3012667e-01 +1.9861833e-02 +6.1352986e+00 +1.0393681e+00 +1.6255069e-01 -7.4224306e-02 -4.6805208e-01 +3.6495347e-03 +2.0951667e+05
9.2066800e-01 +1.0000000e-02 +8.9621667e+00 -3.3268500e-01 +2.0112583e-02 +6.0974028e+00 +1.0318542e+00 +1.6091042e-01 -7.9166667e-02 -4.6474861e-01 +3.0682708e-03 +2.0727532e+05
9.2201200e-01 +1.0000000e-02 +8.9631667e+00 -3.3508000e-01 +2.0289500e-02 +6.0568958e+00 +1.0244167e+00 +1.5935972e-01 -8.4254167e-02 -4.6137014e-01 +2.5542917e-03 +2.0506541e+05
9.2334100e-01 +1.0000000e-02 +8.9652500e+00 -3.3729500e-01 +2.0382417e-02 +6.0142431e+00 +1.0170208e+00 +1.5788958e-01 -8.9517361e-02 -4.5790764e-01 +2.1151597e-03 +2.0287892e+05
9.2465400e-01 +1.0000000e-02 +8.9685000e+00 -3.3931167e-01 +2.0385667e-02 +5.9700972e+00 +1.0096389e+00 +1.5645208e-01 -9.4972222e-02 -4.5433264e-01 +1.7568681e-03 +2.0070432e+05
9.2595200e-01 +1.0000000e-02 +8.9728333e+00 -3.4111500e-01 +2.0295333e-02 +5.9250625e+00 +1.0022014e+00 +1.5500278e-01 -1.0062847e-01 -4.5061944e-01 +1.4917500e-03 +1.9853789e+05
9.2723500e-01 +1.0000000e-02 +8.9780833e+00 -3.4269250e-01 +2.0104917e-02 +5.8795833e+00 +9.9467361e-01 +1.5352569e-01 -1.0647639e-01 -4.4678264e-01 +1.3371528e-03 +1.9638564e+05
9.2850400e-01 +1.0000000e-02 +8.9841667e+00 -3.4403167e-01 +1.9805833e-02 +5.8340278e+00 +9.8699306e-01 +1.5202361e-01 -1.1248403e-01 -4.4288472e-01 +1.3064583e-03 +1.9425255e+05
9.2975700e-01 +1.0000000e-02 +8.9910000e+00 -3.4512250e-01 +1.9388417e-02 +5.7887639e+00 +9.7912500e-01 +1.5050556e-01 -1.1859861e-01 -4.3901806e-01 +1.4017569e-03 +1.9213878e+05
9.3099600e-01 +1.0000000e-02 +8.9985000e+00 -3.4595667e-01 +1.8843083e-02 +5.7441389e+00 +9.7102778e-01 +1.4898611e-01 -1.2475764e-01 -4.3527083e-01 +1.6125972e-03 +1.9003017e+05
9.3222000e-01 +1.0000000e-02 +9.0065000e+00 -3.4652500e-01 +1.8160500e-02 +5.7004097e+00 +9.6268056e-01 +1.4748333e-01 -1.3089514e-01 -4.3170347e-01 +1.9204167e-03 +1.8791821e+05
9.3343000e-01 +1.0000000e-02 +9.0150000e+00 -3.4682000e-01 +1.7330000e-02 +5.6577222e+00 +9.5405556e-01 +1.4600694e-01 -1.3694028e-01 -4.2834236e-01 +2.3066528e-03 +1.8579488e+05
9.3462600e-01 +1.0000000e-02 +9.0239167e+00 -3.4683417e-01 +1.6340667e-02 +5.6161806e+00 +9.4514583e-01 +1.4455208e-01 -1.4281319e-01 -4.2518194e-01 +2.7604653e-03 +1.8365289e+05
9.3580800e-01 +1.0000000e-02 +9.0331667e+00 -3.4655833e-01 +1.5182750e-02 +5.5757431e+00 +9.3595139e-01 +1.4310278e-01 -1.4843194e-01 -4.2219931e-01 +3.2827569e-03 +1.8148479e+05
9.3697600e-01 +1.0000000e-02 +9.0425833e+00 -3.4598167e-01 +1.3851667e-02 +5.5362431e+00 +9.2648611e-01 +1.4165208e-01 -1.5372847e-01 -4.1937361e-01 +3.8846875e-03 +1.7928896e+05
9.3813000e-01 +1.0000000e-02 +9.0522500e+00 -3.4509500e-01 +1.2350250e-02 +5.4973819e+00 +9.1675000e-01 +1.4021250e-01 -1.5865833e-01 -4.1670208e-01 +4.5802292e-03 +1.7707677e+05
9.3927000e-01 +1.0000000e-02 +9.0620000e+00 -3.4389000e-01 +1.0687750e-02 +5.4588125e+00 +9.0675694e-01 +1.3879931e-01 -1.6319514e-01 -4.1418958e-01 +5.3787431e-03 +1.7486494e+05
9.4039600e-01 +1.0000000e-02 +9.0716667e+00 -3.4236167e-01 +8.8762500e-03 +5.4202222e+00 +8.9651389e-01 +1.3740903e-01 -1.6732500e-01 -4.1182292e-01 +6.2846458e-03 +1.7266914e+05
9.4150900e-01 +1.0000000e-02 +9.0810833e+00 -3.4050250e-01 +6.9261833e-03 +5.3813958e+00 +8.8602778e-01 +1.3602500e-01 -1.7103681e-01 -4.0957014e-01 +7.3024306e-03 +1.7049727e+05
9.4260900e-01 +1.0000000e-02 +9.0901667e+00 -3.3830917e-01 +4.8459750e-03 +5.3422500e+00 +8.7531250e-01 +1.3463264e-01 -1.7432778e-01 -4.0739167e-01 +8.4393750e-03 +1.6834608e+05
9.4369600e-01 +1.0000000e-02 +9.0987500e+00 -3.3577417e-01 +2.6420750e-03 +5.3027639e+00 +8.6438889e-01 +1.3323819e-01 -1.7720139e-01 -4.0524792e-01 +9.7040278e-03 +1.6621361e+05
9.4476900e-01 +1.0000000e-02 +9.1066667e+00 -3.3289333e-01 +3.1953917e-04 +5.2629861e+00 +8.5325694e-01 +1.3185972e-01 -1.7966875e-01 -4.0310764e-01 +1.1101875e-02 +1.6409942e+05
9.4583000e-01 +1.0000000e-02 +9.1139167e+00 -3.2966083e-01 -2.1178500e-03 +5.2229792e+00 +8.4193750e-01 +1.3050972e-01 -1.8174375e-01 -4.0095764e-01 +1.2634167e-02 +1.6200296e+05
9.4687800e-01 +1.0000000e-02 +9.1202500e+00 -3.2607417e-01 -4.6667833e-03 +5.1828056e+00 +8.3043750e-01 +1.2918889e-01 -1.8343264e-01 -3.9880486e-01 +1.4299792e-02 +1.5992153e+05
9.4791300e-01 +1.0000000e-02 +9.1255000e+00 -3.2212917e-01 -7.3229583e-03 +5.1425000e+00 +8.1875694e-01 +1.2788958e-01 -1.8473403e-01 -3.9665833e-01 +1.6096806e-02 +1.5784906e+05
9.4893500e-01 +1.0000000e-02 +9.1296667e+00 -3.1782667e-01 -1.0079917e-02 +5.1020069e+00 +8.0689583e-01 +1.2660278e-01 -1.8563819e-01 -3.9451875e-01 +1.8022986e-02 +1.5578910e+05
9.4994500e-01 +1.0000000e-02 +9.1326667e+00 -3.1317000e-01 -1.2928917e-02 +5.0611944e+00 +7.9485417e-01 +1.2532708e-01 -1.8613750e-01 -3.9236944e-01 +2.0075486e-02 +1.5374686e+05
9.5094300e-01 +1.0000000e-02 +9.1342500e+00 -3.0816417e-01 -1.5860667e-02 +5.0199028e+00 +7.8263889e-01 +1.2407500e-01 -1.8622778e-01 -3.9018542e-01 +2.2250903e-02 +1.5173085e+05
9.5192800e-01 +1.0000000e-02 +9.1344167e+00 -3.0281750e-01 -1.8866167e-02 +4.9779583e+00 +7.7025694e-01 +1.2286250e-01 -1.8591111e-01 -3.8793958e-01 +2.4544653e-02 +1.4974118e+05
9.5290100e-01 +1.0000000e-02 +9.1330833e+00 -2.9713917e-01 -2.1937917e-02 +4.9352361e+00 +7.5771528e-01 +1.2170417e-01 -1.8519722e-01 -3.8561597e-01 +2.6951944e-02 +1.4777247e+05
9.5386300e-01 +1.0000000e-02 +9.1300833e+00 -2.9114000e-01 -2.5070000e-02 +4.8916667e+00 +7.4501389e-01 +1.2060694e-01 -1.8410069e-01 -3.8320556e-01 +2.9467500e-02 +1.4581996e+05
9.5481200e-01 +1.0000000e-02 +9.1252500e+00 -2.8483250e-01 -2.8257333e-02 +4.8472083e+00 +7.3216667e-01 +1.1957083e-01 -1.8264097e-01 -3.8070972e-01 +3.2086042e-02 +1.4388337e+05
9.5575000e-01 +1.0000000e-02 +9.1186667e+00 -2.7822917e-01 -3.1495083e-02 +4.8018194e+00 +7.1915972e-01 +1.1859306e-01 -1.8083819e-01 -3.7813194e-01 +3.4801806e-02 +1.4196563e+05
9.5667600e-01 +1.0000000e-02 +9.1100000e+00 -2.7134667e-01 -3.4778250e-02 +4.7555208e+00 +7.0600694e-01 +1.1766944e-01 -1.7871458e-01 -3.7547847e-01 +3.7608681e-02 +1.4006994e+05
9.5759100e-01 +1.0000000e-02 +9.0992500e+00 -2.6420000e-01 -3.8101083e-02 +4.7083403e+00 +6.9271042e-01 +1.1679514e-01 -1.7628889e-01 -3.7275417e-01 +4.0500347e-02 +1.3819416e+05
9.5849500e-01 +1.0000000e-02 +9.0863333e+00 -2.5680667e-01 -4.1456250e-02 +4.6603611e+00 +6.7926250e-01 +1.1596944e-01 -1.7357361e-01 -3.6996250e-01 +4.3470486e-02 +1.3633245e+05
9.5938700e-01 +1.0000000e-02 +9.0710000e+00 -2.4918667e-01 -4.4835000e-02 +4.6116458e+00 +6.6567083e-01 +1.1519444e-01 -1.7057986e-01 -3.6710208e-01 +4.6512083e-02 +1.3448016e+05
9.6026800e-01 +1.0000000e-02 +9.0532500e+00 -2.4135917e-01 -4.8227167e-02 +4.5622500e+00 +6.5193958e-01 +1.1447431e-01 -1.6731250e-01 -3.6416944e-01 +4.9616181e-02 +1.3263370e+05
9.6113800e-01 +1.0000000e-02 +9.0328333e+00 -2.3334250e-01 -5.1621667e-02 +4.5122153e+00 +6.3807778e-01 +1.1381597e-01 -1.6377153e-01 -3.6115972e-01 +5.2771667e-02 +1.3079344e+05
9.6199700e-01 +1.0000000e-02 +9.0098333e+00 -2.2515750e-01 -5.5006500e-02 +4.4615347e+00 +6.2409444e-01 +1.1322708e-01 -1.5995694e-01 -3.5806319e-01 +5.5964583e-02 +1.2895562e+05
9.6284500e-01 +1.0000000e-02 +8.9839167e+00 -2.1682500e-01 -5.8368750e-02 +4.4102083e+00 +6.0999931e-01 +1.1271667e-01 -1.5586597e-01 -3.5486736e-01 +5.9178750e-02 +1.2711989e+05
9.6368300e-01 +1.0000000e-02 +8.9551667e+00 -2.0836417e-01 -6.1694667e-02 +4.3582153e+00 +5.9580417e-01 +1.1228958e-01 -1.5149792e-01 -3.5155903e-01 +6.2395625e-02 +1.2528408e+05
9.6451000e-01 +1.0000000e-02 +8.9234167e+00 -1.9979750e-01 -6.4969750e-02 +4.3055208e+00 +5.8152153e-01 +1.1194722e-01 -1.4685556e-01 -3.4812222e-01 +6.5594861e-02 +1.2344695e+05
9.6532700e-01 +1.0000000e-02 +8.8885000e+00 -1.9114417e-01 -6.8179083e-02 +4.2520833e+00 +5.6716458e-01 +1.1168889e-01 -1.4194167e-01 -3.4454167e-01 +6.8755278e-02 +1.2160838e+05
9.6613400e-01 +1.0000000e-02 +8.8504167e+00 -1.8242750e-01 -7.1307417e-02 +4.1978681e+00 +5.5274583e-01 +1.1150764e-01 -1.3676458e-01 -3.4080069e-01 +7.1856250e-02 +1.1976661e+05
9.6693000e-01 +1.0000000e-02 +8.8090000e+00 -1.7366750e-01 -7.4339500e-02 +4.1428611e+00 +5.3827847e-01 +1.1139514e-01 -1.3133056e-01 -3.3688125e-01 +7.4878472e-02 +1.1792236e+05
9.6771600e-01 +1.0000000e-02 +8.7641667e+00 -1.6488667e-01 -7.7260167e-02 +4.0870208e+00 +5.2377708e-01 +1.1134375e-01 -1.2564722e-01 -3.3276389e-01 +7.7805556e-02 +1.1607481e+05
9.6849200e-01 +1.0000000e-02 +8.7158333e+00 -1.5610667e-01 -8.0054083e-02 +4.0303194e+00 +5.0925486e-01 +1.1134236e-01 -1.1972361e-01 -3.2842778e-01 +8.0623611e-02 +1.1422224e+05
9.6925900e-01 +1.0000000e-02 +8.6638333e+00 -1.4734833e-01 -8.2705500e-02 +3.9727431e+00 +4.9472639e-01 +1.1138403e-01 -1.1356944e-01 -3.2385208e-01 +8.3319444e-02 +1.1236664e+05
9.7001500e-01 +1.0000000e-02 +8.6081667e+00 -1.3863417e-01 -8.5198333e-02 +3.9142361e+00 +4.8020486e-01 +1.1146111e-01 -1.0719931e-01 -3.1901806e-01 +8.5883333e-02 +1.1050773e+05
9.7076200e-01 +1.0000000e-02 +8.5485833e+00 -1.2998333e-01 -8.7517500e-02 +3.8547778e+00 +4.6570486e-01 +1.1156528e-01 -1.0062986e-01 -3.1390694e-01 +8.8304167e-02 +1.0864645e+05
9.7150000e-01 +1.0000000e-02 +8.4851667e+00 -1.2141750e-01 -8.9645000e-02 +3.7943333e+00 +4.5123958e-01 +1.1168958e-01 -9.3881250e-02 -3.0850417e-01 +9.0572222e-02 +1.0678247e+05
9.7222800e-01 +1.0000000e-02 +8.4176667e+00 -1.1295583e-01 -9.1565000e-02 +3.7328611e+00 +4.3682222e-01 +1.1182431e-01 -8.6978472e-02 -3.0279792e-01 +9.2677778e-02 +1.0491575e+05
9.7294600e-01 +1.0000000e-02 +8.3460833e+00 -1.0461667e-01 -9.3261667e-02 +3.6703403e+00 +4.2246597e-01 +1.1196111e-01 -7.9947222e-02 -2.9677986e-01 +9.4612500e-02 +1.0304662e+05
9.7365600e-01 +1.0000000e-02 +8.2703000e+00 -9.6418333e-02 -9.4719167e-02 +3.6067431e+00 +4.0818333e-01 +1.1208819e-01 -7.2815972e-02 -2.9044444e-01 +9.6366667e-02 +1.0117476e+05
9.7435600e-01 +1.0000000e-02 +8.1902167e+00 -8.8379167e-02 -9.5922500e-02 +3.5420278e+00 +3.9398611e-01 +1.1219375e-01 -6.5616736e-02 -2.8378889e-01 +9.7931250e-02 +9.9301156e+04
9.7504800e-01 +1.0000000e-02 +8.1057750e+00 -8.0514583e-02 -9.6857500e-02 +3.4761597e+00 +3.7988542e-01 +1.1226597e-01 -5.8380069e-02 -2.7681181e-01 +9.9300694e-02 +9.7425548e+04
9.7573000e-01 +1.0000000e-02 +8.0169083e+00 -7.2841417e-02 -9.7510000e-02 +3.4091181e+00 +3.6589375e-01 +1.1229167e-01 -5.1138889e-02 -2.6951528e-01 +1.0046806e-01 +9.5547541e+04
9.7640400e-01 +1.0000000e-02 +7.9235583e+00 -6.5374417e-02 -9.7868333e-02 +3.3408542e+00 +3.5202014e-01 +1.1225903e-01 -4.3926319e-02 -2.6190000e-01 +1.0142847e-01 +9.3666915e+04
9.7706800e-01 +1.0000000e-02 +7.8256583e+00 -5.8128083e-02 -9.7920000e-02 +3.2713333e+00 +3.3827569e-01 +1.1215347e-01 -3.6776458e-02 -2.5397014e-01 +1.0217639e-01 +9.1783940e+04
9.7772500e-01 +1.0000000e-02 +7.7231917e+00 -5.1116250e-02 -9.7655000e-02 +3.2005208e+00 +3.2466806e-01 +1.1196111e-01 -2.9723889e-02 -2.4572917e-01 +1.0270903e-01 +8.9897510e+04
9.7837300e-01 +1.0000000e-02 +7.6161250e+00 -4.4352167e-02 -9.7062500e-02 +3.1283750e+00 +3.1120486e-01 +1.1166944e-01 -2.2803958e-02 -2.3718333e-01 +1.0302292e-01 +8.8009315e+04
9.7901200e-01 +1.0000000e-02 +7.5044333e+00 -3.7848500e-02 -9.6136667e-02 +3.0548611e+00 +2.9789514e-01 +1.1126458e-01 -1.6052500e-02 -2.2833889e-01 +1.0311597e-01 +8.6119776e+04
9.7964300e-01 +1.0000000e-02 +7.3881250e+00 -3.1617333e-02 -9.4870833e-02 +2.9799444e+00 +2.8474444e-01 +1.1073472e-01 -9.5054861e-03 -2.1920486e-01 +1.0298681e-01 +8.4229781e+04
9.8026600e-01 +1.0000000e-02 +7.2672000e+00 -2.5670333e-02 -9.3262500e-02 +2.9036042e+00 +2.7175764e-01 +1.1006875e-01 -3.1989583e-03 -2.0979375e-01 +1.0263472e-01 +8.2339125e+04
9.8088100e-01 +1.0000000e-02 +7.1416917e+00 -2.0018583e-02 -9.1309167e-02 +2.8258264e+00 +2.5894167e-01 +1.0925694e-01 +2.8314583e-03 -2.0012014e-01 +1.0206111e-01 +8.0448290e+04
9.8148700e-01 +1.0000000e-02 +7.0116333e+00 -1.4672667e-02 -8.9015000e-02 +2.7465972e+00 +2.4630000e-01 +1.0829306e-01 +8.5506944e-03 -1.9020417e-01 +1.0126597e-01 +7.8558008e+04
9.8208600e-01 +1.0000000e-02 +6.8770833e+00 -9.6427500e-03 -8.6385000e-02 +2.6659236e+00 +2.3383681e-01 +1.0717083e-01 +1.3924722e-02 -1.8006944e-01 +1.0025139e-01 +7.6668329e+04
9.8267700e-01 +1.0000000e-02 +6.7381167e+00 -4.9383583e-03 -8.3428333e-02 +2.5838056e+00 +2.2155694e-01 +1.0588889e-01 +1.8920764e-02 -1.6974514e-01 +9.9020139e-02 +7.4780710e+04
9.8326100e-01 +1.0000000e-02 +6.5948250e+00 -5.6826583e-04 -8.0158500e-02 +2.5002847e+00 +2.0946458e-01 +1.0444722e-01 +2.3507847e-02 -1.5926528e-01 +9.7572917e-02 +7.2896183e+04
9.8383600e-01 +1.0000000e-02 +6.4473000e+00 +3.4595167e-03 -7.6593333e-02 +2.4153958e+00 +1.9756528e-01 +1.0284861e-01 +2.7657222e-02 -1.4867153e-01 +9.5913194e-02 +7.1015515e+04
9.8440400e-01 +1.0000000e-02 +6.2956750e+00 +7.1380083e-03 -7.2755000e-02 +2.3292153e+00 +1.8586319e-01 +1.0110000e-01 +3.1342639e-02 -1.3801319e-01 +9.4043056e-02 +6.9140053e+04
9.8496500e-01 +1.0000000e-02 +6.1400750e+00 +1.0461417e-02 -6.8670000e-02 +2.2418125e+00 +1.7436667e-01 +9.9210417e-02 +3.4541111e-02 -1.2734583e-01 +9.1966667e-02 +6.7270752e+04
9.8551800e-01 +1.0000000e-02 +5.9806583e+00 +1.3425333e-02 -6.4369500e-02 +2.1533125e+00 +1.6308472e-01 +9.7192361e-02 +3.7233333e-02 -1.1673403e-01 +8.9685417e-02 +6.5408411e+04
9.8606400e-01 +1.0000000e-02 +5.8175917e+00 +1.6027167e-02 -5.9888833e-02 +2.0638333e+00 +1.5202639e-01 +9.5061111e-02 +3.9404306e-02 -1.0624792e-01 +8.7204861e-02 +6.3553467e+04
9.8660300e-01 +1.0000000e-02 +5.6510500e+00 +1.8266083e-02 -5.5267083e-02 +1.9735347e+00 +1.4120625e-01 +9.2832639e-02 +4.1044028e-02 -9.5965278e-02 +8.4528472e-02 +6.1706080e+04
9.8713400e-01 +1.0000000e-02 +5.4812333e+00 +2.0143750e-02 -5.0546917e-02 +1.8825833e+00 +1.3063889e-01 +9.0525694e-02 +4.2148472e-02 -8.5966667e-02 +8.1662500e-02 +5.9866494e+04
9.8765900e-01 +1.0000000e-02 +5.3083250e+00 +2.1664083e-02 -4.5773417e-02 +1.7911597e+00 +1.2034167e-01 +8.8159028e-02 +4.2720069e-02 -7.6335417e-02 +7.8612500e-02 +5.8034219e+04
9.8817700e-01 +1.0000000e-02 +5.1325500e+00 +2.2833833e-02 -4.0993417e-02 +1.6994722e+00 +1.1033472e-01 +8.5749306e-02 +4.2768681e-02 -6.7155347e-02 +7.5387500e-02 +5.6209240e+04
9.8868800e-01 +1.0000000e-02 +4.9541083e+00 +2.3662667e-02 -3.6254500e-02 +1.6077292e+00 +1.0064097e-01 +8.3313194e-02 +4.2312014e-02 -5.8506111e-02 +7.1996528e-02 +5.4391649e+04
9.8919200e-01 +1.0000000e-02 +4.7732333e+00 +2.4163167e-02 -3.1603917e-02 +1.5161528e+00 +9.1284722e-02 +8.0861806e-02 +4.1376319e-02 -5.0461319e-02 +6.8450208e-02 +5.2582028e+04
9.8968900e-01 +1.0000000e-02 +4.5901500e+00 +2.4351167e-02 -2.7087083e-02 +1.4249653e+00 +8.2290972e-02 +7.8402083e-02 +3.9996181e-02 -4.3084931e-02 +6.4762292e-02 +5.0781497e+04
9.9018000e-01 +1.0000000e-02 +4.4050750e+00 +2.4245250e-02 -2.2746667e-02 +1.3343958e+00 +7.3687500e-02 +7.5936806e-02 +3.8214583e-02 -3.6427917e-02 +6.0948542e-02 +4.8992101e+04
9.9066400e-01 +1.0000000e-02 +4.2182417e+00 +2.3867000e-02 -1.8621333e-02 +1.2446736e+00 +6.5500347e-02 +7.3460417e-02 +3.6082222e-02 -3.0525486e-02 +5.7027292e-02 +4.7217144e+04
9.9114200e-01 +1.0000000e-02 +4.0298750e+00 +2.3240750e-02 -1.4744833e-02 +1.1560208e+00 +5.7756181e-02 +7.0963194e-02 +3.3656667e-02 -2.5394306e-02 +5.3020000e-02 +4.5460947e+04
9.9161300e-01 +1.0000000e-02 +3.8402083e+00 +2.2392833e-02 -1.1144667e-02 +1.0686806e+00 +5.0479792e-02 +6.8428889e-02 +3.1000625e-02 -2.1031111e-02 +4.8951319e-02 +4.3729476e+04
9.9207900e-01 +1.0000000e-02 +3.6494583e+00 +2.1351500e-02 -7.8422750e-03 +9.8289583e-01 +4.3693611e-02 +6.5835764e-02 +2.8180903e-02 -1.7411389e-02 +4.4848750e-02 +4.2029307e+04
9.9253700e-01 +1.0000000e-02 +3.4578500e+00 +2.0146500e-02 -4.8520333e-03 +8.9890278e-01 +3.7416667e-02 +6.3159861e-02 +2.5265625e-02 -1.4490000e-02 +4.0742917e-02 +4.0368762e+04
9.9299000e-01 +1.0000000e-02 +3.2656083e+00 +1.8808083e-02 -2.1817000e-03 +8.1695833e-01 +3.1663611e-02 +6.0375417e-02 +2.2322569e-02 -1.2202431e-02 +3.6667153e-02 +3.8756057e+04
9.9343700e-01 +1.0000000e-02 +3.0729417e+00 +1.7366833e-02 +1.6733167e-04 +7.3731944e-01 +2.6444097e-02 +5.7457361e-02 +1.9416875e-02 -1.0467222e-02 +3.2656667e-02 +3.7200567e+04
9.9387800e-01 +1.0000000e-02 +2.8800750e+00 +1.5852833e-02 +2.1992333e-03 +6.6027153e-01 +2.1761597e-02 +5.4383333e-02 +1.6608542e-02 -9.1902778e-03 +2.8748264e-02 +3.5711437e+04
9.9431300e-01 +1.0000000e-02 +2.6872083e+00 +1.4295250e-02 +3.9227333e-03 +5.8609167e-01 +1.7613333e-02 +5.1135417e-02 +1.3950694e-02 -8.2694444e-03 +2.4978958e-02 +3.4297803e+04
9.9474200e-01 +1.0000000e-02 +2.4945500e+00 +1.2721833e-02 +5.3497750e-03 +5.1507569e-01 +1.3989653e-02 +4.7701875e-02 +1.1487639e-02 -7.6005556e-03 +2.1385208e-02 +3.2968798e+04
9.9516500e-01 +1.0000000e-02 +2.3023083e+00 +1.1158667e-02 +6.4941083e-03 +4.4752431e-01 +1.0874028e-02 +4.4078056e-02 +9.2539583e-03 -7.0836806e-03 +1.8001736e-02 +3.1733485e+04
9.9558300e-01 +1.0000000e-02 +2.1106667e+00 +9.6296667e-03 +7.3698083e-03 +3.8373958e-01 +8.2431250e-03 +4.0267292e-02 +7.2732639e-03 -6.6299653e-03 +1.4860486e-02 +3.0601025e+04
9.9599500e-01 +1.0000000e-02 +1.9198167e+00 +8.1567333e-03 +7.9898083e-03 +3.2401875e-01 +6.0675139e-03 +3.6282083e-02 +5.5586181e-03 -6.1668819e-03 +1.1989722e-02 +2.9581511e+04
9.9640100e-01 +1.0000000e-02 +1.7299417e+00 +6.7595500e-03 +8.3647500e-03 +2.6864792e-01 +4.3118333e-03 +3.2144583e-02 +4.1123681e-03 -5.6433264e-03 +9.4129861e-03 +2.8686170e+04
9.9680200e-01 +1.0000000e-02 +1.5412083e+00 +5.4557917e-03 +8.5020833e-03 +2.1789097e-01 +2.9359306e-03 +2.7888819e-02 +2.9274306e-03 -5.0322292e-03 +7.1485417e-03 +2.7929126e+04
9.9719800e-01 +1.0000000e-02 +1.3537750e+00 +4.2613083e-03 +8.4055000e-03 +1.7198194e-01 +1.8955764e-03 +2.3562431e-02 +1.9884028e-03 -4.3311250e-03 +5.2085833e-03 +2.7329689e+04
9.9758800e-01 +1.0000000e-02 +1.1677917e+00 +3.1903583e-03 +8.0751167e-03 +1.3112222e-01 +1.1435625e-03 +1.9230347e-02 +1.2731667e-03 -3.5601944e-03 +3.5986944e-03 +2.6916508e+04
9.9797300e-01 +1.0000000e-02 +9.8336667e-01 +2.2558583e-03 +7.5080750e-03 +9.5474306e-02 +6.3080486e-04 +1.4979236e-02 +7.5455556e-04 -2.7577500e-03 +2.3166667e-03 +2.6733395e+04
9.9835300e-01 +1.0000000e-02 +8.0061583e-01 +1.4696167e-03 +6.6995333e-03 +6.5175972e-02 +3.0766111e-04 +1.0922361e-02 +4.0198750e-04 -1.9738264e-03 +1.3512778e-03 +2.6848788e+04
9.9872800e-01 +1.0000000e-02 +6.1960917e-01 +8.4242500e-04 +5.6444417e-03 +4.0357292e-02 +1.2551389e-04 +7.2059722e-03 +1.8299236e-04 -1.2625208e-03 +6.8049792e-04 +2.7366481e+04
9.9909700e-01 +1.0000000e-02 +4.4039917e-01 +3.8412250e-04 +4.3397000e-03 +2.1180694e-02 +3.8762986e-05 +4.0156111e-03 +6.4487153e-05 -6.7475000e-04 +2.6931389e-04 +2.8440633e+04
9.9946200e-01 +1.0000000e-02 +2.6300917e-01 +1.0320167e-04 +2.7866167e-03 +7.8974306e-03 +7.4213194e-06 +1.5832639e-03 +1.3952708e-05 -2.5298958e-04 +6.7143194e-05 +3.0282195e+04
9.9982100e-01 +1.0000000e-02 +8.7440000e-02 +0.0000000e+00 +9.9585000e-04 +9.2486806e-04 +5.2354514e-07 +1.9599583e-04 +8.2336806e-07 -2.9464722e-05 +4.9854792e-06 +3.2906749e+04
1.0000000e+00 +1.0000000e-02 +0.0000000e+00 +0.0000000e+00 +0.0000000e+00 +0.0000000e+00 +0.0000000e+00 +0.0000000e+00 +0.0000000e+00 +0.0000000e+00 +0.0000000e+00 +3.2906597e+04
