#    y              z              <u>            <v>            <w>            <u'u'>         <v'v'>         <w'w'>         <u'v'>         <u'w'>         <v'w'>         <eps>         
#----------------------------------------------------------------------------------------------------------------------------------------------------------------------------------
0.0000000e+00 +8.0000000e-02 +0.0000000e+00 +0.0000000e+00 +0.0000000e+00 +0.0000000e+00 +0.0000000e+00 +0.0000000e+00 +0.0000000e+00 +0.0000000e+00 +0.0000000e+00 +2.4295556e+05
1.7900000e-04 +8.0000000e-02 +1.9822083e-01 +6.0243250e-05 +1.2384583e-02 +5.6521389e-03 +1.9983472e-06 +2.3965903e-03 -1.5615694e-05 +4.6414792e-05 -1.1020833e-06 +2.4295634e+05
5.3800000e-04 +8.0000000e-02 +5.9682500e-01 +2.2481167e-04 +3.6382417e-02 +5.0735903e-02 +2.7354722e-05 +1.9369583e-02 -2.3863819e-04 +4.6206736e-04 -1.4198681e-05 +2.3084592e+05
9.0300000e-04 +8.0000000e-02 +1.0000750e+00 +4.9464083e-04 +5.9598250e-02 +1.4153889e-01 +1.3851667e-04 +4.9205278e-02 -1.0653819e-03 +1.3894306e-03 -5.3817986e-05 +2.2143845e+05
1.2720000e-03 +8.0000000e-02 +1.4076750e+00 +8.6619167e-04 +8.1992250e-02 +2.7886319e-01 +4.3462917e-04 +8.8497917e-02 -2.9690903e-03 +2.9108958e-03 -1.2718125e-04 +2.1440269e+05
1.6470000e-03 +8.0000000e-02 +1.8190833e+00 +1.3352750e-03 +1.0353667e-01 +4.6292639e-01 +1.0317292e-03 +1.3449792e-01 -6.4444097e-03 +5.0865347e-03 -2.3409236e-04 +2.0864907e+05
2.0270000e-03 +8.0000000e-02 +2.2335500e+00 +1.8972333e-03 +1.2420750e-01 +6.9275278e-01 +2.0477917e-03 +1.8499931e-01 -1.1964861e-02 +7.9490972e-03 -3.6917500e-04 +2.0342241e+05
2.4120000e-03 +8.0000000e-02 +2.6500917e+00 +2.5469667e-03 +1.4398417e-01 +9.6574306e-01 +3.5933194e-03 +2.3825833e-01 -1.9939444e-02 +1.1499583e-02 -5.2419722e-04 +1.9831449e+05
2.8020000e-03 +8.0000000e-02 +3.0675333e+00 +3.2789167e-03 +1.6284917e-01 +1.2774931e+00 +5.7660000e-03 +2.9293125e-01 -3.0676250e-02 +1.5704722e-02 -6.9011250e-04 +1.9320779e+05
3.1980000e-03 +8.0000000e-02 +3.4845500e+00 +4.0871500e-03 +1.8078667e-01 +1.6219167e+00 +8.6482639e-03 +3.4801250e-01 -4.4358611e-02 +2.0496389e-02 -8.5860417e-04 +1.8819580e+05
3.5990000e-03 +8.0000000e-02 +3.8997083e+00 +4.9653333e-03 +1.9778083e-01 +1.9915625e+00 +1.2306875e-02 +4.0278056e-01 -6.1035833e-02 +2.5774236e-02 -1.0230903e-03 +1.8348818e+05
4.0050000e-03 +8.0000000e-02 +4.3115333e+00 +5.9067500e-03 +2.1381917e-01 +2.3781458e+00 +1.6793542e-02 +4.5674028e-01 -8.0627778e-02 +3.1411389e-02 -1.1791736e-03 +1.7931475e+05
4.4170000e-03 +8.0000000e-02 +4.7185667e+00 +6.9043083e-03 +2.2888667e-01 +2.7730833e+00 +2.2146458e-02 +5.0956806e-01 -1.0294167e-01 +3.7262083e-02 -1.3248056e-03 +1.7586100e+05
4.8350000e-03 +8.0000000e-02 +5.1194250e+00 +7.9505167e-03 +2.4296917e-01 +3.1680278e+00 +2.8391944e-02 +5.6106806e-01 -1.2769167e-01 +4.3170208e-02 -1.4600139e-03 +1.7322764e+05
5.2580000e-03 +8.0000000e-02 +5.5128167e+00 +9.0375000e-03 +2.5605333e-01 +3.5552917e+00 +3.5546181e-02 +6.1112708e-01 -1.5452986e-01 +4.8977986e-02 -1.5866111e-03 +1.7142576e+05
5.6870000e-03 +8.0000000e-02 +5.8976083e+00 +1.0156917e-02 +2.6812417e-01 +3.9281528e+00 +4.3616597e-02 +6.5968750e-01 -1.8306597e-01 +5.4533889e-02 -1.7076528e-03 +1.7038644e+05
6.1220000e-03 +8.0000000e-02 +6.2728000e+00 +1.1300000e-02 +2.7916833e-01 +4.2810278e+00 +5.2603472e-02 +7.0671528e-01 -2.1289792e-01 +5.9699306e-02 -1.8270278e-03 +1.6998253e+05
6.5630000e-03 +8.0000000e-02 +6.6375750e+00 +1.2457583e-02 +2.8917417e-01 +4.6095486e+00 +6.2500486e-02 +7.5218750e-01 -2.4362431e-01 +6.4353681e-02 -1.9490000e-03 +1.7005794e+05
7.0100000e-03 +8.0000000e-02 +6.9912833e+00 +1.3620083e-02 +2.9812917e-01 +4.9105347e+00 +7.3295833e-02 +7.9608333e-01 -2.7486597e-01 +6.8398264e-02 -2.0779653e-03 +1.7044574e+05
7.4630000e-03 +8.0000000e-02 +7.3334333e+00 +1.4777417e-02 +3.0602667e-01 +5.1819028e+00 +8.4973611e-02 +8.3836111e-01 -3.0627500e-01 +7.1757639e-02 -2.2182917e-03 +1.7098963e+05
7.9210000e-03 +8.0000000e-02 +7.6636750e+00 +1.5919250e-02 +3.1286000e-01 +5.4225417e+00 +9.7511111e-02 +8.7898611e-01 -3.3753889e-01 +7.4379861e-02 -2.3742778e-03 +1.7155418e+05
8.3870000e-03 +8.0000000e-02 +7.9818250e+00 +1.7035083e-02 +3.1862667e-01 +5.6321736e+00 +1.1088472e-01 +9.1790278e-01 -3.6838889e-01 +7.6233333e-02 -2.5502361e-03 +1.7202974e+05
8.8580000e-03 +8.0000000e-02 +8.2878000e+00 +1.8113833e-02 +3.2332917e-01 +5.8111944e+00 +1.2506458e-01 +9.5506944e-01 -3.9859583e-01 +7.7309028e-02 -2.7505903e-03 +1.7233359e+05
9.3360000e-03 +8.0000000e-02 +8.5815833e+00 +1.9144750e-02 +3.2697250e-01 +5.9605208e+00 +1.4001806e-01 +9.9043056e-01 -4.2797222e-01 +7.7612500e-02 -2.9799653e-03 +1.7240818e+05
9.8200000e-03 +8.0000000e-02 +8.8634167e+00 +2.0116667e-02 +3.2956833e-01 +6.0815000e+00 +1.5571042e-01 +1.0239514e+00 -4.5636875e-01 +7.7164583e-02 -3.2432431e-03 +1.7221638e+05
1.0311000e-02 +8.0000000e-02 +9.1334167e+00 +2.1018583e-02 +3.3113083e-01 +6.1757431e+00 +1.7210139e-01 +1.0555972e+00 -4.8366736e-01 +7.5997917e-02 -3.5456042e-03 +1.7173938e+05
1.0808000e-02 +8.0000000e-02 +9.3917500e+00 +2.1839667e-02 +3.3167833e-01 +6.2450833e+00 +1.8915000e-01 +1.0853472e+00 -5.0978194e-01 +7.4153472e-02 -3.8924722e-03 +1.7096927e+05
1.1312000e-02 +8.0000000e-02 +9.6389167e+00 +2.2569167e-02 +3.3123500e-01 +6.2914444e+00 +2.0681250e-01 +1.1132014e+00 -5.3465000e-01 +7.1680556e-02 -4.2893125e-03 +1.6991012e+05
1.1823000e-02 +8.0000000e-02 +9.8750833e+00 +2.3196583e-02 +3.2982750e-01 +6.3168333e+00 +2.2504236e-01 +1.1391667e+00 -5.5823194e-01 +6.8632569e-02 -4.7414444e-03 +1.6857211e+05
1.2341000e-02 +8.0000000e-02 +1.0100750e+01 +2.3711750e-02 +3.2748500e-01 +6.3232292e+00 +2.4379097e-01 +1.1632708e+00 -5.8050486e-01 +6.5066667e-02 -5.2537222e-03 +1.6697232e+05
1.2866000e-02 +8.0000000e-02 +1.0316167e+01 +2.4105000e-02 +3.2424083e-01 +6.3125903e+00 +2.6301042e-01 +1.1855486e+00 -6.0146111e-01 +6.1040139e-02 -5.8302361e-03 +1.6512851e+05
1.3397000e-02 +8.0000000e-02 +1.0521917e+01 +2.4366917e-02 +3.2013083e-01 +6.2868125e+00 +2.8264861e-01 +1.2060417e+00 -6.2110208e-01 +5.6609861e-02 -6.4741042e-03 +1.6306384e+05
1.3936000e-02 +8.0000000e-02 +1.0718333e+01 +2.4488833e-02 +3.1519333e-01 +6.2476875e+00 +3.0265486e-01 +1.2248125e+00 -6.3944167e-01 +5.1830486e-02 -7.1874306e-03 +1.6080169e+05
1.4482000e-02 +8.0000000e-02 +1.0905833e+01 +2.4462500e-02 +3.0946667e-01 +6.1969097e+00 +3.2297778e-01 +1.2419167e+00 -6.5650000e-01 +4.6754028e-02 -7.9713194e-03 +1.5836584e+05
1.5035000e-02 +8.0000000e-02 +1.1084833e+01 +2.4280417e-02 +3.0299417e-01 +6.1360625e+00 +3.4356667e-01 +1.2574375e+00 -6.7230278e-01 +4.1430000e-02 -8.8263194e-03 +1.5578011e+05
1.5596000e-02 +8.0000000e-02 +1.1255750e+01 +2.3935667e-02 +2.9581833e-01 +6.0666042e+00 +3.6437014e-01 +1.2714583e+00 -6.8688333e-01 +3.5906042e-02 -9.7527083e-03 +1.5306627e+05
1.6164000e-02 +8.0000000e-02 +1.1418917e+01 +2.3422250e-02 +2.8798417e-01 +5.9898750e+00 +3.8533819e-01 +1.2840694e+00 -7.0027778e-01 +3.0228542e-02 -1.0750903e-02 +1.5024662e+05
1.6739000e-02 +8.0000000e-02 +1.1574917e+01 +2.2735000e-02 +2.7953500e-01 +5.9070833e+00 +4.0642292e-01 +1.2953681e+00 -7.1252083e-01 +2.4442986e-02 -1.1821319e-02 +1.4734004e+05
1.7323000e-02 +8.0000000e-02 +1.1723917e+01 +2.1869583e-02 +2.7051833e-01 +5.8193472e+00 +4.2757500e-01 +1.3054653e+00 -7.2365972e-01 +1.8593750e-02 -1.2964722e-02 +1.4436683e+05
1.7914000e-02 +8.0000000e-02 +1.1866500e+01 +2.0822500e-02 +2.6097833e-01 +5.7276458e+00 +4.4874931e-01 +1.3144653e+00 -7.3373611e-01 +1.2723056e-02 -1.4181181e-02 +1.4134502e+05
1.8513000e-02 +8.0000000e-02 +1.2002917e+01 +1.9591417e-02 +2.5096167e-01 +5.6328750e+00 +4.6990000e-01 +1.3224583e+00 -7.4279167e-01 +6.8700764e-03 -1.5470278e-02 +1.3829206e+05
1.9119000e-02 +8.0000000e-02 +1.2133500e+01 +1.8174500e-02 +2.4051167e-01 +5.5358264e+00 +4.9098333e-01 +1.3295625e+00 -7.5086806e-01 +1.0702083e-03 -1.6830278e-02 +1.3522045e+05
1.9734000e-02 +8.0000000e-02 +1.2258583e+01 +1.6571167e-02 +2.2967500e-01 +5.4372292e+00 +5.1195694e-01 +1.3358750e+00 -7.5800694e-01 -4.6459861e-03 -1.8257847e-02 +1.3214135e+05
2.0357000e-02 +8.0000000e-02 +1.2378583e+01 +1.4781333e-02 +2.1849417e-01 +5.3376944e+00 +5.3278194e-01 +1.3414792e+00 -7.6425000e-01 -1.0253194e-02 -1.9747986e-02 +1.2906307e+05
2.0988000e-02 +8.0000000e-02 +1.2493667e+01 +1.2806167e-02 +2.0701250e-01 +5.2378056e+00 +5.5341806e-01 +1.3464583e+00 -7.6963194e-01 -1.5731389e-02 -2.1293542e-02 +1.2599186e+05
2.1627000e-02 +8.0000000e-02 +1.2604250e+01 +1.0647417e-02 +1.9527250e-01 +5.1380347e+00 +5.7383056e-01 +1.3508889e+00 -7.7419444e-01 -2.1066181e-02 -2.2885556e-02 +1.2293462e+05
2.2275000e-02 +8.0000000e-02 +1.2710583e+01 +8.3081333e-03 +1.8331500e-01 +5.0388056e+00 +5.9398264e-01 +1.3548125e+00 -7.7796528e-01 -2.6248472e-02 -2.4513472e-02 +1.1989901e+05
2.2932000e-02 +8.0000000e-02 +1.2812917e+01 +5.7919500e-03 +1.7118083e-01 +4.9404792e+00 +6.1384236e-01 +1.3582778e+00 -7.8097917e-01 -3.1274306e-02 -2.6166111e-02 +1.1689332e+05
2.3596000e-02 +8.0000000e-02 +1.2911417e+01 +3.1034083e-03 +1.5891083e-01 +4.8433472e+00 +6.3337778e-01 +1.3613056e+00 -7.8326389e-01 -3.6144167e-02 -2.7832917e-02 +1.1392512e+05
2.4270000e-02 +8.0000000e-02 +1.3006417e+01 +2.4762750e-04 +1.4654333e-01 +4.7476458e+00 +6.5255833e-01 +1.3639167e+00 -7.8485417e-01 -4.0862361e-02 -2.9505417e-02 +1.1100071e+05
2.4952000e-02 +8.0000000e-02 +1.3098167e+01 -2.7698333e-03 +1.3411833e-01 +4.6535833e+00 +6.7135694e-01 +1.3661181e+00 -7.8577083e-01 -4.5437986e-02 -3.1177292e-02 +1.0812764e+05
2.5644000e-02 +8.0000000e-02 +1.3186750e+01 -5.9431250e-03 +1.2167417e-01 +4.5613056e+00 +6.8974722e-01 +1.3679097e+00 -7.8604167e-01 -4.9886806e-02 -3.2844306e-02 +1.0531353e+05
2.6344000e-02 +8.0000000e-02 +1.3272500e+01 -9.2661667e-03 +1.0924917e-01 +4.4709306e+00 +7.0770833e-01 +1.3692986e+00 -7.8568750e-01 -5.4231944e-02 -3.4503889e-02 +1.0256391e+05
2.7054000e-02 +8.0000000e-02 +1.3355583e+01 -1.2732750e-02 +9.6880000e-02 +4.3825417e+00 +7.2521528e-01 +1.3702847e+00 -7.8473611e-01 -5.8502639e-02 -3.6154028e-02 +9.9887751e+04
2.7772000e-02 +8.0000000e-02 +1.3436167e+01 -1.6336333e-02 +8.4604167e-02 +4.2961944e+00 +7.4225694e-01 +1.3708819e+00 -7.8319444e-01 -6.2729375e-02 -3.7793750e-02 +9.7287801e+04
2.8500000e-02 +8.0000000e-02 +1.3514333e+01 -2.0070000e-02 +7.2455500e-02 +4.2119306e+00 +7.5882639e-01 +1.3711181e+00 -7.8110417e-01 -6.6938333e-02 -3.9422847e-02 +9.4766131e+04
2.9238000e-02 +8.0000000e-02 +1.3590333e+01 -2.3926250e-02 +6.0466917e-02 +4.1297569e+00 +7.7489583e-01 +1.3710278e+00 -7.7848611e-01 -7.1147222e-02 -4.1042083e-02 +9.2321303e+04
2.9985000e-02 +8.0000000e-02 +1.3664250e+01 -2.7897000e-02 +4.8667417e-02 +4.0497083e+00 +7.9047917e-01 +1.3706319e+00 -7.7537500e-01 -7.5365278e-02 -4.2652708e-02 +8.9949129e+04
3.0741000e-02 +8.0000000e-02 +1.3736333e+01 -3.1973250e-02 +3.7082583e-02 +3.9717847e+00 +8.0556250e-01 +1.3699583e+00 -7.7179167e-01 -7.9595139e-02 -4.4256667e-02 +8.7646072e+04
3.1508000e-02 +8.0000000e-02 +1.3806500e+01 -3.6145250e-02 +2.5734583e-02 +3.8960000e+00 +8.2014583e-01 +1.3690069e+00 -7.6777778e-01 -8.3838889e-02 -4.5855625e-02 +8.5410054e+04
3.2284000e-02 +8.0000000e-02 +1.3875083e+01 -4.0402500e-02 +1.4642417e-02 +3.8223611e+00 +8.3422222e-01 +1.3677569e+00 -7.6336806e-01 -8.8101389e-02 -4.7450764e-02 +8.3240338e+04
3.3070000e-02 +8.0000000e-02 +1.3942167e+01 -4.4734250e-02 +3.8230833e-03 +3.7508542e+00 +8.4779861e-01 +1.3661806e+00 -7.5859722e-01 -9.2386111e-02 -4.9043403e-02 +8.1139644e+04
3.3866000e-02 +8.0000000e-02 +1.4007667e+01 -4.9129583e-02 -6.7080833e-03 +3.6814722e+00 +8.6086806e-01 +1.3642569e+00 -7.5348611e-01 -9.6701389e-02 -5.0635278e-02 +7.9109342e+04
3.4673000e-02 +8.0000000e-02 +1.4071833e+01 -5.3577750e-02 -1.6937083e-02 +3.6142153e+00 +8.7344444e-01 +1.3619792e+00 -7.4807639e-01 -1.0105417e-01 -5.2229931e-02 +7.7148717e+04
3.5490000e-02 +8.0000000e-02 +1.4134667e+01 -5.8068500e-02 -2.6851417e-02 +3.5490764e+00 +8.8552083e-01 +1.3593472e+00 -7.4238194e-01 -1.0545764e-01 -5.3832569e-02 +7.5255612e+04
3.6317000e-02 +8.0000000e-02 +1.4196250e+01 -6.2592167e-02 -3.6439750e-02 +3.4860486e+00 +8.9710417e-01 +1.3563889e+00 -7.3641667e-01 -1.0992847e-01 -5.5448681e-02 +7.3425188e+04
3.7155000e-02 +8.0000000e-02 +1.4256667e+01 -6.7139583e-02 -4.5692750e-02 +3.4251319e+00 +9.0821528e-01 +1.3531250e+00 -7.3019444e-01 -1.1448611e-01 -5.7082431e-02 +7.1654621e+04
3.8003000e-02 +8.0000000e-02 +1.4315917e+01 -7.1701917e-02 -5.4602833e-02 +3.3662917e+00 +9.1886111e-01 +1.3496042e+00 -7.2372222e-01 -1.1915208e-01 -5.8734514e-02 +6.9943195e+04
3.8862000e-02 +8.0000000e-02 +1.4374167e+01 -7.6270833e-02 -6.3164417e-02 +3.3095139e+00 +9.2904861e-01 +1.3458333e+00 -7.1702083e-01 -1.2393889e-01 -6.0401458e-02 +6.8287956e+04
3.9732000e-02 +8.0000000e-02 +1.4431333e+01 -8.0838083e-02 -7.1374333e-02 +3.2547292e+00 +9.3879861e-01 +1.3418264e+00 -7.1008333e-01 -1.2885417e-01 -6.2076667e-02 +6.6690673e+04
4.0613000e-02 +8.0000000e-02 +1.4487500e+01 -8.5395833e-02 -7.9231917e-02 +3.2018958e+00 +9.4813194e-01 +1.3375694e+00 -7.0294444e-01 -1.3390208e-01 -6.3751806e-02 +6.5153711e+04
4.1505000e-02 +8.0000000e-02 +1.4542667e+01 -8.9935000e-02 -8.6740000e-02 +3.1509236e+00 +9.5705556e-01 +1.3330694e+00 -6.9559722e-01 -1.3908819e-01 -6.5418333e-02 +6.3678540e+04
4.2409000e-02 +8.0000000e-02 +1.4597000e+01 -9.4448333e-02 -9.3903333e-02 +3.1017847e+00 +9.6560417e-01 +1.3283194e+00 -6.8807222e-01 -1.4442014e-01 -6.7068333e-02 +6.2262936e+04
4.3324000e-02 +8.0000000e-02 +1.4650417e+01 -9.8925000e-02 -1.0073083e-01 +3.0544375e+00 +9.7377778e-01 +1.3233333e+00 -6.8037708e-01 -1.4990833e-01 -6.8694861e-02 +6.0901817e+04
4.4250000e-02 +8.0000000e-02 +1.4703000e+01 -1.0335750e-01 -1.0723333e-01 +3.0088889e+00 +9.8159722e-01 +1.3181389e+00 -6.7252917e-01 -1.5555972e-01 -7.0292361e-02 +5.9590037e+04
4.5188000e-02 +8.0000000e-02 +1.4754750e+01 -1.0773583e-01 -1.1342333e-01 +2.9651181e+00 +9.8908333e-01 +1.3127569e+00 -6.6454167e-01 -1.6138125e-01 -7.1854861e-02 +5.8325016e+04
4.6137000e-02 +8.0000000e-02 +1.4805750e+01 -1.1205000e-01 -1.1931083e-01 +2.9230833e+00 +9.9624306e-01 +1.3072222e+00 -6.5642500e-01 -1.6737778e-01 -7.3378472e-02 +5.7106474e+04
4.7099000e-02 +8.0000000e-02 +1.4856000e+01 -1.1629417e-01 -1.2490667e-01 +2.8827569e+00 +1.0030972e+00 +1.3015625e+00 -6.4818750e-01 -1.7355278e-01 -7.4857639e-02 +5.5935310e+04
4.8072000e-02 +8.0000000e-02 +1.4905500e+01 -1.2046000e-01 -1.3021583e-01 +2.8440694e+00 +1.0096667e+00 +1.2957986e+00 -6.3983681e-01 -1.7991181e-01 -7.6288194e-02 +5.4811996e+04
4.9057000e-02 +8.0000000e-02 +1.4954333e+01 -1.2454000e-01 -1.3524500e-01 +2.8069722e+00 +1.0159653e+00 +1.2899514e+00 -6.3137986e-01 -1.8645764e-01 -7.7670139e-02 +5.3735562e+04
5.0055000e-02 +8.0000000e-02 +1.5002417e+01 -1.2852833e-01 -1.3999750e-01 +2.7714236e+00 +1.0220208e+00 +1.2840556e+00 -6.2282222e-01 -1.9318750e-01 -7.9006944e-02 +5.2703994e+04
5.1065000e-02 +8.0000000e-02 +1.5049750e+01 -1.3241833e-01 -1.4447833e-01 +2.7373819e+00 +1.0278611e+00 +1.2781458e+00 -6.1417014e-01 -2.0009583e-01 -8.0302778e-02 +5.1713891e+04
5.2087000e-02 +8.0000000e-02 +1.5096500e+01 -1.3620167e-01 -1.4869000e-01 +2.7048125e+00 +1.0335069e+00 +1.2722569e+00 -6.0543194e-01 -2.0716806e-01 -8.1563889e-02 +5.0761423e+04
5.3122000e-02 +8.0000000e-02 +1.5142583e+01 -1.3987167e-01 -1.5263917e-01 +2.6737083e+00 +1.0389792e+00 +1.2664167e+00 -5.9661736e-01 -2.1438472e-01 -8.2792361e-02 +4.9843336e+04
5.4170000e-02 +8.0000000e-02 +1.5188000e+01 -1.4342083e-01 -1.5633083e-01 +2.6440417e+00 +1.0442917e+00 +1.2606389e+00 -5.8773889e-01 -2.2171875e-01 -8.3993750e-02 +4.8959637e+04
5.5231000e-02 +8.0000000e-02 +1.5232750e+01 -1.4684417e-01 -1.5977333e-01 +2.6157708e+00 +1.0494722e+00 +1.2549167e+00 -5.7880764e-01 -2.2914167e-01 -8.5171528e-02 +4.8113114e+04
5.6304000e-02 +8.0000000e-02 +1.5276917e+01 -1.5013500e-01 -1.6297667e-01 +2.5888264e+00 +1.0545278e+00 +1.2492500e+00 -5.6983264e-01 -2.3663333e-01 -8.6327778e-02 +4.7307459e+04
5.7391000e-02 +8.0000000e-02 +1.5320417e+01 -1.5328917e-01 -1.6595000e-01 +2.5631319e+00 +1.0594722e+00 +1.2436111e+00 -5.6082569e-01 -2.4418542e-01 -8.7465278e-02 +4.6544848e+04
5.8491000e-02 +8.0000000e-02 +1.5363333e+01 -1.5630167e-01 -1.6870000e-01 +2.5386528e+00 +1.0643194e+00 +1.2379861e+00 -5.5180000e-01 -2.5179931e-01 -8.8581250e-02 +4.5824027e+04
5.9604000e-02 +8.0000000e-02 +1.5405583e+01 -1.5916917e-01 -1.7123083e-01 +2.5154028e+00 +1.0690903e+00 +1.2323611e+00 -5.4277153e-01 -2.5947847e-01 -8.9673611e-02 +4.5140945e+04
6.0730000e-02 +8.0000000e-02 +1.5447250e+01 -1.6188500e-01 -1.7354250e-01 +2.4934028e+00 +1.0737986e+00 +1.2267153e+00 -5.3375556e-01 -2.6722708e-01 -9.0740972e-02 +4.4489567e+04
6.1870000e-02 +8.0000000e-02 +1.5488333e+01 -1.6444500e-01 -1.7563583e-01 +2.4727083e+00 +1.0784514e+00 +1.2210625e+00 -5.2476042e-01 -2.7504792e-01 -9.1779167e-02 +4.3864405e+04
6.3024000e-02 +8.0000000e-02 +1.5528833e+01 -1.6684250e-01 -1.7750833e-01 +2.4533333e+00 +1.0830764e+00 +1.2154097e+00 -5.1579306e-01 -2.8294653e-01 -9.2781250e-02 +4.3262084e+04
6.4192000e-02 +8.0000000e-02 +1.5568667e+01 -1.6907250e-01 -1.7916167e-01 +2.4352708e+00 +1.0876875e+00 +1.2097847e+00 -5.0685486e-01 -2.9093264e-01 -9.3736111e-02 +4.2682360e+04
6.5374000e-02 +8.0000000e-02 +1.5607917e+01 -1.7113083e-01 -1.8059417e-01 +2.4184514e+00 +1.0922847e+00 +1.2041806e+00 -4.9794861e-01 -2.9902361e-01 -9.4627778e-02 +4.2126798e+04
6.6570000e-02 +8.0000000e-02 +1.5646583e+01 -1.7301417e-01 -1.8180667e-01 +2.4028194e+00 +1.0968958e+00 +1.1986111e+00 -4.8908125e-01 -3.0724583e-01 -9.5436806e-02 +4.1596180e+04
6.7780000e-02 +8.0000000e-02 +1.5684583e+01 -1.7472083e-01 -1.8279750e-01 +2.3883125e+00 +1.1015139e+00 +1.1930764e+00 -4.8026181e-01 -3.1562847e-01 -9.6145139e-02 +4.1089822e+04
6.9004000e-02 +8.0000000e-02 +1.5722083e+01 -1.7625000e-01 -1.8356417e-01 +2.3748681e+00 +1.1061458e+00 +1.1875903e+00 -4.7150278e-01 -3.2418958e-01 -9.6742361e-02 +4.0606404e+04
7.0243000e-02 +8.0000000e-02 +1.5758917e+01 -1.7760167e-01 -1.8410750e-01 +2.3624722e+00 +1.1107986e+00 +1.1821667e+00 -4.6281667e-01 -3.3292778e-01 -9.7226389e-02 +4.0145014e+04
7.1496000e-02 +8.0000000e-02 +1.5795167e+01 -1.7877667e-01 -1.8443083e-01 +2.3511181e+00 +1.1154583e+00 +1.1768333e+00 -4.5420972e-01 -3.4182361e-01 -9.7606250e-02 +3.9705296e+04
7.2765000e-02 +8.0000000e-02 +1.5830917e+01 -1.7977417e-01 -1.8454250e-01 +2.3408264e+00 +1.1201389e+00 +1.1716250e+00 -4.4568611e-01 -3.5084444e-01 -9.7894444e-02 +3.9286236e+04
7.4048000e-02 +8.0000000e-02 +1.5866000e+01 -1.8059417e-01 -1.8445500e-01 +2.3316042e+00 +1.1248333e+00 +1.1665764e+00 -4.3725208e-01 -3.5994583e-01 -9.8106944e-02 +3.8887973e+04
7.5346000e-02 +8.0000000e-02 +1.5900500e+01 -1.8123500e-01 -1.8418417e-01 +2.3234444e+00 +1.1295417e+00 +1.1616944e+00 -4.2891875e-01 -3.6908125e-01 -9.8258333e-02 +3.8512685e+04
7.6659000e-02 +8.0000000e-02 +1.5934333e+01 -1.8169417e-01 -1.8374750e-01 +2.3163125e+00 +1.1342708e+00 +1.1570069e+00 -4.2069792e-01 -3.7820972e-01 -9.8360417e-02 +3.8162275e+04
7.7988000e-02 +8.0000000e-02 +1.5967667e+01 -1.8196917e-01 -1.8316667e-01 +2.3101458e+00 +1.1390208e+00 +1.1525069e+00 -4.1259653e-01 -3.8730000e-01 -9.8425000e-02 +3.7836454e+04
7.9332000e-02 +8.0000000e-02 +1.6000417e+01 -1.8206000e-01 -1.8246167e-01 +2.3048889e+00 +1.1438125e+00 +1.1482083e+00 -4.0461528e-01 -3.9633333e-01 -9.8456250e-02 +3.7534682e+04
8.0691000e-02 +8.0000000e-02 +1.6032583e+01 -1.8196500e-01 -1.8164417e-01 +2.3004861e+00 +1.1486528e+00 +1.1441042e+00 -3.9674931e-01 -4.0531250e-01 -9.8452778e-02 +3.7257027e+04
8.2066000e-02 +8.0000000e-02 +1.6064167e+01 -1.8168333e-01 -1.8072000e-01 +2.2969236e+00 +1.1535625e+00 +1.1402153e+00 -3.8899306e-01 -4.1425069e-01 -9.8410417e-02 +3.7001850e+04
8.3457000e-02 +8.0000000e-02 +1.6095167e+01 -1.8121417e-01 -1.7969083e-01 +2.2942153e+00 +1.1585556e+00 +1.1365347e+00 -3.8133958e-01 -4.2316597e-01 -9.8325000e-02 +3.6765653e+04
8.4864000e-02 +8.0000000e-02 +1.6125667e+01 -1.8055750e-01 -1.7855583e-01 +2.2924097e+00 +1.1636458e+00 +1.1330833e+00 -3.7378472e-01 -4.3207778e-01 -9.8192361e-02 +3.6546024e+04
8.6287000e-02 +8.0000000e-02 +1.6155500e+01 -1.7971250e-01 -1.7731667e-01 +2.2915556e+00 +1.1688403e+00 +1.1298611e+00 -3.6632708e-01 -4.4101181e-01 -9.8006944e-02 +3.6341037e+04
8.7726000e-02 +8.0000000e-02 +1.6184833e+01 -1.7868167e-01 -1.7597667e-01 +2.2916389e+00 +1.1741319e+00 +1.1268611e+00 -3.5896736e-01 -4.4998750e-01 -9.7765972e-02 +3.6149731e+04
8.9181000e-02 +8.0000000e-02 +1.6213583e+01 -1.7746750e-01 -1.7454000e-01 +2.2926389e+00 +1.1795139e+00 +1.1240764e+00 -3.5171042e-01 -4.5900833e-01 -9.7465972e-02 +3.5973314e+04
9.0653000e-02 +8.0000000e-02 +1.6241833e+01 -1.7607083e-01 -1.7301250e-01 +2.2944792e+00 +1.1849861e+00 +1.1214861e+00 -3.4457222e-01 -4.6805278e-01 -9.7104861e-02 +3.5813106e+04
9.2141000e-02 +8.0000000e-02 +1.6269500e+01 -1.7449500e-01 -1.7140250e-01 +2.2970972e+00 +1.1905417e+00 +1.1190556e+00 -3.3757083e-01 -4.7707569e-01 -9.6675000e-02 +3.5668242e+04
9.3646000e-02 +8.0000000e-02 +1.6296750e+01 -1.7274167e-01 -1.6972167e-01 +2.3004236e+00 +1.1961736e+00 +1.1167153e+00 -3.3072153e-01 -4.8601736e-01 -9.6161111e-02 +3.5537135e+04
9.5167000e-02 +8.0000000e-02 +1.6323500e+01 -1.7081250e-01 -1.6798500e-01 +2.3043472e+00 +1.2018819e+00 +1.1143958e+00 -3.2403056e-01 -4.9481736e-01 -9.5552778e-02 +3.5417611e+04
9.6706000e-02 +8.0000000e-02 +1.6349833e+01 -1.6871500e-01 -1.6620833e-01 +2.3087917e+00 +1.2076736e+00 +1.1120347e+00 -3.1749306e-01 -5.0344028e-01 -9.4854167e-02 +3.5305699e+04
9.8262000e-02 +8.0000000e-02 +1.6375667e+01 -1.6645750e-01 -1.6440333e-01 +2.3137153e+00 +1.2135347e+00 +1.1096458e+00 -3.1109653e-01 -5.1189444e-01 -9.4079167e-02 +3.5198732e+04
9.9834000e-02 +8.0000000e-02 +1.6401083e+01 -1.6405167e-01 -1.6258083e-01 +2.3191042e+00 +1.2194653e+00 +1.1072569e+00 -3.0481944e-01 -5.2022222e-01 -9.3241667e-02 +3.5096811e+04
1.0142400e-01 +8.0000000e-02 +1.6426083e+01 -1.6150917e-01 -1.6074667e-01 +2.3249931e+00 +1.2254375e+00 +1.1049028e+00 -2.9864583e-01 -5.2846042e-01 -9.2346528e-02 +3.5000522e+04
1.0303200e-01 +8.0000000e-02 +1.6450583e+01 -1.5884167e-01 -1.5890500e-01 +2.3313819e+00 +1.2314444e+00 +1.1026042e+00 -2.9256736e-01 -5.3661736e-01 -9.1383333e-02 +3.4910418e+04
1.0465700e-01 +8.0000000e-02 +1.6474750e+01 -1.5606167e-01 -1.5705250e-01 +2.3382222e+00 +1.2374792e+00 +1.1003542e+00 -2.8658403e-01 -5.4468889e-01 -9.0338889e-02 +3.4828934e+04
1.0629900e-01 +8.0000000e-02 +1.6498417e+01 -1.5317750e-01 -1.5518167e-01 +2.3454653e+00 +1.2435208e+00 +1.0981736e+00 -2.8069722e-01 -5.5268542e-01 -8.9209722e-02 +3.4758240e+04
1.0796000e-01 +8.0000000e-02 +1.6521667e+01 -1.5019833e-01 -1.5327583e-01 +2.3530903e+00 +1.2495625e+00 +1.0960903e+00 -2.7490972e-01 -5.6062083e-01 -8.8008333e-02 +3.4697138e+04
1.0963800e-01 +8.0000000e-02 +1.6544500e+01 -1.4712667e-01 -1.5132333e-01 +2.3610903e+00 +1.2556042e+00 +1.0941528e+00 -2.6923125e-01 -5.6847222e-01 -8.6767361e-02 +3.4643259e+04
1.1133400e-01 +8.0000000e-02 +1.6566917e+01 -1.4396167e-01 -1.4932083e-01 +2.3694583e+00 +1.2616389e+00 +1.0923889e+00 -2.6367569e-01 -5.7618264e-01 -8.5518056e-02 +3.4595497e+04
1.1304800e-01 +8.0000000e-02 +1.6588917e+01 -1.4070083e-01 -1.4728500e-01 +2.3781806e+00 +1.2676667e+00 +1.0908194e+00 -2.5825000e-01 -5.8369722e-01 -8.4281944e-02 +3.4555517e+04
1.1478100e-01 +8.0000000e-02 +1.6610583e+01 -1.3734500e-01 -1.4523750e-01 +2.3872639e+00 +1.2736875e+00 +1.0894514e+00 -2.5294236e-01 -5.9100833e-01 -8.3063889e-02 +3.4525297e+04
1.1653100e-01 +8.0000000e-02 +1.6631750e+01 -1.3389500e-01 -1.4319000e-01 +2.3967569e+00 +1.2796944e+00 +1.0882500e+00 -2.4772569e-01 -5.9816250e-01 -8.1864583e-02 +3.4504025e+04
1.1830100e-01 +8.0000000e-02 +1.6652667e+01 -1.3035417e-01 -1.4113750e-01 +2.4067361e+00 +1.2857083e+00 +1.0872014e+00 -2.4256528e-01 -6.0522222e-01 -8.0685417e-02 +3.4487493e+04
1.2008800e-01 +8.0000000e-02 +1.6673083e+01 -1.2672250e-01 -1.3907083e-01 +2.4172014e+00 +1.2917153e+00 +1.0862708e+00 -2.3743750e-01 -6.1222083e-01 -7.9528472e-02 +3.4473532e+04
1.2189500e-01 +8.0000000e-02 +1.6693167e+01 -1.2299667e-01 -1.3698667e-01 +2.4280764e+00 +1.2977431e+00 +1.0854306e+00 -2.3233333e-01 -6.1914306e-01 -7.8383333e-02 +3.4463776e+04
1.2372000e-01 +8.0000000e-02 +1.6712917e+01 -1.1917250e-01 -1.3489750e-01 +2.4392292e+00 +1.3037917e+00 +1.0846528e+00 -2.2725694e-01 -6.2594167e-01 -7.7225000e-02 +3.4458517e+04
1.2556400e-01 +8.0000000e-02 +1.6732250e+01 -1.1524667e-01 -1.3281833e-01 +2.4505278e+00 +1.3098681e+00 +1.0838889e+00 -2.2222153e-01 -6.3257500e-01 -7.6022917e-02 +3.4457014e+04
1.2742700e-01 +8.0000000e-02 +1.6751333e+01 -1.1121833e-01 -1.3075833e-01 +2.4618958e+00 +1.3159583e+00 +1.0830764e+00 -2.1724167e-01 -6.3901458e-01 -7.4751389e-02 +3.4459420e+04
1.2930900e-01 +8.0000000e-02 +1.6770083e+01 -1.0708750e-01 -1.2871500e-01 +2.4732847e+00 +1.3220556e+00 +1.0822083e+00 -2.1232639e-01 -6.4523333e-01 -7.3393750e-02 +3.4466147e+04
1.3121000e-01 +8.0000000e-02 +1.6788500e+01 -1.0285583e-01 -1.2668333e-01 +2.4846736e+00 +1.3281528e+00 +1.0813264e+00 -2.0748194e-01 -6.5123889e-01 -7.1938889e-02 +3.4476577e+04
1.3313000e-01 +8.0000000e-02 +1.6806750e+01 -9.8527500e-02 -1.2465500e-01 +2.4960694e+00 +1.3342431e+00 +1.0805000e+00 -2.0271736e-01 -6.5708333e-01 -7.0379167e-02 +3.4487058e+04
1.3507000e-01 +8.0000000e-02 +1.6824750e+01 -9.4107500e-02 -1.2262417e-01 +2.5074583e+00 +1.3403125e+00 +1.0797917e+00 -1.9805347e-01 -6.6281875e-01 -6.8720278e-02 +3.4493718e+04
1.3702900e-01 +8.0000000e-02 +1.6842417e+01 -8.9602500e-02 -1.2058917e-01 +2.5187639e+00 +1.3463611e+00 +1.0791736e+00 -1.9350486e-01 -6.6846111e-01 -6.6987222e-02 +3.4500129e+04
1.3900700e-01 +8.0000000e-02 +1.6859750e+01 -8.5018333e-02 -1.1856083e-01 +2.5299236e+00 +1.3523681e+00 +1.0785833e+00 -1.8907917e-01 -6.7399375e-01 -6.5213472e-02 +3.4510426e+04
1.4100500e-01 +8.0000000e-02 +1.6876833e+01 -8.0359667e-02 -1.1654833e-01 +2.5409167e+00 +1.3583403e+00 +1.0780417e+00 -1.8477569e-01 -6.7940417e-01 -6.3424514e-02 +3.4520891e+04
1.4302300e-01 +8.0000000e-02 +1.6893583e+01 -7.5632167e-02 -1.1455750e-01 +2.5517917e+00 +1.3642708e+00 +1.0775417e+00 -1.8057014e-01 -6.8470625e-01 -6.1629167e-02 +3.4528381e+04
1.4506100e-01 +8.0000000e-02 +1.6910000e+01 -7.0840000e-02 -1.1259583e-01 +2.5625347e+00 +1.3701458e+00 +1.0770903e+00 -1.7641875e-01 -6.8991806e-01 -5.9826042e-02 +3.4535359e+04
1.4711800e-01 +8.0000000e-02 +1.6926000e+01 -6.5985250e-02 -1.1068417e-01 +2.5730903e+00 +1.3759722e+00 +1.0766528e+00 -1.7229375e-01 -6.9502778e-01 -5.8013819e-02 +3.4546527e+04
1.4919600e-01 +8.0000000e-02 +1.6941750e+01 -6.1070167e-02 -1.0884167e-01 +2.5834514e+00 +1.3817222e+00 +1.0762014e+00 -1.6819583e-01 -7.0000694e-01 -5.6206458e-02 +3.4565777e+04
1.5129300e-01 +8.0000000e-02 +1.6957167e+01 -5.6099250e-02 -1.0708167e-01 +2.5936667e+00 +1.3873819e+00 +1.0757292e+00 -1.6413194e-01 -7.0479861e-01 -5.4435347e-02 +3.4593048e+04
1.5341000e-01 +8.0000000e-02 +1.6972250e+01 -5.1078250e-02 -1.0541333e-01 +2.6038264e+00 +1.3929306e+00 +1.0752431e+00 -1.6010556e-01 -7.0936806e-01 -5.2718750e-02 +3.4627065e+04
1.5554800e-01 +8.0000000e-02 +1.6987000e+01 -4.6012833e-02 -1.0384667e-01 +2.6138889e+00 +1.3983611e+00 +1.0747153e+00 -1.5613333e-01 -7.1373611e-01 -5.1042639e-02 +3.4668256e+04
1.5770600e-01 +8.0000000e-02 +1.7001500e+01 -4.0910250e-02 -1.0238083e-01 +2.6237431e+00 +1.4036944e+00 +1.0742292e+00 -1.5223750e-01 -7.1796528e-01 -4.9377917e-02 +3.4713009e+04
1.5988400e-01 +8.0000000e-02 +1.7015750e+01 -3.5781833e-02 -1.0099417e-01 +2.6333403e+00 +1.4089514e+00 +1.0739514e+00 -1.4840972e-01 -7.2206944e-01 -4.7699722e-02 +3.4751318e+04
1.6208200e-01 +8.0000000e-02 +1.7029750e+01 -3.0645000e-02 -9.9656667e-02 +2.6427917e+00 +1.4141875e+00 +1.0739722e+00 -1.4461597e-01 -7.2600000e-01 -4.5991250e-02 +3.4778238e+04
1.6430000e-01 +8.0000000e-02 +1.7043500e+01 -2.5519417e-02 -9.8352500e-02 +2.6522639e+00 +1.4193819e+00 +1.0742083e+00 -1.4081250e-01 -7.2975000e-01 -4.4244514e-02 +3.4799551e+04
1.6654000e-01 +8.0000000e-02 +1.7057083e+01 -2.0426083e-02 -9.7080833e-02 +2.6619028e+00 +1.4245139e+00 +1.0745556e+00 -1.3695069e-01 -7.3340278e-01 -4.2464722e-02 +3.4823134e+04
1.6879900e-01 +8.0000000e-02 +1.7070333e+01 -1.5383583e-02 -9.5841667e-02 +2.6717708e+00 +1.4295486e+00 +1.0749722e+00 -1.3298681e-01 -7.3712500e-01 -4.0672569e-02 +3.4850569e+04
1.7107900e-01 +8.0000000e-02 +1.7083333e+01 -1.0399083e-02 -9.4627500e-02 +2.6819931e+00 +1.4344722e+00 +1.0754306e+00 -1.2890139e-01 -7.4102083e-01 -3.8896736e-02 +3.4875757e+04
1.7338000e-01 +8.0000000e-02 +1.7096000e+01 -5.4656250e-03 -9.3445000e-02 +2.6926875e+00 +1.4392917e+00 +1.0759097e+00 -1.2470972e-01 -7.4508333e-01 -3.7145139e-02 +3.4892679e+04
1.7570100e-01 +8.0000000e-02 +1.7108333e+01 -5.7185750e-04 -9.2316667e-02 +2.7036944e+00 +1.4440069e+00 +1.0763889e+00 -1.2044792e-01 -7.4918750e-01 -3.5379722e-02 +3.4903609e+04
1.7804300e-01 +8.0000000e-02 +1.7120417e+01 +4.2874083e-03 -9.1275833e-02 +2.7145556e+00 +1.4486111e+00 +1.0768750e+00 -1.1615903e-01 -7.5311806e-01 -3.3537431e-02 +3.4917465e+04
1.8040600e-01 +8.0000000e-02 +1.7132083e+01 +9.1063333e-03 -9.0346667e-02 +2.7247639e+00 +1.4531042e+00 +1.0773889e+00 -1.1186528e-01 -7.5672222e-01 -3.1577014e-02 +3.4938293e+04
1.8278900e-01 +8.0000000e-02 +1.7143417e+01 +1.3873833e-02 -8.9530833e-02 +2.7341597e+00 +1.4575139e+00 +1.0779375e+00 -1.0757986e-01 -7.5987500e-01 -2.9495278e-02 +3.4968227e+04
1.8519300e-01 +8.0000000e-02 +1.7154250e+01 +1.8578833e-02 -8.8797500e-02 +2.7428611e+00 +1.4618681e+00 +1.0785069e+00 -1.0330556e-01 -7.6252778e-01 -2.7306875e-02 +3.5003932e+04
1.8761700e-01 +8.0000000e-02 +1.7164583e+01 +2.3214917e-02 -8.8090000e-02 +2.7510972e+00 +1.4662222e+00 +1.0790347e+00 -9.8993750e-02 -7.6470833e-01 -2.5033611e-02 +3.5036513e+04
1.9006300e-01 +8.0000000e-02 +1.7174500e+01 +2.7788000e-02 -8.7356667e-02 +2.7590000e+00 +1.4706042e+00 +1.0794444e+00 -9.4560417e-02 -7.6646528e-01 -2.2711389e-02 +3.5063044e+04
1.9252900e-01 +8.0000000e-02 +1.7183917e+01 +3.2310083e-02 -8.6562500e-02 +2.7666111e+00 +1.4750069e+00 +1.0797222e+00 -8.9976389e-02 -7.6787500e-01 -2.0372153e-02 +3.5082886e+04
1.9501600e-01 +8.0000000e-02 +1.7192917e+01 +3.6781333e-02 -8.5703333e-02 +2.7739931e+00 +1.4794097e+00 +1.0798194e+00 -8.5279167e-02 -7.6895139e-01 -1.8034375e-02 +3.5096288e+04
1.9752400e-01 +8.0000000e-02 +1.7201583e+01 +4.1187917e-02 -8.4776667e-02 +2.7812222e+00 +1.4837569e+00 +1.0796042e+00 -8.0512500e-02 -7.6968750e-01 -1.5734097e-02 +3.5109915e+04
2.0005300e-01 +8.0000000e-02 +1.7209833e+01 +4.5522250e-02 -8.3775000e-02 +2.7882500e+00 +1.4880208e+00 +1.0789861e+00 -7.5683333e-02 -7.7013889e-01 -1.3495278e-02 +3.5131995e+04
2.0260200e-01 +8.0000000e-02 +1.7217667e+01 +4.9788417e-02 -8.2688000e-02 +2.7951389e+00 +1.4922083e+00 +1.0780417e+00 -7.0794444e-02 -7.7041667e-01 -1.1298958e-02 +3.5155079e+04
2.0517200e-01 +8.0000000e-02 +1.7225167e+01 +5.3996250e-02 -8.1510417e-02 +2.8020000e+00 +1.4963472e+00 +1.0769375e+00 -6.5862847e-02 -7.7061806e-01 -9.0865278e-03 +3.5169527e+04
2.0776300e-01 +8.0000000e-02 +1.7232167e+01 +5.8164083e-02 -8.0256250e-02 +2.8087847e+00 +1.5004444e+00 +1.0756944e+00 -6.0895347e-02 -7.7078472e-01 -6.8055556e-03 +3.5179806e+04
2.1037500e-01 +8.0000000e-02 +1.7238583e+01 +6.2309417e-02 -7.8948917e-02 +2.8155208e+00 +1.5044722e+00 +1.0743958e+00 -5.5870903e-02 -7.7093056e-01 -4.4693542e-03 +3.5191707e+04
2.1300800e-01 +8.0000000e-02 +1.7244500e+01 +6.6443833e-02 -7.7590083e-02 +2.8221944e+00 +1.5084514e+00 +1.0733056e+00 -5.0748681e-02 -7.7103472e-01 -2.1100417e-03 +3.5210942e+04
2.1566100e-01 +8.0000000e-02 +1.7250000e+01 +7.0573083e-02 -7.6140417e-02 +2.8287986e+00 +1.5123819e+00 +1.0727014e+00 -4.5517083e-02 -7.7122222e-01 +2.8169653e-04 +3.5236986e+04
2.1833500e-01 +8.0000000e-02 +1.7254917e+01 +7.4689833e-02 -7.4570083e-02 +2.8355069e+00 +1.5162917e+00 +1.0726667e+00 -4.0185347e-02 -7.7172917e-01 +2.6742222e-03 +3.5262936e+04
2.2102900e-01 +8.0000000e-02 +1.7259250e+01 +7.8771167e-02 -7.2892000e-02 +2.8424722e+00 +1.5201389e+00 +1.0730278e+00 -3.4751250e-02 -7.7268750e-01 +4.9806111e-03 +3.5288032e+04
2.2374400e-01 +8.0000000e-02 +1.7263083e+01 +8.2800417e-02 -7.1151417e-02 +2.8497083e+00 +1.5239236e+00 +1.0735278e+00 -2.9237014e-02 -7.7401389e-01 +7.1834722e-03 +3.5317051e+04
2.2648000e-01 +8.0000000e-02 +1.7266500e+01 +8.6764167e-02 -6.9389500e-02 +2.8571181e+00 +1.5276667e+00 +1.0741250e+00 -2.3680278e-02 -7.7548611e-01 +9.3325000e-03 +3.5348688e+04
2.2923600e-01 +8.0000000e-02 +1.7269417e+01 +9.0646667e-02 -6.7636083e-02 +2.8647014e+00 +1.5314097e+00 +1.0749028e+00 -1.8081597e-02 -7.7696528e-01 +1.1399792e-02 +3.5378927e+04
2.3201300e-01 +8.0000000e-02 +1.7271750e+01 +9.4436667e-02 -6.5929167e-02 +2.8724375e+00 +1.5351944e+00 +1.0758750e+00 -1.2431736e-02 -7.7852778e-01 +1.3277986e-02 +3.5406421e+04
2.3481000e-01 +8.0000000e-02 +1.7273500e+01 +9.8150000e-02 -6.4304583e-02 +2.8802847e+00 +1.5390000e+00 +1.0769792e+00 -6.7530208e-03 -7.8025694e-01 +1.4942917e-02 +3.5430563e+04
2.3762700e-01 +8.0000000e-02 +1.7274833e+01 +1.0181750e-01 -6.2760500e-02 +2.8881806e+00 +1.5427986e+00 +1.0781667e+00 -1.0617014e-03 -7.8212500e-01 +1.6510000e-02 +3.5448916e+04
2.4046400e-01 +8.0000000e-02 +1.7275667e+01 +1.0547167e-01 -6.1241917e-02 +2.8961528e+00 +1.5465903e+00 +1.0793611e+00 +4.6442361e-03 -7.8403472e-01 +1.8138056e-02 +3.5469145e+04
2.4332200e-01 +8.0000000e-02 +1.7275917e+01 +1.0913833e-01 -5.9648333e-02 +2.9044028e+00 +1.5503889e+00 +1.0804792e+00 +1.0325000e-02 -7.8588889e-01 +1.9926875e-02 +3.5492225e+04
2.4620000e-01 +8.0000000e-02 +1.7275500e+01 +1.1281750e-01 -5.7911583e-02 +2.9132083e+00 +1.5542014e+00 +1.0815278e+00 +1.5963889e-02 -7.8776389e-01 +2.1880208e-02 +3.5521964e+04
2.4909800e-01 +8.0000000e-02 +1.7274333e+01 +1.1648417e-01 -5.6025500e-02 +2.9229514e+00 +1.5580208e+00 +1.0826111e+00 +2.1575556e-02 -7.8989583e-01 +2.3926389e-02 +3.5555496e+04
2.5201500e-01 +8.0000000e-02 +1.7272333e+01 +1.2011167e-01 -5.3995833e-02 +2.9337569e+00 +1.5619028e+00 +1.0838958e+00 +2.7188958e-02 -7.9232639e-01 +2.6007431e-02 +3.5585392e+04
2.5495300e-01 +8.0000000e-02 +1.7269500e+01 +1.2369583e-01 -5.1847417e-02 +2.9454167e+00 +1.5658542e+00 +1.0854861e+00 +3.2860347e-02 -7.9496528e-01 +2.8067361e-02 +3.5609310e+04
2.5791000e-01 +8.0000000e-02 +1.7265917e+01 +1.2722000e-01 -4.9619417e-02 +2.9573750e+00 +1.5698611e+00 +1.0873750e+00 +3.8580903e-02 -7.9779861e-01 +3.0030069e-02 +3.5627724e+04
2.6088700e-01 +8.0000000e-02 +1.7261833e+01 +1.3065333e-01 -4.7366250e-02 +2.9689583e+00 +1.5739236e+00 +1.0894653e+00 +4.4259306e-02 -8.0062500e-01 +3.1877500e-02 +3.5642691e+04
2.6388300e-01 +8.0000000e-02 +1.7257083e+01 +1.3398833e-01 -4.5111417e-02 +2.9797500e+00 +1.5780625e+00 +1.0916181e+00 +4.9833056e-02 -8.0317361e-01 +3.3650000e-02 +3.5665350e+04
2.6689900e-01 +8.0000000e-02 +1.7251750e+01 +1.3724167e-01 -4.2841083e-02 +2.9896597e+00 +1.5822708e+00 +1.0936875e+00 +5.5301111e-02 -8.0534722e-01 +3.5395764e-02 +3.5704206e+04
2.6993400e-01 +8.0000000e-02 +1.7245750e+01 +1.4041500e-01 -4.0540083e-02 +2.9989236e+00 +1.5865069e+00 +1.0955000e+00 +6.0725069e-02 -8.0710417e-01 +3.7084514e-02 +3.5751786e+04
2.7298800e-01 +8.0000000e-02 +1.7238917e+01 +1.4348833e-01 -3.8166417e-02 +3.0076736e+00 +1.5907222e+00 +1.0970347e+00 +6.6229236e-02 -8.0845139e-01 +3.8647986e-02 +3.5801748e+04
2.7606100e-01 +8.0000000e-02 +1.7231417e+01 +1.4645083e-01 -3.5662833e-02 +3.0158333e+00 +1.5948681e+00 +1.0985833e+00 +7.1882639e-02 -8.0945139e-01 +4.0105417e-02 +3.5855624e+04
2.7915300e-01 +8.0000000e-02 +1.7223167e+01 +1.4929500e-01 -3.2994000e-02 +3.0233333e+00 +1.5989306e+00 +1.1005000e+00 +7.7620833e-02 -8.1035417e-01 +4.1524306e-02 +3.5910699e+04
2.8226400e-01 +8.0000000e-02 +1.7214167e+01 +1.5201250e-01 -3.0162750e-02 +3.0305694e+00 +1.6029444e+00 +1.1027917e+00 +8.3352778e-02 -8.1128472e-01 +4.2896181e-02 +3.5975869e+04
2.8539300e-01 +8.0000000e-02 +1.7204167e+01 +1.5459250e-01 -2.7187667e-02 +3.0380972e+00 +1.6069236e+00 +1.1051111e+00 +8.9037500e-02 -8.1224306e-01 +4.4162431e-02 +3.6057317e+04
2.8854100e-01 +8.0000000e-02 +1.7193333e+01 +1.5701083e-01 -2.4050250e-02 +3.0461319e+00 +1.6109583e+00 +1.1070903e+00 +9.4644444e-02 -8.1323611e-01 +4.5281806e-02 +3.6142277e+04
2.9170600e-01 +8.0000000e-02 +1.7181833e+01 +1.5925417e-01 -2.0790333e-02 +3.0544653e+00 +1.6150833e+00 +1.1086389e+00 +1.0014861e-01 -8.1411111e-01 +4.6197847e-02 +3.6227892e+04
2.9489000e-01 +8.0000000e-02 +1.7169917e+01 +1.6131333e-01 -1.7546833e-02 +3.0630208e+00 +1.6192500e+00 +1.1099444e+00 +1.0558542e-01 -8.1490278e-01 +4.6908125e-02 +3.6312250e+04
2.9809200e-01 +8.0000000e-02 +1.7157417e+01 +1.6318667e-01 -1.4398417e-02 +3.0718403e+00 +1.6233750e+00 +1.1111667e+00 +1.1099792e-01 -8.1568056e-01 +4.7552222e-02 +3.6396031e+04
3.0131100e-01 +8.0000000e-02 +1.7144500e+01 +1.6490750e-01 -1.1293583e-02 +3.0810139e+00 +1.6274306e+00 +1.1121042e+00 +1.1638958e-01 -8.1646528e-01 +4.8274375e-02 +3.6484164e+04
3.0454800e-01 +8.0000000e-02 +1.7131083e+01 +1.6652000e-01 -8.1577833e-03 +3.0906667e+00 +1.6314444e+00 +1.1127222e+00 +1.2176458e-01 -8.1717361e-01 +4.9066111e-02 +3.6570106e+04
3.0780200e-01 +8.0000000e-02 +1.7117083e+01 +1.6804750e-01 -4.9250917e-03 +3.1004653e+00 +1.6354931e+00 +1.1132431e+00 +1.2717847e-01 -8.1776389e-01 +4.9732361e-02 +3.6642831e+04
3.1107400e-01 +8.0000000e-02 +1.7102583e+01 +1.6950833e-01 -1.5148333e-03 +3.1101736e+00 +1.6396111e+00 +1.1137917e+00 +1.3272153e-01 -8.1863194e-01 +5.0053403e-02 +3.6709200e+04
3.1436200e-01 +8.0000000e-02 +1.7087583e+01 +1.7091667e-01 +2.0933000e-03 +3.1200278e+00 +1.6437014e+00 +1.1144236e+00 +1.3843056e-01 -8.1996528e-01 +4.9981667e-02 +3.6767048e+04
3.1766700e-01 +8.0000000e-02 +1.7072167e+01 +1.7222833e-01 +5.8565500e-03 +3.1296806e+00 +1.6476042e+00 +1.1152361e+00 +1.4423472e-01 -8.2140972e-01 +4.9644236e-02 +3.6816533e+04
3.2098800e-01 +8.0000000e-02 +1.7056333e+01 +1.7337167e-01 +9.7409167e-03 +3.1389514e+00 +1.6511597e+00 +1.1164653e+00 +1.4994931e-01 -8.2277083e-01 +4.9170208e-02 +3.6883398e+04
3.2432600e-01 +8.0000000e-02 +1.7039917e+01 +1.7430833e-01 +1.3762667e-02 +3.1480347e+00 +1.6542361e+00 +1.1183403e+00 +1.5544583e-01 -8.2426389e-01 +4.8621944e-02 +3.6981464e+04
3.2768000e-01 +8.0000000e-02 +1.7023083e+01 +1.7501250e-01 +1.7911917e-02 +3.1566458e+00 +1.6568472e+00 +1.1207917e+00 +1.6069792e-01 -8.2597917e-01 +4.7998194e-02 +3.7102675e+04
3.3104900e-01 +8.0000000e-02 +1.7005833e+01 +1.7547250e-01 +2.2176083e-02 +3.1648125e+00 +1.6590903e+00 +1.1233125e+00 +1.6572847e-01 -8.2788194e-01 +4.7297778e-02 +3.7221649e+04
3.3443500e-01 +8.0000000e-02 +1.6988250e+01 +1.7571333e-01 +2.6536250e-02 +3.1731875e+00 +1.6611319e+00 +1.1252222e+00 +1.7066111e-01 -8.3006250e-01 +4.6604931e-02 +3.7317266e+04
3.3783500e-01 +8.0000000e-02 +1.6970583e+01 +1.7574500e-01 +3.0927917e-02 +3.1821944e+00 +1.6631250e+00 +1.1264167e+00 +1.7555556e-01 -8.3246528e-01 +4.5970139e-02 +3.7380793e+04
3.4125100e-01 +8.0000000e-02 +1.6952583e+01 +1.7555500e-01 +3.5356750e-02 +3.1918472e+00 +1.6652431e+00 +1.1272014e+00 +1.8032153e-01 -8.3501389e-01 +4.5469792e-02 +3.7427364e+04
3.4468100e-01 +8.0000000e-02 +1.6934250e+01 +1.7514167e-01 +3.9871583e-02 +3.2020278e+00 +1.6676111e+00 +1.1280417e+00 +1.8478750e-01 -8.3765972e-01 +4.5166042e-02 +3.7484262e+04
3.4812600e-01 +8.0000000e-02 +1.6915583e+01 +1.7450083e-01 +4.4413417e-02 +3.2126250e+00 +1.6703750e+00 +1.1292847e+00 +1.8878611e-01 -8.4038889e-01 +4.5050417e-02 +3.7540341e+04
3.5158500e-01 +8.0000000e-02 +1.6896500e+01 +1.7362917e-01 +4.8837750e-02 +3.2235486e+00 +1.6735486e+00 +1.1307153e+00 +1.9235278e-01 -8.4321528e-01 +4.5109375e-02 +3.7588710e+04
3.5505900e-01 +8.0000000e-02 +1.6877000e+01 +1.7250750e-01 +5.2994750e-02 +3.2342986e+00 +1.6769931e+00 +1.1321667e+00 +1.9571736e-01 -8.4609028e-01 +4.5289792e-02 +3.7641926e+04
3.5854600e-01 +8.0000000e-02 +1.6857417e+01 +1.7111250e-01 +5.6913500e-02 +3.2445208e+00 +1.6805903e+00 +1.1338681e+00 +1.9909028e-01 -8.4859722e-01 +4.5485069e-02 +3.7712854e+04
3.6204600e-01 +8.0000000e-02 +1.6837667e+01 +1.6944583e-01 +6.0729167e-02 +3.2543333e+00 +1.6843125e+00 +1.1358403e+00 +2.0238681e-01 -8.5083333e-01 +4.5531806e-02 +3.7781499e+04
3.6556000e-01 +8.0000000e-02 +1.6817667e+01 +1.6754667e-01 +6.4453667e-02 +3.2635625e+00 +1.6881667e+00 +1.1374375e+00 +2.0538819e-01 -8.5279861e-01 +4.5402917e-02 +3.7851026e+04
3.6908700e-01 +8.0000000e-02 +1.6797500e+01 +1.6545000e-01 +6.8090917e-02 +3.2716597e+00 +1.6921111e+00 +1.1384583e+00 +2.0798333e-01 -8.5422222e-01 +4.5193958e-02 +3.7936908e+04
3.7262600e-01 +8.0000000e-02 +1.6777333e+01 +1.6315333e-01 +7.1683250e-02 +3.2785278e+00 +1.6960764e+00 +1.1393056e+00 +2.1011181e-01 -8.5499306e-01 +4.4895556e-02 +3.8028653e+04
3.7617800e-01 +8.0000000e-02 +1.6757167e+01 +1.6062167e-01 +7.5249000e-02 +3.2837847e+00 +1.7000625e+00 +1.1400000e+00 +2.1166667e-01 -8.5516667e-01 +4.4545000e-02 +3.8115238e+04
3.7974200e-01 +8.0000000e-02 +1.6736917e+01 +1.5783250e-01 +7.8800417e-02 +3.2879792e+00 +1.7041806e+00 +1.1405833e+00 +2.1261458e-01 -8.5495139e-01 +4.4263889e-02 +3.8185062e+04
3.8331700e-01 +8.0000000e-02 +1.6716500e+01 +1.5479833e-01 +8.2393333e-02 +3.2918194e+00 +1.7085000e+00 +1.1407847e+00 +2.1306806e-01 -8.5417361e-01 +4.3985833e-02 +3.8239113e+04
3.8690400e-01 +8.0000000e-02 +1.6696000e+01 +1.5150833e-01 +8.6065833e-02 +3.2952708e+00 +1.7129583e+00 +1.1407708e+00 +2.1317917e-01 -8.5320139e-01 +4.3618889e-02 +3.8293303e+04
3.9050200e-01 +8.0000000e-02 +1.6675167e+01 +1.4795000e-01 +8.9867500e-02 +3.2989167e+00 +1.7174375e+00 +1.1411319e+00 +2.1305486e-01 -8.5281944e-01 +4.3019861e-02 +3.8354170e+04
3.9411100e-01 +8.0000000e-02 +1.6654167e+01 +1.4415917e-01 +9.3854167e-02 +3.3029583e+00 +1.7217708e+00 +1.1419722e+00 +2.1265486e-01 -8.5335417e-01 +4.2025069e-02 +3.8423844e+04
3.9773000e-01 +8.0000000e-02 +1.6633000e+01 +1.4016333e-01 +9.8025833e-02 +3.3071111e+00 +1.7259097e+00 +1.1427500e+00 +2.1192986e-01 -8.5458333e-01 +4.0646667e-02 +3.8515109e+04
4.0135900e-01 +8.0000000e-02 +1.6611417e+01 +1.3595500e-01 +1.0234750e-01 +3.3111250e+00 +1.7300347e+00 +1.1432153e+00 +2.1097014e-01 -8.5576389e-01 +3.9031806e-02 +3.8631142e+04
4.0499800e-01 +8.0000000e-02 +1.6589667e+01 +1.3155083e-01 +1.0681417e-01 +3.3141181e+00 +1.7344236e+00 +1.1435486e+00 +2.0981042e-01 -8.5610417e-01 +3.7245347e-02 +3.8751659e+04
4.0864600e-01 +8.0000000e-02 +1.6567667e+01 +1.2702833e-01 +1.1146250e-01 +3.3154722e+00 +1.7391875e+00 +1.1437708e+00 +2.0837292e-01 -8.5538889e-01 +3.5371319e-02 +3.8865567e+04
4.1230400e-01 +8.0000000e-02 +1.6545500e+01 +1.2245750e-01 +1.1634000e-01 +3.3152431e+00 +1.7441944e+00 +1.1436875e+00 +2.0649097e-01 -8.5432639e-01 +3.3515903e-02 +3.8970943e+04
4.1597000e-01 +8.0000000e-02 +1.6523250e+01 +1.1789583e-01 +1.2154417e-01 +3.3136458e+00 +1.7492361e+00 +1.1436736e+00 +2.0393194e-01 -8.5346528e-01 +3.1779236e-02 +3.9078432e+04
4.1964500e-01 +8.0000000e-02 +1.6501250e+01 +1.1333417e-01 +1.2693000e-01 +3.3108194e+00 +1.7541528e+00 +1.1441458e+00 +2.0051181e-01 -8.5259722e-01 +3.0246250e-02 +3.9185120e+04
4.2332800e-01 +8.0000000e-02 +1.6479583e+01 +1.0870500e-01 +1.3218667e-01 +3.3073611e+00 +1.7589028e+00 +1.1445764e+00 +1.9634444e-01 -8.5152083e-01 +2.8835000e-02 +3.9288997e+04
4.2701900e-01 +8.0000000e-02 +1.6458167e+01 +1.0391917e-01 +1.3722750e-01 +3.3042361e+00 +1.7635625e+00 +1.1448472e+00 +1.9157431e-01 -8.5031250e-01 +2.7456667e-02 +3.9393124e+04
4.3071600e-01 +8.0000000e-02 +1.6437167e+01 +9.8971667e-02 +1.4209250e-01 +3.3014722e+00 +1.7682500e+00 +1.1453264e+00 +1.8614653e-01 -8.4915972e-01 +2.6168056e-02 +3.9495913e+04
4.3442100e-01 +8.0000000e-02 +1.6416750e+01 +9.3920833e-02 +1.4661667e-01 +3.2987431e+00 +1.7730486e+00 +1.1459236e+00 +1.7998611e-01 -8.4806944e-01 +2.5077778e-02 +3.9593553e+04
4.3813300e-01 +8.0000000e-02 +1.6397000e+01 +8.8764167e-02 +1.5072250e-01 +3.2958056e+00 +1.7778958e+00 +1.1464792e+00 +1.7313264e-01 -8.4705556e-01 +2.4088750e-02 +3.9678759e+04
4.4185100e-01 +8.0000000e-02 +1.6378000e+01 +8.3430000e-02 +1.5450333e-01 +3.2922708e+00 +1.7826319e+00 +1.1467639e+00 +1.6583681e-01 -8.4615972e-01 +2.3150000e-02 +3.9764038e+04
4.4557400e-01 +8.0000000e-02 +1.6359917e+01 +7.7918917e-02 +1.5811417e-01 +3.2880972e+00 +1.7872361e+00 +1.1470625e+00 +1.5819306e-01 -8.4584722e-01 +2.2415069e-02 +3.9881964e+04
4.4930400e-01 +8.0000000e-02 +1.6342583e+01 +7.2325250e-02 +1.6167750e-01 +3.2835278e+00 +1.7918264e+00 +1.1479028e+00 +1.5005625e-01 -8.4630556e-01 +2.1958125e-02 +4.0010462e+04
4.5303800e-01 +8.0000000e-02 +1.6325833e+01 +6.6751583e-02 +1.6514333e-01 +3.2785903e+00 +1.7964028e+00 +1.1490347e+00 +1.4143542e-01 -8.4700000e-01 +2.1665417e-02 +4.0133635e+04
4.5677700e-01 +8.0000000e-02 +1.6309583e+01 +6.1178000e-02 +1.6841083e-01 +3.2740069e+00 +1.8008681e+00 +1.1503958e+00 +1.3236875e-01 -8.4768750e-01 +2.1347431e-02 +4.0262949e+04
4.6052100e-01 +8.0000000e-02 +1.6294083e+01 +5.5480667e-02 +1.7137583e-01 +3.2705069e+00 +1.8050833e+00 +1.1521458e+00 +1.2303333e-01 -8.4843750e-01 +2.0715139e-02 +4.0375842e+04
4.6426900e-01 +8.0000000e-02 +1.6279167e+01 +4.9650083e-02 +1.7407833e-01 +3.2683264e+00 +1.8089653e+00 +1.1538264e+00 +1.1356181e-01 -8.4935417e-01 +1.9624861e-02 +4.0482666e+04
4.6802000e-01 +8.0000000e-02 +1.6265250e+01 +4.3781417e-02 +1.7672500e-01 +3.2665556e+00 +1.8126389e+00 +1.1552847e+00 +1.0373681e-01 -8.5025694e-01 +1.8211597e-02 +4.0585786e+04
4.7177500e-01 +8.0000000e-02 +1.6252500e+01 +3.7976167e-02 +1.7953667e-01 +3.2647431e+00 +1.8161806e+00 +1.1568125e+00 +9.3311111e-02 -8.5131944e-01 +1.6588472e-02 +4.0664165e+04
4.7553200e-01 +8.0000000e-02 +1.6240833e+01 +3.2299333e-02 +1.8237583e-01 +3.2629236e+00 +1.8194236e+00 +1.1584097e+00 +8.2209722e-02 -8.5258333e-01 +1.4743056e-02 +4.0724612e+04
4.7929200e-01 +8.0000000e-02 +1.6230417e+01 +2.6798250e-02 +1.8492333e-01 +3.2619375e+00 +1.8221319e+00 +1.1596597e+00 +7.0581944e-02 -8.5384028e-01 +1.2661806e-02 +4.0792896e+04
4.8305400e-01 +8.0000000e-02 +1.6221417e+01 +2.1433167e-02 +1.8700500e-01 +3.2626944e+00 +1.8242986e+00 +1.1608125e+00 +5.8574375e-02 -8.5507639e-01 +1.0498611e-02 +4.0850477e+04
4.8681800e-01 +8.0000000e-02 +1.6214000e+01 +1.6089083e-02 +1.8861000e-01 +3.2646250e+00 +1.8260556e+00 +1.1622083e+00 +4.6145069e-02 -8.5633333e-01 +8.2536806e-03 +4.0889441e+04
4.9058400e-01 +8.0000000e-02 +1.6208250e+01 +1.0725250e-02 +1.8985083e-01 +3.2665347e+00 +1.8274583e+00 +1.1638611e+00 +3.3257708e-02 -8.5751389e-01 +5.9230486e-03 +4.0920277e+04
4.9435000e-01 +8.0000000e-02 +1.6204333e+01 +5.3671000e-03 +1.9077250e-01 +3.2679028e+00 +1.8284583e+00 +1.1655139e+00 +2.0049375e-02 -8.5854861e-01 +3.6261458e-03 +4.0937430e+04
4.9811700e-01 +8.0000000e-02 +1.6202333e+01 +0.0000000e+00 +1.9126917e-01 +3.2687292e+00 +1.8289653e+00 +1.1665556e+00 +6.7069792e-03 -8.5935417e-01 +1.2523333e-03 +4.0938611e+04
5.0188300e-01 +8.0000000e-02 +1.6202333e+01 -5.3671000e-03 +1.9126917e-01 +3.2687292e+00 +1.8289653e+00 +1.1665556e+00 -6.7069792e-03 -8.5935417e-01 -1.2523333e-03 +4.0938611e+04
5.0565000e-01 +8.0000000e-02 +1.6204333e+01 -1.0725250e-02 +1.9077250e-01 +3.2679028e+00 +1.8284583e+00 +1.1655139e+00 -2.0049375e-02 -8.5854861e-01 -3.6261458e-03 +4.0937430e+04
5.0941600e-01 +8.0000000e-02 +1.6208250e+01 -1.6089083e-02 +1.8985083e-01 +3.2665347e+00 +1.8274583e+00 +1.1638611e+00 -3.3257708e-02 -8.5751389e-01 -5.9230486e-03 +4.0920277e+04
5.1318200e-01 +8.0000000e-02 +1.6214000e+01 -2.1433167e-02 +1.8861000e-01 +3.2646250e+00 +1.8260556e+00 +1.1622083e+00 -4.6145069e-02 -8.5633333e-01 -8.2536806e-03 +4.0889441e+04
5.1694600e-01 +8.0000000e-02 +1.6221417e+01 -2.6798250e-02 +1.8700500e-01 +3.2626944e+00 +1.8242986e+00 +1.1608125e+00 -5.8574375e-02 -8.5507639e-01 -1.0498611e-02 +4.0850477e+04
5.2070800e-01 +8.0000000e-02 +1.6230417e+01 -3.2299333e-02 +1.8492333e-01 +3.2619375e+00 +1.8221319e+00 +1.1596597e+00 -7.0581944e-02 -8.5384028e-01 -1.2661806e-02 +4.0792896e+04
5.2446800e-01 +8.0000000e-02 +1.6240833e+01 -3.7976167e-02 +1.8237583e-01 +3.2629236e+00 +1.8194236e+00 +1.1584097e+00 -8.2209722e-02 -8.5258333e-01 -1.4743056e-02 +4.0724612e+04
5.2822500e-01 +8.0000000e-02 +1.6252500e+01 -4.3781417e-02 +1.7953667e-01 +3.2647431e+00 +1.8161806e+00 +1.1568125e+00 -9.3311111e-02 -8.5131944e-01 -1.6588472e-02 +4.0664165e+04
5.3198000e-01 +8.0000000e-02 +1.6265250e+01 -4.9650083e-02 +1.7672500e-01 +3.2665556e+00 +1.8126389e+00 +1.1552847e+00 -1.0373681e-01 -8.5025694e-01 -1.8211597e-02 +4.0585786e+04
5.3573100e-01 +8.0000000e-02 +1.6279167e+01 -5.5480667e-02 +1.7407833e-01 +3.2683264e+00 +1.8089653e+00 +1.1538264e+00 -1.1356181e-01 -8.4935417e-01 -1.9624861e-02 +4.0482666e+04
5.3947900e-01 +8.0000000e-02 +1.6294083e+01 -6.1178000e-02 +1.7137583e-01 +3.2705069e+00 +1.8050833e+00 +1.1521458e+00 -1.2303333e-01 -8.4843750e-01 -2.0715139e-02 +4.0375842e+04
5.4322300e-01 +8.0000000e-02 +1.6309583e+01 -6.6751583e-02 +1.6841083e-01 +3.2740069e+00 +1.8008681e+00 +1.1503958e+00 -1.3236875e-01 -8.4768750e-01 -2.1347431e-02 +4.0262949e+04
5.4696200e-01 +8.0000000e-02 +1.6325833e+01 -7.2325250e-02 +1.6514333e-01 +3.2785903e+00 +1.7964028e+00 +1.1490347e+00 -1.4143542e-01 -8.4700000e-01 -2.1665417e-02 +4.0133635e+04
5.5069600e-01 +8.0000000e-02 +1.6342583e+01 -7.7918917e-02 +1.6167750e-01 +3.2835278e+00 +1.7918264e+00 +1.1479028e+00 -1.5005625e-01 -8.4630556e-01 -2.1958125e-02 +4.0010462e+04
5.5442600e-01 +8.0000000e-02 +1.6359917e+01 -8.3430000e-02 +1.5811417e-01 +3.2880972e+00 +1.7872361e+00 +1.1470625e+00 -1.5819306e-01 -8.4584722e-01 -2.2415069e-02 +3.9881964e+04
5.5814900e-01 +8.0000000e-02 +1.6378000e+01 -8.8764167e-02 +1.5450333e-01 +3.2922708e+00 +1.7826319e+00 +1.1467639e+00 -1.6583681e-01 -8.4615972e-01 -2.3150000e-02 +3.9764038e+04
5.6186700e-01 +8.0000000e-02 +1.6397000e+01 -9.3920833e-02 +1.5072250e-01 +3.2958056e+00 +1.7778958e+00 +1.1464792e+00 -1.7313264e-01 -8.4705556e-01 -2.4088750e-02 +3.9678759e+04
5.6557900e-01 +8.0000000e-02 +1.6416750e+01 -9.8971667e-02 +1.4661667e-01 +3.2987431e+00 +1.7730486e+00 +1.1459236e+00 -1.7998611e-01 -8.4806944e-01 -2.5077778e-02 +3.9593553e+04
5.6928400e-01 +8.0000000e-02 +1.6437167e+01 -1.0391917e-01 +1.4209250e-01 +3.3014722e+00 +1.7682500e+00 +1.1453264e+00 -1.8614653e-01 -8.4915972e-01 -2.6168056e-02 +3.9495913e+04
5.7298100e-01 +8.0000000e-02 +1.6458167e+01 -1.0870500e-01 +1.3722750e-01 +3.3042361e+00 +1.7635625e+00 +1.1448472e+00 -1.9157431e-01 -8.5031250e-01 -2.7456667e-02 +3.9393124e+04
5.7667200e-01 +8.0000000e-02 +1.6479583e+01 -1.1333417e-01 +1.3218667e-01 +3.3073611e+00 +1.7589028e+00 +1.1445764e+00 -1.9634444e-01 -8.5152083e-01 -2.8835000e-02 +3.9288997e+04
5.8035500e-01 +8.0000000e-02 +1.6501250e+01 -1.1789583e-01 +1.2693000e-01 +3.3108194e+00 +1.7541528e+00 +1.1441458e+00 -2.0051181e-01 -8.5259722e-01 -3.0246250e-02 +3.9185120e+04
5.8403000e-01 +8.0000000e-02 +1.6523250e+01 -1.2245750e-01 +1.2154417e-01 +3.3136458e+00 +1.7492361e+00 +1.1436736e+00 -2.0393194e-01 -8.5346528e-01 -3.1779236e-02 +3.9078432e+04
5.8769600e-01 +8.0000000e-02 +1.6545500e+01 -1.2702833e-01 +1.1634000e-01 +3.3152431e+00 +1.7441944e+00 +1.1436875e+00 -2.0649097e-01 -8.5432639e-01 -3.3515903e-02 +3.8970943e+04
5.9135400e-01 +8.0000000e-02 +1.6567667e+01 -1.3155083e-01 +1.1146250e-01 +3.3154722e+00 +1.7391875e+00 +1.1437708e+00 -2.0837292e-01 -8.5538889e-01 -3.5371319e-02 +3.8865567e+04
5.9500200e-01 +8.0000000e-02 +1.6589667e+01 -1.3595500e-01 +1.0681417e-01 +3.3141181e+00 +1.7344236e+00 +1.1435486e+00 -2.0981042e-01 -8.5610417e-01 -3.7245347e-02 +3.8751659e+04
5.9864100e-01 +8.0000000e-02 +1.6611417e+01 -1.4016333e-01 +1.0234750e-01 +3.3111250e+00 +1.7300347e+00 +1.1432153e+00 -2.1097014e-01 -8.5576389e-01 -3.9031806e-02 +3.8631142e+04
6.0227000e-01 +8.0000000e-02 +1.6633000e+01 -1.4415917e-01 +9.8025833e-02 +3.3071111e+00 +1.7259097e+00 +1.1427500e+00 -2.1192986e-01 -8.5458333e-01 -4.0646667e-02 +3.8515109e+04
6.0588900e-01 +8.0000000e-02 +1.6654167e+01 -1.4795000e-01 +9.3854167e-02 +3.3029583e+00 +1.7217708e+00 +1.1419722e+00 -2.1265486e-01 -8.5335417e-01 -4.2025069e-02 +3.8423844e+04
6.0949800e-01 +8.0000000e-02 +1.6675167e+01 -1.5150833e-01 +8.9867500e-02 +3.2989167e+00 +1.7174375e+00 +1.1411319e+00 -2.1305486e-01 -8.5281944e-01 -4.3019861e-02 +3.8354170e+04
6.1309600e-01 +8.0000000e-02 +1.6696000e+01 -1.5479833e-01 +8.6065833e-02 +3.2952708e+00 +1.7129583e+00 +1.1407708e+00 -2.1317917e-01 -8.5320139e-01 -4.3618889e-02 +3.8293303e+04
6.1668300e-01 +8.0000000e-02 +1.6716500e+01 -1.5783250e-01 +8.2393333e-02 +3.2918194e+00 +1.7085000e+00 +1.1407847e+00 -2.1306806e-01 -8.5417361e-01 -4.3985833e-02 +3.8239113e+04
6.2025800e-01 +8.0000000e-02 +1.6736917e+01 -1.6062167e-01 +7.8800417e-02 +3.2879792e+00 +1.7041806e+00 +1.1405833e+00 -2.1261458e-01 -8.5495139e-01 -4.4263889e-02 +3.8185062e+04
6.2382200e-01 +8.0000000e-02 +1.6757167e+01 -1.6315333e-01 +7.5249000e-02 +3.2837847e+00 +1.7000625e+00 +1.1400000e+00 -2.1166667e-01 -8.5516667e-01 -4.4545000e-02 +3.8115238e+04
6.2737400e-01 +8.0000000e-02 +1.6777333e+01 -1.6545000e-01 +7.1683250e-02 +3.2785278e+00 +1.6960764e+00 +1.1393056e+00 -2.1011181e-01 -8.5499306e-01 -4.4895556e-02 +3.8028653e+04
6.3091300e-01 +8.0000000e-02 +1.6797500e+01 -1.6754667e-01 +6.8090917e-02 +3.2716597e+00 +1.6921111e+00 +1.1384583e+00 -2.0798333e-01 -8.5422222e-01 -4.5193958e-02 +3.7936908e+04
6.3444000e-01 +8.0000000e-02 +1.6817667e+01 -1.6944583e-01 +6.4453667e-02 +3.2635625e+00 +1.6881667e+00 +1.1374375e+00 -2.0538819e-01 -8.5279861e-01 -4.5402917e-02 +3.7851026e+04
6.3795400e-01 +8.0000000e-02 +1.6837667e+01 -1.7111250e-01 +6.0729167e-02 +3.2543333e+00 +1.6843125e+00 +1.1358403e+00 -2.0238681e-01 -8.5083333e-01 -4.5531806e-02 +3.7781499e+04
6.4145400e-01 +8.0000000e-02 +1.6857417e+01 -1.7250750e-01 +5.6913500e-02 +3.2445208e+00 +1.6805903e+00 +1.1338681e+00 -1.9909028e-01 -8.4859722e-01 -4.5485069e-02 +3.7712854e+04
6.4494100e-01 +8.0000000e-02 +1.6877000e+01 -1.7362917e-01 +5.2994750e-02 +3.2342986e+00 +1.6769931e+00 +1.1321667e+00 -1.9571736e-01 -8.4609028e-01 -4.5289792e-02 +3.7641926e+04
6.4841500e-01 +8.0000000e-02 +1.6896500e+01 -1.7450083e-01 +4.8837750e-02 +3.2235486e+00 +1.6735486e+00 +1.1307153e+00 -1.9235278e-01 -8.4321528e-01 -4.5109375e-02 +3.7588710e+04
6.5187400e-01 +8.0000000e-02 +1.6915583e+01 -1.7514167e-01 +4.4413417e-02 +3.2126250e+00 +1.6703750e+00 +1.1292847e+00 -1.8878611e-01 -8.4038889e-01 -4.5050417e-02 +3.7540341e+04
6.5531900e-01 +8.0000000e-02 +1.6934250e+01 -1.7555500e-01 +3.9871583e-02 +3.2020278e+00 +1.6676111e+00 +1.1280417e+00 -1.8478750e-01 -8.3765972e-01 -4.5166042e-02 +3.7484262e+04
6.5874900e-01 +8.0000000e-02 +1.6952583e+01 -1.7574500e-01 +3.5356750e-02 +3.1918472e+00 +1.6652431e+00 +1.1272014e+00 -1.8032153e-01 -8.3501389e-01 -4.5469792e-02 +3.7427364e+04
6.6216500e-01 +8.0000000e-02 +1.6970583e+01 -1.7571333e-01 +3.0927917e-02 +3.1821944e+00 +1.6631250e+00 +1.1264167e+00 -1.7555556e-01 -8.3246528e-01 -4.5970139e-02 +3.7380793e+04
6.6556500e-01 +8.0000000e-02 +1.6988250e+01 -1.7547250e-01 +2.6536250e-02 +3.1731875e+00 +1.6611319e+00 +1.1252222e+00 -1.7066111e-01 -8.3006250e-01 -4.6604931e-02 +3.7317266e+04
6.6895100e-01 +8.0000000e-02 +1.7005833e+01 -1.7501250e-01 +2.2176083e-02 +3.1648125e+00 +1.6590903e+00 +1.1233125e+00 -1.6572847e-01 -8.2788194e-01 -4.7297778e-02 +3.7221649e+04
6.7232000e-01 +8.0000000e-02 +1.7023083e+01 -1.7430833e-01 +1.7911917e-02 +3.1566458e+00 +1.6568472e+00 +1.1207917e+00 -1.6069792e-01 -8.2597917e-01 -4.7998194e-02 +3.7102675e+04
6.7567400e-01 +8.0000000e-02 +1.7039917e+01 -1.7337167e-01 +1.3762667e-02 +3.1480347e+00 +1.6542361e+00 +1.1183403e+00 -1.5544583e-01 -8.2426389e-01 -4.8621944e-02 +3.6981464e+04
6.7901200e-01 +8.0000000e-02 +1.7056333e+01 -1.7222833e-01 +9.7409167e-03 +3.1389514e+00 +1.6511597e+00 +1.1164653e+00 -1.4994931e-01 -8.2277083e-01 -4.9170208e-02 +3.6883398e+04
6.8233300e-01 +8.0000000e-02 +1.7072167e+01 -1.7091667e-01 +5.8565500e-03 +3.1296806e+00 +1.6476042e+00 +1.1152361e+00 -1.4423472e-01 -8.2140972e-01 -4.9644236e-02 +3.6816533e+04
6.8563800e-01 +8.0000000e-02 +1.7087583e+01 -1.6950833e-01 +2.0933000e-03 +3.1200278e+00 +1.6437014e+00 +1.1144236e+00 -1.3843056e-01 -8.1996528e-01 -4.9981667e-02 +3.6767048e+04
6.8892600e-01 +8.0000000e-02 +1.7102583e+01 -1.6804750e-01 -1.5148333e-03 +3.1101736e+00 +1.6396111e+00 +1.1137917e+00 -1.3272153e-01 -8.1863194e-01 -5.0053403e-02 +3.6709200e+04
6.9219800e-01 +8.0000000e-02 +1.7117083e+01 -1.6652000e-01 -4.9250917e-03 +3.1004653e+00 +1.6354931e+00 +1.1132431e+00 -1.2717847e-01 -8.1776389e-01 -4.9732361e-02 +3.6642831e+04
6.9545200e-01 +8.0000000e-02 +1.7131083e+01 -1.6490750e-01 -8.1577833e-03 +3.0906667e+00 +1.6314444e+00 +1.1127222e+00 -1.2176458e-01 -8.1717361e-01 -4.9066111e-02 +3.6570106e+04
6.9868900e-01 +8.0000000e-02 +1.7144500e+01 -1.6318667e-01 -1.1293583e-02 +3.0810139e+00 +1.6274306e+00 +1.1121042e+00 -1.1638958e-01 -8.1646528e-01 -4.8274375e-02 +3.6484164e+04
7.0190800e-01 +8.0000000e-02 +1.7157417e+01 -1.6131333e-01 -1.4398417e-02 +3.0718403e+00 +1.6233750e+00 +1.1111667e+00 -1.1099792e-01 -8.1568056e-01 -4.7552222e-02 +3.6396031e+04
7.0511000e-01 +8.0000000e-02 +1.7169917e+01 -1.5925417e-01 -1.7546833e-02 +3.0630208e+00 +1.6192500e+00 +1.1099444e+00 -1.0558542e-01 -8.1490278e-01 -4.6908125e-02 +3.6312250e+04
7.0829400e-01 +8.0000000e-02 +1.7181833e+01 -1.5701083e-01 -2.0790333e-02 +3.0544653e+00 +1.6150833e+00 +1.1086389e+00 -1.0014861e-01 -8.1411111e-01 -4.6197847e-02 +3.6227892e+04
7.1145900e-01 +8.0000000e-02 +1.7193333e+01 -1.5459250e-01 -2.4050250e-02 +3.0461319e+00 +1.6109583e+00 +1.1070903e+00 -9.4644444e-02 -8.1323611e-01 -4.5281806e-02 +3.6142277e+04
7.1460700e-01 +8.0000000e-02 +1.7204167e+01 -1.5201250e-01 -2.7187667e-02 +3.0380972e+00 +1.6069236e+00 +1.1051111e+00 -8.9037500e-02 -8.1224306e-01 -4.4162431e-02 +3.6057317e+04
7.1773600e-01 +8.0000000e-02 +1.7214167e+01 -1.4929500e-01 -3.0162750e-02 +3.0305694e+00 +1.6029444e+00 +1.1027917e+00 -8.3352778e-02 -8.1128472e-01 -4.2896181e-02 +3.5975869e+04
7.2084700e-01 +8.0000000e-02 +1.7223167e+01 -1.4645083e-01 -3.2994000e-02 +3.0233333e+00 +1.5989306e+00 +1.1005000e+00 -7.7620833e-02 -8.1035417e-01 -4.1524306e-02 +3.5910699e+04
7.2393900e-01 +8.0000000e-02 +1.7231417e+01 -1.4348833e-01 -3.5662833e-02 +3.0158333e+00 +1.5948681e+00 +1.0985833e+00 -7.1882639e-02 -8.0945139e-01 -4.0105417e-02 +3.5855624e+04
7.2701200e-01 +8.0000000e-02 +1.7238917e+01 -1.4041500e-01 -3.8166417e-02 +3.0076736e+00 +1.5907222e+00 +1.0970347e+00 -6.6229236e-02 -8.0845139e-01 -3.8647986e-02 +3.5801748e+04
7.3006600e-01 +8.0000000e-02 +1.7245750e+01 -1.3724167e-01 -4.0540083e-02 +2.9989236e+00 +1.5865069e+00 +1.0955000e+00 -6.0725069e-02 -8.0710417e-01 -3.7084514e-02 +3.5751786e+04
7.3310100e-01 +8.0000000e-02 +1.7251750e+01 -1.3398833e-01 -4.2841083e-02 +2.9896597e+00 +1.5822708e+00 +1.0936875e+00 -5.5301111e-02 -8.0534722e-01 -3.5395764e-02 +3.5704206e+04
7.3611700e-01 +8.0000000e-02 +1.7257083e+01 -1.3065333e-01 -4.5111417e-02 +2.9797500e+00 +1.5780625e+00 +1.0916181e+00 -4.9833056e-02 -8.0317361e-01 -3.3650000e-02 +3.5665350e+04
7.3911300e-01 +8.0000000e-02 +1.7261833e+01 -1.2722000e-01 -4.7366250e-02 +2.9689583e+00 +1.5739236e+00 +1.0894653e+00 -4.4259306e-02 -8.0062500e-01 -3.1877500e-02 +3.5642691e+04
7.4209000e-01 +8.0000000e-02 +1.7265917e+01 -1.2369583e-01 -4.9619417e-02 +2.9573750e+00 +1.5698611e+00 +1.0873750e+00 -3.8580903e-02 -7.9779861e-01 -3.0030069e-02 +3.5627724e+04
7.4504700e-01 +8.0000000e-02 +1.7269500e+01 -1.2011167e-01 -5.1847417e-02 +2.9454167e+00 +1.5658542e+00 +1.0854861e+00 -3.2860347e-02 -7.9496528e-01 -2.8067361e-02 +3.5609310e+04
7.4798500e-01 +8.0000000e-02 +1.7272333e+01 -1.1648417e-01 -5.3995833e-02 +2.9337569e+00 +1.5619028e+00 +1.0838958e+00 -2.7188958e-02 -7.9232639e-01 -2.6007431e-02 +3.5585392e+04
7.5090200e-01 +8.0000000e-02 +1.7274333e+01 -1.1281750e-01 -5.6025500e-02 +2.9229514e+00 +1.5580208e+00 +1.0826111e+00 -2.1575556e-02 -7.8989583e-01 -2.3926389e-02 +3.5555496e+04
7.5380000e-01 +8.0000000e-02 +1.7275500e+01 -1.0913833e-01 -5.7911583e-02 +2.9132083e+00 +1.5542014e+00 +1.0815278e+00 -1.5963889e-02 -7.8776389e-01 -2.1880208e-02 +3.5521964e+04
7.5667800e-01 +8.0000000e-02 +1.7275917e+01 -1.0547167e-01 -5.9648333e-02 +2.9044028e+00 +1.5503889e+00 +1.0804792e+00 -1.0325000e-02 -7.8588889e-01 -1.9926875e-02 +3.5492225e+04
7.5953600e-01 +8.0000000e-02 +1.7275667e+01 -1.0181750e-01 -6.1241917e-02 +2.8961528e+00 +1.5465903e+00 +1.0793611e+00 -4.6442361e-03 -7.8403472e-01 -1.8138056e-02 +3.5469145e+04
7.6237300e-01 +8.0000000e-02 +1.7274833e+01 -9.8150000e-02 -6.2760500e-02 +2.8881806e+00 +1.5427986e+00 +1.0781667e+00 +1.0617014e-03 -7.8212500e-01 -1.6510000e-02 +3.5448916e+04
7.6519000e-01 +8.0000000e-02 +1.7273500e+01 -9.4436667e-02 -6.4304583e-02 +2.8802847e+00 +1.5390000e+00 +1.0769792e+00 +6.7530208e-03 -7.8025694e-01 -1.4942917e-02 +3.5430563e+04
7.6798700e-01 +8.0000000e-02 +1.7271750e+01 -9.0646667e-02 -6.5929167e-02 +2.8724375e+00 +1.5351944e+00 +1.0758750e+00 +1.2431736e-02 -7.7852778e-01 -1.3277986e-02 +3.5406421e+04
7.7076400e-01 +8.0000000e-02 +1.7269417e+01 -8.6764167e-02 -6.7636083e-02 +2.8647014e+00 +1.5314097e+00 +1.0749028e+00 +1.8081597e-02 -7.7696528e-01 -1.1399792e-02 +3.5378927e+04
7.7352000e-01 +8.0000000e-02 +1.7266500e+01 -8.2800417e-02 -6.9389500e-02 +2.8571181e+00 +1.5276667e+00 +1.0741250e+00 +2.3680278e-02 -7.7548611e-01 -9.3325000e-03 +3.5348688e+04
7.7625600e-01 +8.0000000e-02 +1.7263083e+01 -7.8771167e-02 -7.1151417e-02 +2.8497083e+00 +1.5239236e+00 +1.0735278e+00 +2.9237014e-02 -7.7401389e-01 -7.1834722e-03 +3.5317051e+04
7.7897100e-01 +8.0000000e-02 +1.7259250e+01 -7.4689833e-02 -7.2892000e-02 +2.8424722e+00 +1.5201389e+00 +1.0730278e+00 +3.4751250e-02 -7.7268750e-01 -4.9806111e-03 +3.5288032e+04
7.8166500e-01 +8.0000000e-02 +1.7254917e+01 -7.0573083e-02 -7.4570083e-02 +2.8355069e+00 +1.5162917e+00 +1.0726667e+00 +4.0185347e-02 -7.7172917e-01 -2.6742222e-03 +3.5262936e+04
7.8433900e-01 +8.0000000e-02 +1.7250000e+01 -6.6443833e-02 -7.6140417e-02 +2.8287986e+00 +1.5123819e+00 +1.0727014e+00 +4.5517083e-02 -7.7122222e-01 -2.8169653e-04 +3.5236986e+04
7.8699200e-01 +8.0000000e-02 +1.7244500e+01 -6.2309417e-02 -7.7590083e-02 +2.8221944e+00 +1.5084514e+00 +1.0733056e+00 +5.0748681e-02 -7.7103472e-01 +2.1100417e-03 +3.5210942e+04
7.8962500e-01 +8.0000000e-02 +1.7238583e+01 -5.8164083e-02 -7.8948917e-02 +2.8155208e+00 +1.5044722e+00 +1.0743958e+00 +5.5870903e-02 -7.7093056e-01 +4.4693542e-03 +3.5191707e+04
7.9223700e-01 +8.0000000e-02 +1.7232167e+01 -5.3996250e-02 -8.0256250e-02 +2.8087847e+00 +1.5004444e+00 +1.0756944e+00 +6.0895347e-02 -7.7078472e-01 +6.8055556e-03 +3.5179806e+04
7.9482800e-01 +8.0000000e-02 +1.7225167e+01 -4.9788417e-02 -8.1510417e-02 +2.8020000e+00 +1.4963472e+00 +1.0769375e+00 +6.5862847e-02 -7.7061806e-01 +9.0865278e-03 +3.5169527e+04
7.9739800e-01 +8.0000000e-02 +1.7217667e+01 -4.5522250e-02 -8.2688000e-02 +2.7951389e+00 +1.4922083e+00 +1.0780417e+00 +7.0794444e-02 -7.7041667e-01 +1.1298958e-02 +3.5155079e+04
7.9994700e-01 +8.0000000e-02 +1.7209833e+01 -4.1187917e-02 -8.3775000e-02 +2.7882500e+00 +1.4880208e+00 +1.0789861e+00 +7.5683333e-02 -7.7013889e-01 +1.3495278e-02 +3.5131995e+04
8.0247600e-01 +8.0000000e-02 +1.7201583e+01 -3.6781333e-02 -8.4776667e-02 +2.7812222e+00 +1.4837569e+00 +1.0796042e+00 +8.0512500e-02 -7.6968750e-01 +1.5734097e-02 +3.5109915e+04
8.0498400e-01 +8.0000000e-02 +1.7192917e+01 -3.2310083e-02 -8.5703333e-02 +2.7739931e+00 +1.4794097e+00 +1.0798194e+00 +8.5279167e-02 -7.6895139e-01 +1.8034375e-02 +3.5096288e+04
8.0747100e-01 +8.0000000e-02 +1.7183917e+01 -2.7788000e-02 -8.6562500e-02 +2.7666111e+00 +1.4750069e+00 +1.0797222e+00 +8.9976389e-02 -7.6787500e-01 +2.0372153e-02 +3.5082886e+04
8.0993700e-01 +8.0000000e-02 +1.7174500e+01 -2.3214917e-02 -8.7356667e-02 +2.7590000e+00 +1.4706042e+00 +1.0794444e+00 +9.4560417e-02 -7.6646528e-01 +2.2711389e-02 +3.5063044e+04
8.1238300e-01 +8.0000000e-02 +1.7164583e+01 -1.8578833e-02 -8.8090000e-02 +2.7510972e+00 +1.4662222e+00 +1.0790347e+00 +9.8993750e-02 -7.6470833e-01 +2.5033611e-02 +3.5036513e+04
8.1480700e-01 +8.0000000e-02 +1.7154250e+01 -1.3873833e-02 -8.8797500e-02 +2.7428611e+00 +1.4618681e+00 +1.0785069e+00 +1.0330556e-01 -7.6252778e-01 +2.7306875e-02 +3.5003932e+04
8.1721100e-01 +8.0000000e-02 +1.7143417e+01 -9.1063333e-03 -8.9530833e-02 +2.7341597e+00 +1.4575139e+00 +1.0779375e+00 +1.0757986e-01 -7.5987500e-01 +2.9495278e-02 +3.4968227e+04
8.1959400e-01 +8.0000000e-02 +1.7132083e+01 -4.2874083e-03 -9.0346667e-02 +2.7247639e+00 +1.4531042e+00 +1.0773889e+00 +1.1186528e-01 -7.5672222e-01 +3.1577014e-02 +3.4938293e+04
8.2195700e-01 +8.0000000e-02 +1.7120417e+01 +5.7185750e-04 -9.1275833e-02 +2.7145556e+00 +1.4486111e+00 +1.0768750e+00 +1.1615903e-01 -7.5311806e-01 +3.3537431e-02 +3.4917465e+04
8.2429900e-01 +8.0000000e-02 +1.7108333e+01 +5.4656250e-03 -9.2316667e-02 +2.7036944e+00 +1.4440069e+00 +1.0763889e+00 +1.2044792e-01 -7.4918750e-01 +3.5379722e-02 +3.4903609e+04
8.2662000e-01 +8.0000000e-02 +1.7096000e+01 +1.0399083e-02 -9.3445000e-02 +2.6926875e+00 +1.4392917e+00 +1.0759097e+00 +1.2470972e-01 -7.4508333e-01 +3.7145139e-02 +3.4892679e+04
8.2892100e-01 +8.0000000e-02 +1.7083333e+01 +1.5383583e-02 -9.4627500e-02 +2.6819931e+00 +1.4344722e+00 +1.0754306e+00 +1.2890139e-01 -7.4102083e-01 +3.8896736e-02 +3.4875757e+04
8.3120100e-01 +8.0000000e-02 +1.7070333e+01 +2.0426083e-02 -9.5841667e-02 +2.6717708e+00 +1.4295486e+00 +1.0749722e+00 +1.3298681e-01 -7.3712500e-01 +4.0672569e-02 +3.4850569e+04
8.3346000e-01 +8.0000000e-02 +1.7057083e+01 +2.5519417e-02 -9.7080833e-02 +2.6619028e+00 +1.4245139e+00 +1.0745556e+00 +1.3695069e-01 -7.3340278e-01 +4.2464722e-02 +3.4823134e+04
8.3570000e-01 +8.0000000e-02 +1.7043500e+01 +3.0645000e-02 -9.8352500e-02 +2.6522639e+00 +1.4193819e+00 +1.0742083e+00 +1.4081250e-01 -7.2975000e-01 +4.4244514e-02 +3.4799551e+04
8.3791800e-01 +8.0000000e-02 +1.7029750e+01 +3.5781833e-02 -9.9656667e-02 +2.6427917e+00 +1.4141875e+00 +1.0739722e+00 +1.4461597e-01 -7.2600000e-01 +4.5991250e-02 +3.4778238e+04
8.4011600e-01 +8.0000000e-02 +1.7015750e+01 +4.0910250e-02 -1.0099417e-01 +2.6333403e+00 +1.4089514e+00 +1.0739514e+00 +1.4840972e-01 -7.2206944e-01 +4.7699722e-02 +3.4751318e+04
8.4229400e-01 +8.0000000e-02 +1.7001500e+01 +4.6012833e-02 -1.0238083e-01 +2.6237431e+00 +1.4036944e+00 +1.0742292e+00 +1.5223750e-01 -7.1796528e-01 +4.9377917e-02 +3.4713009e+04
8.4445200e-01 +8.0000000e-02 +1.6987000e+01 +5.1078250e-02 -1.0384667e-01 +2.6138889e+00 +1.3983611e+00 +1.0747153e+00 +1.5613333e-01 -7.1373611e-01 +5.1042639e-02 +3.4668256e+04
8.4659000e-01 +8.0000000e-02 +1.6972250e+01 +5.6099250e-02 -1.0541333e-01 +2.6038264e+00 +1.3929306e+00 +1.0752431e+00 +1.6010556e-01 -7.0936806e-01 +5.2718750e-02 +3.4627065e+04
8.4870700e-01 +8.0000000e-02 +1.6957167e+01 +6.1070167e-02 -1.0708167e-01 +2.5936667e+00 +1.3873819e+00 +1.0757292e+00 +1.6413194e-01 -7.0479861e-01 +5.4435347e-02 +3.4593048e+04
8.5080400e-01 +8.0000000e-02 +1.6941750e+01 +6.5985250e-02 -1.0884167e-01 +2.5834514e+00 +1.3817222e+00 +1.0762014e+00 +1.6819583e-01 -7.0000694e-01 +5.6206458e-02 +3.4565777e+04
8.5288200e-01 +8.0000000e-02 +1.6926000e+01 +7.0840000e-02 -1.1068417e-01 +2.5730903e+00 +1.3759722e+00 +1.0766528e+00 +1.7229375e-01 -6.9502778e-01 +5.8013819e-02 +3.4546527e+04
8.5493900e-01 +8.0000000e-02 +1.6910000e+01 +7.5632167e-02 -1.1259583e-01 +2.5625347e+00 +1.3701458e+00 +1.0770903e+00 +1.7641875e-01 -6.8991806e-01 +5.9826042e-02 +3.4535359e+04
8.5697700e-01 +8.0000000e-02 +1.6893583e+01 +8.0359667e-02 -1.1455750e-01 +2.5517917e+00 +1.3642708e+00 +1.0775417e+00 +1.8057014e-01 -6.8470625e-01 +6.1629167e-02 +3.4528381e+04
8.5899500e-01 +8.0000000e-02 +1.6876833e+01 +8.5018333e-02 -1.1654833e-01 +2.5409167e+00 +1.3583403e+00 +1.0780417e+00 +1.8477569e-01 -6.7940417e-01 +6.3424514e-02 +3.4520891e+04
8.6099300e-01 +8.0000000e-02 +1.6859750e+01 +8.9602500e-02 -1.1856083e-01 +2.5299236e+00 +1.3523681e+00 +1.0785833e+00 +1.8907917e-01 -6.7399375e-01 +6.5213472e-02 +3.4510426e+04
8.6297100e-01 +8.0000000e-02 +1.6842417e+01 +9.4107500e-02 -1.2058917e-01 +2.5187639e+00 +1.3463611e+00 +1.0791736e+00 +1.9350486e-01 -6.6846111e-01 +6.6987222e-02 +3.4500129e+04
8.6493000e-01 +8.0000000e-02 +1.6824750e+01 +9.8527500e-02 -1.2262417e-01 +2.5074583e+00 +1.3403125e+00 +1.0797917e+00 +1.9805347e-01 -6.6281875e-01 +6.8720278e-02 +3.4493718e+04
8.6687000e-01 +8.0000000e-02 +1.6806750e+01 +1.0285583e-01 -1.2465500e-01 +2.4960694e+00 +1.3342431e+00 +1.0805000e+00 +2.0271736e-01 -6.5708333e-01 +7.0379167e-02 +3.4487058e+04
8.6879000e-01 +8.0000000e-02 +1.6788500e+01 +1.0708750e-01 -1.2668333e-01 +2.4846736e+00 +1.3281528e+00 +1.0813264e+00 +2.0748194e-01 -6.5123889e-01 +7.1938889e-02 +3.4476577e+04
8.7069100e-01 +8.0000000e-02 +1.6770083e+01 +1.1121833e-01 -1.2871500e-01 +2.4732847e+00 +1.3220556e+00 +1.0822083e+00 +2.1232639e-01 -6.4523333e-01 +7.3393750e-02 +3.4466147e+04
8.7257300e-01 +8.0000000e-02 +1.6751333e+01 +1.1524667e-01 -1.3075833e-01 +2.4618958e+00 +1.3159583e+00 +1.0830764e+00 +2.1724167e-01 -6.3901458e-01 +7.4751389e-02 +3.4459420e+04
8.7443600e-01 +8.0000000e-02 +1.6732250e+01 +1.1917250e-01 -1.3281833e-01 +2.4505278e+00 +1.3098681e+00 +1.0838889e+00 +2.2222153e-01 -6.3257500e-01 +7.6022917e-02 +3.4457014e+04
8.7628000e-01 +8.0000000e-02 +1.6712917e+01 +1.2299667e-01 -1.3489750e-01 +2.4392292e+00 +1.3037917e+00 +1.0846528e+00 +2.2725694e-01 -6.2594167e-01 +7.7225000e-02 +3.4458517e+04
8.7810500e-01 +8.0000000e-02 +1.6693167e+01 +1.2672250e-01 -1.3698667e-01 +2.4280764e+00 +1.2977431e+00 +1.0854306e+00 +2.3233333e-01 -6.1914306e-01 +7.8383333e-02 +3.4463776e+04
8.7991200e-01 +8.0000000e-02 +1.6673083e+01 +1.3035417e-01 -1.3907083e-01 +2.4172014e+00 +1.2917153e+00 +1.0862708e+00 +2.3743750e-01 -6.1222083e-01 +7.9528472e-02 +3.4473532e+04
8.8169900e-01 +8.0000000e-02 +1.6652667e+01 +1.3389500e-01 -1.4113750e-01 +2.4067361e+00 +1.2857083e+00 +1.0872014e+00 +2.4256528e-01 -6.0522222e-01 +8.0685417e-02 +3.4487493e+04
8.8346900e-01 +8.0000000e-02 +1.6631750e+01 +1.3734500e-01 -1.4319000e-01 +2.3967569e+00 +1.2796944e+00 +1.0882500e+00 +2.4772569e-01 -5.9816250e-01 +8.1864583e-02 +3.4504025e+04
8.8521900e-01 +8.0000000e-02 +1.6610583e+01 +1.4070083e-01 -1.4523750e-01 +2.3872639e+00 +1.2736875e+00 +1.0894514e+00 +2.5294236e-01 -5.9100833e-01 +8.3063889e-02 +3.4525297e+04
8.8695200e-01 +8.0000000e-02 +1.6588917e+01 +1.4396167e-01 -1.4728500e-01 +2.3781806e+00 +1.2676667e+00 +1.0908194e+00 +2.5825000e-01 -5.8369722e-01 +8.4281944e-02 +3.4555517e+04
8.8866600e-01 +8.0000000e-02 +1.6566917e+01 +1.4712667e-01 -1.4932083e-01 +2.3694583e+00 +1.2616389e+00 +1.0923889e+00 +2.6367569e-01 -5.7618264e-01 +8.5518056e-02 +3.4595497e+04
8.9036200e-01 +8.0000000e-02 +1.6544500e+01 +1.5019833e-01 -1.5132333e-01 +2.3610903e+00 +1.2556042e+00 +1.0941528e+00 +2.6923125e-01 -5.6847222e-01 +8.6767361e-02 +3.4643259e+04
8.9204000e-01 +8.0000000e-02 +1.6521667e+01 +1.5317750e-01 -1.5327583e-01 +2.3530903e+00 +1.2495625e+00 +1.0960903e+00 +2.7490972e-01 -5.6062083e-01 +8.8008333e-02 +3.4697138e+04
8.9370100e-01 +8.0000000e-02 +1.6498417e+01 +1.5606167e-01 -1.5518167e-01 +2.3454653e+00 +1.2435208e+00 +1.0981736e+00 +2.8069722e-01 -5.5268542e-01 +8.9209722e-02 +3.4758240e+04
8.9534300e-01 +8.0000000e-02 +1.6474750e+01 +1.5884167e-01 -1.5705250e-01 +2.3382222e+00 +1.2374792e+00 +1.1003542e+00 +2.8658403e-01 -5.4468889e-01 +9.0338889e-02 +3.4828934e+04
8.9696800e-01 +8.0000000e-02 +1.6450583e+01 +1.6150917e-01 -1.5890500e-01 +2.3313819e+00 +1.2314444e+00 +1.1026042e+00 +2.9256736e-01 -5.3661736e-01 +9.1383333e-02 +3.4910418e+04
8.9857600e-01 +8.0000000e-02 +1.6426083e+01 +1.6405167e-01 -1.6074667e-01 +2.3249931e+00 +1.2254375e+00 +1.1049028e+00 +2.9864583e-01 -5.2846042e-01 +9.2346528e-02 +3.5000522e+04
9.0016600e-01 +8.0000000e-02 +1.6401083e+01 +1.6645750e-01 -1.6258083e-01 +2.3191042e+00 +1.2194653e+00 +1.1072569e+00 +3.0481944e-01 -5.2022222e-01 +9.3241667e-02 +3.5096811e+04
9.0173800e-01 +8.0000000e-02 +1.6375667e+01 +1.6871500e-01 -1.6440333e-01 +2.3137153e+00 +1.2135347e+00 +1.1096458e+00 +3.1109653e-01 -5.1189444e-01 +9.4079167e-02 +3.5198732e+04
9.0329400e-01 +8.0000000e-02 +1.6349833e+01 +1.7081250e-01 -1.6620833e-01 +2.3087917e+00 +1.2076736e+00 +1.1120347e+00 +3.1749306e-01 -5.0344028e-01 +9.4854167e-02 +3.5305699e+04
9.0483300e-01 +8.0000000e-02 +1.6323500e+01 +1.7274167e-01 -1.6798500e-01 +2.3043472e+00 +1.2018819e+00 +1.1143958e+00 +3.2403056e-01 -4.9481736e-01 +9.5552778e-02 +3.5417611e+04
9.0635400e-01 +8.0000000e-02 +1.6296750e+01 +1.7449500e-01 -1.6972167e-01 +2.3004236e+00 +1.1961736e+00 +1.1167153e+00 +3.3072153e-01 -4.8601736e-01 +9.6161111e-02 +3.5537135e+04
9.0785900e-01 +8.0000000e-02 +1.6269500e+01 +1.7607083e-01 -1.7140250e-01 +2.2970972e+00 +1.1905417e+00 +1.1190556e+00 +3.3757083e-01 -4.7707569e-01 +9.6675000e-02 +3.5668242e+04
9.0934700e-01 +8.0000000e-02 +1.6241833e+01 +1.7746750e-01 -1.7301250e-01 +2.2944792e+00 +1.1849861e+00 +1.1214861e+00 +3.4457222e-01 -4.6805278e-01 +9.7104861e-02 +3.5813106e+04
9.1081900e-01 +8.0000000e-02 +1.6213583e+01 +1.7868167e-01 -1.7454000e-01 +2.2926389e+00 +1.1795139e+00 +1.1240764e+00 +3.5171042e-01 -4.5900833e-01 +9.7465972e-02 +3.5973314e+04
9.1227400e-01 +8.0000000e-02 +1.6184833e+01 +1.7971250e-01 -1.7597667e-01 +2.2916389e+00 +1.1741319e+00 +1.1268611e+00 +3.5896736e-01 -4.4998750e-01 +9.7765972e-02 +3.6149731e+04
9.1371300e-01 +8.0000000e-02 +1.6155500e+01 +1.8055750e-01 -1.7731667e-01 +2.2915556e+00 +1.1688403e+00 +1.1298611e+00 +3.6632708e-01 -4.4101181e-01 +9.8006944e-02 +3.6341037e+04
9.1513600e-01 +8.0000000e-02 +1.6125667e+01 +1.8121417e-01 -1.7855583e-01 +2.2924097e+00 +1.1636458e+00 +1.1330833e+00 +3.7378472e-01 -4.3207778e-01 +9.8192361e-02 +3.6546024e+04
9.1654300e-01 +8.0000000e-02 +1.6095167e+01 +1.8168333e-01 -1.7969083e-01 +2.2942153e+00 +1.1585556e+00 +1.1365347e+00 +3.8133958e-01 -4.2316597e-01 +9.8325000e-02 +3.6765653e+04
9.1793400e-01 +8.0000000e-02 +1.6064167e+01 +1.8196500e-01 -1.8072000e-01 +2.2969236e+00 +1.1535625e+00 +1.1402153e+00 +3.8899306e-01 -4.1425069e-01 +9.8410417e-02 +3.7001850e+04
9.1930900e-01 +8.0000000e-02 +1.6032583e+01 +1.8206000e-01 -1.8164417e-01 +2.3004861e+00 +1.1486528e+00 +1.1441042e+00 +3.9674931e-01 -4.0531250e-01 +9.8452778e-02 +3.7257027e+04
9.2066800e-01 +8.0000000e-02 +1.6000417e+01 +1.8196917e-01 -1.8246167e-01 +2.3048889e+00 +1.1438125e+00 +1.1482083e+00 +4.0461528e-01 -3.9633333e-01 +9.8456250e-02 +3.7534682e+04
9.2201200e-01 +8.0000000e-02 +1.5967667e+01 +1.8169417e-01 -1.8316667e-01 +2.3101458e+00 +1.1390208e+00 +1.1525069e+00 +4.1259653e-01 -3.8730000e-01 +9.8425000e-02 +3.7836454e+04
9.2334100e-01 +8.0000000e-02 +1.5934333e+01 +1.8123500e-01 -1.8374750e-01 +2.3163125e+00 +1.1342708e+00 +1.1570069e+00 +4.2069792e-01 -3.7820972e-01 +9.8360417e-02 +3.8162275e+04
9.2465400e-01 +8.0000000e-02 +1.5900500e+01 +1.8059417e-01 -1.8418417e-01 +2.3234444e+00 +1.1295417e+00 +1.1616944e+00 +4.2891875e-01 -3.6908125e-01 +9.8258333e-02 +3.8512685e+04
9.2595200e-01 +8.0000000e-02 +1.5866000e+01 +1.7977417e-01 -1.8445500e-01 +2.3316042e+00 +1.1248333e+00 +1.1665764e+00 +4.3725208e-01 -3.5994583e-01 +9.8106944e-02 +3.8887973e+04
9.2723500e-01 +8.0000000e-02 +1.5830917e+01 +1.7877667e-01 -1.8454250e-01 +2.3408264e+00 +1.1201389e+00 +1.1716250e+00 +4.4568611e-01 -3.5084444e-01 +9.7894444e-02 +3.9286236e+04
9.2850400e-01 +8.0000000e-02 +1.5795167e+01 +1.7760167e-01 -1.8443083e-01 +2.3511181e+00 +1.1154583e+00 +1.1768333e+00 +4.5420972e-01 -3.4182361e-01 +9.7606250e-02 +3.9705296e+04
9.2975700e-01 +8.0000000e-02 +1.5758917e+01 +1.7625000e-01 -1.8410750e-01 +2.3624722e+00 +1.1107986e+00 +1.1821667e+00 +4.6281667e-01 -3.3292778e-01 +9.7226389e-02 +4.0145014e+04
9.3099600e-01 +8.0000000e-02 +1.5722083e+01 +1.7472083e-01 -1.8356417e-01 +2.3748681e+00 +1.1061458e+00 +1.1875903e+00 +4.7150278e-01 -3.2418958e-01 +9.6742361e-02 +4.0606404e+04
9.3222000e-01 +8.0000000e-02 +1.5684583e+01 +1.7301417e-01 -1.8279750e-01 +2.3883125e+00 +1.1015139e+00 +1.1930764e+00 +4.8026181e-01 -3.1562847e-01 +9.6145139e-02 +4.1089822e+04
9.3343000e-01 +8.0000000e-02 +1.5646583e+01 +1.7113083e-01 -1.8180667e-01 +2.4028194e+00 +1.0968958e+00 +1.1986111e+00 +4.8908125e-01 -3.0724583e-01 +9.5436806e-02 +4.1596180e+04
9.3462600e-01 +8.0000000e-02 +1.5607917e+01 +1.6907250e-01 -1.8059417e-01 +2.4184514e+00 +1.0922847e+00 +1.2041806e+00 +4.9794861e-01 -2.9902361e-01 +9.4627778e-02 +4.2126798e+04
9.3580800e-01 +8.0000000e-02 +1.5568667e+01 +1.6684250e-01 -1.7916167e-01 +2.4352708e+00 +1.0876875e+00 +1.2097847e+00 +5.0685486e-01 -2.9093264e-01 +9.3736111e-02 +4.2682360e+04
9.3697600e-01 +8.0000000e-02 +1.5528833e+01 +1.6444500e-01 -1.7750833e-01 +2.4533333e+00 +1.0830764e+00 +1.2154097e+00 +5.1579306e-01 -2.8294653e-01 +9.2781250e-02 +4.3262084e+04
9.3813000e-01 +8.0000000e-02 +1.5488333e+01 +1.6188500e-01 -1.7563583e-01 +2.4727083e+00 +1.0784514e+00 +1.2210625e+00 +5.2476042e-01 -2.7504792e-01 +9.1779167e-02 +4.3864405e+04
9.3927000e-01 +8.0000000e-02 +1.5447250e+01 +1.5916917e-01 -1.7354250e-01 +2.4934028e+00 +1.0737986e+00 +1.2267153e+00 +5.3375556e-01 -2.6722708e-01 +9.0740972e-02 +4.4489567e+04
9.4039600e-01 +8.0000000e-02 +1.5405583e+01 +1.5630167e-01 -1.7123083e-01 +2.5154028e+00 +1.0690903e+00 +1.2323611e+00 +5.4277153e-01 -2.5947847e-01 +8.9673611e-02 +4.5140945e+04
9.4150900e-01 +8.0000000e-02 +1.5363333e+01 +1.5328917e-01 -1.6870000e-01 +2.5386528e+00 +1.0643194e+00 +1.2379861e+00 +5.5180000e-01 -2.5179931e-01 +8.8581250e-02 +4.5824027e+04
9.4260900e-01 +8.0000000e-02 +1.5320417e+01 +1.5013500e-01 -1.6595000e-01 +2.5631319e+00 +1.0594722e+00 +1.2436111e+00 +5.6082569e-01 -2.4418542e-01 +8.7465278e-02 +4.6544848e+04
9.4369600e-01 +8.0000000e-02 +1.5276917e+01 +1.4684417e-01 -1.6297667e-01 +2.5888264e+00 +1.0545278e+00 +1.2492500e+00 +5.6983264e-01 -2.3663333e-01 +8.6327778e-02 +4.7307459e+04
9.4476900e-01 +8.0000000e-02 +1.5232750e+01 +1.4342083e-01 -1.5977333e-01 +2.6157708e+00 +1.0494722e+00 +1.2549167e+00 +5.7880764e-01 -2.2914167e-01 +8.5171528e-02 +4.8113114e+04
9.4583000e-01 +8.0000000e-02 +1.5188000e+01 +1.3987167e-01 -1.5633083e-01 +2.6440417e+00 +1.0442917e+00 +1.2606389e+00 +5.8773889e-01 -2.2171875e-01 +8.3993750e-02 +4.8959637e+04
9.4687800e-01 +8.0000000e-02 +1.5142583e+01 +1.3620167e-01 -1.5263917e-01 +2.6737083e+00 +1.0389792e+00 +1.2664167e+00 +5.9661736e-01 -2.1438472e-01 +8.2792361e-02 +4.9843336e+04
9.4791300e-01 +8.0000000e-02 +1.5096500e+01 +1.3241833e-01 -1.4869000e-01 +2.7048125e+00 +1.0335069e+00 +1.2722569e+00 +6.0543194e-01 -2.0716806e-01 +8.1563889e-02 +5.0761423e+04
9.4893500e-01 +8.0000000e-02 +1.5049750e+01 +1.2852833e-01 -1.4447833e-01 +2.7373819e+00 +1.0278611e+00 +1.2781458e+00 +6.1417014e-01 -2.0009583e-01 +8.0302778e-02 +5.1713891e+04
9.4994500e-01 +8.0000000e-02 +1.5002417e+01 +1.2454000e-01 -1.3999750e-01 +2.7714236e+00 +1.0220208e+00 +1.2840556e+00 +6.2282222e-01 -1.9318750e-01 +7.9006944e-02 +5.2703994e+04
9.5094300e-01 +8.0000000e-02 +1.4954333e+01 +1.2046000e-01 -1.3524500e-01 +2.8069722e+00 +1.0159653e+00 +1.2899514e+00 +6.3137986e-01 -1.8645764e-01 +7.7670139e-02 +5.3735562e+04
9.5192800e-01 +8.0000000e-02 +1.4905500e+01 +1.1629417e-01 -1.3021583e-01 +2.8440694e+00 +1.0096667e+00 +1.2957986e+00 +6.3983681e-01 -1.7991181e-01 +7.6288194e-02 +5.4811996e+04
9.5290100e-01 +8.0000000e-02 +1.4856000e+01 +1.1205000e-01 -1.2490667e-01 +2.8827569e+00 +1.0030972e+00 +1.3015625e+00 +6.4818750e-01 -1.7355278e-01 +7.4857639e-02 +5.5935310e+04
9.5386300e-01 +8.0000000e-02 +1.4805750e+01 +1.0773583e-01 -1.1931083e-01 +2.9230833e+00 +9.9624306e-01 +1.3072222e+00 +6.5642500e-01 -1.6737778e-01 +7.3378472e-02 +5.7106474e+04
9.5481200e-01 +8.0000000e-02 +1.4754750e+01 +1.0335750e-01 -1.1342333e-01 +2.9651181e+00 +9.8908333e-01 +1.3127569e+00 +6.6454167e-01 -1.6138125e-01 +7.1854861e-02 +5.8325016e+04
9.5575000e-01 +8.0000000e-02 +1.4703000e+01 +9.8925000e-02 -1.0723333e-01 +3.0088889e+00 +9.8159722e-01 +1.3181389e+00 +6.7252917e-01 -1.5555972e-01 +7.0292361e-02 +5.9590037e+04
9.5667600e-01 +8.0000000e-02 +1.4650417e+01 +9.4448333e-02 -1.0073083e-01 +3.0544375e+00 +9.7377778e-01 +1.3233333e+00 +6.8037708e-01 -1.4990833e-01 +6.8694861e-02 +6.0901817e+04
9.5759100e-01 +8.0000000e-02 +1.4597000e+01 +8.9935000e-02 -9.3903333e-02 +3.1017847e+00 +9.6560417e-01 +1.3283194e+00 +6.8807222e-01 -1.4442014e-01 +6.7068333e-02 +6.2262936e+04
9.5849500e-01 +8.0000000e-02 +1.4542667e+01 +8.5395833e-02 -8.6740000e-02 +3.1509236e+00 +9.5705556e-01 +1.3330694e+00 +6.9559722e-01 -1.3908819e-01 +6.5418333e-02 +6.3678540e+04
9.5938700e-01 +8.0000000e-02 +1.4487500e+01 +8.0838083e-02 -7.9231917e-02 +3.2018958e+00 +9.4813194e-01 +1.3375694e+00 +7.0294444e-01 -1.3390208e-01 +6.3751806e-02 +6.5153711e+04
9.6026800e-01 +8.0000000e-02 +1.4431333e+01 +7.6270833e-02 -7.1374333e-02 +3.2547292e+00 +9.3879861e-01 +1.3418264e+00 +7.1008333e-01 -1.2885417e-01 +6.2076667e-02 +6.6690673e+04
9.6113800e-01 +8.0000000e-02 +1.4374167e+01 +7.1701917e-02 -6.3164417e-02 +3.3095139e+00 +9.2904861e-01 +1.3458333e+00 +7.1702083e-01 -1.2393889e-01 +6.0401458e-02 +6.8287956e+04
9.6199700e-01 +8.0000000e-02 +1.4315917e+01 +6.7139583e-02 -5.4602833e-02 +3.3662917e+00 +9.1886111e-01 +1.3496042e+00 +7.2372222e-01 -1.1915208e-01 +5.8734514e-02 +6.9943195e+04
9.6284500e-01 +8.0000000e-02 +1.4256667e+01 +6.2592167e-02 -4.5692750e-02 +3.4251319e+00 +9.0821528e-01 +1.3531250e+00 +7.3019444e-01 -1.1448611e-01 +5.7082431e-02 +7.1654621e+04
9.6368300e-01 +8.0000000e-02 +1.4196250e+01 +5.8068500e-02 -3.6439750e-02 +3.4860486e+00 +8.9710417e-01 +1.3563889e+00 +7.3641667e-01 -1.0992847e-01 +5.5448681e-02 +7.3425188e+04
9.6451000e-01 +8.0000000e-02 +1.4134667e+01 +5.3577750e-02 -2.6851417e-02 +3.5490764e+00 +8.8552083e-01 +1.3593472e+00 +7.4238194e-01 -1.0545764e-01 +5.3832569e-02 +7.5255612e+04
9.6532700e-01 +8.0000000e-02 +1.4071833e+01 +4.9129583e-02 -1.6937083e-02 +3.6142153e+00 +8.7344444e-01 +1.3619792e+00 +7.4807639e-01 -1.0105417e-01 +5.2229931e-02 +7.7148717e+04
9.6613400e-01 +8.0000000e-02 +1.4007667e+01 +4.4734250e-02 -6.7080833e-03 +3.6814722e+00 +8.6086806e-01 +1.3642569e+00 +7.5348611e-01 -9.6701389e-02 +5.0635278e-02 +7.9109342e+04
9.6693000e-01 +8.0000000e-02 +1.3942167e+01 +4.0402500e-02 +3.8230833e-03 +3.7508542e+00 +8.4779861e-01 +1.3661806e+00 +7.5859722e-01 -9.2386111e-02 +4.9043403e-02 +8.1139644e+04
9.6771600e-01 +8.0000000e-02 +1.3875083e+01 +3.6145250e-02 +1.4642417e-02 +3.8223611e+00 +8.3422222e-01 +1.3677569e+00 +7.6336806e-01 -8.8101389e-02 +4.7450764e-02 +8.3240338e+04
9.6849200e-01 +8.0000000e-02 +1.3806500e+01 +3.1973250e-02 +2.5734583e-02 +3.8960000e+00 +8.2014583e-01 +1.3690069e+00 +7.6777778e-01 -8.3838889e-02 +4.5855625e-02 +8.5410054e+04
9.6925900e-01 +8.0000000e-02 +1.3736333e+01 +2.7897000e-02 +3.7082583e-02 +3.9717847e+00 +8.0556250e-01 +1.3699583e+00 +7.7179167e-01 -7.9595139e-02 +4.4256667e-02 +8.7646072e+04
9.7001500e-01 +8.0000000e-02 +1.3664250e+01 +2.3926250e-02 +4.8667417e-02 +4.0497083e+00 +7.9047917e-01 +1.3706319e+00 +7.7537500e-01 -7.5365278e-02 +4.2652708e-02 +8.9949129e+04
9.7076200e-01 +8.0000000e-02 +1.3590333e+01 +2.0070000e-02 +6.0466917e-02 +4.1297569e+00 +7.7489583e-01 +1.3710278e+00 +7.7848611e-01 -7.1147222e-02 +4.1042083e-02 +9.2321303e+04
9.7150000e-01 +8.0000000e-02 +1.3514333e+01 +1.6336333e-02 +7.2455500e-02 +4.2119306e+00 +7.5882639e-01 +1.3711181e+00 +7.8110417e-01 -6.6938333e-02 +3.9422847e-02 +9.4766131e+04
9.7222800e-01 +8.0000000e-02 +1.3436167e+01 +1.2732750e-02 +8.4604167e-02 +4.2961944e+00 +7.4225694e-01 +1.3708819e+00 +7.8319444e-01 -6.2729375e-02 +3.7793750e-02 +9.7287801e+04
9.7294600e-01 +8.0000000e-02 +1.3355583e+01 +9.2661667e-03 +9.6880000e-02 +4.3825417e+00 +7.2521528e-01 +1.3702847e+00 +7.8473611e-01 -5.8502639e-02 +3.6154028e-02 +9.9887751e+04
9.7365600e-01 +8.0000000e-02 +1.3272500e+01 +5.9431250e-03 +1.0924917e-01 +4.4709306e+00 +7.0770833e-01 +1.3692986e+00 +7.8568750e-01 -5.4231944e-02 +3.4503889e-02 +1.0256391e+05
9.7435600e-01 +8.0000000e-02 +1.3186750e+01 +2.7698333e-03 +1.2167417e-01 +4.5613056e+00 +6.8974722e-01 +1.3679097e+00 +7.8604167e-01 -4.9886806e-02 +3.2844306e-02 +1.0531353e+05
9.7504800e-01 +8.0000000e-02 +1.3098167e+01 -2.4762750e-04 +1.3411833e-01 +4.6535833e+00 +6.7135694e-01 +1.3661181e+00 +7.8577083e-01 -4.5437986e-02 +3.1177292e-02 +1.0812764e+05
9.7573000e-01 +8.0000000e-02 +1.3006417e+01 -3.1034083e-03 +1.4654333e-01 +4.7476458e+00 +6.5255833e-01 +1.3639167e+00 +7.8485417e-01 -4.0862361e-02 +2.9505417e-02 +1.1100071e+05
9.7640400e-01 +8.0000000e-02 +1.2911417e+01 -5.7919500e-03 +1.5891083e-01 +4.8433472e+00 +6.3337778e-01 +1.3613056e+00 +7.8326389e-01 -3.6144167e-02 +2.7832917e-02 +1.1392512e+05
9.7706800e-01 +8.0000000e-02 +1.2812917e+01 -8.3081333e-03 +1.7118083e-01 +4.9404792e+00 +6.1384236e-01 +1.3582778e+00 +7.8097917e-01 -3.1274306e-02 +2.6166111e-02 +1.1689332e+05
9.7772500e-01 +8.0000000e-02 +1.2710583e+01 -1.0647417e-02 +1.8331500e-01 +5.0388056e+00 +5.9398264e-01 +1.3548125e+00 +7.7796528e-01 -2.6248472e-02 +2.4513472e-02 +1.1989901e+05
9.7837300e-01 +8.0000000e-02 +1.2604250e+01 -1.2806167e-02 +1.9527250e-01 +5.1380347e+00 +5.7383056e-01 +1.3508889e+00 +7.7419444e-01 -2.1066181e-02 +2.2885556e-02 +1.2293462e+05
9.7901200e-01 +8.0000000e-02 +1.2493667e+01 -1.4781333e-02 +2.0701250e-01 +5.2378056e+00 +5.5341806e-01 +1.3464583e+00 +7.6963194e-01 -1.5731389e-02 +2.1293542e-02 +1.2599186e+05
9.7964300e-01 +8.0000000e-02 +1.2378583e+01 -1.6571167e-02 +2.1849417e-01 +5.3376944e+00 +5.3278194e-01 +1.3414792e+00 +7.6425000e-01 -1.0253194e-02 +1.9747986e-02 +1.2906307e+05
9.8026600e-01 +8.0000000e-02 +1.2258583e+01 -1.8174500e-02 +2.2967500e-01 +5.4372292e+00 +5.1195694e-01 +1.3358750e+00 +7.5800694e-01 -4.6459861e-03 +1.8257847e-02 +1.3214135e+05
9.8088100e-01 +8.0000000e-02 +1.2133500e+01 -1.9591417e-02 +2.4051167e-01 +5.5358264e+00 +4.9098333e-01 +1.3295625e+00 +7.5086806e-01 +1.0702083e-03 +1.6830278e-02 +1.3522045e+05
9.8148700e-01 +8.0000000e-02 +1.2002917e+01 -2.0822500e-02 +2.5096167e-01 +5.6328750e+00 +4.6990000e-01 +1.3224583e+00 +7.4279167e-01 +6.8700764e-03 +1.5470278e-02 +1.3829206e+05
9.8208600e-01 +8.0000000e-02 +1.1866500e+01 -2.1869583e-02 +2.6097833e-01 +5.7276458e+00 +4.4874931e-01 +1.3144653e+00 +7.3373611e-01 +1.2723056e-02 +1.4181181e-02 +1.4134502e+05
9.8267700e-01 +8.0000000e-02 +1.1723917e+01 -2.2735000e-02 +2.7051833e-01 +5.8193472e+00 +4.2757500e-01 +1.3054653e+00 +7.2365972e-01 +1.8593750e-02 +1.2964722e-02 +1.4436683e+05
9.8326100e-01 +8.0000000e-02 +1.1574917e+01 -2.3422250e-02 +2.7953500e-01 +5.9070833e+00 +4.0642292e-01 +1.2953681e+00 +7.1252083e-01 +2.4442986e-02 +1.1821319e-02 +1.4734004e+05
9.8383600e-01 +8.0000000e-02 +1.1418917e+01 -2.3935667e-02 +2.8798417e-01 +5.9898750e+00 +3.8533819e-01 +1.2840694e+00 +7.0027778e-01 +3.0228542e-02 +1.0750903e-02 +1.5024662e+05
9.8440400e-01 +8.0000000e-02 +1.1255750e+01 -2.4280417e-02 +2.9581833e-01 +6.0666042e+00 +3.6437014e-01 +1.2714583e+00 +6.8688333e-01 +3.5906042e-02 +9.7527083e-03 +1.5306627e+05
9.8496500e-01 +8.0000000e-02 +1.1084833e+01 -2.4462500e-02 +3.0299417e-01 +6.1360625e+00 +3.4356667e-01 +1.2574375e+00 +6.7230278e-01 +4.1430000e-02 +8.8263194e-03 +1.5578011e+05
9.8551800e-01 +8.0000000e-02 +1.0905833e+01 -2.4488833e-02 +3.0946667e-01 +6.1969097e+00 +3.2297778e-01 +1.2419167e+00 +6.5650000e-01 +4.6754028e-02 +7.9713194e-03 +1.5836584e+05
9.8606400e-01 +8.0000000e-02 +1.0718333e+01 -2.4366917e-02 +3.1519333e-01 +6.2476875e+00 +3.0265486e-01 +1.2248125e+00 +6.3944167e-01 +5.1830486e-02 +7.1874306e-03 +1.6080169e+05
9.8660300e-01 +8.0000000e-02 +1.0521917e+01 -2.4105000e-02 +3.2013083e-01 +6.2868125e+00 +2.8264861e-01 +1.2060417e+00 +6.2110208e-01 +5.6609861e-02 +6.4741042e-03 +1.6306384e+05
9.8713400e-01 +8.0000000e-02 +1.0316167e+01 -2.3711750e-02 +3.2424083e-01 +6.3125903e+00 +2.6301042e-01 +1.1855486e+00 +6.0146111e-01 +6.1040139e-02 +5.8302361e-03 +1.6512851e+05
9.8765900e-01 +8.0000000e-02 +1.0100750e+01 -2.3196583e-02 +3.2748500e-01 +6.3232292e+00 +2.4379097e-01 +1.1632708e+00 +5.8050486e-01 +6.5066667e-02 +5.2537222e-03 +1.6697232e+05
9.8817700e-01 +8.0000000e-02 +9.8750833e+00 -2.2569167e-02 +3.2982750e-01 +6.3168333e+00 +2.2504236e-01 +1.1391667e+00 +5.5823194e-01 +6.8632569e-02 +4.7414444e-03 +1.6857211e+05
9.8868800e-01 +8.0000000e-02 +9.6389167e+00 -2.1839667e-02 +3.3123500e-01 +6.2914444e+00 +2.0681250e-01 +1.1132014e+00 +5.3465000e-01 +7.1680556e-02 +4.2893125e-03 +1.6991012e+05
9.8919200e-01 +8.0000000e-02 +9.3917500e+00 -2.1018583e-02 +3.3167833e-01 +6.2450833e+00 +1.8915000e-01 +1.0853472e+00 +5.0978194e-01 +7.4153472e-02 +3.8924722e-03 +1.7096927e+05
9.8968900e-01 +8.0000000e-02 +9.1334167e+00 -2.0116667e-02 +3.3113083e-01 +6.1757431e+00 +1.7210139e-01 +1.0555972e+00 +4.8366736e-01 +7.5997917e-02 +3.5456042e-03 +1.7173938e+05
9.9018000e-01 +8.0000000e-02 +8.8634167e+00 -1.9144750e-02 +3.2956833e-01 +6.0815000e+00 +1.5571042e-01 +1.0239514e+00 +4.5636875e-01 +7.7164583e-02 +3.2432431e-03 +1.7221638e+05
9.9066400e-01 +8.0000000e-02 +8.5815833e+00 -1.8113833e-02 +3.2697250e-01 +5.9605208e+00 +1.4001806e-01 +9.9043056e-01 +4.2797222e-01 +7.7612500e-02 +2.9799653e-03 +1.7240818e+05
9.9114200e-01 +8.0000000e-02 +8.2878000e+00 -1.7035083e-02 +3.2332917e-01 +5.8111944e+00 +1.2506458e-01 +9.5506944e-01 +3.9859583e-01 +7.7309028e-02 +2.7505903e-03 +1.7233359e+05
9.9161300e-01 +8.0000000e-02 +7.9818250e+00 -1.5919250e-02 +3.1862667e-01 +5.6321736e+00 +1.1088472e-01 +9.1790278e-01 +3.6838889e-01 +7.6233333e-02 +2.5502361e-03 +1.7202974e+05
9.9207900e-01 +8.0000000e-02 +7.6636750e+00 -1.4777417e-02 +3.1286000e-01 +5.4225417e+00 +9.7511111e-02 +8.7898611e-01 +3.3753889e-01 +7.4379861e-02 +2.3742778e-03 +1.7155418e+05
9.9253700e-01 +8.0000000e-02 +7.3334333e+00 -1.3620083e-02 +3.0602667e-01 +5.1819028e+00 +8.4973611e-02 +8.3836111e-01 +3.0627500e-01 +7.1757639e-02 +2.2182917e-03 +1.7098963e+05
9.9299000e-01 +8.0000000e-02 +6.9912833e+00 -1.2457583e-02 +2.9812917e-01 +4.9105347e+00 +7.3295833e-02 +7.9608333e-01 +2.7486597e-01 +6.8398264e-02 +2.0779653e-03 +1.7044574e+05
9.9343700e-01 +8.0000000e-02 +6.6375750e+00 -1.1300000e-02 +2.8917417e-01 +4.6095486e+00 +6.2500486e-02 +7.5218750e-01 +2.4362431e-01 +6.4353681e-02 +1.9490000e-03 +1.7005794e+05
9.9387800e-01 +8.0000000e-02 +6.2728000e+00 -1.0156917e-02 +2.7916833e-01 +4.2810278e+00 +5.2603472e-02 +7.0671528e-01 +2.1289792e-01 +5.9699306e-02 +1.8270278e-03 +1.6998253e+05
9.9431300e-01 +8.0000000e-02 +5.8976083e+00 -9.0375000e-03 +2.6812417e-01 +3.9281528e+00 +4.3616597e-02 +6.5968750e-01 +1.8306597e-01 +5.4533889e-02 +1.7076528e-03 +1.7038644e+05
9.9474200e-01 +8.0000000e-02 +5.5128167e+00 -7.9505167e-03 +2.5605333e-01 +3.5552917e+00 +3.5546181e-02 +6.1112708e-01 +1.5452986e-01 +4.8977986e-02 +1.5866111e-03 +1.7142576e+05
9.9516500e-01 +8.0000000e-02 +5.1194250e+00 -6.9043083e-03 +2.4296917e-01 +3.1680278e+00 +2.8391944e-02 +5.6106806e-01 +1.2769167e-01 +4.3170208e-02 +1.4600139e-03 +1.7322764e+05
9.9558300e-01 +8.0000000e-02 +4.7185667e+00 -5.9067500e-03 +2.2888667e-01 +2.7730833e+00 +2.2146458e-02 +5.0956806e-01 +1.0294167e-01 +3.7262083e-02 +1.3248056e-03 +1.7586100e+05
9.9599500e-01 +8.0000000e-02 +4.3115333e+00 -4.9653333e-03 +2.1381917e-01 +2.3781458e+00 +1.6793542e-02 +4.5674028e-01 +8.0627778e-02 +3.1411389e-02 +1.1791736e-03 +1.7931475e+05
9.9640100e-01 +8.0000000e-02 +3.8997083e+00 -4.0871500e-03 +1.9778083e-01 +1.9915625e+00 +1.2306875e-02 +4.0278056e-01 +6.1035833e-02 +2.5774236e-02 +1.0230903e-03 +1.8348818e+05
9.9680200e-01 +8.0000000e-02 +3.4845500e+00 -3.2789167e-03 +1.8078667e-01 +1.6219167e+00 +8.6482639e-03 +3.4801250e-01 +4.4358611e-02 +2.0496389e-02 +8.5860417e-04 +1.8819580e+05
9.9719800e-01 +8.0000000e-02 +3.0675333e+00 -2.5469667e-03 +1.6284917e-01 +1.2774931e+00 +5.7660000e-03 +2.9293125e-01 +3.0676250e-02 +1.5704722e-02 +6.9011250e-04 +1.9320779e+05
9.9758800e-01 +8.0000000e-02 +2.6500917e+00 -1.8972333e-03 +1.4398417e-01 +9.6574306e-01 +3.5933194e-03 +2.3825833e-01 +1.9939444e-02 +1.1499583e-02 +5.2419722e-04 +1.9831449e+05
9.9797300e-01 +8.0000000e-02 +2.2335500e+00 -1.3352750e-03 +1.2420750e-01 +6.9275278e-01 +2.0477917e-03 +1.8499931e-01 +1.1964861e-02 +7.9490972e-03 +3.6917500e-04 +2.0342241e+05
9.9835300e-01 +8.0000000e-02 +1.8190833e+00 -8.6619167e-04 +1.0353667e-01 +4.6292639e-01 +1.0317292e-03 +1.3449792e-01 +6.4444097e-03 +5.0865347e-03 +2.3409236e-04 +2.0864907e+05
9.9872800e-01 +8.0000000e-02 +1.4076750e+00 -4.9464083e-04 +8.1992250e-02 +2.7886319e-01 +4.3462917e-04 +8.8497917e-02 +2.9690903e-03 +2.9108958e-03 +1.2718125e-04 +2.1440269e+05
9.9909700e-01 +8.0000000e-02 +1.0000750e+00 -2.2481167e-04 +5.9598250e-02 +1.4153889e-01 +1.3851667e-04 +4.9205278e-02 +1.0653819e-03 +1.3894306e-03 +5.3817986e-05 +2.2143845e+05
9.9946200e-01 +8.0000000e-02 +5.9682500e-01 -6.0243250e-05 +3.6382417e-02 +5.0735903e-02 +2.7354722e-05 +1.9369583e-02 +2.3863819e-04 +4.6206736e-04 +1.4198681e-05 +2.3084592e+05
9.9982100e-01 +8.0000000e-02 +1.9822083e-01 +0.0000000e+00 +1.2384583e-02 +5.6521389e-03 +1.9983472e-06 +2.3965903e-03 +1.5615694e-05 +4.6414792e-05 +1.1020833e-06 +2.4295634e+05
1.0000000e+00 +8.0000000e-02 +0.0000000e+00 +0.0000000e+00 +0.0000000e+00 +0.0000000e+00 +0.0000000e+00 +0.0000000e+00 +0.0000000e+00 +0.0000000e+00 +0.0000000e+00 +2.4295556e+05
