#    y              z              <u>            <v>            <w>            <u'u'>         <v'v'>         <w'w'>         <u'v'>         <u'w'>         <v'w'>         <eps>         
#----------------------------------------------------------------------------------------------------------------------------------------------------------------------------------
0.0000000e+00 +5.0000000e-02 +0.0000000e+00 +0.0000000e+00 +0.0000000e+00 +0.0000000e+00 +0.0000000e+00 +0.0000000e+00 +0.0000000e+00 +0.0000000e+00 +0.0000000e+00 +2.0115347e+05
1.7900000e-04 +5.0000000e-02 +2.0011917e-01 +2.3999500e-05 +1.7532333e-02 +4.6505764e-03 +1.4177361e-06 +1.9957292e-03 -1.1770486e-05 +3.5296389e-04 -9.2418750e-07 +2.0115427e+05
5.3800000e-04 +5.0000000e-02 +6.0255417e-01 +8.3393333e-05 +5.1049333e-02 +4.1777708e-02 +1.9487569e-05 +1.6235486e-02 -1.8020208e-04 +3.1527431e-03 -1.1550000e-05 +1.9140858e+05
9.0300000e-04 +5.0000000e-02 +1.0097333e+00 +1.7061250e-04 +8.2921583e-02 +1.1662569e-01 +9.9037500e-05 +4.1457153e-02 -8.0680556e-04 +8.7134722e-03 -4.3615694e-05 +1.8366251e+05
1.2720000e-03 +5.0000000e-02 +1.4213917e+00 +2.7579750e-04 +1.1307417e-01 +2.2996736e-01 +3.1187778e-04 +7.4891667e-02 -2.2567639e-03 +1.6943472e-02 -1.0403472e-04 +1.7774315e+05
1.6470000e-03 +5.0000000e-02 +1.8370917e+00 +3.8841833e-04 +1.4145417e-01 +3.8218542e-01 +7.4302778e-04 +1.1423194e-01 -4.9204931e-03 +2.7672708e-02 -1.9604514e-04 +1.7284017e+05
2.0270000e-03 +5.0000000e-02 +2.2561750e+00 +4.9733583e-04 +1.6801333e-01 +5.7279792e-01 +1.4800972e-03 +1.5755764e-01 -9.1843750e-03 +4.0640694e-02 -3.2176181e-04 +1.6836021e+05
2.4120000e-03 +5.0000000e-02 +2.6777750e+00 +5.9078417e-04 +1.9271083e-01 +8.0007639e-01 +2.6064792e-03 +2.0328333e-01 -1.5398889e-02 +5.5493403e-02 -4.8437153e-04 +1.6394237e+05
2.8020000e-03 +5.0000000e-02 +3.1008333e+00 +6.5635667e-04 +2.1551167e-01 +1.0608403e+00 +4.1972986e-03 +2.5012639e-01 -2.3849722e-02 +7.1790278e-02 -6.8964792e-04 +1.5944004e+05
3.1980000e-03 +5.0000000e-02 +3.5241250e+00 +6.8100250e-04 +2.3638750e-01 +1.3504097e+00 +6.3175000e-03 +2.9707014e-01 -3.4734861e-02 +8.9022222e-02 -9.4668750e-04 +1.5488148e+05
3.5990000e-03 +5.0000000e-02 +3.9462750e+00 +6.5105250e-04 +2.5531417e-01 +1.6628194e+00 +9.0213194e-03 +3.4333403e-01 -4.8151528e-02 +1.0663472e-01 -1.2678819e-03 +1.5041599e+05
4.0050000e-03 +5.0000000e-02 +4.3658583e+00 +5.5227667e-04 +2.7227167e-01 +1.9911319e+00 +1.2352778e-02 +3.8833611e-01 -6.4092708e-02 +1.2406042e-01 -1.6682500e-03 +1.4624833e+05
4.4170000e-03 +5.0000000e-02 +4.7813917e+00 +3.6999833e-04 +2.8724583e-01 +2.3278681e+00 +1.6346528e-02 +4.3166458e-01 -8.2452083e-02 +1.4075069e-01 -2.1644167e-03 +1.4258130e+05
4.8350000e-03 +5.0000000e-02 +5.1914250e+00 +8.9246667e-05 +3.0023083e-01 +2.6654931e+00 +2.1029167e-02 +4.7304028e-01 -1.0303681e-01 +1.5620556e-01 -2.7732986e-03 +1.3957098e+05
5.2580000e-03 +5.0000000e-02 +5.5945417e+00 -3.0503917e-04 +3.1122417e-01 +2.9967917e+00 +2.6420417e-02 +5.1229236e-01 -1.2558194e-01 +1.7000069e-01 -3.5109028e-03 +1.3730744e+05
5.6870000e-03 +5.0000000e-02 +5.9894583e+00 -8.2777667e-04 +3.2023333e-01 +3.3152431e+00 +3.2534236e-02 +5.4932847e-01 -1.4977083e-01 +1.8180139e-01 -4.3911111e-03 +1.3580485e+05
6.1220000e-03 +5.0000000e-02 +6.3749833e+00 -1.4934750e-03 +3.2727500e-01 +3.6152708e+00 +3.9379931e-02 +5.8411806e-01 -1.7525347e-01 +1.9137569e-01 -5.4248264e-03 +1.3501152e+05
6.5630000e-03 +5.0000000e-02 +6.7501083e+00 -2.3159833e-03 +3.3237417e-01 +3.8923889e+00 +4.6962431e-02 +6.1667431e-01 -2.0166250e-01 +1.9859306e-01 -6.6193194e-03 +1.3482460e+05
7.0100000e-03 +5.0000000e-02 +7.1139583e+00 -3.3082083e-03 +3.3556917e-01 +4.1432500e+00 +5.5283333e-02 +6.4704167e-01 -2.2862847e-01 +2.0341806e-01 -7.9779861e-03 +1.3510893e+05
7.4630000e-03 +5.0000000e-02 +7.4658333e+00 -4.4819083e-03 +3.3690833e-01 +4.3656528e+00 +6.4340764e-02 +6.7528472e-01 -2.5579514e-01 +2.0590139e-01 -9.5004861e-03 +1.3571503e+05
7.9210000e-03 +5.0000000e-02 +7.8052000e+00 -5.8474667e-03 +3.3645250e-01 +4.5584306e+00 +7.4129861e-02 +7.0148611e-01 -2.8282708e-01 +2.0616319e-01 -1.1182778e-02 +1.3649214e+05
8.3870000e-03 +5.0000000e-02 +8.1316917e+00 -7.4137250e-03 +3.3427167e-01 +4.7213264e+00 +8.4642361e-02 +7.2573611e-01 -3.0941875e-01 +2.0437847e-01 -1.3017917e-02 +1.3730353e+05
8.8580000e-03 +5.0000000e-02 +8.4450833e+00 -9.1879167e-03 +3.3044750e-01 +4.8548750e+00 +9.5868056e-02 +7.4813194e-01 -3.3529722e-01 +2.0075833e-01 -1.4996667e-02 +1.3803115e+05
9.3360000e-03 +5.0000000e-02 +8.7452500e+00 -1.1175333e-02 +3.2507167e-01 +4.9602431e+00 +1.0779167e-01 +7.6877778e-01 -3.6022708e-01 +1.9553819e-01 -1.7107847e-02 +1.3858075e+05
9.8200000e-03 +5.0000000e-02 +9.0323333e+00 -1.3379833e-02 +3.1824083e-01 +5.0390486e+00 +1.2039653e-01 +7.8777778e-01 -3.8401181e-01 +1.8896111e-01 -1.9338889e-02 +1.3888130e+05
1.0311000e-02 +5.0000000e-02 +9.3063333e+00 -1.5803083e-02 +3.1005917e-01 +5.0932639e+00 +1.3366319e-01 +8.0524306e-01 -4.0649028e-01 +1.8126944e-01 -2.1676667e-02 +1.3888503e+05
1.0808000e-02 +5.0000000e-02 +9.5675833e+00 -1.8445250e-02 +3.0063583e-01 +5.1250486e+00 +1.4756667e-01 +8.2126389e-01 -4.2753889e-01 +1.7269444e-01 -2.4107361e-02 +1.3856681e+05
1.1312000e-02 +5.0000000e-02 +9.8163333e+00 -2.1304750e-02 +2.9008167e-01 +5.1366806e+00 +1.6208194e-01 +8.3594444e-01 -4.4706806e-01 +1.6345347e-01 -2.6616736e-02 +1.3791839e+05
1.1823000e-02 +5.0000000e-02 +1.0053000e+01 -2.4378417e-02 +2.7850667e-01 +5.1304583e+00 +1.7717917e-01 +8.4938194e-01 -4.6501806e-01 +1.5374444e-01 -2.9190694e-02 +1.3694524e+05
1.2341000e-02 +5.0000000e-02 +1.0277917e+01 -2.7661583e-02 +2.6602333e-01 +5.1086250e+00 +1.9282639e-01 +8.6166667e-01 -4.8135764e-01 +1.4374236e-01 -3.1815069e-02 +1.3566595e+05
1.2866000e-02 +5.0000000e-02 +1.0491667e+01 -3.1148250e-02 +2.5273833e-01 +5.0733194e+00 +2.0898819e-01 +8.7289583e-01 -4.9607917e-01 +1.3360278e-01 -3.4475694e-02 +1.3410464e+05
1.3397000e-02 +5.0000000e-02 +1.0694583e+01 -3.4831417e-02 +2.3875917e-01 +5.0265625e+00 +2.2562708e-01 +8.8314583e-01 -5.0919444e-01 +1.2345347e-01 -3.7158889e-02 +1.3229080e+05
1.3936000e-02 +5.0000000e-02 +1.0887167e+01 -3.8702833e-02 +2.2418500e-01 +4.9702014e+00 +2.4270278e-01 +8.9250694e-01 -5.2073194e-01 +1.1339861e-01 -3.9851458e-02 +1.3025619e+05
1.4482000e-02 +5.0000000e-02 +1.1070000e+01 -4.2753417e-02 +2.0911250e-01 +4.9059236e+00 +2.6017361e-01 +9.0106250e-01 -5.3073472e-01 +1.0352014e-01 -4.2541181e-02 +1.2803435e+05
1.5035000e-02 +5.0000000e-02 +1.1243500e+01 -4.6973333e-02 +1.9363250e-01 +4.8352431e+00 +2.7799583e-01 +9.0888889e-01 -5.3925556e-01 +9.3872917e-02 -4.5217292e-02 +1.2565815e+05
1.5596000e-02 +5.0000000e-02 +1.1408167e+01 -5.1352000e-02 +1.7783083e-01 +4.7595139e+00 +2.9612569e-01 +9.1604861e-01 -5.4635486e-01 +8.4492361e-02 -4.7870486e-02 +1.2315699e+05
1.6164000e-02 +5.0000000e-02 +1.1564417e+01 -5.5878333e-02 +1.6178750e-01 +4.6799167e+00 +3.1451736e-01 +9.2261806e-01 -5.5210000e-01 +7.5395139e-02 -5.0493542e-02 +1.2056148e+05
1.6739000e-02 +5.0000000e-02 +1.1712833e+01 -6.0540417e-02 +1.4557833e-01 +4.5975069e+00 +3.3312708e-01 +9.2865278e-01 -5.5656389e-01 +6.6581597e-02 -5.3080833e-02 +1.1789882e+05
1.7323000e-02 +5.0000000e-02 +1.1853833e+01 -6.5325917e-02 +1.2927250e-01 +4.5131806e+00 +3.5190972e-01 +9.3420833e-01 -5.5982153e-01 +5.8040833e-02 -5.5627986e-02 +1.1519345e+05
1.7914000e-02 +5.0000000e-02 +1.1987750e+01 -7.0221750e-02 +1.1293750e-01 +4.4277292e+00 +3.7082222e-01 +9.3934028e-01 -5.6195069e-01 +4.9756111e-02 -5.8131319e-02 +1.1246891e+05
1.8513000e-02 +5.0000000e-02 +1.2115083e+01 -7.5214583e-02 +9.6634167e-02 +4.3418264e+00 +3.8982222e-01 +9.4408333e-01 -5.6302917e-01 +4.1707778e-02 -6.0587431e-02 +1.0974333e+05
1.9119000e-02 +5.0000000e-02 +1.2236250e+01 -8.0290583e-02 +8.0418917e-02 +4.2560486e+00 +4.0887014e-01 +9.4847917e-01 -5.6313333e-01 +3.3875347e-02 -6.2992778e-02 +1.0703401e+05
1.9734000e-02 +5.0000000e-02 +1.2351500e+01 -8.5435833e-02 +6.4345250e-02 +4.1708958e+00 +4.2792639e-01 +9.5256944e-01 -5.6233889e-01 +2.6237500e-02 -6.5344097e-02 +1.0435419e+05
2.0357000e-02 +5.0000000e-02 +1.2461250e+01 -9.0635833e-02 +4.8461833e-02 +4.0867708e+00 +4.4695417e-01 +9.5636806e-01 -5.6071875e-01 +1.8772083e-02 -6.7638056e-02 +1.0171423e+05
2.0988000e-02 +5.0000000e-02 +1.2565917e+01 -9.5875833e-02 +3.2814000e-02 +4.0040069e+00 +4.6592083e-01 +9.5991667e-01 -5.5834236e-01 +1.1455208e-02 -6.9871528e-02 +9.9124509e+04
2.1627000e-02 +5.0000000e-02 +1.2665667e+01 -1.0114250e-01 +1.7443333e-02 +3.9228681e+00 +4.8479444e-01 +9.6323611e-01 -5.5527778e-01 +4.2622014e-03 -7.2041667e-02 +9.6592627e+04
2.2275000e-02 +5.0000000e-02 +1.2760917e+01 -1.0642083e-01 +2.3881667e-03 +3.8435833e+00 +5.0354583e-01 +9.6634722e-01 -5.5158819e-01 -2.8316458e-03 -7.4146528e-02 +9.4125499e+04
2.2932000e-02 +5.0000000e-02 +1.2851833e+01 -1.1169667e-01 -1.2316667e-02 +3.7663125e+00 +5.2214861e-01 +9.6927083e-01 -5.4733681e-01 -9.8499306e-03 -7.6184722e-02 +9.1728622e+04
2.3596000e-02 +5.0000000e-02 +1.2938833e+01 -1.1695500e-01 -2.6639333e-02 +3.6911875e+00 +5.4057778e-01 +9.7200694e-01 -5.4258194e-01 -1.6814306e-02 -7.8156250e-02 +8.9406094e+04
2.4270000e-02 +5.0000000e-02 +1.3022000e+01 -1.2218250e-01 -4.0551417e-02 +3.6183264e+00 +5.5881111e-01 +9.7457639e-01 -5.3737778e-01 -2.3744931e-02 -8.0062500e-02 +8.7159983e+04
2.4952000e-02 +5.0000000e-02 +1.3101583e+01 -1.2736500e-01 -5.4027333e-02 +3.5478125e+00 +5.7682778e-01 +9.7698611e-01 -5.3177500e-01 -3.0661528e-02 -8.1905556e-02 +8.4992296e+04
2.5644000e-02 +5.0000000e-02 +1.3177833e+01 -1.3248917e-01 -6.7044333e-02 +3.4797153e+00 +5.9460972e-01 +9.7924306e-01 -5.2582014e-01 -3.7584931e-02 -8.3686806e-02 +8.2905794e+04
2.6344000e-02 +5.0000000e-02 +1.3250917e+01 -1.3754333e-01 -7.9581917e-02 +3.4140694e+00 +6.1213958e-01 +9.8134028e-01 -5.1955347e-01 -4.4537292e-02 -8.5409028e-02 +8.0901800e+04
2.7054000e-02 +5.0000000e-02 +1.3321083e+01 -1.4251417e-01 -9.1621667e-02 +3.3509028e+00 +6.2940556e-01 +9.8328472e-01 -5.1301181e-01 -5.1540833e-02 -8.7074306e-02 +7.8982385e+04
2.7772000e-02 +5.0000000e-02 +1.3388500e+01 -1.4739250e-01 -1.0314750e-01 +3.2902292e+00 +6.4639583e-01 +9.8507639e-01 -5.0622708e-01 -5.8616597e-02 -8.8684028e-02 +7.7146798e+04
2.8500000e-02 +5.0000000e-02 +1.3453167e+01 -1.5216833e-01 -1.1414500e-01 +3.2320347e+00 +6.6310347e-01 +9.8672222e-01 -4.9922917e-01 -6.5784514e-02 -9.0240278e-02 +7.5390887e+04
2.9238000e-02 +5.0000000e-02 +1.3515417e+01 -1.5683167e-01 -1.2460250e-01 +3.1763056e+00 +6.7952361e-01 +9.8822917e-01 -4.9204375e-01 -7.3065278e-02 -9.1741667e-02 +7.3713207e+04
2.9985000e-02 +5.0000000e-02 +1.3575250e+01 -1.6137500e-01 -1.3450917e-01 +3.1230208e+00 +6.9565278e-01 +9.8959028e-01 -4.8469444e-01 -8.0482639e-02 -9.3185417e-02 +7.2110961e+04
3.0741000e-02 +5.0000000e-02 +1.3632917e+01 -1.6578917e-01 -1.4385667e-01 +3.0721458e+00 +7.1148611e-01 +9.9081944e-01 -4.7720486e-01 -8.8061806e-02 -9.4567361e-02 +7.0584823e+04
3.1508000e-02 +5.0000000e-02 +1.3688500e+01 -1.7006667e-01 -1.5263917e-01 +3.0236528e+00 +7.2703472e-01 +9.9191667e-01 -4.6959653e-01 -9.5828472e-02 -9.5882639e-02 +6.9135337e+04
3.2284000e-02 +5.0000000e-02 +1.3742000e+01 -1.7420083e-01 -1.6085167e-01 +2.9775069e+00 +7.4228472e-01 +9.9288889e-01 -4.6189028e-01 -1.0380764e-01 -9.7125000e-02 +6.7763365e+04
3.3070000e-02 +5.0000000e-02 +1.3793667e+01 -1.7818333e-01 -1.6849333e-01 +2.9337014e+00 +7.5724306e-01 +9.9374306e-01 -4.5410764e-01 -1.1201736e-01 -9.8290278e-02 +6.6467500e+04
3.3866000e-02 +5.0000000e-02 +1.3843583e+01 -1.8200750e-01 -1.7556667e-01 +2.8922431e+00 +7.7191667e-01 +9.9450000e-01 -4.4626806e-01 -1.2046944e-01 -9.9376389e-02 +6.5244614e+04
3.4673000e-02 +5.0000000e-02 +1.3891750e+01 -1.8566667e-01 -1.8207417e-01 +2.8531389e+00 +7.8631250e-01 +9.9516667e-01 -4.3838958e-01 -1.2916528e-01 -1.0038194e-01 +6.4090307e+04
3.5490000e-02 +5.0000000e-02 +1.3938250e+01 -1.8915333e-01 -1.8802500e-01 +2.8163889e+00 +8.0043056e-01 +9.9575000e-01 -4.3048819e-01 -1.3810000e-01 -1.0130764e-01 +6.3000330e+04
3.6317000e-02 +5.0000000e-02 +1.3983250e+01 -1.9246083e-01 -1.9342750e-01 +2.7819792e+00 +8.1428472e-01 +9.9626389e-01 -4.2257847e-01 -1.4726389e-01 -1.0215347e-01 +6.1970585e+04
3.7155000e-02 +5.0000000e-02 +1.4026750e+01 -1.9558333e-01 -1.9829250e-01 +2.7498750e+00 +8.2788194e-01 +9.9670833e-01 -4.1467153e-01 -1.5664861e-01 -1.0292083e-01 +6.0997809e+04
3.8003000e-02 +5.0000000e-02 +1.4068750e+01 -1.9851417e-01 -2.0263000e-01 +2.7200000e+00 +8.4124306e-01 +9.9709028e-01 -4.0677500e-01 -1.6624653e-01 -1.0360972e-01 +6.0080402e+04
3.8862000e-02 +5.0000000e-02 +1.4109417e+01 -2.0124750e-01 -2.0645250e-01 +2.6922847e+00 +8.5436806e-01 +9.9740972e-01 -3.9889861e-01 -1.7604792e-01 -1.0422014e-01 +5.9218162e+04
3.9732000e-02 +5.0000000e-02 +1.4148833e+01 -2.0377750e-01 -2.0976917e-01 +2.6666458e+00 +8.6727083e-01 +9.9765972e-01 -3.9104931e-01 -1.8604583e-01 -1.0475069e-01 +5.8411092e+04
4.0613000e-02 +5.0000000e-02 +1.4186917e+01 -2.0609833e-01 -2.1259417e-01 +2.6430069e+00 +8.7997222e-01 +9.9784722e-01 -3.8323542e-01 -1.9623264e-01 -1.0520208e-01 +5.7657810e+04
4.1505000e-02 +5.0000000e-02 +1.4223833e+01 -2.0820583e-01 -2.1494000e-01 +2.6213403e+00 +8.9248611e-01 +9.9797222e-01 -3.7546597e-01 -2.0660764e-01 -1.0557292e-01 +5.6955397e+04
4.2409000e-02 +5.0000000e-02 +1.4259583e+01 -2.1009500e-01 -2.1681917e-01 +2.6016042e+00 +9.0481250e-01 +9.9804167e-01 -3.6774722e-01 -2.1717639e-01 -1.0586458e-01 +5.6299550e+04
4.3324000e-02 +5.0000000e-02 +1.4294250e+01 -2.1176083e-01 -2.1824667e-01 +2.5837847e+00 +9.1697222e-01 +9.9806944e-01 -3.6008472e-01 -2.2794861e-01 -1.0607639e-01 +5.5686584e+04
4.4250000e-02 +5.0000000e-02 +1.4327917e+01 -2.1319917e-01 -2.1923500e-01 +2.5678681e+00 +9.2897917e-01 +9.9806944e-01 -3.5248750e-01 -2.3893889e-01 -1.0620764e-01 +5.5114274e+04
4.5188000e-02 +5.0000000e-02 +1.4360500e+01 -2.1440333e-01 -2.1979833e-01 +2.5538056e+00 +9.4083333e-01 +9.9804167e-01 -3.4496250e-01 -2.5016181e-01 -1.0625694e-01 +5.4582907e+04
4.6137000e-02 +5.0000000e-02 +1.4392083e+01 -2.1537083e-01 -2.1994917e-01 +2.5415278e+00 +9.5256250e-01 +9.9800000e-01 -3.3751944e-01 -2.6162917e-01 -1.0622292e-01 +5.4094494e+04
4.7099000e-02 +5.0000000e-02 +1.4422750e+01 -2.1609667e-01 -2.1970333e-01 +2.5309931e+00 +9.6417361e-01 +9.9794444e-01 -3.3016667e-01 -2.7334236e-01 -1.0610486e-01 +5.3650089e+04
4.8072000e-02 +5.0000000e-02 +1.4452417e+01 -2.1657750e-01 -2.1907417e-01 +2.5221458e+00 +9.7567361e-01 +9.9788194e-01 -3.2291250e-01 -2.8529167e-01 -1.0590208e-01 +5.3248867e+04
4.9057000e-02 +5.0000000e-02 +1.4481250e+01 -2.1681250e-01 -2.1807833e-01 +2.5149514e+00 +9.8707639e-01 +9.9781944e-01 -3.1576597e-01 -2.9745556e-01 -1.0561111e-01 +5.2889253e+04
5.0055000e-02 +5.0000000e-02 +1.4509167e+01 -2.1679833e-01 -2.1673167e-01 +2.5093889e+00 +9.9838889e-01 +9.9776389e-01 -3.0873542e-01 -3.0980556e-01 -1.0523125e-01 +5.2569805e+04
5.1065000e-02 +5.0000000e-02 +1.4536250e+01 -2.1653500e-01 -2.1505333e-01 +2.5054375e+00 +1.0096389e+00 +9.9775000e-01 -3.0182847e-01 -3.2231250e-01 -1.0476528e-01 +5.2287693e+04
5.2087000e-02 +5.0000000e-02 +1.4562500e+01 -2.1602167e-01 -2.1306250e-01 +2.5030764e+00 +1.0208194e+00 +9.9778472e-01 -2.9505278e-01 -3.3494722e-01 -1.0422014e-01 +5.2038836e+04
5.3122000e-02 +5.0000000e-02 +1.4587917e+01 -2.1525750e-01 -2.1078167e-01 +2.5022917e+00 +1.0319444e+00 +9.9789583e-01 -2.8841458e-01 -3.4767917e-01 -1.0360347e-01 +5.1819718e+04
5.4170000e-02 +5.0000000e-02 +1.4612583e+01 -2.1424167e-01 -2.0823500e-01 +2.5030486e+00 +1.0430208e+00 +9.9808333e-01 -2.8192431e-01 -3.6047847e-01 -1.0292292e-01 +5.1628892e+04
5.5231000e-02 +5.0000000e-02 +1.4636583e+01 -2.1297500e-01 -2.0544750e-01 +2.5052778e+00 +1.0540556e+00 +9.9835417e-01 -2.7559306e-01 -3.7331736e-01 -1.0218472e-01 +5.1467971e+04
5.6304000e-02 +5.0000000e-02 +1.4659750e+01 -2.1145583e-01 -2.0244167e-01 +2.5089167e+00 +1.0650625e+00 +9.9871528e-01 -2.6943472e-01 -3.8617569e-01 -1.0139514e-01 +5.1340729e+04
5.7391000e-02 +5.0000000e-02 +1.4682250e+01 -2.0968667e-01 -1.9924083e-01 +2.5138889e+00 +1.0760347e+00 +9.9916667e-01 -2.6346528e-01 -3.9904653e-01 -1.0056042e-01 +5.1249205e+04
5.8491000e-02 +5.0000000e-02 +1.4704000e+01 -2.0766750e-01 -1.9586750e-01 +2.5201319e+00 +1.0869931e+00 +9.9970833e-01 -2.5769792e-01 -4.1192569e-01 -9.9688194e-02 +5.1190361e+04
5.9604000e-02 +5.0000000e-02 +1.4725167e+01 -2.0540083e-01 -1.9234083e-01 +2.5276250e+00 +1.0979444e+00 +1.0003472e+00 -2.5214444e-01 -4.2481181e-01 -9.8784028e-02 +5.1157963e+04
6.0730000e-02 +5.0000000e-02 +1.4745667e+01 -2.0288750e-01 -1.8868333e-01 +2.5363194e+00 +1.1089167e+00 +1.0010694e+00 -2.4681528e-01 -4.3769444e-01 -9.7854167e-02 +5.1146592e+04
6.1870000e-02 +5.0000000e-02 +1.4765583e+01 -2.0013333e-01 -1.8491167e-01 +2.5461667e+00 +1.1199167e+00 +1.0018889e+00 -2.4171875e-01 -4.5055278e-01 -9.6900694e-02 +5.1152515e+04
6.3024000e-02 +5.0000000e-02 +1.4784833e+01 -1.9714000e-01 -1.8104333e-01 +2.5571111e+00 +1.1309514e+00 +1.0027917e+00 -2.3686250e-01 -4.6335486e-01 -9.5927778e-02 +5.1174552e+04
6.4192000e-02 +5.0000000e-02 +1.4803583e+01 -1.9391250e-01 -1.7709583e-01 +2.5690833e+00 +1.1420417e+00 +1.0037778e+00 -2.3224861e-01 -4.7606597e-01 -9.4934722e-02 +5.1213550e+04
6.5374000e-02 +5.0000000e-02 +1.4821750e+01 -1.9045750e-01 -1.7308583e-01 +2.5819931e+00 +1.1531944e+00 +1.0048194e+00 -2.2787431e-01 -4.8866181e-01 -9.3920833e-02 +5.1271211e+04
6.6570000e-02 +5.0000000e-02 +1.4839333e+01 -1.8677833e-01 -1.6903083e-01 +2.5957431e+00 +1.1644097e+00 +1.0059097e+00 -2.2373333e-01 -5.0112986e-01 -9.2882639e-02 +5.1347969e+04
6.7780000e-02 +5.0000000e-02 +1.4856500e+01 -1.8288333e-01 -1.6494667e-01 +2.6102292e+00 +1.1756944e+00 +1.0070486e+00 -2.1982014e-01 -5.1345764e-01 -9.1813889e-02 +5.1442227e+04
6.9004000e-02 +5.0000000e-02 +1.4873167e+01 -1.7878000e-01 -1.6084500e-01 +2.6253403e+00 +1.1870486e+00 +1.0082361e+00 -2.1613194e-01 -5.2562569e-01 -9.0705556e-02 +5.1551689e+04
7.0243000e-02 +5.0000000e-02 +1.4889417e+01 -1.7447667e-01 -1.5673583e-01 +2.6410000e+00 +1.1984653e+00 +1.0095000e+00 -2.1266667e-01 -5.3761597e-01 -8.9547222e-02 +5.1673769e+04
7.1496000e-02 +5.0000000e-02 +1.4905250e+01 -1.6998250e-01 -1.5262417e-01 +2.6571806e+00 +1.2099444e+00 +1.0108403e+00 -2.0942014e-01 -5.4942986e-01 -8.8329861e-02 +5.1805858e+04
7.2765000e-02 +5.0000000e-02 +1.4920750e+01 -1.6530750e-01 -1.4851333e-01 +2.6738681e+00 +1.2214653e+00 +1.0122708e+00 -2.0638542e-01 -5.6109792e-01 -8.7045833e-02 +5.1947184e+04
7.4048000e-02 +5.0000000e-02 +1.4935833e+01 -1.6046500e-01 -1.4440667e-01 +2.6910694e+00 +1.2330000e+00 +1.0137986e+00 -2.0354792e-01 -5.7266458e-01 -8.5689583e-02 +5.2100425e+04
7.5346000e-02 +5.0000000e-02 +1.4950583e+01 -1.5546750e-01 -1.4031333e-01 +2.7087292e+00 +1.2445208e+00 +1.0154097e+00 -2.0089028e-01 -5.8416319e-01 -8.4263194e-02 +5.2268247e+04
7.6659000e-02 +5.0000000e-02 +1.4965000e+01 -1.5033083e-01 -1.3624500e-01 +2.7268194e+00 +1.2560139e+00 +1.0170972e+00 -1.9839514e-01 -5.9558611e-01 -8.2775694e-02 +5.2449238e+04
7.7988000e-02 +5.0000000e-02 +1.4979167e+01 -1.4507167e-01 -1.3221583e-01 +2.7452708e+00 +1.2674514e+00 +1.0188681e+00 -1.9604931e-01 -6.0688403e-01 -8.1244444e-02 +5.2638695e+04
7.9332000e-02 +5.0000000e-02 +1.4993000e+01 -1.3970583e-01 -1.2824000e-01 +2.7640417e+00 +1.2788264e+00 +1.0207292e+00 -1.9384028e-01 -6.1797986e-01 -7.9693750e-02 +5.2835138e+04
8.0691000e-02 +5.0000000e-02 +1.5006667e+01 -1.3424667e-01 -1.2432583e-01 +2.7830556e+00 +1.2901319e+00 +1.0226736e+00 -1.9175694e-01 -6.2879028e-01 -7.8145833e-02 +5.3041824e+04
8.2066000e-02 +5.0000000e-02 +1.5020083e+01 -1.2870667e-01 -1.2048000e-01 +2.8022361e+00 +1.3013819e+00 +1.0246528e+00 -1.8979792e-01 -6.3924236e-01 -7.6614583e-02 +5.3260876e+04
8.3457000e-02 +5.0000000e-02 +1.5033333e+01 -1.2309500e-01 -1.1670583e-01 +2.8215208e+00 +1.3125764e+00 +1.0266319e+00 -1.8796458e-01 -6.4930000e-01 -7.5109028e-02 +5.3491852e+04
8.4864000e-02 +5.0000000e-02 +1.5046417e+01 -1.1742167e-01 -1.1300667e-01 +2.8408681e+00 +1.3237222e+00 +1.0285903e+00 -1.8625972e-01 -6.5897569e-01 -7.3638194e-02 +5.3732969e+04
8.6287000e-02 +5.0000000e-02 +1.5059333e+01 -1.1169500e-01 -1.0938167e-01 +2.8602431e+00 +1.3348333e+00 +1.0305278e+00 -1.8467847e-01 -6.6831528e-01 -7.2213194e-02 +5.3981480e+04
8.7726000e-02 +5.0000000e-02 +1.5072167e+01 -1.0592167e-01 -1.0583167e-01 +2.8795903e+00 +1.3459236e+00 +1.0324583e+00 -1.8321736e-01 -6.7735486e-01 -7.0848611e-02 +5.4233725e+04
8.9181000e-02 +5.0000000e-02 +1.5084917e+01 -1.0010917e-01 -1.0235917e-01 +2.8988125e+00 +1.3570069e+00 +1.0344097e+00 -1.8186944e-01 -6.8611181e-01 -6.9561806e-02 +5.4490421e+04
9.0653000e-02 +5.0000000e-02 +1.5097667e+01 -9.4264167e-02 -9.8970833e-02 +2.9178056e+00 +1.3680972e+00 +1.0364028e+00 -1.8061736e-01 -6.9457639e-01 -6.8374306e-02 +5.4753625e+04
9.2141000e-02 +5.0000000e-02 +1.5110333e+01 -8.8392500e-02 -9.5679167e-02 +2.9365139e+00 +1.3791875e+00 +1.0384375e+00 -1.7942917e-01 -7.0272917e-01 -6.7300347e-02 +5.5020354e+04
9.3646000e-02 +5.0000000e-02 +1.5123083e+01 -8.2502333e-02 -9.2497500e-02 +2.9549722e+00 +1.3902917e+00 +1.0405208e+00 -1.7827083e-01 -7.1054167e-01 -6.6330139e-02 +5.5285746e+04
9.5167000e-02 +5.0000000e-02 +1.5135833e+01 -7.6597500e-02 -8.9435833e-02 +2.9732431e+00 +1.4013819e+00 +1.0426389e+00 -1.7712014e-01 -7.1806944e-01 -6.5433403e-02 +5.5547447e+04
9.6706000e-02 +5.0000000e-02 +1.5148500e+01 -7.0682250e-02 -8.6497500e-02 +2.9913750e+00 +1.4124444e+00 +1.0447917e+00 -1.7596181e-01 -7.2537500e-01 -6.4572986e-02 +5.5807827e+04
9.8262000e-02 +5.0000000e-02 +1.5161333e+01 -6.4761667e-02 -8.3692500e-02 +3.0093889e+00 +1.4234514e+00 +1.0469792e+00 -1.7478819e-01 -7.3252083e-01 -6.3714792e-02 +5.6068825e+04
9.9834000e-02 +5.0000000e-02 +1.5174083e+01 -5.8843833e-02 -8.1030917e-02 +3.0272847e+00 +1.4343681e+00 +1.0491875e+00 -1.7360625e-01 -7.3956250e-01 -6.2830556e-02 +5.6328303e+04
1.0142400e-01 +5.0000000e-02 +1.5186917e+01 -5.2938500e-02 -7.8522833e-02 +3.0450764e+00 +1.4451736e+00 +1.0513958e+00 -1.7242778e-01 -7.4652778e-01 -6.1898542e-02 +5.6582731e+04
1.0303200e-01 +5.0000000e-02 +1.5199833e+01 -4.7054000e-02 -7.6165583e-02 +3.0627778e+00 +1.4558611e+00 +1.0535833e+00 -1.7125972e-01 -7.5337500e-01 -6.0907431e-02 +5.6828638e+04
1.0465700e-01 +5.0000000e-02 +1.5212750e+01 -4.1194583e-02 -7.3949833e-02 +3.0803611e+00 +1.4664097e+00 +1.0556875e+00 -1.7009444e-01 -7.6001389e-01 -5.9866250e-02 +5.7069322e+04
1.0629900e-01 +5.0000000e-02 +1.5225667e+01 -3.5360417e-02 -7.1870583e-02 +3.0977361e+00 +1.4768403e+00 +1.0576319e+00 -1.6891667e-01 -7.6632639e-01 -5.8803750e-02 +5.7314956e+04
1.0796000e-01 +5.0000000e-02 +1.5238583e+01 -2.9550250e-02 -6.9924167e-02 +3.1148125e+00 +1.4871597e+00 +1.0593681e+00 -1.6772083e-01 -7.7225694e-01 -5.7746528e-02 +5.7570433e+04
1.0963800e-01 +5.0000000e-02 +1.5251583e+01 -2.3764167e-02 -6.8094833e-02 +3.1315486e+00 +1.4973889e+00 +1.0609375e+00 -1.6652083e-01 -7.7779861e-01 -5.6702153e-02 +5.7826069e+04
1.1133400e-01 +5.0000000e-02 +1.5264500e+01 -1.8005167e-02 -6.6353667e-02 +3.1479375e+00 +1.5075486e+00 +1.0623889e+00 -1.6533056e-01 -7.8299306e-01 -5.5672639e-02 +5.8069231e+04
1.1304800e-01 +5.0000000e-02 +1.5277500e+01 -1.2280250e-02 -6.4673250e-02 +3.1639306e+00 +1.5176319e+00 +1.0637986e+00 -1.6415903e-01 -7.8790278e-01 -5.4667778e-02 +5.8297386e+04
1.1478100e-01 +5.0000000e-02 +1.5290417e+01 -6.5992833e-03 -6.3040167e-02 +3.1795347e+00 +1.5276181e+00 +1.0652431e+00 -1.6301042e-01 -7.9258333e-01 -5.3699514e-02 +5.8513495e+04
1.1653100e-01 +5.0000000e-02 +1.5303250e+01 -9.7240000e-04 -6.1458083e-02 +3.1948056e+00 +1.5374722e+00 +1.0667222e+00 -1.6187847e-01 -7.9706250e-01 -5.2775486e-02 +5.8718331e+04
1.1830100e-01 +5.0000000e-02 +1.5316167e+01 +4.5910500e-03 -5.9937250e-02 +3.2098264e+00 +1.5471458e+00 +1.0682292e+00 -1.6073194e-01 -8.0134028e-01 -5.1891806e-02 +5.8917421e+04
1.2008800e-01 +5.0000000e-02 +1.5329000e+01 +1.0083667e-02 -5.8470917e-02 +3.2246528e+00 +1.5566181e+00 +1.0698125e+00 -1.5951528e-01 -8.0550694e-01 -5.1028056e-02 +5.9115790e+04
1.2189500e-01 +5.0000000e-02 +1.5341917e+01 +1.5503083e-02 -5.7024250e-02 +3.2393611e+00 +1.5658889e+00 +1.0715556e+00 -1.5819097e-01 -8.0968750e-01 -5.0159931e-02 +5.9310981e+04
1.2372000e-01 +5.0000000e-02 +1.5354750e+01 +2.0854500e-02 -5.5554333e-02 +3.2540764e+00 +1.5749792e+00 +1.0734514e+00 -1.5677500e-01 -8.1401389e-01 -4.9280208e-02 +5.9499710e+04
1.2556400e-01 +5.0000000e-02 +1.5367500e+01 +2.6147167e-02 -5.4035417e-02 +3.2689861e+00 +1.5839097e+00 +1.0754097e+00 -1.5531458e-01 -8.1851389e-01 -4.8400347e-02 +5.9680617e+04
1.2742700e-01 +5.0000000e-02 +1.5380250e+01 +3.1386333e-02 -5.2471917e-02 +3.2841806e+00 +1.5927014e+00 +1.0773750e+00 -1.5383819e-01 -8.2314583e-01 -4.7531111e-02 +5.9850976e+04
1.2930900e-01 +5.0000000e-02 +1.5393000e+01 +3.6568167e-02 -5.0893917e-02 +3.2995069e+00 +1.6013194e+00 +1.0793056e+00 -1.5235069e-01 -8.2774306e-01 -4.6673819e-02 +6.0015252e+04
1.3121000e-01 +5.0000000e-02 +1.5405750e+01 +4.1683000e-02 -4.9331083e-02 +3.3145903e+00 +1.6097708e+00 +1.0811528e+00 -1.5085139e-01 -8.3211806e-01 -4.5832361e-02 +6.0184855e+04
1.3313000e-01 +5.0000000e-02 +1.5418667e+01 +4.6726833e-02 -4.7789750e-02 +3.3291458e+00 +1.6180417e+00 +1.0828681e+00 -1.4935833e-01 -8.3615278e-01 -4.5017083e-02 +6.0361703e+04
1.3507000e-01 +5.0000000e-02 +1.5431667e+01 +5.1705250e-02 -4.6259500e-02 +3.3431111e+00 +1.6261528e+00 +1.0844444e+00 -1.4788125e-01 -8.3986806e-01 -4.4237569e-02 +6.0537045e+04
1.3702900e-01 +5.0000000e-02 +1.5444750e+01 +5.6625250e-02 -4.4729500e-02 +3.3564236e+00 +1.6341181e+00 +1.0859167e+00 -1.4641181e-01 -8.4338889e-01 -4.3511458e-02 +6.0704699e+04
1.3900700e-01 +5.0000000e-02 +1.5458083e+01 +6.1490000e-02 -4.3199500e-02 +3.3691181e+00 +1.6419514e+00 +1.0873333e+00 -1.4493958e-01 -8.4685417e-01 -4.2862431e-02 +6.0867213e+04
1.4100500e-01 +5.0000000e-02 +1.5471417e+01 +6.6301833e-02 -4.1691667e-02 +3.3812917e+00 +1.6496389e+00 +1.0887014e+00 -1.4349861e-01 -8.5025694e-01 -4.2289653e-02 +6.1027818e+04
1.4302300e-01 +5.0000000e-02 +1.5485000e+01 +7.1066500e-02 -4.0244417e-02 +3.3930694e+00 +1.6572014e+00 +1.0899653e+00 -1.4213472e-01 -8.5351389e-01 -4.1740347e-02 +6.1181756e+04
1.4506100e-01 +5.0000000e-02 +1.5498583e+01 +7.5792417e-02 -3.8882917e-02 +3.4045556e+00 +1.6646319e+00 +1.0910903e+00 -1.4087431e-01 -8.5658333e-01 -4.1137778e-02 +6.1315491e+04
1.4711800e-01 +5.0000000e-02 +1.5512417e+01 +8.0487583e-02 -3.7615000e-02 +3.4157569e+00 +1.6719028e+00 +1.0920903e+00 -1.3974097e-01 -8.5945833e-01 -4.0418056e-02 +6.1427399e+04
1.4919600e-01 +5.0000000e-02 +1.5526417e+01 +8.5157500e-02 -3.6453917e-02 +3.4266597e+00 +1.6789514e+00 +1.0929653e+00 -1.3875764e-01 -8.6218056e-01 -3.9551042e-02 +6.1531884e+04
1.5129300e-01 +5.0000000e-02 +1.5540583e+01 +8.9803333e-02 -3.5422500e-02 +3.4371944e+00 +1.6857153e+00 +1.0937708e+00 -1.3792917e-01 -8.6475000e-01 -3.8545069e-02 +6.1636473e+04
1.5341000e-01 +5.0000000e-02 +1.5554833e+01 +9.4419167e-02 -3.4536250e-02 +3.4472847e+00 +1.6921667e+00 +1.0945139e+00 -1.3722361e-01 -8.6711806e-01 -3.7436528e-02 +6.1738601e+04
1.5554800e-01 +5.0000000e-02 +1.5569250e+01 +9.8986667e-02 -3.3797917e-02 +3.4570347e+00 +1.6982708e+00 +1.0951597e+00 -1.3657986e-01 -8.6923611e-01 -3.6265833e-02 +6.1826825e+04
1.5770600e-01 +5.0000000e-02 +1.5583667e+01 +1.0348167e-01 -3.3200167e-02 +3.4666528e+00 +1.7040139e+00 +1.0957361e+00 -1.3589028e-01 -8.7113889e-01 -3.5056875e-02 +6.1887765e+04
1.5988400e-01 +5.0000000e-02 +1.5598250e+01 +1.0789250e-01 -3.2735000e-02 +3.4761667e+00 +1.7094028e+00 +1.0963542e+00 -1.3502917e-01 -8.7286806e-01 -3.3837431e-02 +6.1931504e+04
1.6208200e-01 +5.0000000e-02 +1.5612833e+01 +1.1221917e-01 -3.2412417e-02 +3.4854375e+00 +1.7145000e+00 +1.0970069e+00 -1.3393889e-01 -8.7444444e-01 -3.2646806e-02 +6.1980504e+04
1.6430000e-01 +5.0000000e-02 +1.5627417e+01 +1.1646500e-01 -3.2246667e-02 +3.4944861e+00 +1.7193958e+00 +1.0976042e+00 -1.3262431e-01 -8.7585417e-01 -3.1493819e-02 +6.2043512e+04
1.6654000e-01 +5.0000000e-02 +1.5642000e+01 +1.2062833e-01 -3.2225333e-02 +3.5034722e+00 +1.7241875e+00 +1.0981736e+00 -1.3108819e-01 -8.7715278e-01 -3.0369167e-02 +6.2104744e+04
1.6879900e-01 +5.0000000e-02 +1.5656500e+01 +1.2470583e-01 -3.2299167e-02 +3.5124375e+00 +1.7289792e+00 +1.0988333e+00 -1.2930903e-01 -8.7849306e-01 -2.9282500e-02 +6.2145334e+04
1.7107900e-01 +5.0000000e-02 +1.5670833e+01 +1.2870333e-01 -3.2412000e-02 +3.5210694e+00 +1.7338125e+00 +1.0998056e+00 -1.2728472e-01 -8.7993750e-01 -2.8228542e-02 +6.2170175e+04
1.7338000e-01 +5.0000000e-02 +1.5684917e+01 +1.3264250e-01 -3.2547583e-02 +3.5290625e+00 +1.7387153e+00 +1.1012569e+00 -1.2507847e-01 -8.8150694e-01 -2.7143958e-02 +6.2200227e+04
1.7570100e-01 +5.0000000e-02 +1.5698917e+01 +1.3653417e-01 -3.2736667e-02 +3.5365903e+00 +1.7436458e+00 +1.1030000e+00 -1.2275625e-01 -8.8315972e-01 -2.5960417e-02 +6.2228943e+04
1.7804300e-01 +5.0000000e-02 +1.5712583e+01 +1.4037917e-01 -3.3010750e-02 +3.5438958e+00 +1.7485417e+00 +1.1045139e+00 -1.2034306e-01 -8.8481944e-01 -2.4664444e-02 +6.2246746e+04
1.8040600e-01 +5.0000000e-02 +1.5726083e+01 +1.4416750e-01 -3.3387250e-02 +3.5508264e+00 +1.7533333e+00 +1.1054861e+00 -1.1781042e-01 -8.8625694e-01 -2.3337431e-02 +6.2260680e+04
1.8278900e-01 +5.0000000e-02 +1.5739417e+01 +1.4788750e-01 -3.3869917e-02 +3.5570139e+00 +1.7579583e+00 +1.1060208e+00 -1.1507569e-01 -8.8722222e-01 -2.2102639e-02 +6.2282948e+04
1.8519300e-01 +5.0000000e-02 +1.5752500e+01 +1.5152917e-01 -3.4437667e-02 +3.5621667e+00 +1.7624097e+00 +1.1065069e+00 -1.1212292e-01 -8.8760417e-01 -2.0979028e-02 +6.2321479e+04
1.8761700e-01 +5.0000000e-02 +1.5765250e+01 +1.5510250e-01 -3.5035250e-02 +3.5662014e+00 +1.7667083e+00 +1.1073125e+00 -1.0899583e-01 -8.8752083e-01 -1.9876528e-02 +6.2372293e+04
1.9006300e-01 +5.0000000e-02 +1.5777750e+01 +1.5863500e-01 -3.5572750e-02 +3.5694444e+00 +1.7708819e+00 +1.1085069e+00 -1.0570486e-01 -8.8719444e-01 -1.8712361e-02 +6.2422146e+04
1.9252900e-01 +5.0000000e-02 +1.5789917e+01 +1.6216500e-01 -3.5973000e-02 +3.5722222e+00 +1.7749514e+00 +1.1098125e+00 -1.0224931e-01 -8.8680556e-01 -1.7425903e-02 +6.2459682e+04
1.9501600e-01 +5.0000000e-02 +1.5801583e+01 +1.6571250e-01 -3.6184500e-02 +3.5744028e+00 +1.7789514e+00 +1.1109861e+00 -9.8640972e-02 -8.8646528e-01 -1.5977153e-02 +6.2488413e+04
1.9752400e-01 +5.0000000e-02 +1.5813000e+01 +1.6927417e-01 -3.6184083e-02 +3.5756597e+00 +1.7829653e+00 +1.1119236e+00 -9.4860417e-02 -8.8611806e-01 -1.4389722e-02 +6.2509801e+04
2.0005300e-01 +5.0000000e-02 +1.5824083e+01 +1.7282000e-01 -3.6007583e-02 +3.5759722e+00 +1.7870417e+00 +1.1126806e+00 -9.0841667e-02 -8.8559722e-01 -1.2702917e-02 +6.2528263e+04
2.0260200e-01 +5.0000000e-02 +1.5834750e+01 +1.7630750e-01 -3.5732250e-02 +3.5756181e+00 +1.7911875e+00 +1.1133403e+00 -8.6506250e-02 -8.8484722e-01 -1.0944444e-02 +6.2560816e+04
2.0517200e-01 +5.0000000e-02 +1.5844917e+01 +1.7972333e-01 -3.5425083e-02 +3.5754722e+00 +1.7953403e+00 +1.1137222e+00 -8.1836111e-02 -8.8386806e-01 -9.1332639e-03 +6.2606804e+04
2.0776300e-01 +5.0000000e-02 +1.5854583e+01 +1.8308167e-01 -3.5101167e-02 +3.5762569e+00 +1.7994375e+00 +1.1135486e+00 -7.6945139e-02 -8.8260417e-01 -7.2860417e-03 +6.2670364e+04
2.1037500e-01 +5.0000000e-02 +1.5863667e+01 +1.8640083e-01 -3.4734667e-02 +3.5779306e+00 +1.8034375e+00 +1.1127986e+00 -7.2004167e-02 -8.8111111e-01 -5.4796181e-03 +6.2750442e+04
2.1300800e-01 +5.0000000e-02 +1.5872250e+01 +1.8970500e-01 -3.4328000e-02 +3.5799028e+00 +1.8073264e+00 +1.1116875e+00 -6.7138333e-02 -8.7951389e-01 -3.8248889e-03 +6.2832799e+04
2.1566100e-01 +5.0000000e-02 +1.5880500e+01 +1.9300250e-01 -3.3889167e-02 +3.5818333e+00 +1.8110486e+00 +1.1106528e+00 -6.2331667e-02 -8.7795833e-01 -2.4107639e-03 +6.2894443e+04
2.1833500e-01 +5.0000000e-02 +1.5888500e+01 +1.9628083e-01 -3.3393750e-02 +3.5840139e+00 +1.8145139e+00 +1.1100903e+00 -5.7432014e-02 -8.7668750e-01 -1.2358403e-03 +6.2943019e+04
2.2102900e-01 +5.0000000e-02 +1.5896167e+01 +1.9952667e-01 -3.2814500e-02 +3.5874097e+00 +1.8176319e+00 +1.1100556e+00 -5.2341736e-02 -8.7587500e-01 -1.4680903e-04 +6.2992297e+04
2.2374400e-01 +5.0000000e-02 +1.5903333e+01 +2.0273417e-01 -3.2112083e-02 +3.5929653e+00 +1.8203750e+00 +1.1102986e+00 -4.7103542e-02 -8.7575694e-01 +9.8253472e-04 +6.3031308e+04
2.2648000e-01 +5.0000000e-02 +1.5910167e+01 +2.0591833e-01 -3.1257167e-02 +3.6005556e+00 +1.8227847e+00 +1.1106667e+00 -4.1928194e-02 -8.7656250e-01 +2.1765556e-03 +6.3052701e+04
2.2923600e-01 +5.0000000e-02 +1.5916333e+01 +2.0909583e-01 -3.0306833e-02 +3.6091736e+00 +1.8249931e+00 +1.1113194e+00 -3.7053750e-02 -8.7827083e-01 +3.5146597e-03 +6.3054185e+04
2.3201300e-01 +5.0000000e-02 +1.5922000e+01 +2.1227750e-01 -2.9274917e-02 +3.6179931e+00 +1.8271319e+00 +1.1123681e+00 -3.2590486e-02 -8.8066667e-01 +5.0984861e-03 +6.3034562e+04
2.3481000e-01 +5.0000000e-02 +1.5926917e+01 +2.1544583e-01 -2.8106917e-02 +3.6263264e+00 +1.8292986e+00 +1.1137917e+00 -2.8503403e-02 -8.8345139e-01 +6.9037847e-03 +6.2999144e+04
2.3762700e-01 +5.0000000e-02 +1.5931250e+01 +2.1858583e-01 -2.6812250e-02 +3.6336111e+00 +1.8315139e+00 +1.1154306e+00 -2.4603750e-02 -8.8614583e-01 +8.7822222e-03 +6.2970840e+04
2.4046400e-01 +5.0000000e-02 +1.5935000e+01 +2.2169500e-01 -2.5473917e-02 +3.6398889e+00 +1.8337222e+00 +1.1170694e+00 -2.0760208e-02 -8.8840972e-01 +1.0574514e-02 +6.2976360e+04
2.4332200e-01 +5.0000000e-02 +1.5938083e+01 +2.2477667e-01 -2.4164333e-02 +3.6460347e+00 +1.8358958e+00 +1.1184097e+00 -1.6928958e-02 -8.9010417e-01 +1.2253056e-02 +6.2999150e+04
2.4620000e-01 +5.0000000e-02 +1.5940500e+01 +2.2779917e-01 -2.2914083e-02 +3.6523819e+00 +1.8380486e+00 +1.1192083e+00 -1.2956597e-02 -8.9124306e-01 +1.3908403e-02 +6.3007233e+04
2.4909800e-01 +5.0000000e-02 +1.5942333e+01 +2.3072000e-01 -2.1691333e-02 +3.6586250e+00 +1.8401875e+00 +1.1193958e+00 -8.6667361e-03 -8.9186806e-01 +1.5559861e-02 +6.3014582e+04
2.5201500e-01 +5.0000000e-02 +1.5943500e+01 +2.3353500e-01 -2.0390500e-02 +3.6647431e+00 +1.8422778e+00 +1.1191389e+00 -4.0352917e-03 -8.9218056e-01 +1.7163681e-02 +6.3049012e+04
2.5495300e-01 +5.0000000e-02 +1.5944083e+01 +2.3624750e-01 -1.8932500e-02 +3.6708889e+00 +1.8443125e+00 +1.1188958e+00 +7.7386111e-04 -8.9262500e-01 +1.8612708e-02 +6.3107132e+04
2.5791000e-01 +5.0000000e-02 +1.5944083e+01 +2.3884333e-01 -1.7380917e-02 +3.6769306e+00 +1.8463125e+00 +1.1191181e+00 +5.6561667e-03 -8.9345139e-01 +1.9907847e-02 +6.3169576e+04
2.6088700e-01 +5.0000000e-02 +1.5943500e+01 +2.4135000e-01 -1.5855917e-02 +3.6823958e+00 +1.8483056e+00 +1.1199583e+00 +1.0694375e-02 -8.9454861e-01 +2.1173611e-02 +6.3233043e+04
2.6388300e-01 +5.0000000e-02 +1.5942417e+01 +2.4381500e-01 -1.4447500e-02 +3.6869653e+00 +1.8502708e+00 +1.1212708e+00 +1.5915486e-02 -8.9570139e-01 +2.2411319e-02 +6.3300154e+04
2.6689900e-01 +5.0000000e-02 +1.5940750e+01 +2.4623667e-01 -1.3201583e-02 +3.6907014e+00 +1.8521806e+00 +1.1226667e+00 +2.1305764e-02 -8.9686111e-01 +2.3533542e-02 +6.3363143e+04
2.6993400e-01 +5.0000000e-02 +1.5938583e+01 +2.4856917e-01 -1.2127333e-02 +3.6935972e+00 +1.8540347e+00 +1.1236042e+00 +2.6859722e-02 -8.9786111e-01 +2.4555764e-02 +6.3395844e+04
2.7298800e-01 +5.0000000e-02 +1.5935917e+01 +2.5079583e-01 -1.1177250e-02 +3.6962569e+00 +1.8558125e+00 +1.1238889e+00 +3.2500694e-02 -8.9867361e-01 +2.5567778e-02 +6.3394984e+04
2.7606100e-01 +5.0000000e-02 +1.5932417e+01 +2.5290917e-01 -1.0235750e-02 +3.6994653e+00 +1.8573889e+00 +1.1235625e+00 +3.8110972e-02 -8.9927083e-01 +2.6651736e-02 +6.3382997e+04
2.7915300e-01 +5.0000000e-02 +1.5928083e+01 +2.5485583e-01 -9.2227500e-03 +3.7034861e+00 +1.8586944e+00 +1.1228542e+00 +4.3653958e-02 -8.9938889e-01 +2.7803542e-02 +6.3397880e+04
2.8226400e-01 +5.0000000e-02 +1.5922750e+01 +2.5658833e-01 -8.1060083e-03 +3.7084583e+00 +1.8597569e+00 +1.1219792e+00 +4.9298542e-02 -8.9891667e-01 +2.8872500e-02 +6.3423388e+04
2.8539300e-01 +5.0000000e-02 +1.5916500e+01 +2.5813000e-01 -6.8532250e-03 +3.7139375e+00 +1.8607014e+00 +1.1207083e+00 +5.5200972e-02 -8.9803472e-01 +2.9774722e-02 +6.3475975e+04
2.8854100e-01 +5.0000000e-02 +1.5909250e+01 +2.5949083e-01 -5.4728083e-03 +3.7200069e+00 +1.8617153e+00 +1.1193264e+00 +6.1397917e-02 -8.9725000e-01 +3.0548542e-02 +6.3543838e+04
2.9170600e-01 +5.0000000e-02 +1.5901000e+01 +2.6070333e-01 -3.9000583e-03 +3.7268750e+00 +1.8630000e+00 +1.1183403e+00 +6.7842778e-02 -8.9675694e-01 +3.1191736e-02 +6.3616160e+04
2.9489000e-01 +5.0000000e-02 +1.5891667e+01 +2.6181167e-01 -2.0095917e-03 +3.7342222e+00 +1.8646736e+00 +1.1177986e+00 +7.4343056e-02 -8.9643750e-01 +3.1755625e-02 +6.3717329e+04
2.9809200e-01 +5.0000000e-02 +1.5881583e+01 +2.6285917e-01 +1.4337167e-04 +3.7411181e+00 +1.8667153e+00 +1.1176111e+00 +8.0752778e-02 -8.9596528e-01 +3.2310903e-02 +6.3824731e+04
3.0131100e-01 +5.0000000e-02 +1.5870833e+01 +2.6389333e-01 +2.3959250e-03 +3.7471319e+00 +1.8689722e+00 +1.1176806e+00 +8.7063889e-02 -8.9514583e-01 +3.2837569e-02 +6.3913802e+04
3.0454800e-01 +5.0000000e-02 +1.5859583e+01 +2.6494333e-01 +4.7566500e-03 +3.7526528e+00 +1.8712153e+00 +1.1179236e+00 +9.3382639e-02 -8.9406944e-01 +3.3321250e-02 +6.4006923e+04
3.0780200e-01 +5.0000000e-02 +1.5847917e+01 +2.6596917e-01 +7.3146917e-03 +3.7578264e+00 +1.8733264e+00 +1.1180903e+00 +9.9593056e-02 -8.9316667e-01 +3.3850208e-02 +6.4088391e+04
3.1107400e-01 +5.0000000e-02 +1.5835833e+01 +2.6690750e-01 +1.0010083e-02 +3.7628889e+00 +1.8753194e+00 +1.1179236e+00 +1.0542083e-01 -8.9265278e-01 +3.4392292e-02 +6.4141982e+04
3.1436200e-01 +5.0000000e-02 +1.5823250e+01 +2.6766000e-01 +1.2692000e-02 +3.7688333e+00 +1.8771667e+00 +1.1176528e+00 +1.1087083e-01 -8.9275000e-01 +3.5026319e-02 +6.4171377e+04
3.1766700e-01 +5.0000000e-02 +1.5810167e+01 +2.6818750e-01 +1.5335167e-02 +3.7757986e+00 +1.8787778e+00 +1.1176111e+00 +1.1583125e-01 -8.9336806e-01 +3.5940903e-02 +6.4191014e+04
3.2098800e-01 +5.0000000e-02 +1.5796667e+01 +2.6855250e-01 +1.7842750e-02 +3.7831389e+00 +1.8799792e+00 +1.1177361e+00 +1.2008403e-01 -8.9395139e-01 +3.7182986e-02 +6.4211262e+04
3.2432600e-01 +5.0000000e-02 +1.5783167e+01 +2.6879583e-01 +2.0093667e-02 +3.7893194e+00 +1.8806528e+00 +1.1178403e+00 +1.2387361e-01 -8.9389583e-01 +3.8559097e-02 +6.4235124e+04
3.2768000e-01 +5.0000000e-02 +1.5769667e+01 +2.6888500e-01 +2.2069083e-02 +3.7934306e+00 +1.8808403e+00 +1.1179861e+00 +1.2736389e-01 -8.9302778e-01 +3.9827014e-02 +6.4253726e+04
3.3104900e-01 +5.0000000e-02 +1.5755917e+01 +2.6877583e-01 +2.3866167e-02 +3.7964444e+00 +1.8806250e+00 +1.1181250e+00 +1.3065417e-01 -8.9172222e-01 +4.0892847e-02 +6.4287663e+04
3.3443500e-01 +5.0000000e-02 +1.5741750e+01 +2.6839167e-01 +2.5647000e-02 +3.8004931e+00 +1.8801389e+00 +1.1182639e+00 +1.3396042e-01 -8.9083333e-01 +4.1767639e-02 +6.4343875e+04
3.3783500e-01 +5.0000000e-02 +1.5726750e+01 +2.6763333e-01 +2.7652583e-02 +3.8068681e+00 +1.8795347e+00 +1.1185139e+00 +1.3757847e-01 -8.9104861e-01 +4.2307292e-02 +6.4402520e+04
3.4125100e-01 +5.0000000e-02 +1.5710917e+01 +2.6649417e-01 +2.9960417e-02 +3.8154167e+00 +1.8790069e+00 +1.1188403e+00 +1.4147917e-01 -8.9264583e-01 +4.2324653e-02 +6.4460826e+04
3.4468100e-01 +5.0000000e-02 +1.5694500e+01 +2.6508583e-01 +3.2372833e-02 +3.8240486e+00 +1.8786597e+00 +1.1192083e+00 +1.4538819e-01 -8.9488889e-01 +4.1840556e-02 +6.4495039e+04
3.4812600e-01 +5.0000000e-02 +1.5677750e+01 +2.6352167e-01 +3.4680167e-02 +3.8320486e+00 +1.8785139e+00 +1.1195278e+00 +1.4931597e-01 -8.9678472e-01 +4.1182917e-02 +6.4518175e+04
3.5158500e-01 +5.0000000e-02 +1.5660833e+01 +2.6181083e-01 +3.6794667e-02 +3.8397708e+00 +1.8785625e+00 +1.1196528e+00 +1.5321389e-01 -8.9784028e-01 +4.0553264e-02 +6.4537940e+04
3.5505900e-01 +5.0000000e-02 +1.5643833e+01 +2.5988583e-01 +3.8725500e-02 +3.8471944e+00 +1.8788194e+00 +1.1198056e+00 +1.5696528e-01 -8.9815278e-01 +3.9978264e-02 +6.4575172e+04
3.5854600e-01 +5.0000000e-02 +1.5626750e+01 +2.5763917e-01 +4.0531833e-02 +3.8547292e+00 +1.8792222e+00 +1.1201111e+00 +1.6049583e-01 -8.9812500e-01 +3.9553333e-02 +6.4608998e+04
3.6204600e-01 +5.0000000e-02 +1.5609667e+01 +2.5500750e-01 +4.2203333e-02 +3.8618611e+00 +1.8797778e+00 +1.1203889e+00 +1.6386667e-01 -8.9835417e-01 +3.9305764e-02 +6.4636881e+04
3.6556000e-01 +5.0000000e-02 +1.5592583e+01 +2.5202083e-01 +4.3759250e-02 +3.8677361e+00 +1.8806250e+00 +1.1203333e+00 +1.6709653e-01 -8.9863194e-01 +3.9241181e-02 +6.4658064e+04
3.6908700e-01 +5.0000000e-02 +1.5575750e+01 +2.4875167e-01 +4.5363083e-02 +3.8727292e+00 +1.8818611e+00 +1.1202500e+00 +1.7005278e-01 -8.9885417e-01 +3.9285278e-02 +6.4654307e+04
3.7262600e-01 +5.0000000e-02 +1.5558917e+01 +2.4527667e-01 +4.7210583e-02 +3.8780972e+00 +1.8833889e+00 +1.1203542e+00 +1.7282708e-01 -8.9940972e-01 +3.9229167e-02 +6.4619534e+04
3.7617800e-01 +5.0000000e-02 +1.5541750e+01 +2.4164750e-01 +4.9250500e-02 +3.8850069e+00 +1.8849167e+00 +1.1200972e+00 +1.7559722e-01 -9.0009722e-01 +3.8916458e-02 +6.4578661e+04
3.7974200e-01 +5.0000000e-02 +1.5524000e+01 +2.3782000e-01 +5.1295583e-02 +3.8920556e+00 +1.8862778e+00 +1.1191736e+00 +1.7827361e-01 -9.0047222e-01 +3.8340764e-02 +6.4571865e+04
3.8331700e-01 +5.0000000e-02 +1.5506083e+01 +2.3377583e-01 +5.3174083e-02 +3.8975069e+00 +1.8875208e+00 +1.1175069e+00 +1.8093819e-01 -8.9998611e-01 +3.7469306e-02 +6.4572457e+04
3.8690400e-01 +5.0000000e-02 +1.5487917e+01 +2.2956500e-01 +5.5085500e-02 +3.9009931e+00 +1.8887917e+00 +1.1154792e+00 +1.8359722e-01 -8.9880556e-01 +3.6317986e-02 +6.4566879e+04
3.9050200e-01 +5.0000000e-02 +1.5469417e+01 +2.2524333e-01 +5.7273333e-02 +3.9023750e+00 +1.8901806e+00 +1.1134444e+00 +1.8579792e-01 -8.9754167e-01 +3.5100903e-02 +6.4576718e+04
3.9411100e-01 +5.0000000e-02 +1.5450583e+01 +2.2079417e-01 +5.9660667e-02 +3.9016042e+00 +1.8916250e+00 +1.1116389e+00 +1.8721111e-01 -8.9659028e-01 +3.4006736e-02 +6.4609764e+04
3.9773000e-01 +5.0000000e-02 +1.5431583e+01 +2.1618833e-01 +6.2198917e-02 +3.8990625e+00 +1.8930486e+00 +1.1102569e+00 +1.8777917e-01 -8.9566667e-01 +3.3010625e-02 +6.4689786e+04
4.0135900e-01 +5.0000000e-02 +1.5412583e+01 +2.1140417e-01 +6.4951000e-02 +3.8954028e+00 +1.8945625e+00 +1.1092708e+00 +1.8761736e-01 -8.9409722e-01 +3.2108542e-02 +6.4794122e+04
4.0499800e-01 +5.0000000e-02 +1.5393333e+01 +2.0642500e-01 +6.7827667e-02 +3.8925764e+00 +1.8963125e+00 +1.1085000e+00 +1.8695069e-01 -8.9218750e-01 +3.1299375e-02 +6.4878637e+04
4.0864600e-01 +5.0000000e-02 +1.5373500e+01 +2.0115500e-01 +7.0753500e-02 +3.8906597e+00 +1.8984653e+00 +1.1082569e+00 +1.8607083e-01 -8.9090278e-01 +3.0560764e-02 +6.4925224e+04
4.1230400e-01 +5.0000000e-02 +1.5352917e+01 +1.9547333e-01 +7.3811667e-02 +3.8885139e+00 +1.9010972e+00 +1.1087639e+00 +1.8504792e-01 -8.9024306e-01 +2.9803125e-02 +6.4956876e+04
4.1597000e-01 +5.0000000e-02 +1.5332000e+01 +1.8931417e-01 +7.7114583e-02 +3.8854444e+00 +1.9040764e+00 +1.1095764e+00 +1.8379444e-01 -8.8971528e-01 +2.8945486e-02 +6.5001937e+04
4.1964500e-01 +5.0000000e-02 +1.5311333e+01 +1.8262833e-01 +8.0406250e-02 +3.8811250e+00 +1.9072569e+00 +1.1102083e+00 +1.8245000e-01 -8.8877083e-01 +2.8053611e-02 +6.5073468e+04
4.2332800e-01 +5.0000000e-02 +1.5291000e+01 +1.7537333e-01 +8.3506667e-02 +3.8760625e+00 +1.9105972e+00 +1.1106181e+00 +1.8094306e-01 -8.8755556e-01 +2.6980625e-02 +6.5126760e+04
4.2701900e-01 +5.0000000e-02 +1.5270667e+01 +1.6762750e-01 +8.6450000e-02 +3.8713681e+00 +1.9139583e+00 +1.1109236e+00 +1.7899514e-01 -8.8641667e-01 +2.5826250e-02 +6.5153714e+04
4.3071600e-01 +5.0000000e-02 +1.5250250e+01 +1.5950917e-01 +8.9266667e-02 +3.8675556e+00 +1.9170417e+00 +1.1108819e+00 +1.7653889e-01 -8.8530556e-01 +2.4824583e-02 +6.5184699e+04
4.3442100e-01 +5.0000000e-02 +1.5229917e+01 +1.5113250e-01 +9.2107500e-02 +3.8637500e+00 +1.9196736e+00 +1.1101944e+00 +1.7353125e-01 -8.8414583e-01 +2.4093056e-02 +6.5270358e+04
4.3813300e-01 +5.0000000e-02 +1.5210000e+01 +1.4253583e-01 +9.5081667e-02 +3.8593958e+00 +1.9218819e+00 +1.1090764e+00 +1.6968542e-01 -8.8267361e-01 +2.3398472e-02 +6.5409391e+04
4.4185100e-01 +5.0000000e-02 +1.5190250e+01 +1.3383583e-01 +9.8188333e-02 +3.8549583e+00 +1.9238611e+00 +1.1080625e+00 +1.6449028e-01 -8.8111806e-01 +2.2749097e-02 +6.5612787e+04
4.4557400e-01 +5.0000000e-02 +1.5170667e+01 +1.2519917e-01 +1.0137167e-01 +3.8511389e+00 +1.9259028e+00 +1.1078125e+00 +1.5797361e-01 -8.8022222e-01 +2.2190764e-02 +6.5790291e+04
4.4930400e-01 +5.0000000e-02 +1.5151583e+01 +1.1668000e-01 +1.0450500e-01 +3.8474028e+00 +1.9281806e+00 +1.1081597e+00 +1.5051389e-01 -8.8004167e-01 +2.1627361e-02 +6.5904422e+04
4.5303800e-01 +5.0000000e-02 +1.5133333e+01 +1.0825083e-01 +1.0743500e-01 +3.8436042e+00 +1.9306806e+00 +1.1086458e+00 +1.4226181e-01 -8.8013194e-01 +2.1030208e-02 +6.5993318e+04
4.5677700e-01 +5.0000000e-02 +1.5116083e+01 +9.9851667e-02 +1.1009917e-01 +3.8402083e+00 +1.9332708e+00 +1.1092222e+00 +1.3328194e-01 -8.8054167e-01 +2.0272917e-02 +6.6078168e+04
4.6052100e-01 +5.0000000e-02 +1.5099917e+01 +9.1455833e-02 +1.1257250e-01 +3.8371736e+00 +1.9357222e+00 +1.1096111e+00 +1.2353056e-01 -8.8104167e-01 +1.9441042e-02 +6.6213220e+04
4.6426900e-01 +5.0000000e-02 +1.5084917e+01 +8.2962000e-02 +1.1500917e-01 +3.8355069e+00 +1.9379653e+00 +1.1095972e+00 +1.1305069e-01 -8.8169444e-01 +1.8600486e-02 +6.6311889e+04
4.6802000e-01 +5.0000000e-02 +1.5070917e+01 +7.4279750e-02 +1.1765000e-01 +3.8351875e+00 +1.9399861e+00 +1.1090625e+00 +1.0208125e-01 -8.8260417e-01 +1.7511597e-02 +6.6361755e+04
4.7177500e-01 +5.0000000e-02 +1.5057917e+01 +6.5405417e-02 +1.2043083e-01 +3.8347917e+00 +1.9417222e+00 +1.1085208e+00 +9.0780556e-02 -8.8344444e-01 +1.6082847e-02 +6.6428593e+04
4.7553200e-01 +5.0000000e-02 +1.5045917e+01 +5.6357750e-02 +1.2315000e-01 +3.8348889e+00 +1.9432083e+00 +1.1086528e+00 +7.9371528e-02 -8.8437500e-01 +1.4299931e-02 +6.6518314e+04
4.7929200e-01 +5.0000000e-02 +1.5035250e+01 +4.7155333e-02 +1.2570750e-01 +3.8359653e+00 +1.9445139e+00 +1.1090764e+00 +6.7921250e-02 -8.8555556e-01 +1.2225903e-02 +6.6565441e+04
4.8305400e-01 +5.0000000e-02 +1.5026250e+01 +3.7768250e-02 +1.2804000e-01 +3.8371667e+00 +1.9456667e+00 +1.1097917e+00 +5.6316597e-02 -8.8660417e-01 +9.8172917e-03 +6.6590535e+04
4.8681800e-01 +5.0000000e-02 +1.5019083e+01 +2.8250083e-02 +1.3024667e-01 +3.8367083e+00 +1.9466111e+00 +1.1108542e+00 +4.4383264e-02 -8.8731250e-01 +7.3050000e-03 +6.6645201e+04
4.9058400e-01 +5.0000000e-02 +1.5013667e+01 +1.8747333e-02 +1.3229083e-01 +3.8348472e+00 +1.9473194e+00 +1.1117361e+00 +3.1941250e-02 -8.8737500e-01 +5.0471667e-03 +6.6708123e+04
4.9435000e-01 +5.0000000e-02 +1.5009833e+01 +9.3368333e-03 +1.3392250e-01 +3.8327986e+00 +1.9477986e+00 +1.1124097e+00 +1.9120278e-02 -8.8716667e-01 +2.9653194e-03 +6.6752291e+04
4.9811700e-01 +5.0000000e-02 +1.5007667e+01 +0.0000000e+00 +1.3486583e-01 +3.8315694e+00 +1.9480347e+00 +1.1130486e+00 +6.3279306e-03 -8.8708333e-01 +9.6098611e-04 +6.6776389e+04
5.0188300e-01 +5.0000000e-02 +1.5007667e+01 -9.3368333e-03 +1.3486583e-01 +3.8315694e+00 +1.9480347e+00 +1.1130486e+00 -6.3279306e-03 -8.8708333e-01 -9.6098611e-04 +6.6776389e+04
5.0565000e-01 +5.0000000e-02 +1.5009833e+01 -1.8747333e-02 +1.3392250e-01 +3.8327986e+00 +1.9477986e+00 +1.1124097e+00 -1.9120278e-02 -8.8716667e-01 -2.9653194e-03 +6.6752291e+04
5.0941600e-01 +5.0000000e-02 +1.5013667e+01 -2.8250083e-02 +1.3229083e-01 +3.8348472e+00 +1.9473194e+00 +1.1117361e+00 -3.1941250e-02 -8.8737500e-01 -5.0471667e-03 +6.6708123e+04
5.1318200e-01 +5.0000000e-02 +1.5019083e+01 -3.7768250e-02 +1.3024667e-01 +3.8367083e+00 +1.9466111e+00 +1.1108542e+00 -4.4383264e-02 -8.8731250e-01 -7.3050000e-03 +6.6645201e+04
5.1694600e-01 +5.0000000e-02 +1.5026250e+01 -4.7155333e-02 +1.2804000e-01 +3.8371667e+00 +1.9456667e+00 +1.1097917e+00 -5.6316597e-02 -8.8660417e-01 -9.8172917e-03 +6.6590535e+04
5.2070800e-01 +5.0000000e-02 +1.5035250e+01 -5.6357750e-02 +1.2570750e-01 +3.8359653e+00 +1.9445139e+00 +1.1090764e+00 -6.7921250e-02 -8.8555556e-01 -1.2225903e-02 +6.6565441e+04
5.2446800e-01 +5.0000000e-02 +1.5045917e+01 -6.5405417e-02 +1.2315000e-01 +3.8348889e+00 +1.9432083e+00 +1.1086528e+00 -7.9371528e-02 -8.8437500e-01 -1.4299931e-02 +6.6518314e+04
5.2822500e-01 +5.0000000e-02 +1.5057917e+01 -7.4279750e-02 +1.2043083e-01 +3.8347917e+00 +1.9417222e+00 +1.1085208e+00 -9.0780556e-02 -8.8344444e-01 -1.6082847e-02 +6.6428593e+04
5.3198000e-01 +5.0000000e-02 +1.5070917e+01 -8.2962000e-02 +1.1765000e-01 +3.8351875e+00 +1.9399861e+00 +1.1090625e+00 -1.0208125e-01 -8.8260417e-01 -1.7511597e-02 +6.6361755e+04
5.3573100e-01 +5.0000000e-02 +1.5084917e+01 -9.1455833e-02 +1.1500917e-01 +3.8355069e+00 +1.9379653e+00 +1.1095972e+00 -1.1305069e-01 -8.8169444e-01 -1.8600486e-02 +6.6311889e+04
5.3947900e-01 +5.0000000e-02 +1.5099917e+01 -9.9851667e-02 +1.1257250e-01 +3.8371736e+00 +1.9357222e+00 +1.1096111e+00 -1.2353056e-01 -8.8104167e-01 -1.9441042e-02 +6.6213220e+04
5.4322300e-01 +5.0000000e-02 +1.5116083e+01 -1.0825083e-01 +1.1009917e-01 +3.8402083e+00 +1.9332708e+00 +1.1092222e+00 -1.3328194e-01 -8.8054167e-01 -2.0272917e-02 +6.6078168e+04
5.4696200e-01 +5.0000000e-02 +1.5133333e+01 -1.1668000e-01 +1.0743500e-01 +3.8436042e+00 +1.9306806e+00 +1.1086458e+00 -1.4226181e-01 -8.8013194e-01 -2.1030208e-02 +6.5993318e+04
5.5069600e-01 +5.0000000e-02 +1.5151583e+01 -1.2519917e-01 +1.0450500e-01 +3.8474028e+00 +1.9281806e+00 +1.1081597e+00 -1.5051389e-01 -8.8004167e-01 -2.1627361e-02 +6.5904422e+04
5.5442600e-01 +5.0000000e-02 +1.5170667e+01 -1.3383583e-01 +1.0137167e-01 +3.8511389e+00 +1.9259028e+00 +1.1078125e+00 -1.5797361e-01 -8.8022222e-01 -2.2190764e-02 +6.5790291e+04
5.5814900e-01 +5.0000000e-02 +1.5190250e+01 -1.4253583e-01 +9.8188333e-02 +3.8549583e+00 +1.9238611e+00 +1.1080625e+00 -1.6449028e-01 -8.8111806e-01 -2.2749097e-02 +6.5612787e+04
5.6186700e-01 +5.0000000e-02 +1.5210000e+01 -1.5113250e-01 +9.5081667e-02 +3.8593958e+00 +1.9218819e+00 +1.1090764e+00 -1.6968542e-01 -8.8267361e-01 -2.3398472e-02 +6.5409391e+04
5.6557900e-01 +5.0000000e-02 +1.5229917e+01 -1.5950917e-01 +9.2107500e-02 +3.8637500e+00 +1.9196736e+00 +1.1101944e+00 -1.7353125e-01 -8.8414583e-01 -2.4093056e-02 +6.5270358e+04
5.6928400e-01 +5.0000000e-02 +1.5250250e+01 -1.6762750e-01 +8.9266667e-02 +3.8675556e+00 +1.9170417e+00 +1.1108819e+00 -1.7653889e-01 -8.8530556e-01 -2.4824583e-02 +6.5184699e+04
5.7298100e-01 +5.0000000e-02 +1.5270667e+01 -1.7537333e-01 +8.6450000e-02 +3.8713681e+00 +1.9139583e+00 +1.1109236e+00 -1.7899514e-01 -8.8641667e-01 -2.5826250e-02 +6.5153714e+04
5.7667200e-01 +5.0000000e-02 +1.5291000e+01 -1.8262833e-01 +8.3506667e-02 +3.8760625e+00 +1.9105972e+00 +1.1106181e+00 -1.8094306e-01 -8.8755556e-01 -2.6980625e-02 +6.5126760e+04
5.8035500e-01 +5.0000000e-02 +1.5311333e+01 -1.8931417e-01 +8.0406250e-02 +3.8811250e+00 +1.9072569e+00 +1.1102083e+00 -1.8245000e-01 -8.8877083e-01 -2.8053611e-02 +6.5073468e+04
5.8403000e-01 +5.0000000e-02 +1.5332000e+01 -1.9547333e-01 +7.7114583e-02 +3.8854444e+00 +1.9040764e+00 +1.1095764e+00 -1.8379444e-01 -8.8971528e-01 -2.8945486e-02 +6.5001937e+04
5.8769600e-01 +5.0000000e-02 +1.5352917e+01 -2.0115500e-01 +7.3811667e-02 +3.8885139e+00 +1.9010972e+00 +1.1087639e+00 -1.8504792e-01 -8.9024306e-01 -2.9803125e-02 +6.4956876e+04
5.9135400e-01 +5.0000000e-02 +1.5373500e+01 -2.0642500e-01 +7.0753500e-02 +3.8906597e+00 +1.8984653e+00 +1.1082569e+00 -1.8607083e-01 -8.9090278e-01 -3.0560764e-02 +6.4925224e+04
5.9500200e-01 +5.0000000e-02 +1.5393333e+01 -2.1140417e-01 +6.7827667e-02 +3.8925764e+00 +1.8963125e+00 +1.1085000e+00 -1.8695069e-01 -8.9218750e-01 -3.1299375e-02 +6.4878637e+04
5.9864100e-01 +5.0000000e-02 +1.5412583e+01 -2.1618833e-01 +6.4951000e-02 +3.8954028e+00 +1.8945625e+00 +1.1092708e+00 -1.8761736e-01 -8.9409722e-01 -3.2108542e-02 +6.4794122e+04
6.0227000e-01 +5.0000000e-02 +1.5431583e+01 -2.2079417e-01 +6.2198917e-02 +3.8990625e+00 +1.8930486e+00 +1.1102569e+00 -1.8777917e-01 -8.9566667e-01 -3.3010625e-02 +6.4689786e+04
6.0588900e-01 +5.0000000e-02 +1.5450583e+01 -2.2524333e-01 +5.9660667e-02 +3.9016042e+00 +1.8916250e+00 +1.1116389e+00 -1.8721111e-01 -8.9659028e-01 -3.4006736e-02 +6.4609764e+04
6.0949800e-01 +5.0000000e-02 +1.5469417e+01 -2.2956500e-01 +5.7273333e-02 +3.9023750e+00 +1.8901806e+00 +1.1134444e+00 -1.8579792e-01 -8.9754167e-01 -3.5100903e-02 +6.4576718e+04
6.1309600e-01 +5.0000000e-02 +1.5487917e+01 -2.3377583e-01 +5.5085500e-02 +3.9009931e+00 +1.8887917e+00 +1.1154792e+00 -1.8359722e-01 -8.9880556e-01 -3.6317986e-02 +6.4566879e+04
6.1668300e-01 +5.0000000e-02 +1.5506083e+01 -2.3782000e-01 +5.3174083e-02 +3.8975069e+00 +1.8875208e+00 +1.1175069e+00 -1.8093819e-01 -8.9998611e-01 -3.7469306e-02 +6.4572457e+04
6.2025800e-01 +5.0000000e-02 +1.5524000e+01 -2.4164750e-01 +5.1295583e-02 +3.8920556e+00 +1.8862778e+00 +1.1191736e+00 -1.7827361e-01 -9.0047222e-01 -3.8340764e-02 +6.4571865e+04
6.2382200e-01 +5.0000000e-02 +1.5541750e+01 -2.4527667e-01 +4.9250500e-02 +3.8850069e+00 +1.8849167e+00 +1.1200972e+00 -1.7559722e-01 -9.0009722e-01 -3.8916458e-02 +6.4578661e+04
6.2737400e-01 +5.0000000e-02 +1.5558917e+01 -2.4875167e-01 +4.7210583e-02 +3.8780972e+00 +1.8833889e+00 +1.1203542e+00 -1.7282708e-01 -8.9940972e-01 -3.9229167e-02 +6.4619534e+04
6.3091300e-01 +5.0000000e-02 +1.5575750e+01 -2.5202083e-01 +4.5363083e-02 +3.8727292e+00 +1.8818611e+00 +1.1202500e+00 -1.7005278e-01 -8.9885417e-01 -3.9285278e-02 +6.4654307e+04
6.3444000e-01 +5.0000000e-02 +1.5592583e+01 -2.5500750e-01 +4.3759250e-02 +3.8677361e+00 +1.8806250e+00 +1.1203333e+00 -1.6709653e-01 -8.9863194e-01 -3.9241181e-02 +6.4658064e+04
6.3795400e-01 +5.0000000e-02 +1.5609667e+01 -2.5763917e-01 +4.2203333e-02 +3.8618611e+00 +1.8797778e+00 +1.1203889e+00 -1.6386667e-01 -8.9835417e-01 -3.9305764e-02 +6.4636881e+04
6.4145400e-01 +5.0000000e-02 +1.5626750e+01 -2.5988583e-01 +4.0531833e-02 +3.8547292e+00 +1.8792222e+00 +1.1201111e+00 -1.6049583e-01 -8.9812500e-01 -3.9553333e-02 +6.4608998e+04
6.4494100e-01 +5.0000000e-02 +1.5643833e+01 -2.6181083e-01 +3.8725500e-02 +3.8471944e+00 +1.8788194e+00 +1.1198056e+00 -1.5696528e-01 -8.9815278e-01 -3.9978264e-02 +6.4575172e+04
6.4841500e-01 +5.0000000e-02 +1.5660833e+01 -2.6352167e-01 +3.6794667e-02 +3.8397708e+00 +1.8785625e+00 +1.1196528e+00 -1.5321389e-01 -8.9784028e-01 -4.0553264e-02 +6.4537940e+04
6.5187400e-01 +5.0000000e-02 +1.5677750e+01 -2.6508583e-01 +3.4680167e-02 +3.8320486e+00 +1.8785139e+00 +1.1195278e+00 -1.4931597e-01 -8.9678472e-01 -4.1182917e-02 +6.4518175e+04
6.5531900e-01 +5.0000000e-02 +1.5694500e+01 -2.6649417e-01 +3.2372833e-02 +3.8240486e+00 +1.8786597e+00 +1.1192083e+00 -1.4538819e-01 -8.9488889e-01 -4.1840556e-02 +6.4495039e+04
6.5874900e-01 +5.0000000e-02 +1.5710917e+01 -2.6763333e-01 +2.9960417e-02 +3.8154167e+00 +1.8790069e+00 +1.1188403e+00 -1.4147917e-01 -8.9264583e-01 -4.2324653e-02 +6.4460826e+04
6.6216500e-01 +5.0000000e-02 +1.5726750e+01 -2.6839167e-01 +2.7652583e-02 +3.8068681e+00 +1.8795347e+00 +1.1185139e+00 -1.3757847e-01 -8.9104861e-01 -4.2307292e-02 +6.4402520e+04
6.6556500e-01 +5.0000000e-02 +1.5741750e+01 -2.6877583e-01 +2.5647000e-02 +3.8004931e+00 +1.8801389e+00 +1.1182639e+00 -1.3396042e-01 -8.9083333e-01 -4.1767639e-02 +6.4343875e+04
6.6895100e-01 +5.0000000e-02 +1.5755917e+01 -2.6888500e-01 +2.3866167e-02 +3.7964444e+00 +1.8806250e+00 +1.1181250e+00 -1.3065417e-01 -8.9172222e-01 -4.0892847e-02 +6.4287663e+04
6.7232000e-01 +5.0000000e-02 +1.5769667e+01 -2.6879583e-01 +2.2069083e-02 +3.7934306e+00 +1.8808403e+00 +1.1179861e+00 -1.2736389e-01 -8.9302778e-01 -3.9827014e-02 +6.4253726e+04
6.7567400e-01 +5.0000000e-02 +1.5783167e+01 -2.6855250e-01 +2.0093667e-02 +3.7893194e+00 +1.8806528e+00 +1.1178403e+00 -1.2387361e-01 -8.9389583e-01 -3.8559097e-02 +6.4235124e+04
6.7901200e-01 +5.0000000e-02 +1.5796667e+01 -2.6818750e-01 +1.7842750e-02 +3.7831389e+00 +1.8799792e+00 +1.1177361e+00 -1.2008403e-01 -8.9395139e-01 -3.7182986e-02 +6.4211262e+04
6.8233300e-01 +5.0000000e-02 +1.5810167e+01 -2.6766000e-01 +1.5335167e-02 +3.7757986e+00 +1.8787778e+00 +1.1176111e+00 -1.1583125e-01 -8.9336806e-01 -3.5940903e-02 +6.4191014e+04
6.8563800e-01 +5.0000000e-02 +1.5823250e+01 -2.6690750e-01 +1.2692000e-02 +3.7688333e+00 +1.8771667e+00 +1.1176528e+00 -1.1087083e-01 -8.9275000e-01 -3.5026319e-02 +6.4171377e+04
6.8892600e-01 +5.0000000e-02 +1.5835833e+01 -2.6596917e-01 +1.0010083e-02 +3.7628889e+00 +1.8753194e+00 +1.1179236e+00 -1.0542083e-01 -8.9265278e-01 -3.4392292e-02 +6.4141982e+04
6.9219800e-01 +5.0000000e-02 +1.5847917e+01 -2.6494333e-01 +7.3146917e-03 +3.7578264e+00 +1.8733264e+00 +1.1180903e+00 -9.9593056e-02 -8.9316667e-01 -3.3850208e-02 +6.4088391e+04
6.9545200e-01 +5.0000000e-02 +1.5859583e+01 -2.6389333e-01 +4.7566500e-03 +3.7526528e+00 +1.8712153e+00 +1.1179236e+00 -9.3382639e-02 -8.9406944e-01 -3.3321250e-02 +6.4006923e+04
6.9868900e-01 +5.0000000e-02 +1.5870833e+01 -2.6285917e-01 +2.3959250e-03 +3.7471319e+00 +1.8689722e+00 +1.1176806e+00 -8.7063889e-02 -8.9514583e-01 -3.2837569e-02 +6.3913802e+04
7.0190800e-01 +5.0000000e-02 +1.5881583e+01 -2.6181167e-01 +1.4337167e-04 +3.7411181e+00 +1.8667153e+00 +1.1176111e+00 -8.0752778e-02 -8.9596528e-01 -3.2310903e-02 +6.3824731e+04
7.0511000e-01 +5.0000000e-02 +1.5891667e+01 -2.6070333e-01 -2.0095917e-03 +3.7342222e+00 +1.8646736e+00 +1.1177986e+00 -7.4343056e-02 -8.9643750e-01 -3.1755625e-02 +6.3717329e+04
7.0829400e-01 +5.0000000e-02 +1.5901000e+01 -2.5949083e-01 -3.9000583e-03 +3.7268750e+00 +1.8630000e+00 +1.1183403e+00 -6.7842778e-02 -8.9675694e-01 -3.1191736e-02 +6.3616160e+04
7.1145900e-01 +5.0000000e-02 +1.5909250e+01 -2.5813000e-01 -5.4728083e-03 +3.7200069e+00 +1.8617153e+00 +1.1193264e+00 -6.1397917e-02 -8.9725000e-01 -3.0548542e-02 +6.3543838e+04
7.1460700e-01 +5.0000000e-02 +1.5916500e+01 -2.5658833e-01 -6.8532250e-03 +3.7139375e+00 +1.8607014e+00 +1.1207083e+00 -5.5200972e-02 -8.9803472e-01 -2.9774722e-02 +6.3475975e+04
7.1773600e-01 +5.0000000e-02 +1.5922750e+01 -2.5485583e-01 -8.1060083e-03 +3.7084583e+00 +1.8597569e+00 +1.1219792e+00 -4.9298542e-02 -8.9891667e-01 -2.8872500e-02 +6.3423388e+04
7.2084700e-01 +5.0000000e-02 +1.5928083e+01 -2.5290917e-01 -9.2227500e-03 +3.7034861e+00 +1.8586944e+00 +1.1228542e+00 -4.3653958e-02 -8.9938889e-01 -2.7803542e-02 +6.3397880e+04
7.2393900e-01 +5.0000000e-02 +1.5932417e+01 -2.5079583e-01 -1.0235750e-02 +3.6994653e+00 +1.8573889e+00 +1.1235625e+00 -3.8110972e-02 -8.9927083e-01 -2.6651736e-02 +6.3382997e+04
7.2701200e-01 +5.0000000e-02 +1.5935917e+01 -2.4856917e-01 -1.1177250e-02 +3.6962569e+00 +1.8558125e+00 +1.1238889e+00 -3.2500694e-02 -8.9867361e-01 -2.5567778e-02 +6.3394984e+04
7.3006600e-01 +5.0000000e-02 +1.5938583e+01 -2.4623667e-01 -1.2127333e-02 +3.6935972e+00 +1.8540347e+00 +1.1236042e+00 -2.6859722e-02 -8.9786111e-01 -2.4555764e-02 +6.3395844e+04
7.3310100e-01 +5.0000000e-02 +1.5940750e+01 -2.4381500e-01 -1.3201583e-02 +3.6907014e+00 +1.8521806e+00 +1.1226667e+00 -2.1305764e-02 -8.9686111e-01 -2.3533542e-02 +6.3363143e+04
7.3611700e-01 +5.0000000e-02 +1.5942417e+01 -2.4135000e-01 -1.4447500e-02 +3.6869653e+00 +1.8502708e+00 +1.1212708e+00 -1.5915486e-02 -8.9570139e-01 -2.2411319e-02 +6.3300154e+04
7.3911300e-01 +5.0000000e-02 +1.5943500e+01 -2.3884333e-01 -1.5855917e-02 +3.6823958e+00 +1.8483056e+00 +1.1199583e+00 -1.0694375e-02 -8.9454861e-01 -2.1173611e-02 +6.3233043e+04
7.4209000e-01 +5.0000000e-02 +1.5944083e+01 -2.3624750e-01 -1.7380917e-02 +3.6769306e+00 +1.8463125e+00 +1.1191181e+00 -5.6561667e-03 -8.9345139e-01 -1.9907847e-02 +6.3169576e+04
7.4504700e-01 +5.0000000e-02 +1.5944083e+01 -2.3353500e-01 -1.8932500e-02 +3.6708889e+00 +1.8443125e+00 +1.1188958e+00 -7.7386111e-04 -8.9262500e-01 -1.8612708e-02 +6.3107132e+04
7.4798500e-01 +5.0000000e-02 +1.5943500e+01 -2.3072000e-01 -2.0390500e-02 +3.6647431e+00 +1.8422778e+00 +1.1191389e+00 +4.0352917e-03 -8.9218056e-01 -1.7163681e-02 +6.3049012e+04
7.5090200e-01 +5.0000000e-02 +1.5942333e+01 -2.2779917e-01 -2.1691333e-02 +3.6586250e+00 +1.8401875e+00 +1.1193958e+00 +8.6667361e-03 -8.9186806e-01 -1.5559861e-02 +6.3014582e+04
7.5380000e-01 +5.0000000e-02 +1.5940500e+01 -2.2477667e-01 -2.2914083e-02 +3.6523819e+00 +1.8380486e+00 +1.1192083e+00 +1.2956597e-02 -8.9124306e-01 -1.3908403e-02 +6.3007233e+04
7.5667800e-01 +5.0000000e-02 +1.5938083e+01 -2.2169500e-01 -2.4164333e-02 +3.6460347e+00 +1.8358958e+00 +1.1184097e+00 +1.6928958e-02 -8.9010417e-01 -1.2253056e-02 +6.2999150e+04
7.5953600e-01 +5.0000000e-02 +1.5935000e+01 -2.1858583e-01 -2.5473917e-02 +3.6398889e+00 +1.8337222e+00 +1.1170694e+00 +2.0760208e-02 -8.8840972e-01 -1.0574514e-02 +6.2976360e+04
7.6237300e-01 +5.0000000e-02 +1.5931250e+01 -2.1544583e-01 -2.6812250e-02 +3.6336111e+00 +1.8315139e+00 +1.1154306e+00 +2.4603750e-02 -8.8614583e-01 -8.7822222e-03 +6.2970840e+04
7.6519000e-01 +5.0000000e-02 +1.5926917e+01 -2.1227750e-01 -2.8106917e-02 +3.6263264e+00 +1.8292986e+00 +1.1137917e+00 +2.8503403e-02 -8.8345139e-01 -6.9037847e-03 +6.2999144e+04
7.6798700e-01 +5.0000000e-02 +1.5922000e+01 -2.0909583e-01 -2.9274917e-02 +3.6179931e+00 +1.8271319e+00 +1.1123681e+00 +3.2590486e-02 -8.8066667e-01 -5.0984861e-03 +6.3034562e+04
7.7076400e-01 +5.0000000e-02 +1.5916333e+01 -2.0591833e-01 -3.0306833e-02 +3.6091736e+00 +1.8249931e+00 +1.1113194e+00 +3.7053750e-02 -8.7827083e-01 -3.5146597e-03 +6.3054185e+04
7.7352000e-01 +5.0000000e-02 +1.5910167e+01 -2.0273417e-01 -3.1257167e-02 +3.6005556e+00 +1.8227847e+00 +1.1106667e+00 +4.1928194e-02 -8.7656250e-01 -2.1765556e-03 +6.3052701e+04
7.7625600e-01 +5.0000000e-02 +1.5903333e+01 -1.9952667e-01 -3.2112083e-02 +3.5929653e+00 +1.8203750e+00 +1.1102986e+00 +4.7103542e-02 -8.7575694e-01 -9.8253472e-04 +6.3031308e+04
7.7897100e-01 +5.0000000e-02 +1.5896167e+01 -1.9628083e-01 -3.2814500e-02 +3.5874097e+00 +1.8176319e+00 +1.1100556e+00 +5.2341736e-02 -8.7587500e-01 +1.4680903e-04 +6.2992297e+04
7.8166500e-01 +5.0000000e-02 +1.5888500e+01 -1.9300250e-01 -3.3393750e-02 +3.5840139e+00 +1.8145139e+00 +1.1100903e+00 +5.7432014e-02 -8.7668750e-01 +1.2358403e-03 +6.2943019e+04
7.8433900e-01 +5.0000000e-02 +1.5880500e+01 -1.8970500e-01 -3.3889167e-02 +3.5818333e+00 +1.8110486e+00 +1.1106528e+00 +6.2331667e-02 -8.7795833e-01 +2.4107639e-03 +6.2894443e+04
7.8699200e-01 +5.0000000e-02 +1.5872250e+01 -1.8640083e-01 -3.4328000e-02 +3.5799028e+00 +1.8073264e+00 +1.1116875e+00 +6.7138333e-02 -8.7951389e-01 +3.8248889e-03 +6.2832799e+04
7.8962500e-01 +5.0000000e-02 +1.5863667e+01 -1.8308167e-01 -3.4734667e-02 +3.5779306e+00 +1.8034375e+00 +1.1127986e+00 +7.2004167e-02 -8.8111111e-01 +5.4796181e-03 +6.2750442e+04
7.9223700e-01 +5.0000000e-02 +1.5854583e+01 -1.7972333e-01 -3.5101167e-02 +3.5762569e+00 +1.7994375e+00 +1.1135486e+00 +7.6945139e-02 -8.8260417e-01 +7.2860417e-03 +6.2670364e+04
7.9482800e-01 +5.0000000e-02 +1.5844917e+01 -1.7630750e-01 -3.5425083e-02 +3.5754722e+00 +1.7953403e+00 +1.1137222e+00 +8.1836111e-02 -8.8386806e-01 +9.1332639e-03 +6.2606804e+04
7.9739800e-01 +5.0000000e-02 +1.5834750e+01 -1.7282000e-01 -3.5732250e-02 +3.5756181e+00 +1.7911875e+00 +1.1133403e+00 +8.6506250e-02 -8.8484722e-01 +1.0944444e-02 +6.2560816e+04
7.9994700e-01 +5.0000000e-02 +1.5824083e+01 -1.6927417e-01 -3.6007583e-02 +3.5759722e+00 +1.7870417e+00 +1.1126806e+00 +9.0841667e-02 -8.8559722e-01 +1.2702917e-02 +6.2528263e+04
8.0247600e-01 +5.0000000e-02 +1.5813000e+01 -1.6571250e-01 -3.6184083e-02 +3.5756597e+00 +1.7829653e+00 +1.1119236e+00 +9.4860417e-02 -8.8611806e-01 +1.4389722e-02 +6.2509801e+04
8.0498400e-01 +5.0000000e-02 +1.5801583e+01 -1.6216500e-01 -3.6184500e-02 +3.5744028e+00 +1.7789514e+00 +1.1109861e+00 +9.8640972e-02 -8.8646528e-01 +1.5977153e-02 +6.2488413e+04
8.0747100e-01 +5.0000000e-02 +1.5789917e+01 -1.5863500e-01 -3.5973000e-02 +3.5722222e+00 +1.7749514e+00 +1.1098125e+00 +1.0224931e-01 -8.8680556e-01 +1.7425903e-02 +6.2459682e+04
8.0993700e-01 +5.0000000e-02 +1.5777750e+01 -1.5510250e-01 -3.5572750e-02 +3.5694444e+00 +1.7708819e+00 +1.1085069e+00 +1.0570486e-01 -8.8719444e-01 +1.8712361e-02 +6.2422146e+04
8.1238300e-01 +5.0000000e-02 +1.5765250e+01 -1.5152917e-01 -3.5035250e-02 +3.5662014e+00 +1.7667083e+00 +1.1073125e+00 +1.0899583e-01 -8.8752083e-01 +1.9876528e-02 +6.2372293e+04
8.1480700e-01 +5.0000000e-02 +1.5752500e+01 -1.4788750e-01 -3.4437667e-02 +3.5621667e+00 +1.7624097e+00 +1.1065069e+00 +1.1212292e-01 -8.8760417e-01 +2.0979028e-02 +6.2321479e+04
8.1721100e-01 +5.0000000e-02 +1.5739417e+01 -1.4416750e-01 -3.3869917e-02 +3.5570139e+00 +1.7579583e+00 +1.1060208e+00 +1.1507569e-01 -8.8722222e-01 +2.2102639e-02 +6.2282948e+04
8.1959400e-01 +5.0000000e-02 +1.5726083e+01 -1.4037917e-01 -3.3387250e-02 +3.5508264e+00 +1.7533333e+00 +1.1054861e+00 +1.1781042e-01 -8.8625694e-01 +2.3337431e-02 +6.2260680e+04
8.2195700e-01 +5.0000000e-02 +1.5712583e+01 -1.3653417e-01 -3.3010750e-02 +3.5438958e+00 +1.7485417e+00 +1.1045139e+00 +1.2034306e-01 -8.8481944e-01 +2.4664444e-02 +6.2246746e+04
8.2429900e-01 +5.0000000e-02 +1.5698917e+01 -1.3264250e-01 -3.2736667e-02 +3.5365903e+00 +1.7436458e+00 +1.1030000e+00 +1.2275625e-01 -8.8315972e-01 +2.5960417e-02 +6.2228943e+04
8.2662000e-01 +5.0000000e-02 +1.5684917e+01 -1.2870333e-01 -3.2547583e-02 +3.5290625e+00 +1.7387153e+00 +1.1012569e+00 +1.2507847e-01 -8.8150694e-01 +2.7143958e-02 +6.2200227e+04
8.2892100e-01 +5.0000000e-02 +1.5670833e+01 -1.2470583e-01 -3.2412000e-02 +3.5210694e+00 +1.7338125e+00 +1.0998056e+00 +1.2728472e-01 -8.7993750e-01 +2.8228542e-02 +6.2170175e+04
8.3120100e-01 +5.0000000e-02 +1.5656500e+01 -1.2062833e-01 -3.2299167e-02 +3.5124375e+00 +1.7289792e+00 +1.0988333e+00 +1.2930903e-01 -8.7849306e-01 +2.9282500e-02 +6.2145334e+04
8.3346000e-01 +5.0000000e-02 +1.5642000e+01 -1.1646500e-01 -3.2225333e-02 +3.5034722e+00 +1.7241875e+00 +1.0981736e+00 +1.3108819e-01 -8.7715278e-01 +3.0369167e-02 +6.2104744e+04
8.3570000e-01 +5.0000000e-02 +1.5627417e+01 -1.1221917e-01 -3.2246667e-02 +3.4944861e+00 +1.7193958e+00 +1.0976042e+00 +1.3262431e-01 -8.7585417e-01 +3.1493819e-02 +6.2043512e+04
8.3791800e-01 +5.0000000e-02 +1.5612833e+01 -1.0789250e-01 -3.2412417e-02 +3.4854375e+00 +1.7145000e+00 +1.0970069e+00 +1.3393889e-01 -8.7444444e-01 +3.2646806e-02 +6.1980504e+04
8.4011600e-01 +5.0000000e-02 +1.5598250e+01 -1.0348167e-01 -3.2735000e-02 +3.4761667e+00 +1.7094028e+00 +1.0963542e+00 +1.3502917e-01 -8.7286806e-01 +3.3837431e-02 +6.1931504e+04
8.4229400e-01 +5.0000000e-02 +1.5583667e+01 -9.8986667e-02 -3.3200167e-02 +3.4666528e+00 +1.7040139e+00 +1.0957361e+00 +1.3589028e-01 -8.7113889e-01 +3.5056875e-02 +6.1887765e+04
8.4445200e-01 +5.0000000e-02 +1.5569250e+01 -9.4419167e-02 -3.3797917e-02 +3.4570347e+00 +1.6982708e+00 +1.0951597e+00 +1.3657986e-01 -8.6923611e-01 +3.6265833e-02 +6.1826825e+04
8.4659000e-01 +5.0000000e-02 +1.5554833e+01 -8.9803333e-02 -3.4536250e-02 +3.4472847e+00 +1.6921667e+00 +1.0945139e+00 +1.3722361e-01 -8.6711806e-01 +3.7436528e-02 +6.1738601e+04
8.4870700e-01 +5.0000000e-02 +1.5540583e+01 -8.5157500e-02 -3.5422500e-02 +3.4371944e+00 +1.6857153e+00 +1.0937708e+00 +1.3792917e-01 -8.6475000e-01 +3.8545069e-02 +6.1636473e+04
8.5080400e-01 +5.0000000e-02 +1.5526417e+01 -8.0487583e-02 -3.6453917e-02 +3.4266597e+00 +1.6789514e+00 +1.0929653e+00 +1.3875764e-01 -8.6218056e-01 +3.9551042e-02 +6.1531884e+04
8.5288200e-01 +5.0000000e-02 +1.5512417e+01 -7.5792417e-02 -3.7615000e-02 +3.4157569e+00 +1.6719028e+00 +1.0920903e+00 +1.3974097e-01 -8.5945833e-01 +4.0418056e-02 +6.1427399e+04
8.5493900e-01 +5.0000000e-02 +1.5498583e+01 -7.1066500e-02 -3.8882917e-02 +3.4045556e+00 +1.6646319e+00 +1.0910903e+00 +1.4087431e-01 -8.5658333e-01 +4.1137778e-02 +6.1315491e+04
8.5697700e-01 +5.0000000e-02 +1.5485000e+01 -6.6301833e-02 -4.0244417e-02 +3.3930694e+00 +1.6572014e+00 +1.0899653e+00 +1.4213472e-01 -8.5351389e-01 +4.1740347e-02 +6.1181756e+04
8.5899500e-01 +5.0000000e-02 +1.5471417e+01 -6.1490000e-02 -4.1691667e-02 +3.3812917e+00 +1.6496389e+00 +1.0887014e+00 +1.4349861e-01 -8.5025694e-01 +4.2289653e-02 +6.1027818e+04
8.6099300e-01 +5.0000000e-02 +1.5458083e+01 -5.6625250e-02 -4.3199500e-02 +3.3691181e+00 +1.6419514e+00 +1.0873333e+00 +1.4493958e-01 -8.4685417e-01 +4.2862431e-02 +6.0867213e+04
8.6297100e-01 +5.0000000e-02 +1.5444750e+01 -5.1705250e-02 -4.4729500e-02 +3.3564236e+00 +1.6341181e+00 +1.0859167e+00 +1.4641181e-01 -8.4338889e-01 +4.3511458e-02 +6.0704699e+04
8.6493000e-01 +5.0000000e-02 +1.5431667e+01 -4.6726833e-02 -4.6259500e-02 +3.3431111e+00 +1.6261528e+00 +1.0844444e+00 +1.4788125e-01 -8.3986806e-01 +4.4237569e-02 +6.0537045e+04
8.6687000e-01 +5.0000000e-02 +1.5418667e+01 -4.1683000e-02 -4.7789750e-02 +3.3291458e+00 +1.6180417e+00 +1.0828681e+00 +1.4935833e-01 -8.3615278e-01 +4.5017083e-02 +6.0361703e+04
8.6879000e-01 +5.0000000e-02 +1.5405750e+01 -3.6568167e-02 -4.9331083e-02 +3.3145903e+00 +1.6097708e+00 +1.0811528e+00 +1.5085139e-01 -8.3211806e-01 +4.5832361e-02 +6.0184855e+04
8.7069100e-01 +5.0000000e-02 +1.5393000e+01 -3.1386333e-02 -5.0893917e-02 +3.2995069e+00 +1.6013194e+00 +1.0793056e+00 +1.5235069e-01 -8.2774306e-01 +4.6673819e-02 +6.0015252e+04
8.7257300e-01 +5.0000000e-02 +1.5380250e+01 -2.6147167e-02 -5.2471917e-02 +3.2841806e+00 +1.5927014e+00 +1.0773750e+00 +1.5383819e-01 -8.2314583e-01 +4.7531111e-02 +5.9850976e+04
8.7443600e-01 +5.0000000e-02 +1.5367500e+01 -2.0854500e-02 -5.4035417e-02 +3.2689861e+00 +1.5839097e+00 +1.0754097e+00 +1.5531458e-01 -8.1851389e-01 +4.8400347e-02 +5.9680617e+04
8.7628000e-01 +5.0000000e-02 +1.5354750e+01 -1.5503083e-02 -5.5554333e-02 +3.2540764e+00 +1.5749792e+00 +1.0734514e+00 +1.5677500e-01 -8.1401389e-01 +4.9280208e-02 +5.9499710e+04
8.7810500e-01 +5.0000000e-02 +1.5341917e+01 -1.0083667e-02 -5.7024250e-02 +3.2393611e+00 +1.5658889e+00 +1.0715556e+00 +1.5819097e-01 -8.0968750e-01 +5.0159931e-02 +5.9310981e+04
8.7991200e-01 +5.0000000e-02 +1.5329000e+01 -4.5910500e-03 -5.8470917e-02 +3.2246528e+00 +1.5566181e+00 +1.0698125e+00 +1.5951528e-01 -8.0550694e-01 +5.1028056e-02 +5.9115790e+04
8.8169900e-01 +5.0000000e-02 +1.5316167e+01 +9.7240000e-04 -5.9937250e-02 +3.2098264e+00 +1.5471458e+00 +1.0682292e+00 +1.6073194e-01 -8.0134028e-01 +5.1891806e-02 +5.8917421e+04
8.8346900e-01 +5.0000000e-02 +1.5303250e+01 +6.5992833e-03 -6.1458083e-02 +3.1948056e+00 +1.5374722e+00 +1.0667222e+00 +1.6187847e-01 -7.9706250e-01 +5.2775486e-02 +5.8718331e+04
8.8521900e-01 +5.0000000e-02 +1.5290417e+01 +1.2280250e-02 -6.3040167e-02 +3.1795347e+00 +1.5276181e+00 +1.0652431e+00 +1.6301042e-01 -7.9258333e-01 +5.3699514e-02 +5.8513495e+04
8.8695200e-01 +5.0000000e-02 +1.5277500e+01 +1.8005167e-02 -6.4673250e-02 +3.1639306e+00 +1.5176319e+00 +1.0637986e+00 +1.6415903e-01 -7.8790278e-01 +5.4667778e-02 +5.8297386e+04
8.8866600e-01 +5.0000000e-02 +1.5264500e+01 +2.3764167e-02 -6.6353667e-02 +3.1479375e+00 +1.5075486e+00 +1.0623889e+00 +1.6533056e-01 -7.8299306e-01 +5.5672639e-02 +5.8069231e+04
8.9036200e-01 +5.0000000e-02 +1.5251583e+01 +2.9550250e-02 -6.8094833e-02 +3.1315486e+00 +1.4973889e+00 +1.0609375e+00 +1.6652083e-01 -7.7779861e-01 +5.6702153e-02 +5.7826069e+04
8.9204000e-01 +5.0000000e-02 +1.5238583e+01 +3.5360417e-02 -6.9924167e-02 +3.1148125e+00 +1.4871597e+00 +1.0593681e+00 +1.6772083e-01 -7.7225694e-01 +5.7746528e-02 +5.7570433e+04
8.9370100e-01 +5.0000000e-02 +1.5225667e+01 +4.1194583e-02 -7.1870583e-02 +3.0977361e+00 +1.4768403e+00 +1.0576319e+00 +1.6891667e-01 -7.6632639e-01 +5.8803750e-02 +5.7314956e+04
8.9534300e-01 +5.0000000e-02 +1.5212750e+01 +4.7054000e-02 -7.3949833e-02 +3.0803611e+00 +1.4664097e+00 +1.0556875e+00 +1.7009444e-01 -7.6001389e-01 +5.9866250e-02 +5.7069322e+04
8.9696800e-01 +5.0000000e-02 +1.5199833e+01 +5.2938500e-02 -7.6165583e-02 +3.0627778e+00 +1.4558611e+00 +1.0535833e+00 +1.7125972e-01 -7.5337500e-01 +6.0907431e-02 +5.6828638e+04
8.9857600e-01 +5.0000000e-02 +1.5186917e+01 +5.8843833e-02 -7.8522833e-02 +3.0450764e+00 +1.4451736e+00 +1.0513958e+00 +1.7242778e-01 -7.4652778e-01 +6.1898542e-02 +5.6582731e+04
9.0016600e-01 +5.0000000e-02 +1.5174083e+01 +6.4761667e-02 -8.1030917e-02 +3.0272847e+00 +1.4343681e+00 +1.0491875e+00 +1.7360625e-01 -7.3956250e-01 +6.2830556e-02 +5.6328303e+04
9.0173800e-01 +5.0000000e-02 +1.5161333e+01 +7.0682250e-02 -8.3692500e-02 +3.0093889e+00 +1.4234514e+00 +1.0469792e+00 +1.7478819e-01 -7.3252083e-01 +6.3714792e-02 +5.6068825e+04
9.0329400e-01 +5.0000000e-02 +1.5148500e+01 +7.6597500e-02 -8.6497500e-02 +2.9913750e+00 +1.4124444e+00 +1.0447917e+00 +1.7596181e-01 -7.2537500e-01 +6.4572986e-02 +5.5807827e+04
9.0483300e-01 +5.0000000e-02 +1.5135833e+01 +8.2502333e-02 -8.9435833e-02 +2.9732431e+00 +1.4013819e+00 +1.0426389e+00 +1.7712014e-01 -7.1806944e-01 +6.5433403e-02 +5.5547447e+04
9.0635400e-01 +5.0000000e-02 +1.5123083e+01 +8.8392500e-02 -9.2497500e-02 +2.9549722e+00 +1.3902917e+00 +1.0405208e+00 +1.7827083e-01 -7.1054167e-01 +6.6330139e-02 +5.5285746e+04
9.0785900e-01 +5.0000000e-02 +1.5110333e+01 +9.4264167e-02 -9.5679167e-02 +2.9365139e+00 +1.3791875e+00 +1.0384375e+00 +1.7942917e-01 -7.0272917e-01 +6.7300347e-02 +5.5020354e+04
9.0934700e-01 +5.0000000e-02 +1.5097667e+01 +1.0010917e-01 -9.8970833e-02 +2.9178056e+00 +1.3680972e+00 +1.0364028e+00 +1.8061736e-01 -6.9457639e-01 +6.8374306e-02 +5.4753625e+04
9.1081900e-01 +5.0000000e-02 +1.5084917e+01 +1.0592167e-01 -1.0235917e-01 +2.8988125e+00 +1.3570069e+00 +1.0344097e+00 +1.8186944e-01 -6.8611181e-01 +6.9561806e-02 +5.4490421e+04
9.1227400e-01 +5.0000000e-02 +1.5072167e+01 +1.1169500e-01 -1.0583167e-01 +2.8795903e+00 +1.3459236e+00 +1.0324583e+00 +1.8321736e-01 -6.7735486e-01 +7.0848611e-02 +5.4233725e+04
9.1371300e-01 +5.0000000e-02 +1.5059333e+01 +1.1742167e-01 -1.0938167e-01 +2.8602431e+00 +1.3348333e+00 +1.0305278e+00 +1.8467847e-01 -6.6831528e-01 +7.2213194e-02 +5.3981480e+04
9.1513600e-01 +5.0000000e-02 +1.5046417e+01 +1.2309500e-01 -1.1300667e-01 +2.8408681e+00 +1.3237222e+00 +1.0285903e+00 +1.8625972e-01 -6.5897569e-01 +7.3638194e-02 +5.3732969e+04
9.1654300e-01 +5.0000000e-02 +1.5033333e+01 +1.2870667e-01 -1.1670583e-01 +2.8215208e+00 +1.3125764e+00 +1.0266319e+00 +1.8796458e-01 -6.4930000e-01 +7.5109028e-02 +5.3491852e+04
9.1793400e-01 +5.0000000e-02 +1.5020083e+01 +1.3424667e-01 -1.2048000e-01 +2.8022361e+00 +1.3013819e+00 +1.0246528e+00 +1.8979792e-01 -6.3924236e-01 +7.6614583e-02 +5.3260876e+04
9.1930900e-01 +5.0000000e-02 +1.5006667e+01 +1.3970583e-01 -1.2432583e-01 +2.7830556e+00 +1.2901319e+00 +1.0226736e+00 +1.9175694e-01 -6.2879028e-01 +7.8145833e-02 +5.3041824e+04
9.2066800e-01 +5.0000000e-02 +1.4993000e+01 +1.4507167e-01 -1.2824000e-01 +2.7640417e+00 +1.2788264e+00 +1.0207292e+00 +1.9384028e-01 -6.1797986e-01 +7.9693750e-02 +5.2835138e+04
9.2201200e-01 +5.0000000e-02 +1.4979167e+01 +1.5033083e-01 -1.3221583e-01 +2.7452708e+00 +1.2674514e+00 +1.0188681e+00 +1.9604931e-01 -6.0688403e-01 +8.1244444e-02 +5.2638695e+04
9.2334100e-01 +5.0000000e-02 +1.4965000e+01 +1.5546750e-01 -1.3624500e-01 +2.7268194e+00 +1.2560139e+00 +1.0170972e+00 +1.9839514e-01 -5.9558611e-01 +8.2775694e-02 +5.2449238e+04
9.2465400e-01 +5.0000000e-02 +1.4950583e+01 +1.6046500e-01 -1.4031333e-01 +2.7087292e+00 +1.2445208e+00 +1.0154097e+00 +2.0089028e-01 -5.8416319e-01 +8.4263194e-02 +5.2268247e+04
9.2595200e-01 +5.0000000e-02 +1.4935833e+01 +1.6530750e-01 -1.4440667e-01 +2.6910694e+00 +1.2330000e+00 +1.0137986e+00 +2.0354792e-01 -5.7266458e-01 +8.5689583e-02 +5.2100425e+04
9.2723500e-01 +5.0000000e-02 +1.4920750e+01 +1.6998250e-01 -1.4851333e-01 +2.6738681e+00 +1.2214653e+00 +1.0122708e+00 +2.0638542e-01 -5.6109792e-01 +8.7045833e-02 +5.1947184e+04
9.2850400e-01 +5.0000000e-02 +1.4905250e+01 +1.7447667e-01 -1.5262417e-01 +2.6571806e+00 +1.2099444e+00 +1.0108403e+00 +2.0942014e-01 -5.4942986e-01 +8.8329861e-02 +5.1805858e+04
9.2975700e-01 +5.0000000e-02 +1.4889417e+01 +1.7878000e-01 -1.5673583e-01 +2.6410000e+00 +1.1984653e+00 +1.0095000e+00 +2.1266667e-01 -5.3761597e-01 +8.9547222e-02 +5.1673769e+04
9.3099600e-01 +5.0000000e-02 +1.4873167e+01 +1.8288333e-01 -1.6084500e-01 +2.6253403e+00 +1.1870486e+00 +1.0082361e+00 +2.1613194e-01 -5.2562569e-01 +9.0705556e-02 +5.1551689e+04
9.3222000e-01 +5.0000000e-02 +1.4856500e+01 +1.8677833e-01 -1.6494667e-01 +2.6102292e+00 +1.1756944e+00 +1.0070486e+00 +2.1982014e-01 -5.1345764e-01 +9.1813889e-02 +5.1442227e+04
9.3343000e-01 +5.0000000e-02 +1.4839333e+01 +1.9045750e-01 -1.6903083e-01 +2.5957431e+00 +1.1644097e+00 +1.0059097e+00 +2.2373333e-01 -5.0112986e-01 +9.2882639e-02 +5.1347969e+04
9.3462600e-01 +5.0000000e-02 +1.4821750e+01 +1.9391250e-01 -1.7308583e-01 +2.5819931e+00 +1.1531944e+00 +1.0048194e+00 +2.2787431e-01 -4.8866181e-01 +9.3920833e-02 +5.1271211e+04
9.3580800e-01 +5.0000000e-02 +1.4803583e+01 +1.9714000e-01 -1.7709583e-01 +2.5690833e+00 +1.1420417e+00 +1.0037778e+00 +2.3224861e-01 -4.7606597e-01 +9.4934722e-02 +5.1213550e+04
9.3697600e-01 +5.0000000e-02 +1.4784833e+01 +2.0013333e-01 -1.8104333e-01 +2.5571111e+00 +1.1309514e+00 +1.0027917e+00 +2.3686250e-01 -4.6335486e-01 +9.5927778e-02 +5.1174552e+04
9.3813000e-01 +5.0000000e-02 +1.4765583e+01 +2.0288750e-01 -1.8491167e-01 +2.5461667e+00 +1.1199167e+00 +1.0018889e+00 +2.4171875e-01 -4.5055278e-01 +9.6900694e-02 +5.1152515e+04
9.3927000e-01 +5.0000000e-02 +1.4745667e+01 +2.0540083e-01 -1.8868333e-01 +2.5363194e+00 +1.1089167e+00 +1.0010694e+00 +2.4681528e-01 -4.3769444e-01 +9.7854167e-02 +5.1146592e+04
9.4039600e-01 +5.0000000e-02 +1.4725167e+01 +2.0766750e-01 -1.9234083e-01 +2.5276250e+00 +1.0979444e+00 +1.0003472e+00 +2.5214444e-01 -4.2481181e-01 +9.8784028e-02 +5.1157963e+04
9.4150900e-01 +5.0000000e-02 +1.4704000e+01 +2.0968667e-01 -1.9586750e-01 +2.5201319e+00 +1.0869931e+00 +9.9970833e-01 +2.5769792e-01 -4.1192569e-01 +9.9688194e-02 +5.1190361e+04
9.4260900e-01 +5.0000000e-02 +1.4682250e+01 +2.1145583e-01 -1.9924083e-01 +2.5138889e+00 +1.0760347e+00 +9.9916667e-01 +2.6346528e-01 -3.9904653e-01 +1.0056042e-01 +5.1249205e+04
9.4369600e-01 +5.0000000e-02 +1.4659750e+01 +2.1297500e-01 -2.0244167e-01 +2.5089167e+00 +1.0650625e+00 +9.9871528e-01 +2.6943472e-01 -3.8617569e-01 +1.0139514e-01 +5.1340729e+04
9.4476900e-01 +5.0000000e-02 +1.4636583e+01 +2.1424167e-01 -2.0544750e-01 +2.5052778e+00 +1.0540556e+00 +9.9835417e-01 +2.7559306e-01 -3.7331736e-01 +1.0218472e-01 +5.1467971e+04
9.4583000e-01 +5.0000000e-02 +1.4612583e+01 +2.1525750e-01 -2.0823500e-01 +2.5030486e+00 +1.0430208e+00 +9.9808333e-01 +2.8192431e-01 -3.6047847e-01 +1.0292292e-01 +5.1628892e+04
9.4687800e-01 +5.0000000e-02 +1.4587917e+01 +2.1602167e-01 -2.1078167e-01 +2.5022917e+00 +1.0319444e+00 +9.9789583e-01 +2.8841458e-01 -3.4767917e-01 +1.0360347e-01 +5.1819718e+04
9.4791300e-01 +5.0000000e-02 +1.4562500e+01 +2.1653500e-01 -2.1306250e-01 +2.5030764e+00 +1.0208194e+00 +9.9778472e-01 +2.9505278e-01 -3.3494722e-01 +1.0422014e-01 +5.2038836e+04
9.4893500e-01 +5.0000000e-02 +1.4536250e+01 +2.1679833e-01 -2.1505333e-01 +2.5054375e+00 +1.0096389e+00 +9.9775000e-01 +3.0182847e-01 -3.2231250e-01 +1.0476528e-01 +5.2287693e+04
9.4994500e-01 +5.0000000e-02 +1.4509167e+01 +2.1681250e-01 -2.1673167e-01 +2.5093889e+00 +9.9838889e-01 +9.9776389e-01 +3.0873542e-01 -3.0980556e-01 +1.0523125e-01 +5.2569805e+04
9.5094300e-01 +5.0000000e-02 +1.4481250e+01 +2.1657750e-01 -2.1807833e-01 +2.5149514e+00 +9.8707639e-01 +9.9781944e-01 +3.1576597e-01 -2.9745556e-01 +1.0561111e-01 +5.2889253e+04
9.5192800e-01 +5.0000000e-02 +1.4452417e+01 +2.1609667e-01 -2.1907417e-01 +2.5221458e+00 +9.7567361e-01 +9.9788194e-01 +3.2291250e-01 -2.8529167e-01 +1.0590208e-01 +5.3248867e+04
9.5290100e-01 +5.0000000e-02 +1.4422750e+01 +2.1537083e-01 -2.1970333e-01 +2.5309931e+00 +9.6417361e-01 +9.9794444e-01 +3.3016667e-01 -2.7334236e-01 +1.0610486e-01 +5.3650088e+04
9.5386300e-01 +5.0000000e-02 +1.4392083e+01 +2.1440333e-01 -2.1994917e-01 +2.5415278e+00 +9.5256250e-01 +9.9800000e-01 +3.3751944e-01 -2.6162917e-01 +1.0622292e-01 +5.4094494e+04
9.5481200e-01 +5.0000000e-02 +1.4360500e+01 +2.1319917e-01 -2.1979833e-01 +2.5538056e+00 +9.4083333e-01 +9.9804167e-01 +3.4496250e-01 -2.5016181e-01 +1.0625694e-01 +5.4582907e+04
9.5575000e-01 +5.0000000e-02 +1.4327917e+01 +2.1176083e-01 -2.1923500e-01 +2.5678681e+00 +9.2897917e-01 +9.9806944e-01 +3.5248750e-01 -2.3893889e-01 +1.0620764e-01 +5.5114274e+04
9.5667600e-01 +5.0000000e-02 +1.4294250e+01 +2.1009500e-01 -2.1824667e-01 +2.5837847e+00 +9.1697222e-01 +9.9806944e-01 +3.6008472e-01 -2.2794861e-01 +1.0607639e-01 +5.5686584e+04
9.5759100e-01 +5.0000000e-02 +1.4259583e+01 +2.0820583e-01 -2.1681917e-01 +2.6016042e+00 +9.0481250e-01 +9.9804167e-01 +3.6774722e-01 -2.1717639e-01 +1.0586458e-01 +5.6299550e+04
9.5849500e-01 +5.0000000e-02 +1.4223833e+01 +2.0609833e-01 -2.1494000e-01 +2.6213403e+00 +8.9248611e-01 +9.9797222e-01 +3.7546597e-01 -2.0660764e-01 +1.0557292e-01 +5.6955397e+04
9.5938700e-01 +5.0000000e-02 +1.4186917e+01 +2.0377750e-01 -2.1259417e-01 +2.6430069e+00 +8.7997222e-01 +9.9784722e-01 +3.8323542e-01 -1.9623264e-01 +1.0520208e-01 +5.7657810e+04
9.6026800e-01 +5.0000000e-02 +1.4148833e+01 +2.0124750e-01 -2.0976917e-01 +2.6666458e+00 +8.6727083e-01 +9.9765972e-01 +3.9104931e-01 -1.8604583e-01 +1.0475069e-01 +5.8411092e+04
9.6113800e-01 +5.0000000e-02 +1.4109417e+01 +1.9851417e-01 -2.0645250e-01 +2.6922847e+00 +8.5436806e-01 +9.9740972e-01 +3.9889861e-01 -1.7604792e-01 +1.0422014e-01 +5.9218162e+04
9.6199700e-01 +5.0000000e-02 +1.4068750e+01 +1.9558333e-01 -2.0263000e-01 +2.7200000e+00 +8.4124306e-01 +9.9709028e-01 +4.0677500e-01 -1.6624653e-01 +1.0360972e-01 +6.0080402e+04
9.6284500e-01 +5.0000000e-02 +1.4026750e+01 +1.9246083e-01 -1.9829250e-01 +2.7498750e+00 +8.2788194e-01 +9.9670833e-01 +4.1467153e-01 -1.5664861e-01 +1.0292083e-01 +6.0997809e+04
9.6368300e-01 +5.0000000e-02 +1.3983250e+01 +1.8915333e-01 -1.9342750e-01 +2.7819792e+00 +8.1428472e-01 +9.9626389e-01 +4.2257847e-01 -1.4726389e-01 +1.0215347e-01 +6.1970585e+04
9.6451000e-01 +5.0000000e-02 +1.3938250e+01 +1.8566667e-01 -1.8802500e-01 +2.8163889e+00 +8.0043056e-01 +9.9575000e-01 +4.3048819e-01 -1.3810000e-01 +1.0130764e-01 +6.3000330e+04
9.6532700e-01 +5.0000000e-02 +1.3891750e+01 +1.8200750e-01 -1.8207417e-01 +2.8531389e+00 +7.8631250e-01 +9.9516667e-01 +4.3838958e-01 -1.2916528e-01 +1.0038194e-01 +6.4090307e+04
9.6613400e-01 +5.0000000e-02 +1.3843583e+01 +1.7818333e-01 -1.7556667e-01 +2.8922431e+00 +7.7191667e-01 +9.9450000e-01 +4.4626806e-01 -1.2046944e-01 +9.9376389e-02 +6.5244614e+04
9.6693000e-01 +5.0000000e-02 +1.3793667e+01 +1.7420083e-01 -1.6849333e-01 +2.9337014e+00 +7.5724306e-01 +9.9374306e-01 +4.5410764e-01 -1.1201736e-01 +9.8290278e-02 +6.6467500e+04
9.6771600e-01 +5.0000000e-02 +1.3742000e+01 +1.7006667e-01 -1.6085167e-01 +2.9775069e+00 +7.4228472e-01 +9.9288889e-01 +4.6189028e-01 -1.0380764e-01 +9.7125000e-02 +6.7763365e+04
9.6849200e-01 +5.0000000e-02 +1.3688500e+01 +1.6578917e-01 -1.5263917e-01 +3.0236528e+00 +7.2703472e-01 +9.9191667e-01 +4.6959653e-01 -9.5828472e-02 +9.5882639e-02 +6.9135337e+04
9.6925900e-01 +5.0000000e-02 +1.3632917e+01 +1.6137500e-01 -1.4385667e-01 +3.0721458e+00 +7.1148611e-01 +9.9081944e-01 +4.7720486e-01 -8.8061806e-02 +9.4567361e-02 +7.0584823e+04
9.7001500e-01 +5.0000000e-02 +1.3575250e+01 +1.5683167e-01 -1.3450917e-01 +3.1230208e+00 +6.9565278e-01 +9.8959028e-01 +4.8469444e-01 -8.0482639e-02 +9.3185417e-02 +7.2110961e+04
9.7076200e-01 +5.0000000e-02 +1.3515417e+01 +1.5216833e-01 -1.2460250e-01 +3.1763056e+00 +6.7952361e-01 +9.8822917e-01 +4.9204375e-01 -7.3065278e-02 +9.1741667e-02 +7.3713207e+04
9.7150000e-01 +5.0000000e-02 +1.3453167e+01 +1.4739250e-01 -1.1414500e-01 +3.2320347e+00 +6.6310347e-01 +9.8672222e-01 +4.9922917e-01 -6.5784514e-02 +9.0240278e-02 +7.5390887e+04
9.7222800e-01 +5.0000000e-02 +1.3388500e+01 +1.4251417e-01 -1.0314750e-01 +3.2902292e+00 +6.4639583e-01 +9.8507639e-01 +5.0622708e-01 -5.8616597e-02 +8.8684028e-02 +7.7146798e+04
9.7294600e-01 +5.0000000e-02 +1.3321083e+01 +1.3754333e-01 -9.1621667e-02 +3.3509028e+00 +6.2940556e-01 +9.8328472e-01 +5.1301181e-01 -5.1540833e-02 +8.7074306e-02 +7.8982385e+04
9.7365600e-01 +5.0000000e-02 +1.3250917e+01 +1.3248917e-01 -7.9581917e-02 +3.4140694e+00 +6.1213958e-01 +9.8134028e-01 +5.1955347e-01 -4.4537292e-02 +8.5409028e-02 +8.0901800e+04
9.7435600e-01 +5.0000000e-02 +1.3177833e+01 +1.2736500e-01 -6.7044333e-02 +3.4797153e+00 +5.9460972e-01 +9.7924306e-01 +5.2582014e-01 -3.7584931e-02 +8.3686806e-02 +8.2905794e+04
9.7504800e-01 +5.0000000e-02 +1.3101583e+01 +1.2218250e-01 -5.4027333e-02 +3.5478125e+00 +5.7682778e-01 +9.7698611e-01 +5.3177500e-01 -3.0661528e-02 +8.1905556e-02 +8.4992296e+04
9.7573000e-01 +5.0000000e-02 +1.3022000e+01 +1.1695500e-01 -4.0551417e-02 +3.6183264e+00 +5.5881111e-01 +9.7457639e-01 +5.3737778e-01 -2.3744931e-02 +8.0062500e-02 +8.7159983e+04
9.7640400e-01 +5.0000000e-02 +1.2938833e+01 +1.1169667e-01 -2.6639333e-02 +3.6911875e+00 +5.4057778e-01 +9.7200694e-01 +5.4258194e-01 -1.6814306e-02 +7.8156250e-02 +8.9406094e+04
9.7706800e-01 +5.0000000e-02 +1.2851833e+01 +1.0642083e-01 -1.2316667e-02 +3.7663125e+00 +5.2214861e-01 +9.6927083e-01 +5.4733681e-01 -9.8499306e-03 +7.6184722e-02 +9.1728622e+04
9.7772500e-01 +5.0000000e-02 +1.2760917e+01 +1.0114250e-01 +2.3881667e-03 +3.8435833e+00 +5.0354583e-01 +9.6634722e-01 +5.5158819e-01 -2.8316458e-03 +7.4146528e-02 +9.4125499e+04
9.7837300e-01 +5.0000000e-02 +1.2665667e+01 +9.5875833e-02 +1.7443333e-02 +3.9228681e+00 +4.8479444e-01 +9.6323611e-01 +5.5527778e-01 +4.2622014e-03 +7.2041667e-02 +9.6592627e+04
9.7901200e-01 +5.0000000e-02 +1.2565917e+01 +9.0635833e-02 +3.2814000e-02 +4.0040069e+00 +4.6592083e-01 +9.5991667e-01 +5.5834236e-01 +1.1455208e-02 +6.9871528e-02 +9.9124509e+04
9.7964300e-01 +5.0000000e-02 +1.2461250e+01 +8.5435833e-02 +4.8461833e-02 +4.0867708e+00 +4.4695417e-01 +9.5636806e-01 +5.6071875e-01 +1.8772083e-02 +6.7638056e-02 +1.0171423e+05
9.8026600e-01 +5.0000000e-02 +1.2351500e+01 +8.0290583e-02 +6.4345250e-02 +4.1708958e+00 +4.2792639e-01 +9.5256944e-01 +5.6233889e-01 +2.6237500e-02 +6.5344097e-02 +1.0435419e+05
9.8088100e-01 +5.0000000e-02 +1.2236250e+01 +7.5214583e-02 +8.0418917e-02 +4.2560486e+00 +4.0887014e-01 +9.4847917e-01 +5.6313333e-01 +3.3875347e-02 +6.2992778e-02 +1.0703401e+05
9.8148700e-01 +5.0000000e-02 +1.2115083e+01 +7.0221750e-02 +9.6634167e-02 +4.3418264e+00 +3.8982222e-01 +9.4408333e-01 +5.6302917e-01 +4.1707778e-02 +6.0587431e-02 +1.0974333e+05
9.8208600e-01 +5.0000000e-02 +1.1987750e+01 +6.5325917e-02 +1.1293750e-01 +4.4277292e+00 +3.7082222e-01 +9.3934028e-01 +5.6195069e-01 +4.9756111e-02 +5.8131319e-02 +1.1246891e+05
9.8267700e-01 +5.0000000e-02 +1.1853833e+01 +6.0540417e-02 +1.2927250e-01 +4.5131806e+00 +3.5190972e-01 +9.3420833e-01 +5.5982153e-01 +5.8040833e-02 +5.5627986e-02 +1.1519345e+05
9.8326100e-01 +5.0000000e-02 +1.1712833e+01 +5.5878333e-02 +1.4557833e-01 +4.5975069e+00 +3.3312708e-01 +9.2865278e-01 +5.5656389e-01 +6.6581597e-02 +5.3080833e-02 +1.1789882e+05
9.8383600e-01 +5.0000000e-02 +1.1564417e+01 +5.1352000e-02 +1.6178750e-01 +4.6799167e+00 +3.1451736e-01 +9.2261806e-01 +5.5210000e-01 +7.5395139e-02 +5.0493542e-02 +1.2056148e+05
9.8440400e-01 +5.0000000e-02 +1.1408167e+01 +4.6973333e-02 +1.7783083e-01 +4.7595139e+00 +2.9612569e-01 +9.1604861e-01 +5.4635486e-01 +8.4492361e-02 +4.7870486e-02 +1.2315698e+05
9.8496500e-01 +5.0000000e-02 +1.1243500e+01 +4.2753417e-02 +1.9363250e-01 +4.8352431e+00 +2.7799583e-01 +9.0888889e-01 +5.3925556e-01 +9.3872917e-02 +4.5217292e-02 +1.2565815e+05
9.8551800e-01 +5.0000000e-02 +1.1070000e+01 +3.8702833e-02 +2.0911250e-01 +4.9059236e+00 +2.6017361e-01 +9.0106250e-01 +5.3073472e-01 +1.0352014e-01 +4.2541181e-02 +1.2803435e+05
9.8606400e-01 +5.0000000e-02 +1.0887167e+01 +3.4831417e-02 +2.2418500e-01 +4.9702014e+00 +2.4270278e-01 +8.9250694e-01 +5.2073194e-01 +1.1339861e-01 +3.9851458e-02 +1.3025619e+05
9.8660300e-01 +5.0000000e-02 +1.0694583e+01 +3.1148250e-02 +2.3875917e-01 +5.0265625e+00 +2.2562708e-01 +8.8314583e-01 +5.0919444e-01 +1.2345347e-01 +3.7158889e-02 +1.3229080e+05
9.8713400e-01 +5.0000000e-02 +1.0491667e+01 +2.7661583e-02 +2.5273833e-01 +5.0733194e+00 +2.0898819e-01 +8.7289583e-01 +4.9607917e-01 +1.3360278e-01 +3.4475694e-02 +1.3410464e+05
9.8765900e-01 +5.0000000e-02 +1.0277917e+01 +2.4378417e-02 +2.6602333e-01 +5.1086250e+00 +1.9282639e-01 +8.6166667e-01 +4.8135764e-01 +1.4374236e-01 +3.1815069e-02 +1.3566595e+05
9.8817700e-01 +5.0000000e-02 +1.0053000e+01 +2.1304750e-02 +2.7850667e-01 +5.1304583e+00 +1.7717917e-01 +8.4938194e-01 +4.6501806e-01 +1.5374444e-01 +2.9190694e-02 +1.3694524e+05
9.8868800e-01 +5.0000000e-02 +9.8163333e+00 +1.8445250e-02 +2.9008167e-01 +5.1366806e+00 +1.6208194e-01 +8.3594444e-01 +4.4706806e-01 +1.6345347e-01 +2.6616736e-02 +1.3791839e+05
9.8919200e-01 +5.0000000e-02 +9.5675833e+00 +1.5803083e-02 +3.0063583e-01 +5.1250486e+00 +1.4756667e-01 +8.2126389e-01 +4.2753889e-01 +1.7269444e-01 +2.4107361e-02 +1.3856681e+05
9.8968900e-01 +5.0000000e-02 +9.3063333e+00 +1.3379833e-02 +3.1005917e-01 +5.0932639e+00 +1.3366319e-01 +8.0524306e-01 +4.0649028e-01 +1.8126944e-01 +2.1676667e-02 +1.3888503e+05
9.9018000e-01 +5.0000000e-02 +9.0323333e+00 +1.1175333e-02 +3.1824083e-01 +5.0390486e+00 +1.2039653e-01 +7.8777778e-01 +3.8401181e-01 +1.8896111e-01 +1.9338889e-02 +1.3888130e+05
9.9066400e-01 +5.0000000e-02 +8.7452500e+00 +9.1879167e-03 +3.2507167e-01 +4.9602431e+00 +1.0779167e-01 +7.6877778e-01 +3.6022708e-01 +1.9553819e-01 +1.7107847e-02 +1.3858075e+05
9.9114200e-01 +5.0000000e-02 +8.4450833e+00 +7.4137250e-03 +3.3044750e-01 +4.8548750e+00 +9.5868056e-02 +7.4813194e-01 +3.3529722e-01 +2.0075833e-01 +1.4996667e-02 +1.3803115e+05
9.9161300e-01 +5.0000000e-02 +8.1316917e+00 +5.8474667e-03 +3.3427167e-01 +4.7213264e+00 +8.4642361e-02 +7.2573611e-01 +3.0941875e-01 +2.0437847e-01 +1.3017917e-02 +1.3730353e+05
9.9207900e-01 +5.0000000e-02 +7.8052000e+00 +4.4819083e-03 +3.3645250e-01 +4.5584306e+00 +7.4129861e-02 +7.0148611e-01 +2.8282708e-01 +2.0616319e-01 +1.1182778e-02 +1.3649214e+05
9.9253700e-01 +5.0000000e-02 +7.4658333e+00 +3.3082083e-03 +3.3690833e-01 +4.3656528e+00 +6.4340764e-02 +6.7528472e-01 +2.5579514e-01 +2.0590139e-01 +9.5004861e-03 +1.3571503e+05
9.9299000e-01 +5.0000000e-02 +7.1139583e+00 +2.3159833e-03 +3.3556917e-01 +4.1432500e+00 +5.5283333e-02 +6.4704167e-01 +2.2862847e-01 +2.0341806e-01 +7.9779861e-03 +1.3510893e+05
9.9343700e-01 +5.0000000e-02 +6.7501083e+00 +1.4934750e-03 +3.3237417e-01 +3.8923889e+00 +4.6962431e-02 +6.1667431e-01 +2.0166250e-01 +1.9859306e-01 +6.6193194e-03 +1.3482460e+05
9.9387800e-01 +5.0000000e-02 +6.3749833e+00 +8.2777667e-04 +3.2727500e-01 +3.6152708e+00 +3.9379931e-02 +5.8411806e-01 +1.7525347e-01 +1.9137569e-01 +5.4248264e-03 +1.3501152e+05
9.9431300e-01 +5.0000000e-02 +5.9894583e+00 +3.0503917e-04 +3.2023333e-01 +3.3152431e+00 +3.2534236e-02 +5.4932847e-01 +1.4977083e-01 +1.8180139e-01 +4.3911111e-03 +1.3580485e+05
9.9474200e-01 +5.0000000e-02 +5.5945417e+00 -8.9246667e-05 +3.1122417e-01 +2.9967917e+00 +2.6420417e-02 +5.1229236e-01 +1.2558194e-01 +1.7000069e-01 +3.5109028e-03 +1.3730744e+05
9.9516500e-01 +5.0000000e-02 +5.1914250e+00 -3.6999833e-04 +3.0023083e-01 +2.6654931e+00 +2.1029167e-02 +4.7304028e-01 +1.0303681e-01 +1.5620556e-01 +2.7732986e-03 +1.3957098e+05
9.9558300e-01 +5.0000000e-02 +4.7813917e+00 -5.5227667e-04 +2.8724583e-01 +2.3278681e+00 +1.6346528e-02 +4.3166458e-01 +8.2452083e-02 +1.4075069e-01 +2.1644167e-03 +1.4258130e+05
9.9599500e-01 +5.0000000e-02 +4.3658583e+00 -6.5105250e-04 +2.7227167e-01 +1.9911319e+00 +1.2352778e-02 +3.8833611e-01 +6.4092708e-02 +1.2406042e-01 +1.6682500e-03 +1.4624833e+05
9.9640100e-01 +5.0000000e-02 +3.9462750e+00 -6.8100250e-04 +2.5531417e-01 +1.6628194e+00 +9.0213194e-03 +3.4333403e-01 +4.8151528e-02 +1.0663472e-01 +1.2678819e-03 +1.5041599e+05
9.9680200e-01 +5.0000000e-02 +3.5241250e+00 -6.5635667e-04 +2.3638750e-01 +1.3504097e+00 +6.3175000e-03 +2.9707014e-01 +3.4734861e-02 +8.9022222e-02 +9.4668750e-04 +1.5488148e+05
9.9719800e-01 +5.0000000e-02 +3.1008333e+00 -5.9078417e-04 +2.1551167e-01 +1.0608403e+00 +4.1972986e-03 +2.5012639e-01 +2.3849722e-02 +7.1790278e-02 +6.8964792e-04 +1.5944004e+05
9.9758800e-01 +5.0000000e-02 +2.6777750e+00 -4.9733583e-04 +1.9271083e-01 +8.0007639e-01 +2.6064792e-03 +2.0328333e-01 +1.5398889e-02 +5.5493403e-02 +4.8437153e-04 +1.6394237e+05
9.9797300e-01 +5.0000000e-02 +2.2561750e+00 -3.8841833e-04 +1.6801333e-01 +5.7279792e-01 +1.4800972e-03 +1.5755764e-01 +9.1843750e-03 +4.0640694e-02 +3.2176181e-04 +1.6836021e+05
9.9835300e-01 +5.0000000e-02 +1.8370917e+00 -2.7579750e-04 +1.4145417e-01 +3.8218542e-01 +7.4302778e-04 +1.1423194e-01 +4.9204931e-03 +2.7672708e-02 +1.9604514e-04 +1.7284017e+05
9.9872800e-01 +5.0000000e-02 +1.4213917e+00 -1.7061250e-04 +1.1307417e-01 +2.2996736e-01 +3.1187778e-04 +7.4891667e-02 +2.2567639e-03 +1.6943472e-02 +1.0403472e-04 +1.7774315e+05
9.9909700e-01 +5.0000000e-02 +1.0097333e+00 -8.3393333e-05 +8.2921583e-02 +1.1662569e-01 +9.9037500e-05 +4.1457153e-02 +8.0680556e-04 +8.7134722e-03 +4.3615694e-05 +1.8366251e+05
9.9946200e-01 +5.0000000e-02 +6.0255417e-01 -2.3999500e-05 +5.1049333e-02 +4.1777708e-02 +1.9487569e-05 +1.6235486e-02 +1.8020208e-04 +3.1527431e-03 +1.1550000e-05 +1.9140858e+05
9.9982100e-01 +5.0000000e-02 +2.0011917e-01 +0.0000000e+00 +1.7532333e-02 +4.6505764e-03 +1.4177361e-06 +1.9957292e-03 +1.1770486e-05 +3.5296389e-04 +9.2418750e-07 +2.0115427e+05
1.0000000e+00 +5.0000000e-02 +0.0000000e+00 +0.0000000e+00 +0.0000000e+00 +0.0000000e+00 +0.0000000e+00 +0.0000000e+00 +0.0000000e+00 +0.0000000e+00 +0.0000000e+00 +2.0115347e+05
