#    y              z              <u>            <v>            <w>            <u'u'>         <v'v'>         <w'w'>         <u'v'>         <u'w'>         <v'w'>         <eps>         
#----------------------------------------------------------------------------------------------------------------------------------------------------------------------------------
0.0000000e+00 +2.5000000e-01 +0.0000000e+00 +0.0000000e+00 +0.0000000e+00 +0.0000000e+00 +0.0000000e+00 +0.0000000e+00 +0.0000000e+00 +0.0000000e+00 +0.0000000e+00 +3.5779097e+05
1.7900000e-04 +2.5000000e-01 +2.3449750e-01 -2.6302083e-06 +7.0556750e-03 +8.3874306e-03 +3.4271875e-06 +3.5562847e-03 -2.6563472e-05 +7.4078472e-05 -4.1805347e-07 +3.5779206e+05
5.3800000e-04 +2.5000000e-01 +7.0613167e-01 -9.6331667e-06 +2.1101000e-02 +7.5345139e-02 +4.6423889e-05 +2.8509236e-02 -4.0381875e-04 +7.6681250e-04 -6.3414722e-06 +3.4017301e+05
9.0300000e-04 +2.5000000e-01 +1.1832667e+00 -2.0859083e-05 +3.5139000e-02 +2.1024792e-01 +2.3294931e-04 +7.1908333e-02 -1.7935278e-03 +2.3662292e-03 -2.8184028e-05 +3.2629557e+05
1.2720000e-03 +2.5000000e-01 +1.6653167e+00 -3.6021917e-05 +4.9149250e-02 +4.1398542e-01 +7.2435417e-04 +1.2843750e-01 -4.9675278e-03 +5.0505000e-03 -7.8243056e-05 +3.1534995e+05
1.6470000e-03 +2.5000000e-01 +2.1513333e+00 -5.4884417e-05 +6.3104917e-02 +6.8594792e-01 +1.7040069e-03 +1.9388750e-01 -1.0700417e-02 +8.9331944e-03 -1.6925486e-04 +3.0555270e+05
2.0270000e-03 +2.5000000e-01 +2.6399917e+00 -7.7269500e-05 +7.6972083e-02 +1.0229792e+00 +3.3519444e-03 +2.6496528e-01 -1.9685903e-02 +1.4042847e-02 -3.1318472e-04 +2.9582041e+05
2.4120000e-03 +2.5000000e-01 +3.1296083e+00 -1.0305917e-04 +9.0710000e-02 +1.4187986e+00 +5.8301042e-03 +3.3915694e-01 -3.2458889e-02 +2.0310417e-02 -5.1986736e-04 +2.8576855e+05
2.8020000e-03 +2.5000000e-01 +3.6182333e+00 -1.3219333e-04 +1.0427167e-01 +1.8640139e+00 +9.2749306e-03 +4.1460764e-01 -4.9340764e-02 +2.7568750e-02 -7.9575000e-04 +2.7555518e+05
3.1980000e-03 +2.5000000e-01 +4.1037500e+00 -1.6466583e-04 +1.1760667e-01 +2.3467014e+00 +1.3795000e-02 +4.9000903e-01 -7.0414583e-02 +3.5566736e-02 -1.1429861e-03 +2.6565620e+05
3.5990000e-03 +2.5000000e-01 +4.5839583e+00 -2.0052667e-04 +1.3066500e-01 +2.8533750e+00 +1.9471667e-02 +5.6448611e-01 -9.5534028e-02 +4.3995000e-02 -1.5590764e-03 +2.5662892e+05
4.0050000e-03 +2.5000000e-01 +5.0567000e+00 -2.3987250e-04 +1.4339417e-01 +3.3700833e+00 +2.6361528e-02 +6.3749375e-01 -1.2435069e-01 +5.2516944e-02 -2.0370556e-03 +2.4893351e+05
4.4170000e-03 +2.5000000e-01 +5.5199667e+00 -2.8284000e-04 +1.5574750e-01 +3.8834444e+00 +3.4499444e-02 +7.0872222e-01 -1.5636597e-01 +6.0800208e-02 -2.5662569e-03 +2.4283543e+05
4.8350000e-03 +2.5000000e-01 +5.9719250e+00 -3.2958000e-04 +1.6768250e-01 +4.3814792e+00 +4.3901875e-02 +7.7802083e-01 -1.9098125e-01 +6.8543125e-02 -3.1333542e-03 +2.3837801e+05
5.2580000e-03 +2.5000000e-01 +6.4110167e+00 -3.8023167e-04 +1.7916250e-01 +4.8541736e+00 +5.4569861e-02 +8.4532639e-01 -2.2754931e-01 +7.5493750e-02 -3.7235903e-03 +2.3541728e+05
5.6870000e-03 +2.5000000e-01 +6.8359417e+00 -4.3488833e-04 +1.9015917e-01 +5.2937222e+00 +6.6491528e-02 +9.1063889e-01 -2.6541806e-01 +8.1460417e-02 -4.3218819e-03 +2.3368309e+05
6.1220000e-03 +2.5000000e-01 +7.2457250e+00 -4.9356417e-04 +2.0065083e-01 +5.6945764e+00 +7.9644444e-02 +9.7397222e-01 -3.0396875e-01 +8.6316667e-02 -4.9137917e-03 +2.3284029e+05
6.5630000e-03 +2.5000000e-01 +7.6396583e+00 -5.5616750e-04 +2.1062417e-01 +6.0532639e+00 +9.3995833e-02 +1.0353264e+00 -3.4263681e-01 +8.9997917e-02 -5.4862083e-03 +2.3254646e+05
7.0100000e-03 +2.5000000e-01 +8.0173000e+00 -6.2247917e-04 +2.2007083e-01 +6.3681528e+00 +1.0950625e-01 +1.0947014e+00 -3.8093125e-01 +9.2493750e-02 -6.0277014e-03 +2.3249291e+05
7.4630000e-03 +2.5000000e-01 +8.3784167e+00 -6.9215167e-04 +2.2899167e-01 +6.6391458e+00 +1.2612847e-01 +1.1520833e+00 -4.1843958e-01 +9.3842361e-02 -6.5286875e-03 +2.3242673e+05
7.9210000e-03 +2.5000000e-01 +8.7231667e+00 -7.6471000e-04 +2.3739083e-01 +6.8672986e+00 +1.4381042e-01 +1.2074444e+00 -4.5482917e-01 +9.4120139e-02 -6.9813889e-03 +2.3215755e+05
8.3870000e-03 +2.5000000e-01 +9.0515833e+00 -8.3958333e-04 +2.4527833e-01 +7.0545833e+00 +1.6249306e-01 +1.2607431e+00 -4.8984375e-01 +9.3429861e-02 -7.3795139e-03 +2.3155826e+05
8.8580000e-03 +2.5000000e-01 +9.3640000e+00 -9.1614167e-04 +2.5266667e-01 +7.2035417e+00 +1.8211528e-01 +1.3119375e+00 -5.2329653e-01 +9.1893056e-02 -7.7182639e-03 +2.3055354e+05
9.3360000e-03 +2.5000000e-01 +9.6610000e+00 -9.9372500e-04 +2.5957333e-01 +7.3170833e+00 +2.0260972e-01 +1.3609861e+00 -5.5506250e-01 +8.9640278e-02 -7.9939583e-03 +2.2911056e+05
9.8200000e-03 +2.5000000e-01 +9.9430833e+00 -1.0717583e-03 +2.6601417e-01 +7.3984722e+00 +2.2390625e-01 +1.4078611e+00 -5.8506806e-01 +8.6802083e-02 -8.2040972e-03 +2.2722930e+05
1.0311000e-02 +2.5000000e-01 +1.0210917e+01 -1.1497250e-03 +2.7200833e-01 +7.4507639e+00 +2.4593403e-01 +1.4525208e+00 -6.1328194e-01 +8.3506944e-02 -8.3468750e-03 +2.2493005e+05
1.0808000e-02 +2.5000000e-01 +1.0465000e+01 -1.2273000e-03 +2.7757667e-01 +7.4771528e+00 +2.6861875e-01 +1.4949514e+00 -6.3970833e-01 +7.9870833e-02 -8.4215972e-03 +2.2224738e+05
1.1312000e-02 +2.5000000e-01 +1.0706083e+01 -1.3043167e-03 +2.8273667e-01 +7.4807639e+00 +2.9188403e-01 +1.5351458e+00 -6.6437639e-01 +7.5998611e-02 -8.4286111e-03 +2.1922223e+05
1.1823000e-02 +2.5000000e-01 +1.0934917e+01 -1.3808667e-03 +2.8750833e-01 +7.4643750e+00 +3.1565486e-01 +1.5730972e+00 -6.8733611e-01 +7.1979167e-02 -8.3695139e-03 +2.1589948e+05
1.2341000e-02 +2.5000000e-01 +1.1152083e+01 -1.4572333e-03 +2.9191000e-01 +7.4306250e+00 +3.3985417e-01 +1.6088264e+00 -7.0865278e-01 +6.7886319e-02 -8.2472917e-03 +2.1232672e+05
1.2866000e-02 +2.5000000e-01 +1.1358333e+01 -1.5339417e-03 +2.9595917e-01 +7.3820833e+00 +3.6440486e-01 +1.6423403e+00 -7.2839583e-01 +6.3775903e-02 -8.0664583e-03 +2.0854800e+05
1.3397000e-02 +2.5000000e-01 +1.1554333e+01 -1.6117000e-03 +2.9967250e-01 +7.3208333e+00 +3.8923194e-01 +1.6736875e+00 -7.4665278e-01 +5.9690069e-02 -7.8330556e-03 +2.0460721e+05
1.3936000e-02 +2.5000000e-01 +1.1740583e+01 -1.6913417e-03 +3.0306500e-01 +7.2489583e+00 +4.1426250e-01 +1.7029028e+00 -7.6350694e-01 +5.5658472e-02 -7.5544444e-03 +2.0054492e+05
1.4482000e-02 +2.5000000e-01 +1.1917833e+01 -1.7737417e-03 +3.0615083e-01 +7.1681944e+00 +4.3942361e-01 +1.7300625e+00 -7.7902778e-01 +5.1702292e-02 -7.2391667e-03 +1.9639521e+05
1.5035000e-02 +2.5000000e-01 +1.2086500e+01 -1.8597833e-03 +3.0894333e-01 +7.0802083e+00 +4.6464583e-01 +1.7552431e+00 -7.9331250e-01 +4.7837639e-02 -6.8966250e-03 +1.9218664e+05
1.5596000e-02 +2.5000000e-01 +1.2247250e+01 -1.9502750e-03 +3.1145250e-01 +6.9863889e+00 +4.8986389e-01 +1.7785208e+00 -8.0643056e-01 +4.4077778e-02 -6.5362222e-03 +1.8794291e+05
1.6164000e-02 +2.5000000e-01 +1.2400583e+01 -2.0459083e-03 +3.1368917e-01 +6.8879861e+00 +5.1501319e-01 +1.8000069e+00 -8.1845139e-01 +4.0434375e-02 -6.1672847e-03 +1.8368344e+05
1.6739000e-02 +2.5000000e-01 +1.2546917e+01 -2.1472833e-03 +3.1566000e-01 +6.7860694e+00 +5.4003333e-01 +1.8197986e+00 -8.2946528e-01 +3.6917361e-02 -5.7983264e-03 +1.7942422e+05
1.7323000e-02 +2.5000000e-01 +1.2686667e+01 -2.2549333e-03 +3.1737333e-01 +6.6816250e+00 +5.6486667e-01 +1.8379861e+00 -8.3952083e-01 +3.3534028e-02 -5.4365764e-03 +1.7518129e+05
1.7914000e-02 +2.5000000e-01 +1.2820417e+01 -2.3693250e-03 +3.1883333e-01 +6.5754931e+00 +5.8945903e-01 +1.8546597e+00 -8.4869444e-01 +3.0288403e-02 -5.0874722e-03 +1.7096776e+05
1.8513000e-02 +2.5000000e-01 +1.2948417e+01 -2.4909250e-03 +3.2004500e-01 +6.4684167e+00 +6.1375833e-01 +1.8699097e+00 -8.5704167e-01 +2.7181319e-02 -4.7542361e-03 +1.6679614e+05
1.9119000e-02 +2.5000000e-01 +1.3071083e+01 -2.6201667e-03 +3.2101083e-01 +6.3610347e+00 +6.3771597e-01 +1.8838056e+00 -8.6462500e-01 +2.4212083e-02 -4.4377083e-03 +1.6267540e+05
1.9734000e-02 +2.5000000e-01 +1.3188833e+01 -2.7574083e-03 +3.2173417e-01 +6.2539028e+00 +6.6128819e-01 +1.8964236e+00 -8.7150000e-01 +2.1378542e-02 -4.1365000e-03 +1.5861391e+05
2.0357000e-02 +2.5000000e-01 +1.3301833e+01 -2.9029000e-03 +3.2221833e-01 +6.1474931e+00 +6.8443333e-01 +1.9078056e+00 -8.7772222e-01 +1.8677569e-02 -3.8474028e-03 +1.5461715e+05
2.0988000e-02 +2.5000000e-01 +1.3410583e+01 -3.0567333e-03 +3.2246750e-01 +6.0422014e+00 +7.0711111e-01 +1.9180278e+00 -8.8334028e-01 +1.6104236e-02 -3.5659931e-03 +1.5069203e+05
2.1627000e-02 +2.5000000e-01 +1.3515333e+01 -3.2189000e-03 +3.2248500e-01 +5.9383403e+00 +7.2929861e-01 +1.9271389e+00 -8.8840278e-01 +1.3652500e-02 -3.2872639e-03 +1.4684268e+05
2.2275000e-02 +2.5000000e-01 +1.3616250e+01 -3.3893667e-03 +3.2227917e-01 +5.8361736e+00 +7.5094444e-01 +1.9351875e+00 -8.9293750e-01 +1.1315694e-02 -3.0061319e-03 +1.4307534e+05
2.2932000e-02 +2.5000000e-01 +1.3713750e+01 -3.5681833e-03 +3.2185750e-01 +5.7359028e+00 +7.7204167e-01 +1.9422292e+00 -8.9699306e-01 +9.0867361e-03 -2.7178750e-03 +1.3939411e+05
2.3596000e-02 +2.5000000e-01 +1.3807917e+01 -3.7555917e-03 +3.2122917e-01 +5.6377014e+00 +7.9255556e-01 +1.9483264e+00 -9.0060417e-01 +6.9583333e-03 -2.4184444e-03 +1.3579961e+05
2.4270000e-02 +2.5000000e-01 +1.3899083e+01 -3.9521250e-03 +3.2040250e-01 +5.5416875e+00 +8.1245833e-01 +1.9535347e+00 -9.0380556e-01 +4.9239931e-03 -2.1045903e-03 +1.3229326e+05
2.4952000e-02 +2.5000000e-01 +1.3987417e+01 -4.1587583e-03 +3.1938917e-01 +5.4479653e+00 +8.3173611e-01 +1.9579097e+00 -9.0661806e-01 +2.9787222e-03 -1.7738403e-03 +1.2887289e+05
2.5644000e-02 +2.5000000e-01 +1.4073083e+01 -4.3769417e-03 +3.1819500e-01 +5.3566042e+00 +8.5038194e-01 +1.9615208e+00 -9.0907639e-01 +1.1195069e-03 -1.4240417e-03 +1.2553918e+05
2.6344000e-02 +2.5000000e-01 +1.4156333e+01 -4.6086500e-03 +3.1683083e-01 +5.2676528e+00 +8.6836111e-01 +1.9644097e+00 -9.1120139e-01 -6.5604306e-04 -1.0529028e-03 +1.2229275e+05
2.7054000e-02 +2.5000000e-01 +1.4237333e+01 -4.8562917e-03 +3.1530333e-01 +5.1811528e+00 +8.8568056e-01 +1.9666250e+00 -9.1302083e-01 -2.3507986e-03 -6.5787500e-04 +1.1913569e+05
2.7772000e-02 +2.5000000e-01 +1.4316167e+01 -5.1225333e-03 +3.1362167e-01 +5.0971528e+00 +9.0231944e-01 +1.9682222e+00 -9.1454861e-01 -3.9677847e-03 -2.3632222e-04 +1.1606586e+05
2.8500000e-02 +2.5000000e-01 +1.4393000e+01 -5.4101417e-03 +3.1179333e-01 +5.0156944e+00 +9.1827778e-01 +1.9692361e+00 -9.1580556e-01 -5.5086806e-03 +2.1423056e-04 +1.1308113e+05
2.9238000e-02 +2.5000000e-01 +1.4468000e+01 -5.7216833e-03 +3.0982500e-01 +4.9368194e+00 +9.3354861e-01 +1.9696944e+00 -9.1681250e-01 -6.9727083e-03 +6.9599306e-04 +1.1017594e+05
2.9985000e-02 +2.5000000e-01 +1.4541250e+01 -6.0593667e-03 +3.0772250e-01 +4.8605278e+00 +9.4813889e-01 +1.9696319e+00 -9.1759028e-01 -8.3560417e-03 +1.2106667e-03 +1.0734677e+05
3.0741000e-02 +2.5000000e-01 +1.4612917e+01 -6.4248667e-03 +3.0549000e-01 +4.7868125e+00 +9.6204167e-01 +1.9690556e+00 -9.1813889e-01 -9.6520139e-03 +1.7589236e-03 +1.0459291e+05
3.1508000e-02 +2.5000000e-01 +1.4683083e+01 -6.8193083e-03 +3.0313083e-01 +4.7156181e+00 +9.7527778e-01 +1.9679792e+00 -9.1849306e-01 -1.0851528e-02 +2.3399861e-03 +1.0191504e+05
3.2284000e-02 +2.5000000e-01 +1.4751833e+01 -7.2433333e-03 +3.0064750e-01 +4.6468750e+00 +9.8784028e-01 +1.9664028e+00 -9.1865278e-01 -1.1944444e-02 +2.9514722e-03 +9.9313852e+04
3.3070000e-02 +2.5000000e-01 +1.4819333e+01 -7.6972167e-03 +2.9804250e-01 +4.5804931e+00 +9.9974306e-01 +1.9643333e+00 -9.1863889e-01 -1.2919306e-02 +3.5895139e-03 +9.6790739e+04
3.3866000e-02 +2.5000000e-01 +1.4885583e+01 -8.1809417e-03 +2.9531750e-01 +4.5163889e+00 +1.0110000e+00 +1.9617639e+00 -9.1845139e-01 -1.3760903e-02 +4.2491181e-03 +9.4349131e+04
3.4673000e-02 +2.5000000e-01 +1.4950667e+01 -8.6942500e-03 +2.9247417e-01 +4.4544931e+00 +1.0216250e+00 +1.9586944e+00 -9.1811111e-01 -1.4450903e-02 +4.9246667e-03 +9.1986961e+04
3.5490000e-02 +2.5000000e-01 +1.5014750e+01 -9.2366667e-03 +2.8951333e-01 +4.3947639e+00 +1.0316250e+00 +1.9551250e+00 -9.1761806e-01 -1.4972014e-02 +5.6103958e-03 +8.9700034e+04
3.6317000e-02 +2.5000000e-01 +1.5077833e+01 -9.8076667e-03 +2.8643750e-01 +4.3371528e+00 +1.0410139e+00 +1.9510625e+00 -9.1699306e-01 -1.5313264e-02 +6.3007986e-03 +8.7483444e+04
3.7155000e-02 +2.5000000e-01 +1.5140083e+01 -1.0406667e-02 +2.8324667e-01 +4.2816111e+00 +1.0498056e+00 +1.9465000e+00 -9.1623611e-01 -1.5472986e-02 +6.9912500e-03 +8.5328876e+04
3.8003000e-02 +2.5000000e-01 +1.5201417e+01 -1.1033583e-02 +2.7994167e-01 +4.2280417e+00 +1.0580139e+00 +1.9414653e+00 -9.1534722e-01 -1.5457292e-02 +7.6788194e-03 +8.3233473e+04
3.8862000e-02 +2.5000000e-01 +1.5262083e+01 -1.1688500e-02 +2.7652583e-01 +4.1763264e+00 +1.0656667e+00 +1.9359722e+00 -9.1433333e-01 -1.5277431e-02 +8.3626389e-03 +8.1193129e+04
3.9732000e-02 +2.5000000e-01 +1.5321917e+01 -1.2372083e-02 +2.7300417e-01 +4.1263125e+00 +1.0727708e+00 +1.9300556e+00 -9.1318750e-01 -1.4947917e-02 +9.0438889e-03 +7.9207774e+04
4.0613000e-02 +2.5000000e-01 +1.5381167e+01 -1.3085250e-02 +2.6938167e-01 +4.0778403e+00 +1.0793472e+00 +1.9237222e+00 -9.1191667e-01 -1.4487986e-02 +9.7251389e-03 +7.7276757e+04
4.1505000e-02 +2.5000000e-01 +1.5439750e+01 -1.3828917e-02 +2.6566833e-01 +4.0307569e+00 +1.0854167e+00 +1.9169792e+00 -9.1050694e-01 -1.3924167e-02 +1.0408264e-02 +7.5401424e+04
4.2409000e-02 +2.5000000e-01 +1.5497750e+01 -1.4603750e-02 +2.6187417e-01 +3.9849444e+00 +1.0909931e+00 +1.9098333e+00 -9.0895833e-01 -1.3288681e-02 +1.1093542e-02 +7.3582542e+04
4.3324000e-02 +2.5000000e-01 +1.5555250e+01 -1.5409750e-02 +2.5801250e-01 +3.9403264e+00 +1.0960972e+00 +1.9022847e+00 -9.0727083e-01 -1.2613472e-02 +1.1778194e-02 +7.1819999e+04
4.4250000e-02 +2.5000000e-01 +1.5612250e+01 -1.6246583e-02 +2.5409583e-01 +3.8968472e+00 +1.1007361e+00 +1.8943472e+00 -9.0545139e-01 -1.1921667e-02 +1.2456458e-02 +7.0110357e+04
4.5188000e-02 +2.5000000e-01 +1.5668833e+01 -1.7112917e-02 +2.5013583e-01 +3.8544653e+00 +1.1049167e+00 +1.8860417e+00 -9.0350000e-01 -1.1222431e-02 +1.3120625e-02 +6.8449340e+04
4.6137000e-02 +2.5000000e-01 +1.5725000e+01 -1.8007417e-02 +2.4614333e-01 +3.8131736e+00 +1.1086667e+00 +1.8774028e+00 -9.0142361e-01 -1.0510347e-02 +1.3763194e-02 +6.6835325e+04
4.7099000e-02 +2.5000000e-01 +1.5780750e+01 -1.8928500e-02 +2.4212583e-01 +3.7729514e+00 +1.1119792e+00 +1.8684722e+00 -8.9921528e-01 -9.7685417e-03 +1.4379097e-02 +6.5267986e+04
4.8072000e-02 +2.5000000e-01 +1.5836083e+01 -1.9874833e-02 +2.3808583e-01 +3.7337778e+00 +1.1148750e+00 +1.8592847e+00 -8.9688194e-01 -8.9765972e-03 +1.4967778e-02 +6.3747770e+04
4.9057000e-02 +2.5000000e-01 +1.5891083e+01 -2.0845833e-02 +2.3402500e-01 +3.6956250e+00 +1.1173542e+00 +1.8498889e+00 -8.9441667e-01 -8.1179167e-03 +1.5534028e-02 +6.2274061e+04
5.0055000e-02 +2.5000000e-01 +1.5945750e+01 -2.1841583e-02 +2.2994000e-01 +3.6584653e+00 +1.1194306e+00 +1.8403056e+00 -8.9181944e-01 -7.1827778e-03 +1.6086389e-02 +6.0844227e+04
5.1065000e-02 +2.5000000e-01 +1.6000083e+01 -2.2862750e-02 +2.2582750e-01 +3.6222986e+00 +1.1211111e+00 +1.8305625e+00 -8.8909028e-01 -6.1653542e-03 +1.6635000e-02 +5.9454982e+04
5.2087000e-02 +2.5000000e-01 +1.6054083e+01 -2.3910417e-02 +2.2168083e-01 +3.5871181e+00 +1.1224167e+00 +1.8206597e+00 -8.8623611e-01 -5.0614792e-03 +1.7188611e-02 +5.8102573e+04
5.3122000e-02 +2.5000000e-01 +1.6107833e+01 -2.4985833e-02 +2.1749333e-01 +3.5529028e+00 +1.1233542e+00 +1.8105903e+00 -8.8325000e-01 -3.8709236e-03 +1.7752431e-02 +5.6783884e+04
5.4170000e-02 +2.5000000e-01 +1.6161250e+01 -2.6089583e-02 +2.1326000e-01 +3.5196181e+00 +1.1239444e+00 +1.8003403e+00 -8.8015278e-01 -2.6006597e-03 +1.8328750e-02 +5.5498250e+04
5.5231000e-02 +2.5000000e-01 +1.6214500e+01 -2.7221333e-02 +2.0897750e-01 +3.4871806e+00 +1.1242292e+00 +1.7899028e+00 -8.7693750e-01 -1.2633264e-03 +1.8917500e-02 +5.4246460e+04
5.6304000e-02 +2.5000000e-01 +1.6267417e+01 -2.8379583e-02 +2.0464833e-01 +3.4555069e+00 +1.1242153e+00 +1.7792639e+00 -8.7362500e-01 +1.2731458e-04 +1.9515833e-02 +5.3028454e+04
5.7391000e-02 +2.5000000e-01 +1.6320250e+01 -2.9562000e-02 +2.0027917e-01 +3.4245208e+00 +1.1239306e+00 +1.7684583e+00 -8.7020833e-01 +1.5579861e-03 +2.0117083e-02 +5.1844095e+04
5.8491000e-02 +2.5000000e-01 +1.6372833e+01 -3.0766167e-02 +1.9588000e-01 +3.3941736e+00 +1.1233889e+00 +1.7574931e+00 -8.6670833e-01 +3.0121875e-03 +2.0709583e-02 +5.0693213e+04
5.9604000e-02 +2.5000000e-01 +1.6425250e+01 -3.1990500e-02 +1.9146333e-01 +3.3644306e+00 +1.1226111e+00 +1.7463958e+00 -8.6312500e-01 +4.4660417e-03 +2.1278403e-02 +4.9574056e+04
6.0730000e-02 +2.5000000e-01 +1.6477583e+01 -3.3234500e-02 +1.8703750e-01 +3.3352500e+00 +1.1215972e+00 +1.7352014e+00 -8.5945833e-01 +5.8889514e-03 +2.1807847e-02 +4.8484398e+04
6.1870000e-02 +2.5000000e-01 +1.6529750e+01 -3.4499250e-02 +1.8261083e-01 +3.3065694e+00 +1.1203611e+00 +1.7239375e+00 -8.5570833e-01 +7.2513889e-03 +2.2283681e-02 +4.7423392e+04
6.3024000e-02 +2.5000000e-01 +1.6581833e+01 -3.5786500e-02 +1.7818417e-01 +3.2783056e+00 +1.1189097e+00 +1.7126319e+00 -8.5187500e-01 +8.5368056e-03 +2.2693958e-02 +4.6389511e+04
6.4192000e-02 +2.5000000e-01 +1.6633833e+01 -3.7099167e-02 +1.7375583e-01 +3.2503958e+00 +1.1172500e+00 +1.7013125e+00 -8.4794444e-01 +9.7488194e-03 +2.3030139e-02 +4.5380224e+04
6.5374000e-02 +2.5000000e-01 +1.6685667e+01 -3.8440667e-02 +1.6931917e-01 +3.2227708e+00 +1.1153889e+00 +1.6900000e+00 -8.4390278e-01 +1.0908056e-02 +2.3288819e-02 +4.4394612e+04
6.6570000e-02 +2.5000000e-01 +1.6737417e+01 -3.9814333e-02 +1.6486583e-01 +3.1953750e+00 +1.1133472e+00 +1.6787014e+00 -8.3974306e-01 +1.2042569e-02 +2.3475208e-02 +4.3433924e+04
6.7780000e-02 +2.5000000e-01 +1.6789083e+01 -4.1223083e-02 +1.6038917e-01 +3.1681806e+00 +1.1111319e+00 +1.6674028e+00 -8.3546528e-01 +1.3174792e-02 +2.3604444e-02 +4.2498577e+04
6.9004000e-02 +2.5000000e-01 +1.6840583e+01 -4.2668750e-02 +1.5588417e-01 +3.1412083e+00 +1.1087569e+00 +1.6560972e+00 -8.3106944e-01 +1.4312986e-02 +2.3698056e-02 +4.1587585e+04
7.0243000e-02 +2.5000000e-01 +1.6892083e+01 -4.4151833e-02 +1.5135000e-01 +3.1144792e+00 +1.1062361e+00 +1.6447569e+00 -8.2657639e-01 +1.5448750e-02 +2.3777569e-02 +4.0699883e+04
7.1496000e-02 +2.5000000e-01 +1.6943417e+01 -4.5671083e-02 +1.4678417e-01 +3.0880347e+00 +1.1035764e+00 +1.6333819e+00 -8.2200694e-01 +1.6563750e-02 +2.3859306e-02 +3.9834079e+04
7.2765000e-02 +2.5000000e-01 +1.6994667e+01 -4.7224000e-02 +1.4218250e-01 +3.0619444e+00 +1.1007778e+00 +1.6219861e+00 -8.1736111e-01 +1.7646181e-02 +2.3952083e-02 +3.8988287e+04
7.4048000e-02 +2.5000000e-01 +1.7045750e+01 -4.8807417e-02 +1.3753667e-01 +3.0362778e+00 +1.0978403e+00 +1.6105764e+00 -8.1265972e-01 +1.8699306e-02 +2.4057500e-02 +3.8160699e+04
7.5346000e-02 +2.5000000e-01 +1.7096750e+01 -5.0418167e-02 +1.3283250e-01 +3.0110694e+00 +1.0947639e+00 +1.5991806e+00 -8.0789583e-01 +1.9736042e-02 +2.4172083e-02 +3.7350912e+04
7.6659000e-02 +2.5000000e-01 +1.7147583e+01 -5.2054583e-02 +1.2805833e-01 +2.9863125e+00 +1.0915556e+00 +1.5877847e+00 -8.0306944e-01 +2.0770972e-02 +2.4289514e-02 +3.6560262e+04
7.7988000e-02 +2.5000000e-01 +1.7198250e+01 -5.3716917e-02 +1.2320167e-01 +2.9619514e+00 +1.0882222e+00 +1.5763681e+00 -7.9816667e-01 +2.1809792e-02 +2.4404792e-02 +3.5789621e+04
7.9332000e-02 +2.5000000e-01 +1.7248917e+01 -5.5407083e-02 +1.1825917e-01 +2.9379444e+00 +1.0847639e+00 +1.5648958e+00 -7.9315972e-01 +2.2834861e-02 +2.4516667e-02 +3.5037552e+04
8.0691000e-02 +2.5000000e-01 +1.7299417e+01 -5.7127833e-02 +1.1323333e-01 +2.9142500e+00 +1.0811944e+00 +1.5533542e+00 -7.8804861e-01 +2.3804514e-02 +2.4625139e-02 +3.4301726e+04
8.2066000e-02 +2.5000000e-01 +1.7349750e+01 -5.8881333e-02 +1.0813500e-01 +2.8907778e+00 +1.0775347e+00 +1.5417431e+00 -7.8281250e-01 +2.4671319e-02 +2.4727778e-02 +3.3581659e+04
8.3457000e-02 +2.5000000e-01 +1.7400083e+01 -6.0668000e-02 +1.0297417e-01 +2.8674444e+00 +1.0737917e+00 +1.5300625e+00 -7.7745139e-01 +2.5404653e-02 +2.4816806e-02 +3.2876908e+04
8.4864000e-02 +2.5000000e-01 +1.7450250e+01 -6.2487000e-02 +9.7758333e-02 +2.8441597e+00 +1.0699653e+00 +1.5183472e+00 -7.7196528e-01 +2.5999167e-02 +2.4880069e-02 +3.2187246e+04
8.6287000e-02 +2.5000000e-01 +1.7500417e+01 -6.4336583e-02 +9.2495833e-02 +2.8208750e+00 +1.0660694e+00 +1.5066319e+00 -7.6635417e-01 +2.6467361e-02 +2.4904236e-02 +3.1513337e+04
8.7726000e-02 +2.5000000e-01 +1.7550500e+01 -6.6214417e-02 +8.7194167e-02 +2.7975486e+00 +1.0620972e+00 +1.4949444e+00 -7.6062500e-01 +2.6825764e-02 +2.4878819e-02 +3.0857158e+04
8.9181000e-02 +2.5000000e-01 +1.7600500e+01 -6.8117833e-02 +8.1860250e-02 +2.7741944e+00 +1.0580278e+00 +1.4833194e+00 -7.5479167e-01 +2.7086875e-02 +2.4797986e-02 +3.0220061e+04
9.0653000e-02 +2.5000000e-01 +1.7650417e+01 -7.0044167e-02 +7.6503083e-02 +2.7508681e+00 +1.0538681e+00 +1.4717500e+00 -7.4886111e-01 +2.7266181e-02 +2.4658194e-02 +2.9601071e+04
9.2141000e-02 +2.5000000e-01 +1.7700333e+01 -7.1991167e-02 +7.1126417e-02 +2.7276458e+00 +1.0496042e+00 +1.4602083e+00 -7.4284028e-01 +2.7391667e-02 +2.4455556e-02 +2.8997189e+04
9.3646000e-02 +2.5000000e-01 +1.7750083e+01 -7.3957083e-02 +6.5729917e-02 +2.7045764e+00 +1.0452361e+00 +1.4486875e+00 -7.3672917e-01 +2.7500208e-02 +2.4183333e-02 +2.8405760e+04
9.5167000e-02 +2.5000000e-01 +1.7799833e+01 -7.5940250e-02 +6.0308583e-02 +2.6816528e+00 +1.0407778e+00 +1.4371944e+00 -7.3052778e-01 +2.7625139e-02 +2.3833750e-02 +2.7823832e+04
9.6706000e-02 +2.5000000e-01 +1.7849417e+01 -7.7939250e-02 +5.4854333e-02 +2.6588333e+00 +1.0362431e+00 +1.4257431e+00 -7.2425000e-01 +2.7790903e-02 +2.3403542e-02 +2.7250551e+04
9.8262000e-02 +2.5000000e-01 +1.7898917e+01 -7.9952167e-02 +4.9357917e-02 +2.6360556e+00 +1.0316389e+00 +1.4143403e+00 -7.1790278e-01 +2.8018125e-02 +2.2897500e-02 +2.6689370e+04
9.9834000e-02 +2.5000000e-01 +1.7948333e+01 -8.1977500e-02 +4.3810000e-02 +2.6132431e+00 +1.0269861e+00 +1.4029583e+00 -7.1148611e-01 +2.8324931e-02 +2.2324931e-02 +2.6145040e+04
1.0142400e-01 +2.5000000e-01 +1.7997583e+01 -8.4014167e-02 +3.8202167e-02 +2.5903403e+00 +1.0222917e+00 +1.3916250e+00 -7.0500000e-01 +2.8717083e-02 +2.1692431e-02 +2.5619108e+04
1.0303200e-01 +2.5000000e-01 +1.8046667e+01 -8.6062500e-02 +3.2531250e-02 +2.5673125e+00 +1.0175556e+00 +1.3803542e+00 -6.9845139e-01 +2.9183194e-02 +2.0998611e-02 +2.5109697e+04
1.0465700e-01 +2.5000000e-01 +1.8095667e+01 -8.8122500e-02 +2.6800167e-02 +2.5441528e+00 +1.0127847e+00 +1.3691667e+00 -6.9183264e-01 +2.9702153e-02 +2.0235903e-02 +2.4613068e+04
1.0629900e-01 +2.5000000e-01 +1.8144500e+01 -9.0194167e-02 +2.1014667e-02 +2.5208819e+00 +1.0079861e+00 +1.3580417e+00 -6.8512708e-01 +3.0249931e-02 +1.9395347e-02 +2.4126443e+04
1.0796000e-01 +2.5000000e-01 +1.8193167e+01 -9.2275000e-02 +1.5179167e-02 +2.4974792e+00 +1.0031806e+00 +1.3469375e+00 -6.7832500e-01 +3.0800139e-02 +1.8469236e-02 +2.3649608e+04
1.0963800e-01 +2.5000000e-01 +1.8241667e+01 -9.4361667e-02 +9.2961667e-03 +2.4739167e+00 +9.9836806e-01 +1.3357986e+00 -6.7141528e-01 +3.1325208e-02 +1.7453056e-02 +2.3183737e+04
1.1133400e-01 +2.5000000e-01 +1.8290083e+01 -9.6450000e-02 +3.3674417e-03 +2.4501736e+00 +9.9356944e-01 +1.3245972e+00 -6.6439861e-01 +3.1802361e-02 +1.6350486e-02 +2.2727877e+04
1.1304800e-01 +2.5000000e-01 +1.8338250e+01 -9.8535000e-02 -2.6047167e-03 +2.4262986e+00 +9.8879861e-01 +1.3133194e+00 -6.5728403e-01 +3.2213194e-02 +1.5178681e-02 +2.2279188e+04
1.1478100e-01 +2.5000000e-01 +1.8386250e+01 -1.0061750e-01 -8.6134167e-03 +2.4023681e+00 +9.8404861e-01 +1.3019583e+00 -6.5007986e-01 +3.2538542e-02 +1.3967778e-02 +2.1837415e+04
1.1653100e-01 +2.5000000e-01 +1.8434083e+01 -1.0269917e-01 -1.4643583e-02 +2.3784653e+00 +9.7932639e-01 +1.2904931e+00 -6.4279236e-01 +3.2756111e-02 +1.2751042e-02 +2.1405114e+04
1.1830100e-01 +2.5000000e-01 +1.8481750e+01 -1.0478250e-01 -2.0675333e-02 +2.3546528e+00 +9.7461806e-01 +1.2789583e+00 -6.3542569e-01 +3.2852569e-02 +1.1547778e-02 +2.0983797e+04
1.2008800e-01 +2.5000000e-01 +1.8529083e+01 -1.0687167e-01 -2.6693000e-02 +2.3309444e+00 +9.6992361e-01 +1.2674097e+00 -6.2798889e-01 +3.2841597e-02 +1.0354931e-02 +2.0572055e+04
1.2189500e-01 +2.5000000e-01 +1.8576167e+01 -1.0896750e-01 -3.2688333e-02 +2.3073194e+00 +9.6524306e-01 +1.2559028e+00 -6.2049375e-01 +3.2764306e-02 +9.1543056e-03 +2.0168013e+04
1.2372000e-01 +2.5000000e-01 +1.8623000e+01 -1.1107167e-01 -3.8656000e-02 +2.2837708e+00 +9.6058333e-01 +1.2444722e+00 -6.1295139e-01 +3.2658333e-02 +7.9265972e-03 +1.9768759e+04
1.2556400e-01 +2.5000000e-01 +1.8669500e+01 -1.1318417e-01 -4.4588917e-02 +2.2602986e+00 +9.5593056e-01 +1.2331458e+00 -6.0536250e-01 +3.2523681e-02 +6.6625069e-03 +1.9372280e+04
1.2742700e-01 +2.5000000e-01 +1.8715583e+01 -1.1530500e-01 -5.0479333e-02 +2.2369306e+00 +9.5129167e-01 +1.2219375e+00 -5.9771944e-01 +3.2323403e-02 +5.3629167e-03 +1.8981471e+04
1.2930900e-01 +2.5000000e-01 +1.8761417e+01 -1.1743500e-01 -5.6319917e-02 +2.2136944e+00 +9.4665278e-01 +1.2108194e+00 -5.9001667e-01 +3.2006875e-02 +4.0337708e-03 +1.8601478e+04
1.3121000e-01 +2.5000000e-01 +1.8807000e+01 -1.1957583e-01 -6.2104333e-02 +2.1906806e+00 +9.4200000e-01 +1.1997569e+00 -5.8225903e-01 +3.1528125e-02 +2.6791944e-03 +1.8233968e+04
1.3313000e-01 +2.5000000e-01 +1.8852167e+01 -1.2172583e-01 -6.7826417e-02 +2.1679028e+00 +9.3731944e-01 +1.1887292e+00 -5.7445903e-01 +3.0860694e-02 +1.2982014e-03 +1.7878962e+04
1.3507000e-01 +2.5000000e-01 +1.8897083e+01 -1.2388417e-01 -7.3482667e-02 +2.1453542e+00 +9.3261806e-01 +1.1777153e+00 -5.6662917e-01 +3.0005278e-02 -1.1370764e-04 +1.7536957e+04
1.3702900e-01 +2.5000000e-01 +1.8941667e+01 -1.2604833e-01 -7.9074333e-02 +2.1230347e+00 +9.2788194e-01 +1.1666944e+00 -5.5878264e-01 +2.8984861e-02 -1.5602778e-03 +1.7206138e+04
1.3900700e-01 +2.5000000e-01 +1.8986000e+01 -1.2821333e-01 -8.4605000e-02 +2.1009653e+00 +9.2313889e-01 +1.1556736e+00 -5.5093333e-01 +2.7823611e-02 -3.0386875e-03 +1.6882690e+04
1.4100500e-01 +2.5000000e-01 +1.9029917e+01 -1.3037667e-01 -9.0075000e-02 +2.0791250e+00 +9.1838889e-01 +1.1446528e+00 -5.4309444e-01 +2.6519236e-02 -4.5355139e-03 +1.6566569e+04
1.4302300e-01 +2.5000000e-01 +1.9073500e+01 -1.3253583e-01 -9.5475833e-02 +2.0574444e+00 +9.1365278e-01 +1.1336736e+00 -5.3527014e-01 +2.5056944e-02 -6.0323056e-03 +1.6259323e+04
1.4506100e-01 +2.5000000e-01 +1.9116750e+01 -1.3469250e-01 -1.0079667e-01 +2.0358403e+00 +9.0895139e-01 +1.1228403e+00 -5.2745625e-01 +2.3436042e-02 -7.5185417e-03 +1.5959607e+04
1.4711800e-01 +2.5000000e-01 +1.9159583e+01 -1.3684917e-01 -1.0602667e-01 +2.0142847e+00 +9.0429167e-01 +1.1122153e+00 -5.1964236e-01 +2.1676111e-02 -9.0011111e-03 +1.5665986e+04
1.4919600e-01 +2.5000000e-01 +1.9202000e+01 -1.3900833e-01 -1.1115833e-01 +1.9927569e+00 +8.9969444e-01 +1.1017917e+00 -5.1181111e-01 +1.9808958e-02 -1.0500764e-02 +1.5378729e+04
1.5129300e-01 +2.5000000e-01 +1.9244000e+01 -1.4116833e-01 -1.1618333e-01 +1.9712292e+00 +8.9516667e-01 +1.0915000e+00 -5.0394444e-01 +1.7861944e-02 -1.2039167e-02 +1.5098394e+04
1.5341000e-01 +2.5000000e-01 +1.9285667e+01 -1.4333000e-01 -1.2108917e-01 +1.9497083e+00 +8.9072222e-01 +1.0812917e+00 -4.9603194e-01 +1.5841528e-02 -1.3628056e-02 +1.4826135e+04
1.5554800e-01 +2.5000000e-01 +1.9326917e+01 -1.4549083e-01 -1.2586250e-01 +1.9282222e+00 +8.8634028e-01 +1.0711944e+00 -4.8806736e-01 +1.3740208e-02 -1.5266597e-02 +1.4562873e+04
1.5770600e-01 +2.5000000e-01 +1.9367667e+01 -1.4765083e-01 -1.3049083e-01 +1.9068333e+00 +8.8204167e-01 +1.0612222e+00 -4.8004653e-01 +1.1548681e-02 -1.6945625e-02 +1.4307562e+04
1.5988400e-01 +2.5000000e-01 +1.9407917e+01 -1.4980500e-01 -1.3497250e-01 +1.8856042e+00 +8.7782639e-01 +1.0513958e+00 -4.7197431e-01 +9.2494444e-03 -1.8653819e-02 +1.4058436e+04
1.6208200e-01 +2.5000000e-01 +1.9447750e+01 -1.5195000e-01 -1.3930833e-01 +1.8645833e+00 +8.7372222e-01 +1.0417431e+00 -4.6387014e-01 +6.8200278e-03 -2.0382222e-02 +1.3814607e+04
1.6430000e-01 +2.5000000e-01 +1.9487000e+01 -1.5408333e-01 -1.4350833e-01 +1.8437847e+00 +8.6974306e-01 +1.0322986e+00 -4.5575417e-01 +4.2380208e-03 -2.2118056e-02 +1.3576513e+04
1.6654000e-01 +2.5000000e-01 +1.9525750e+01 -1.5620500e-01 -1.4758417e-01 +1.8231944e+00 +8.6590278e-01 +1.0230972e+00 -4.4764306e-01 +1.4820694e-03 -2.3840764e-02 +1.3345098e+04
1.6879900e-01 +2.5000000e-01 +1.9564000e+01 -1.5831500e-01 -1.5155250e-01 +1.8028194e+00 +8.6221528e-01 +1.0141250e+00 -4.3954931e-01 -1.4642292e-03 -2.5534028e-02 +1.3121896e+04
1.7107900e-01 +2.5000000e-01 +1.9601750e+01 -1.6041250e-01 -1.5543250e-01 +1.7826736e+00 +8.5868056e-01 +1.0053889e+00 -4.3147917e-01 -4.6158472e-03 -2.7193889e-02 +1.2906524e+04
1.7338000e-01 +2.5000000e-01 +1.9638833e+01 -1.6249417e-01 -1.5924333e-01 +1.7627639e+00 +8.5532639e-01 +9.9688194e-01 -4.2343194e-01 -7.9938194e-03 -2.8823958e-02 +1.2697000e+04
1.7570100e-01 +2.5000000e-01 +1.9675417e+01 -1.6455000e-01 -1.6298333e-01 +1.7431389e+00 +8.5216667e-01 +9.8856250e-01 -4.1540139e-01 -1.1635417e-02 -3.0430486e-02 +1.2492489e+04
1.7804300e-01 +2.5000000e-01 +1.9711417e+01 -1.6657250e-01 -1.6663917e-01 +1.7238542e+00 +8.4920833e-01 +9.8043056e-01 -4.0737431e-01 -1.5574722e-02 -3.2023333e-02 +1.2293064e+04
1.8040600e-01 +2.5000000e-01 +1.9746750e+01 -1.6855083e-01 -1.7018250e-01 +1.7049931e+00 +8.4645139e-01 +9.7251389e-01 -3.9933611e-01 -1.9815556e-02 -3.3606736e-02 +1.2098520e+04
1.8278900e-01 +2.5000000e-01 +1.9781583e+01 -1.7047917e-01 -1.7358500e-01 +1.6866944e+00 +8.4388889e-01 +9.6478472e-01 -3.9128542e-01 -2.4323125e-02 -3.5174444e-02 +1.1909007e+04
1.8519300e-01 +2.5000000e-01 +1.9815667e+01 -1.7235417e-01 -1.7682833e-01 +1.6690486e+00 +8.4151389e-01 +9.5720833e-01 -3.8322292e-01 -2.9028333e-02 -3.6723333e-02 +1.1726614e+04
1.8761700e-01 +2.5000000e-01 +1.9849167e+01 -1.7417417e-01 -1.7990167e-01 +1.6520694e+00 +8.3931250e-01 +9.4972917e-01 -3.7514861e-01 -3.3865903e-02 -3.8257569e-02 +1.1552840e+04
1.9006300e-01 +2.5000000e-01 +1.9881917e+01 -1.7593667e-01 -1.8279583e-01 +1.6357778e+00 +8.3729167e-01 +9.4234722e-01 -3.6705833e-01 -3.8797361e-02 -3.9783333e-02 +1.1385925e+04
1.9252900e-01 +2.5000000e-01 +1.9914083e+01 -1.7764167e-01 -1.8550250e-01 +1.6201667e+00 +8.3543750e-01 +9.3509722e-01 -3.5894861e-01 -4.3801806e-02 -4.1303333e-02 +1.1223550e+04
1.9501600e-01 +2.5000000e-01 +1.9945500e+01 -1.7928917e-01 -1.8801667e-01 +1.6051806e+00 +8.3374306e-01 +9.2797222e-01 -3.5081181e-01 -4.8878264e-02 -4.2819861e-02 +1.1065905e+04
1.9752400e-01 +2.5000000e-01 +1.9976167e+01 -1.8088000e-01 -1.9033500e-01 +1.5907431e+00 +8.3220139e-01 +9.2094444e-01 -3.4264792e-01 -5.4059653e-02 -4.4339375e-02 +1.0915392e+04
2.0005300e-01 +2.5000000e-01 +2.0006167e+01 -1.8241417e-01 -1.9245500e-01 +1.5768056e+00 +8.3078472e-01 +9.1399306e-01 -3.3446806e-01 -5.9385139e-02 -4.5867986e-02 +1.0772748e+04
2.0260200e-01 +2.5000000e-01 +2.0035417e+01 -1.8388417e-01 -1.9438250e-01 +1.5633889e+00 +8.2950000e-01 +9.0712500e-01 -3.2628125e-01 -6.4890069e-02 -4.7407986e-02 +1.0636116e+04
2.0517200e-01 +2.5000000e-01 +2.0063917e+01 -1.8527583e-01 -1.9612083e-01 +1.5504375e+00 +8.2833333e-01 +9.0041667e-01 -3.1809028e-01 -7.0634028e-02 -4.8950764e-02 +1.0505163e+04
2.0776300e-01 +2.5000000e-01 +2.0091750e+01 -1.8657667e-01 -1.9766167e-01 +1.5378750e+00 +8.2729167e-01 +8.9392361e-01 -3.0989306e-01 -7.6659028e-02 -5.0468889e-02 +1.0381639e+04
2.1037500e-01 +2.5000000e-01 +2.0118750e+01 -1.8777417e-01 -1.9899917e-01 +1.5256597e+00 +8.2636806e-01 +8.8770833e-01 -3.0170278e-01 -8.2947222e-02 -5.1927708e-02 +1.0264987e+04
2.1300800e-01 +2.5000000e-01 +2.0145083e+01 -1.8886417e-01 -2.0014000e-01 +1.5138542e+00 +8.2557639e-01 +8.8175000e-01 -2.9354653e-01 -8.9452083e-02 -5.3301042e-02 +1.0154200e+04
2.1566100e-01 +2.5000000e-01 +2.0170583e+01 -1.8985250e-01 -2.0110250e-01 +1.5025833e+00 +8.2491667e-01 +8.7605556e-01 -2.8544028e-01 -9.6133333e-02 -5.4579028e-02 +1.0048756e+04
2.1833500e-01 +2.5000000e-01 +2.0195333e+01 -1.9074917e-01 -2.0190500e-01 +1.4919306e+00 +8.2439583e-01 +8.7065972e-01 -2.7736458e-01 -1.0294931e-01 -5.5769375e-02 +9.9485869e+03
2.2102900e-01 +2.5000000e-01 +2.0219167e+01 -1.9156083e-01 -2.0255750e-01 +1.4819306e+00 +8.2402083e-01 +8.6560417e-01 -2.6927639e-01 -1.0983333e-01 -5.6888472e-02 +9.8527077e+03
2.2374400e-01 +2.5000000e-01 +2.0242250e+01 -1.9229083e-01 -2.0305500e-01 +1.4725833e+00 +8.2379861e-01 +8.6091667e-01 -2.6114236e-01 -1.1673403e-01 -5.7943958e-02 +9.7603927e+03
2.2648000e-01 +2.5000000e-01 +2.0264417e+01 -1.9294167e-01 -2.0337250e-01 +1.4638403e+00 +8.2376389e-01 +8.5663194e-01 -2.5295972e-01 -1.2367639e-01 -5.8933889e-02 +9.6715848e+03
2.2923600e-01 +2.5000000e-01 +2.0285750e+01 -1.9351250e-01 -2.0346250e-01 +1.4556597e+00 +8.2392361e-01 +8.5273611e-01 -2.4473750e-01 -1.3071181e-01 -5.9868681e-02 +9.5875238e+03
2.3201300e-01 +2.5000000e-01 +2.0306250e+01 -1.9399917e-01 -2.0327750e-01 +1.4480417e+00 +8.2429167e-01 +8.4916667e-01 -2.3648125e-01 -1.3783125e-01 -6.0781042e-02 +9.5089236e+03
2.3481000e-01 +2.5000000e-01 +2.0325917e+01 -1.9439667e-01 -2.0278000e-01 +1.4410694e+00 +8.2488194e-01 +8.4583333e-01 -2.2819861e-01 -1.4501806e-01 -6.1702222e-02 +9.4356378e+03
2.3762700e-01 +2.5000000e-01 +2.0344750e+01 -1.9470500e-01 -2.0195000e-01 +1.4348403e+00 +8.2568750e-01 +8.4269444e-01 -2.1990208e-01 -1.5229236e-01 -6.2644444e-02 +9.3679312e+03
2.4046400e-01 +2.5000000e-01 +2.0362750e+01 -1.9493083e-01 -2.0079583e-01 +1.4294375e+00 +8.2669444e-01 +8.3975694e-01 -2.1159514e-01 -1.5964792e-01 -6.3604792e-02 +9.3057852e+03
2.4332200e-01 +2.5000000e-01 +2.0379917e+01 -1.9508500e-01 -1.9935250e-01 +1.4249236e+00 +8.2789583e-01 +8.3706944e-01 -2.0328611e-01 -1.6703542e-01 -6.4571736e-02 +9.2479266e+03
2.4620000e-01 +2.5000000e-01 +2.0396083e+01 -1.9517417e-01 -1.9768000e-01 +1.4213125e+00 +8.2930556e-01 +8.3456944e-01 -1.9500417e-01 -1.7443472e-01 -6.5531875e-02 +9.1941143e+03
2.4909800e-01 +2.5000000e-01 +2.0411333e+01 -1.9519667e-01 -1.9582167e-01 +1.4186042e+00 +8.3090972e-01 +8.3217361e-01 -1.8677083e-01 -1.8189167e-01 -6.6477708e-02 +9.1452063e+03
2.5201500e-01 +2.5000000e-01 +2.0425667e+01 -1.9514500e-01 -1.9378667e-01 +1.4167986e+00 +8.3270139e-01 +8.2986806e-01 -1.7858819e-01 -1.8948750e-01 -6.7405139e-02 +9.1000354e+03
2.5495300e-01 +2.5000000e-01 +2.0439083e+01 -1.9501083e-01 -1.9155500e-01 +1.4159306e+00 +8.3468056e-01 +8.2772222e-01 -1.7045000e-01 -1.9728333e-01 -6.8312639e-02 +9.0572795e+03
2.5791000e-01 +2.5000000e-01 +2.0451667e+01 -1.9478917e-01 -1.8909667e-01 +1.4160486e+00 +8.3683333e-01 +8.2578472e-01 -1.6234444e-01 -2.0532153e-01 -6.9198750e-02 +9.0195067e+03
2.6088700e-01 +2.5000000e-01 +2.0463333e+01 -1.9447500e-01 -1.8638250e-01 +1.4171944e+00 +8.3915972e-01 +8.2403472e-01 -1.5425139e-01 -2.1361458e-01 -7.0059722e-02 +8.9889315e+03
2.6388300e-01 +2.5000000e-01 +2.0474167e+01 -1.9407250e-01 -1.8338667e-01 +1.4194236e+00 +8.4166667e-01 +8.2250000e-01 -1.4615278e-01 -2.2210208e-01 -7.0900000e-02 +8.9645628e+03
2.6689900e-01 +2.5000000e-01 +2.0484167e+01 -1.9359083e-01 -1.8009750e-01 +1.4227639e+00 +8.4434028e-01 +8.2118750e-01 -1.3804375e-01 -2.3066597e-01 -7.1727083e-02 +8.9444978e+03
2.6993400e-01 +2.5000000e-01 +2.0493250e+01 -1.9304500e-01 -1.7652167e-01 +1.4272292e+00 +8.4716667e-01 +8.2004861e-01 -1.2993472e-01 -2.3922292e-01 -7.2525694e-02 +8.9281341e+03
2.7298800e-01 +2.5000000e-01 +2.0501583e+01 -1.9244917e-01 -1.7267667e-01 +1.4327500e+00 +8.5010417e-01 +8.1899306e-01 -1.2183542e-01 -2.4778819e-01 -7.3261111e-02 +8.9152711e+03
2.7606100e-01 +2.5000000e-01 +2.0509000e+01 -1.9180500e-01 -1.6858667e-01 +1.4391806e+00 +8.5315278e-01 +8.1802083e-01 -1.1375208e-01 -2.5644236e-01 -7.3881944e-02 +8.9068879e+03
2.7915300e-01 +2.5000000e-01 +2.0515583e+01 -1.9110417e-01 -1.6427250e-01 +1.4463333e+00 +8.5630556e-01 +8.1717361e-01 -1.0569514e-01 -2.6527569e-01 -7.4337500e-02 +8.9054105e+03
2.8226400e-01 +2.5000000e-01 +2.0521333e+01 -1.9033583e-01 -1.5975667e-01 +1.4540903e+00 +8.5957639e-01 +8.1650000e-01 -9.7689583e-02 -2.7436042e-01 -7.4586111e-02 +8.9110884e+03
2.8539300e-01 +2.5000000e-01 +2.0526167e+01 -1.8949750e-01 -1.5505333e-01 +1.4625000e+00 +8.6296528e-01 +8.1604167e-01 -8.9774306e-02 -2.8370903e-01 -7.4613194e-02 +8.9206393e+03
2.8854100e-01 +2.5000000e-01 +2.0530167e+01 -1.8857917e-01 -1.5015333e-01 +1.4717014e+00 +8.6646528e-01 +8.1584028e-01 -8.1986806e-02 -2.9325278e-01 -7.4431250e-02 +8.9305174e+03
2.9170600e-01 +2.5000000e-01 +2.0533250e+01 -1.8757000e-01 -1.4504583e-01 +1.4817569e+00 +8.7006250e-01 +8.1586111e-01 -7.4334722e-02 -3.0288889e-01 -7.4059028e-02 +8.9408175e+03
2.9489000e-01 +2.5000000e-01 +2.0535417e+01 -1.8646167e-01 -1.3973667e-01 +1.4925486e+00 +8.7374306e-01 +8.1604167e-01 -6.6800694e-02 -3.1256944e-01 -7.3521528e-02 +8.9543213e+03
2.9809200e-01 +2.5000000e-01 +2.0536750e+01 -1.8525500e-01 -1.3424750e-01 +1.5039306e+00 +8.7750694e-01 +8.1632639e-01 -5.9362986e-02 -3.2233819e-01 -7.2861806e-02 +8.9727504e+03
3.0131100e-01 +2.5000000e-01 +2.0537167e+01 -1.8395000e-01 -1.2861167e-01 +1.5158403e+00 +8.8136111e-01 +8.1672917e-01 -5.2014514e-02 -3.3224722e-01 -7.2122222e-02 +8.9951621e+03
3.0454800e-01 +2.5000000e-01 +2.0536917e+01 -1.8255000e-01 -1.2285583e-01 +1.5282708e+00 +8.8529861e-01 +8.1732639e-01 -4.4781736e-02 -3.4226944e-01 -7.1323611e-02 +9.0192507e+03
3.0780200e-01 +2.5000000e-01 +2.0536000e+01 -1.8105500e-01 -1.1700250e-01 +1.5411875e+00 +8.8931944e-01 +8.1810417e-01 -3.7708681e-02 -3.5231389e-01 -7.0484722e-02 +9.0449641e+03
3.1107400e-01 +2.5000000e-01 +2.0534583e+01 -1.7945667e-01 -1.1107000e-01 +1.5545347e+00 +8.9340278e-01 +8.1898611e-01 -3.0826806e-02 -3.6229167e-01 -6.9626389e-02 +9.0752888e+03
3.1436200e-01 +2.5000000e-01 +2.0532417e+01 -1.7774083e-01 -1.0505583e-01 +1.5683264e+00 +8.9754167e-01 +8.1992361e-01 -2.4152500e-02 -3.7211528e-01 -6.8746042e-02 +9.1107673e+03
3.1766700e-01 +2.5000000e-01 +2.0529667e+01 -1.7589083e-01 -9.8926667e-02 +1.5826111e+00 +9.0174306e-01 +8.2094444e-01 -1.7682847e-02 -3.8171875e-01 -6.7821736e-02 +9.1490467e+03
3.2098800e-01 +2.5000000e-01 +2.0526083e+01 -1.7389750e-01 -9.2652500e-02 +1.5973333e+00 +9.0601389e-01 +8.2206250e-01 -1.1403750e-02 -3.9110139e-01 -6.6833889e-02 +9.1892997e+03
3.2432600e-01 +2.5000000e-01 +2.0521833e+01 -1.7176083e-01 -8.6232500e-02 +1.6122986e+00 +9.1036111e-01 +8.2332639e-01 -5.3341806e-03 -4.0026597e-01 -6.5747014e-02 +9.2310657e+03
3.2768000e-01 +2.5000000e-01 +2.0516917e+01 -1.6948667e-01 -7.9690000e-02 +1.6273403e+00 +9.1479167e-01 +8.2478472e-01 +4.7109931e-04 -4.0917153e-01 -6.4497639e-02 +9.2723096e+03
3.3104900e-01 +2.5000000e-01 +2.0511250e+01 -1.6708500e-01 -7.3053833e-02 +1.6422778e+00 +9.1932639e-01 +8.2636806e-01 +5.9674167e-03 -4.1774861e-01 -6.3031389e-02 +9.3127458e+03
3.3443500e-01 +2.5000000e-01 +2.0504833e+01 -1.6457250e-01 -6.6350167e-02 +1.6569653e+00 +9.2397222e-01 +8.2795833e-01 +1.1134514e-02 -4.2591389e-01 -6.1344167e-02 +9.3565477e+03
3.3783500e-01 +2.5000000e-01 +2.0497667e+01 -1.6196333e-01 -5.9606083e-02 +1.6714097e+00 +9.2871528e-01 +8.2949306e-01 +1.5977014e-02 -4.3362708e-01 -5.9490486e-02 +9.4064805e+03
3.4125100e-01 +2.5000000e-01 +2.0489917e+01 -1.5925833e-01 -5.2842000e-02 +1.6856875e+00 +9.3354861e-01 +8.3088889e-01 +2.0530208e-02 -4.4089722e-01 -5.7553125e-02 +9.4590738e+03
3.4468100e-01 +2.5000000e-01 +2.0481583e+01 -1.5644583e-01 -4.6062917e-02 +1.6997708e+00 +9.3844444e-01 +8.3204167e-01 +2.4817361e-02 -4.4768958e-01 -5.5596667e-02 +9.5118309e+03
3.4812600e-01 +2.5000000e-01 +2.0472667e+01 -1.5351833e-01 -3.9257583e-02 +1.7134583e+00 +9.4338889e-01 +8.3287500e-01 +2.8823056e-02 -4.5398125e-01 -5.3640069e-02 +9.5659308e+03
3.5158500e-01 +2.5000000e-01 +2.0463333e+01 -1.5048167e-01 -3.2407667e-02 +1.7267153e+00 +9.4839583e-01 +8.3356944e-01 +3.2517222e-02 -4.5990556e-01 -5.1656528e-02 +9.6211570e+03
3.5505900e-01 +2.5000000e-01 +2.0453500e+01 -1.4735083e-01 -2.5528833e-02 +1.7396667e+00 +9.5347917e-01 +8.3437500e-01 +3.5895347e-02 -4.6568958e-01 -4.9612708e-02 +9.6748770e+03
3.5854600e-01 +2.5000000e-01 +2.0443417e+01 -1.4414833e-01 -1.8700583e-02 +1.7524306e+00 +9.5868750e-01 +8.3548611e-01 +3.8999375e-02 -4.7147431e-01 -4.7512014e-02 +9.7287504e+03
3.6204600e-01 +2.5000000e-01 +2.0433000e+01 -1.4089583e-01 -1.2036250e-02 +1.7650903e+00 +9.6404861e-01 +8.3687500e-01 +4.1875694e-02 -4.7729167e-01 -4.5412708e-02 +9.7843684e+03
3.6556000e-01 +2.5000000e-01 +2.0422250e+01 -1.3761333e-01 -5.5982917e-03 +1.7778125e+00 +9.6958333e-01 +8.3842361e-01 +4.4565069e-02 -4.8311736e-01 -4.3391597e-02 +9.8382494e+03
3.6908700e-01 +2.5000000e-01 +2.0411333e+01 -1.3431167e-01 +6.4737167e-04 +1.7906597e+00 +9.7530556e-01 +8.4011806e-01 +4.7108958e-02 -4.8888681e-01 -4.1481250e-02 +9.8896897e+03
3.7262600e-01 +2.5000000e-01 +2.0400250e+01 -1.3099333e-01 +6.7920167e-03 +1.8034722e+00 +9.8118750e-01 +8.4206944e-01 +4.9515625e-02 -4.9457639e-01 -3.9657708e-02 +9.9398726e+03
3.7617800e-01 +2.5000000e-01 +2.0388917e+01 -1.2765083e-01 +1.2919500e-02 +1.8161042e+00 +9.8719444e-01 +8.4427083e-01 +5.1767014e-02 -5.0020694e-01 -3.7855972e-02 +9.9921891e+03
3.7974200e-01 +2.5000000e-01 +2.0377583e+01 -1.2426667e-01 +1.9084250e-02 +1.8285833e+00 +9.9328472e-01 +8.4663889e-01 +5.3841528e-02 -5.0584167e-01 -3.6032153e-02 +1.0048442e+04
3.8331700e-01 +2.5000000e-01 +2.0366000e+01 -1.2084000e-01 +2.5302917e-02 +1.8411181e+00 +9.9935417e-01 +8.4918056e-01 +5.5711667e-02 -5.1153681e-01 -3.4200903e-02 +1.0107872e+04
3.8690400e-01 +2.5000000e-01 +2.0354333e+01 -1.1738500e-01 +3.1549500e-02 +1.8538264e+00 +1.0053264e+00 +8.5188889e-01 +5.7339236e-02 -5.1727847e-01 -3.2400625e-02 +1.0169024e+04
3.9050200e-01 +2.5000000e-01 +2.0342500e+01 -1.1391250e-01 +3.7792000e-02 +1.8667361e+00 +1.0111528e+00 +8.5475694e-01 +5.8695694e-02 -5.2298264e-01 -3.0654028e-02 +1.0227523e+04
3.9411100e-01 +2.5000000e-01 +2.0330583e+01 -1.1041500e-01 +4.4035583e-02 +1.8797431e+00 +1.0168056e+00 +8.5776389e-01 +5.9769722e-02 -5.2858264e-01 -2.8967847e-02 +1.0282114e+04
3.9773000e-01 +2.5000000e-01 +2.0318417e+01 -1.0688750e-01 +5.0317750e-02 +1.8927431e+00 +1.0222778e+00 +8.6086806e-01 +6.0563819e-02 -5.3407500e-01 -2.7351042e-02 +1.0334464e+04
4.0135900e-01 +2.5000000e-01 +2.0306167e+01 -1.0333583e-01 +5.6671833e-02 +1.9056458e+00 +1.0275625e+00 +8.6407639e-01 +6.1097361e-02 -5.3943750e-01 -2.5818958e-02 +1.0385473e+04
4.0499800e-01 +2.5000000e-01 +2.0293833e+01 -9.9773333e-02 +6.3093500e-02 +1.9182153e+00 +1.0326736e+00 +8.6729861e-01 +6.1394306e-02 -5.4459861e-01 -2.4424375e-02 +1.0434516e+04
4.0864600e-01 +2.5000000e-01 +2.0281333e+01 -9.6209167e-02 +6.9547500e-02 +1.9301944e+00 +1.0376389e+00 +8.7031250e-01 +6.1504306e-02 -5.4943958e-01 -2.3245208e-02 +1.0484164e+04
4.1230400e-01 +2.5000000e-01 +2.0268833e+01 -9.2653333e-02 +7.5966333e-02 +1.9415625e+00 +1.0424931e+00 +8.7291667e-01 +6.1476806e-02 -5.5386250e-01 -2.2297778e-02 +1.0536429e+04
4.1597000e-01 +2.5000000e-01 +2.0256250e+01 -8.9099167e-02 +8.2268083e-02 +1.9523472e+00 +1.0472639e+00 +8.7505556e-01 +6.1338889e-02 -5.5785069e-01 -2.1506944e-02 +1.0588814e+04
4.1964500e-01 +2.5000000e-01 +2.0243833e+01 -8.5519167e-02 +8.8384167e-02 +1.9624167e+00 +1.0519722e+00 +8.7681250e-01 +6.1083194e-02 -5.6145694e-01 -2.0752639e-02 +1.0642010e+04
4.2332800e-01 +2.5000000e-01 +2.0231583e+01 -8.1890917e-02 +9.4277500e-02 +1.9716319e+00 +1.0566181e+00 +8.7833333e-01 +6.0666389e-02 -5.6476389e-01 -1.9948056e-02 +1.0696158e+04
4.2701900e-01 +2.5000000e-01 +2.0219500e+01 -7.8203167e-02 +9.9901667e-02 +1.9799583e+00 +1.0612222e+00 +8.7976389e-01 +6.0029931e-02 -5.6785000e-01 -1.9109375e-02 +1.0747647e+04
4.3071600e-01 +2.5000000e-01 +2.0207750e+01 -7.4443000e-02 +1.0522083e-01 +1.9877153e+00 +1.0657708e+00 +8.8116667e-01 +5.9139097e-02 -5.7080347e-01 -1.8300764e-02 +1.0793143e+04
4.3442100e-01 +2.5000000e-01 +2.0196333e+01 -7.0588083e-02 +1.1026917e-01 +1.9952431e+00 +1.0702292e+00 +8.8265278e-01 +5.7993889e-02 -5.7376597e-01 -1.7520972e-02 +1.0834868e+04
4.3813300e-01 +2.5000000e-01 +2.0185333e+01 -6.6620833e-02 +1.1508583e-01 +2.0025556e+00 +1.0745417e+00 +8.8436806e-01 +5.6618542e-02 -5.7683750e-01 -1.6700764e-02 +1.0877061e+04
4.4185100e-01 +2.5000000e-01 +2.0174833e+01 -6.2542250e-02 +1.1967667e-01 +2.0095069e+00 +1.0786736e+00 +8.8640972e-01 +5.5008125e-02 -5.7996875e-01 -1.5754722e-02 +1.0919376e+04
4.4557400e-01 +2.5000000e-01 +2.0165000e+01 -5.8364333e-02 +1.2403750e-01 +2.0159792e+00 +1.0825625e+00 +8.8861806e-01 +5.3150833e-02 -5.8296042e-01 -1.4651389e-02 +1.0961816e+04
4.4930400e-01 +2.5000000e-01 +2.0155750e+01 -5.4110833e-02 +1.2818500e-01 +2.0218194e+00 +1.0861736e+00 +8.9074306e-01 +5.1039375e-02 -5.8565139e-01 -1.3464028e-02 +1.1005977e+04
4.5303800e-01 +2.5000000e-01 +2.0147083e+01 -4.9814083e-02 +1.3210417e-01 +2.0269444e+00 +1.0894722e+00 +8.9268056e-01 +4.8671736e-02 -5.8801806e-01 -1.2295347e-02 +1.1048808e+04
4.5677700e-01 +2.5000000e-01 +2.0139083e+01 -4.5507583e-02 +1.3573000e-01 +2.0313125e+00 +1.0924028e+00 +8.9440972e-01 +4.6047222e-02 -5.9007917e-01 -1.1179514e-02 +1.1089475e+04
4.6052100e-01 +2.5000000e-01 +2.0131667e+01 -4.1225750e-02 +1.3902167e-01 +2.0349583e+00 +1.0949375e+00 +8.9595139e-01 +4.3164514e-02 -5.9189653e-01 -1.0091389e-02 +1.1129993e+04
4.6426900e-01 +2.5000000e-01 +2.0124917e+01 -3.6985333e-02 +1.4201333e-01 +2.0379514e+00 +1.0970903e+00 +8.9740972e-01 +4.0054514e-02 -5.9353403e-01 -9.0167361e-03 +1.1167587e+04
4.6802000e-01 +2.5000000e-01 +2.0118917e+01 -3.2774000e-02 +1.4473417e-01 +2.0403889e+00 +1.0989514e+00 +8.9888194e-01 +3.6748403e-02 -5.9505694e-01 -8.0018056e-03 +1.1201356e+04
4.7177500e-01 +2.5000000e-01 +2.0113583e+01 -2.8581750e-02 +1.4716417e-01 +2.0424444e+00 +1.1005833e+00 +9.0040278e-01 +3.3234583e-02 -5.9651528e-01 -7.1129861e-03 +1.1233174e+04
4.7553200e-01 +2.5000000e-01 +2.0108833e+01 -2.4420667e-02 +1.4926500e-01 +2.0442292e+00 +1.1020278e+00 +9.0190278e-01 +2.9470903e-02 -5.9787361e-01 -6.3476736e-03 +1.1261933e+04
4.7929200e-01 +2.5000000e-01 +2.0104667e+01 -2.0304333e-02 +1.5101833e-01 +2.0457292e+00 +1.1032986e+00 +9.0331250e-01 +2.5439583e-02 -5.9903056e-01 -5.6078333e-03 +1.1286175e+04
4.8305400e-01 +2.5000000e-01 +2.0101250e+01 -1.6231250e-02 +1.5243000e-01 +2.0470208e+00 +1.1044236e+00 +9.0454861e-01 +2.1149792e-02 -5.9987847e-01 -4.7913056e-03 +1.1305900e+04
4.8681800e-01 +2.5000000e-01 +2.0098583e+01 -1.2177583e-02 +1.5349500e-01 +2.0481389e+00 +1.1054097e+00 +9.0553472e-01 +1.6628819e-02 -6.0038125e-01 -3.8478958e-03 +1.1323124e+04
4.9058400e-01 +2.5000000e-01 +2.0096583e+01 -8.1267000e-03 +1.5421417e-01 +2.0489653e+00 +1.1062222e+00 +9.0629861e-01 +1.1944583e-02 -6.0059583e-01 -2.7964722e-03 +1.1335486e+04
4.9435000e-01 +2.5000000e-01 +2.0095333e+01 -4.0694250e-03 +1.5462417e-01 +2.0494097e+00 +1.1068056e+00 +9.0682639e-01 +7.1816667e-03 -6.0057639e-01 -1.6905000e-03 +1.1342361e+04
4.9811700e-01 +2.5000000e-01 +2.0094667e+01 +0.0000000e+00 +1.5479917e-01 +2.0495417e+00 +1.1071111e+00 +9.0706250e-01 +2.3962222e-03 -6.0048542e-01 -5.6510833e-04 +1.1345972e+04
5.0188300e-01 +2.5000000e-01 +2.0094667e+01 +4.0694250e-03 +1.5479917e-01 +2.0495417e+00 +1.1071111e+00 +9.0706250e-01 -2.3962222e-03 -6.0048542e-01 +5.6510833e-04 +1.1345972e+04
5.0565000e-01 +2.5000000e-01 +2.0095333e+01 +8.1267000e-03 +1.5462417e-01 +2.0494097e+00 +1.1068056e+00 +9.0682639e-01 -7.1816667e-03 -6.0057639e-01 +1.6905000e-03 +1.1342361e+04
5.0941600e-01 +2.5000000e-01 +2.0096583e+01 +1.2177583e-02 +1.5421417e-01 +2.0489653e+00 +1.1062222e+00 +9.0629861e-01 -1.1944583e-02 -6.0059583e-01 +2.7964722e-03 +1.1335486e+04
5.1318200e-01 +2.5000000e-01 +2.0098583e+01 +1.6231250e-02 +1.5349500e-01 +2.0481389e+00 +1.1054097e+00 +9.0553472e-01 -1.6628819e-02 -6.0038125e-01 +3.8478958e-03 +1.1323124e+04
5.1694600e-01 +2.5000000e-01 +2.0101250e+01 +2.0304333e-02 +1.5243000e-01 +2.0470208e+00 +1.1044236e+00 +9.0454861e-01 -2.1149792e-02 -5.9987847e-01 +4.7913056e-03 +1.1305900e+04
5.2070800e-01 +2.5000000e-01 +2.0104667e+01 +2.4420667e-02 +1.5101833e-01 +2.0457292e+00 +1.1032986e+00 +9.0331250e-01 -2.5439583e-02 -5.9903056e-01 +5.6078333e-03 +1.1286175e+04
5.2446800e-01 +2.5000000e-01 +2.0108833e+01 +2.8581750e-02 +1.4926500e-01 +2.0442292e+00 +1.1020278e+00 +9.0190278e-01 -2.9470903e-02 -5.9787361e-01 +6.3476736e-03 +1.1261933e+04
5.2822500e-01 +2.5000000e-01 +2.0113583e+01 +3.2774000e-02 +1.4716417e-01 +2.0424444e+00 +1.1005833e+00 +9.0040278e-01 -3.3234583e-02 -5.9651528e-01 +7.1129861e-03 +1.1233174e+04
5.3198000e-01 +2.5000000e-01 +2.0118917e+01 +3.6985333e-02 +1.4473417e-01 +2.0403889e+00 +1.0989514e+00 +8.9888194e-01 -3.6748403e-02 -5.9505694e-01 +8.0018056e-03 +1.1201356e+04
5.3573100e-01 +2.5000000e-01 +2.0124917e+01 +4.1225750e-02 +1.4201333e-01 +2.0379514e+00 +1.0970903e+00 +8.9740972e-01 -4.0054514e-02 -5.9353403e-01 +9.0167361e-03 +1.1167587e+04
5.3947900e-01 +2.5000000e-01 +2.0131667e+01 +4.5507583e-02 +1.3902167e-01 +2.0349583e+00 +1.0949375e+00 +8.9595139e-01 -4.3164514e-02 -5.9189653e-01 +1.0091389e-02 +1.1129993e+04
5.4322300e-01 +2.5000000e-01 +2.0139083e+01 +4.9814083e-02 +1.3573000e-01 +2.0313125e+00 +1.0924028e+00 +8.9440972e-01 -4.6047222e-02 -5.9007917e-01 +1.1179514e-02 +1.1089475e+04
5.4696200e-01 +2.5000000e-01 +2.0147083e+01 +5.4110833e-02 +1.3210417e-01 +2.0269444e+00 +1.0894722e+00 +8.9268056e-01 -4.8671736e-02 -5.8801806e-01 +1.2295347e-02 +1.1048808e+04
5.5069600e-01 +2.5000000e-01 +2.0155750e+01 +5.8364333e-02 +1.2818500e-01 +2.0218194e+00 +1.0861736e+00 +8.9074306e-01 -5.1039375e-02 -5.8565139e-01 +1.3464028e-02 +1.1005977e+04
5.5442600e-01 +2.5000000e-01 +2.0165000e+01 +6.2542250e-02 +1.2403750e-01 +2.0159792e+00 +1.0825625e+00 +8.8861806e-01 -5.3150833e-02 -5.8296042e-01 +1.4651389e-02 +1.0961816e+04
5.5814900e-01 +2.5000000e-01 +2.0174833e+01 +6.6620833e-02 +1.1967667e-01 +2.0095069e+00 +1.0786736e+00 +8.8640972e-01 -5.5008125e-02 -5.7996875e-01 +1.5754722e-02 +1.0919376e+04
5.6186700e-01 +2.5000000e-01 +2.0185333e+01 +7.0588083e-02 +1.1508583e-01 +2.0025556e+00 +1.0745417e+00 +8.8436806e-01 -5.6618542e-02 -5.7683750e-01 +1.6700764e-02 +1.0877061e+04
5.6557900e-01 +2.5000000e-01 +2.0196333e+01 +7.4443000e-02 +1.1026917e-01 +1.9952431e+00 +1.0702292e+00 +8.8265278e-01 -5.7993889e-02 -5.7376597e-01 +1.7520972e-02 +1.0834868e+04
5.6928400e-01 +2.5000000e-01 +2.0207750e+01 +7.8203167e-02 +1.0522083e-01 +1.9877153e+00 +1.0657708e+00 +8.8116667e-01 -5.9139097e-02 -5.7080347e-01 +1.8300764e-02 +1.0793143e+04
5.7298100e-01 +2.5000000e-01 +2.0219500e+01 +8.1890917e-02 +9.9901667e-02 +1.9799583e+00 +1.0612222e+00 +8.7976389e-01 -6.0029931e-02 -5.6785000e-01 +1.9109375e-02 +1.0747647e+04
5.7667200e-01 +2.5000000e-01 +2.0231583e+01 +8.5519167e-02 +9.4277500e-02 +1.9716319e+00 +1.0566181e+00 +8.7833333e-01 -6.0666389e-02 -5.6476389e-01 +1.9948056e-02 +1.0696158e+04
5.8035500e-01 +2.5000000e-01 +2.0243833e+01 +8.9099167e-02 +8.8384167e-02 +1.9624167e+00 +1.0519722e+00 +8.7681250e-01 -6.1083194e-02 -5.6145694e-01 +2.0752639e-02 +1.0642010e+04
5.8403000e-01 +2.5000000e-01 +2.0256250e+01 +9.2653333e-02 +8.2268083e-02 +1.9523472e+00 +1.0472639e+00 +8.7505556e-01 -6.1338889e-02 -5.5785069e-01 +2.1506944e-02 +1.0588814e+04
5.8769600e-01 +2.5000000e-01 +2.0268833e+01 +9.6209167e-02 +7.5966333e-02 +1.9415625e+00 +1.0424931e+00 +8.7291667e-01 -6.1476806e-02 -5.5386250e-01 +2.2297778e-02 +1.0536429e+04
5.9135400e-01 +2.5000000e-01 +2.0281333e+01 +9.9773333e-02 +6.9547500e-02 +1.9301944e+00 +1.0376389e+00 +8.7031250e-01 -6.1504306e-02 -5.4943958e-01 +2.3245208e-02 +1.0484164e+04
5.9500200e-01 +2.5000000e-01 +2.0293833e+01 +1.0333583e-01 +6.3093500e-02 +1.9182153e+00 +1.0326736e+00 +8.6729861e-01 -6.1394306e-02 -5.4459861e-01 +2.4424375e-02 +1.0434516e+04
5.9864100e-01 +2.5000000e-01 +2.0306167e+01 +1.0688750e-01 +5.6671833e-02 +1.9056458e+00 +1.0275625e+00 +8.6407639e-01 -6.1097361e-02 -5.3943750e-01 +2.5818958e-02 +1.0385473e+04
6.0227000e-01 +2.5000000e-01 +2.0318417e+01 +1.1041500e-01 +5.0317750e-02 +1.8927431e+00 +1.0222778e+00 +8.6086806e-01 -6.0563819e-02 -5.3407500e-01 +2.7351042e-02 +1.0334464e+04
6.0588900e-01 +2.5000000e-01 +2.0330583e+01 +1.1391250e-01 +4.4035583e-02 +1.8797431e+00 +1.0168056e+00 +8.5776389e-01 -5.9769722e-02 -5.2858264e-01 +2.8967847e-02 +1.0282114e+04
6.0949800e-01 +2.5000000e-01 +2.0342500e+01 +1.1738500e-01 +3.7792000e-02 +1.8667361e+00 +1.0111528e+00 +8.5475694e-01 -5.8695694e-02 -5.2298264e-01 +3.0654028e-02 +1.0227523e+04
6.1309600e-01 +2.5000000e-01 +2.0354333e+01 +1.2084000e-01 +3.1549500e-02 +1.8538264e+00 +1.0053264e+00 +8.5188889e-01 -5.7339236e-02 -5.1727847e-01 +3.2400625e-02 +1.0169024e+04
6.1668300e-01 +2.5000000e-01 +2.0366000e+01 +1.2426667e-01 +2.5302917e-02 +1.8411181e+00 +9.9935417e-01 +8.4918056e-01 -5.5711667e-02 -5.1153681e-01 +3.4200903e-02 +1.0107872e+04
6.2025800e-01 +2.5000000e-01 +2.0377583e+01 +1.2765083e-01 +1.9084250e-02 +1.8285833e+00 +9.9328472e-01 +8.4663889e-01 -5.3841528e-02 -5.0584167e-01 +3.6032153e-02 +1.0048442e+04
6.2382200e-01 +2.5000000e-01 +2.0388917e+01 +1.3099333e-01 +1.2919500e-02 +1.8161042e+00 +9.8719444e-01 +8.4427083e-01 -5.1767014e-02 -5.0020694e-01 +3.7855972e-02 +9.9921891e+03
6.2737400e-01 +2.5000000e-01 +2.0400250e+01 +1.3431167e-01 +6.7920167e-03 +1.8034722e+00 +9.8118750e-01 +8.4206944e-01 -4.9515625e-02 -4.9457639e-01 +3.9657708e-02 +9.9398726e+03
6.3091300e-01 +2.5000000e-01 +2.0411333e+01 +1.3761333e-01 +6.4737167e-04 +1.7906597e+00 +9.7530556e-01 +8.4011806e-01 -4.7108958e-02 -4.8888681e-01 +4.1481250e-02 +9.8896897e+03
6.3444000e-01 +2.5000000e-01 +2.0422250e+01 +1.4089583e-01 -5.5982917e-03 +1.7778125e+00 +9.6958333e-01 +8.3842361e-01 -4.4565069e-02 -4.8311736e-01 +4.3391597e-02 +9.8382494e+03
6.3795400e-01 +2.5000000e-01 +2.0433000e+01 +1.4414833e-01 -1.2036250e-02 +1.7650903e+00 +9.6404861e-01 +8.3687500e-01 -4.1875694e-02 -4.7729167e-01 +4.5412708e-02 +9.7843684e+03
6.4145400e-01 +2.5000000e-01 +2.0443417e+01 +1.4735083e-01 -1.8700583e-02 +1.7524306e+00 +9.5868750e-01 +8.3548611e-01 -3.8999375e-02 -4.7147431e-01 +4.7512014e-02 +9.7287504e+03
6.4494100e-01 +2.5000000e-01 +2.0453500e+01 +1.5048167e-01 -2.5528833e-02 +1.7396667e+00 +9.5347917e-01 +8.3437500e-01 -3.5895347e-02 -4.6568958e-01 +4.9612708e-02 +9.6748770e+03
6.4841500e-01 +2.5000000e-01 +2.0463333e+01 +1.5351833e-01 -3.2407667e-02 +1.7267153e+00 +9.4839583e-01 +8.3356944e-01 -3.2517222e-02 -4.5990556e-01 +5.1656528e-02 +9.6211570e+03
6.5187400e-01 +2.5000000e-01 +2.0472667e+01 +1.5644583e-01 -3.9257583e-02 +1.7134583e+00 +9.4338889e-01 +8.3287500e-01 -2.8823056e-02 -4.5398125e-01 +5.3640069e-02 +9.5659308e+03
6.5531900e-01 +2.5000000e-01 +2.0481583e+01 +1.5925833e-01 -4.6062917e-02 +1.6997708e+00 +9.3844444e-01 +8.3204167e-01 -2.4817361e-02 -4.4768958e-01 +5.5596667e-02 +9.5118309e+03
6.5874900e-01 +2.5000000e-01 +2.0489917e+01 +1.6196333e-01 -5.2842000e-02 +1.6856875e+00 +9.3354861e-01 +8.3088889e-01 -2.0530208e-02 -4.4089722e-01 +5.7553125e-02 +9.4590738e+03
6.6216500e-01 +2.5000000e-01 +2.0497667e+01 +1.6457250e-01 -5.9606083e-02 +1.6714097e+00 +9.2871528e-01 +8.2949306e-01 -1.5977014e-02 -4.3362708e-01 +5.9490486e-02 +9.4064805e+03
6.6556500e-01 +2.5000000e-01 +2.0504833e+01 +1.6708500e-01 -6.6350167e-02 +1.6569653e+00 +9.2397222e-01 +8.2795833e-01 -1.1134514e-02 -4.2591389e-01 +6.1344167e-02 +9.3565477e+03
6.6895100e-01 +2.5000000e-01 +2.0511250e+01 +1.6948667e-01 -7.3053833e-02 +1.6422778e+00 +9.1932639e-01 +8.2636806e-01 -5.9674167e-03 -4.1774861e-01 +6.3031389e-02 +9.3127458e+03
6.7232000e-01 +2.5000000e-01 +2.0516917e+01 +1.7176083e-01 -7.9690000e-02 +1.6273403e+00 +9.1479167e-01 +8.2478472e-01 -4.7109931e-04 -4.0917153e-01 +6.4497639e-02 +9.2723096e+03
6.7567400e-01 +2.5000000e-01 +2.0521833e+01 +1.7389750e-01 -8.6232500e-02 +1.6122986e+00 +9.1036111e-01 +8.2332639e-01 +5.3341806e-03 -4.0026597e-01 +6.5747014e-02 +9.2310657e+03
6.7901200e-01 +2.5000000e-01 +2.0526083e+01 +1.7589083e-01 -9.2652500e-02 +1.5973333e+00 +9.0601389e-01 +8.2206250e-01 +1.1403750e-02 -3.9110139e-01 +6.6833889e-02 +9.1892997e+03
6.8233300e-01 +2.5000000e-01 +2.0529667e+01 +1.7774083e-01 -9.8926667e-02 +1.5826111e+00 +9.0174306e-01 +8.2094444e-01 +1.7682847e-02 -3.8171875e-01 +6.7821736e-02 +9.1490467e+03
6.8563800e-01 +2.5000000e-01 +2.0532417e+01 +1.7945667e-01 -1.0505583e-01 +1.5683264e+00 +8.9754167e-01 +8.1992361e-01 +2.4152500e-02 -3.7211528e-01 +6.8746042e-02 +9.1107673e+03
6.8892600e-01 +2.5000000e-01 +2.0534583e+01 +1.8105500e-01 -1.1107000e-01 +1.5545347e+00 +8.9340278e-01 +8.1898611e-01 +3.0826806e-02 -3.6229167e-01 +6.9626389e-02 +9.0752888e+03
6.9219800e-01 +2.5000000e-01 +2.0536000e+01 +1.8255000e-01 -1.1700250e-01 +1.5411875e+00 +8.8931944e-01 +8.1810417e-01 +3.7708681e-02 -3.5231389e-01 +7.0484722e-02 +9.0449641e+03
6.9545200e-01 +2.5000000e-01 +2.0536917e+01 +1.8395000e-01 -1.2285583e-01 +1.5282708e+00 +8.8529861e-01 +8.1732639e-01 +4.4781736e-02 -3.4226944e-01 +7.1323611e-02 +9.0192507e+03
6.9868900e-01 +2.5000000e-01 +2.0537167e+01 +1.8525500e-01 -1.2861167e-01 +1.5158403e+00 +8.8136111e-01 +8.1672917e-01 +5.2014514e-02 -3.3224722e-01 +7.2122222e-02 +8.9951621e+03
7.0190800e-01 +2.5000000e-01 +2.0536750e+01 +1.8646167e-01 -1.3424750e-01 +1.5039306e+00 +8.7750694e-01 +8.1632639e-01 +5.9362986e-02 -3.2233819e-01 +7.2861806e-02 +8.9727504e+03
7.0511000e-01 +2.5000000e-01 +2.0535417e+01 +1.8757000e-01 -1.3973667e-01 +1.4925486e+00 +8.7374306e-01 +8.1604167e-01 +6.6800694e-02 -3.1256944e-01 +7.3521528e-02 +8.9543213e+03
7.0829400e-01 +2.5000000e-01 +2.0533250e+01 +1.8857917e-01 -1.4504583e-01 +1.4817569e+00 +8.7006250e-01 +8.1586111e-01 +7.4334722e-02 -3.0288889e-01 +7.4059028e-02 +8.9408175e+03
7.1145900e-01 +2.5000000e-01 +2.0530167e+01 +1.8949750e-01 -1.5015333e-01 +1.4717014e+00 +8.6646528e-01 +8.1584028e-01 +8.1986806e-02 -2.9325278e-01 +7.4431250e-02 +8.9305174e+03
7.1460700e-01 +2.5000000e-01 +2.0526167e+01 +1.9033583e-01 -1.5505333e-01 +1.4625000e+00 +8.6296528e-01 +8.1604167e-01 +8.9774306e-02 -2.8370903e-01 +7.4613194e-02 +8.9206393e+03
7.1773600e-01 +2.5000000e-01 +2.0521333e+01 +1.9110417e-01 -1.5975667e-01 +1.4540903e+00 +8.5957639e-01 +8.1650000e-01 +9.7689583e-02 -2.7436042e-01 +7.4586111e-02 +8.9110884e+03
7.2084700e-01 +2.5000000e-01 +2.0515583e+01 +1.9180500e-01 -1.6427250e-01 +1.4463333e+00 +8.5630556e-01 +8.1717361e-01 +1.0569514e-01 -2.6527569e-01 +7.4337500e-02 +8.9054105e+03
7.2393900e-01 +2.5000000e-01 +2.0509000e+01 +1.9244917e-01 -1.6858667e-01 +1.4391806e+00 +8.5315278e-01 +8.1802083e-01 +1.1375208e-01 -2.5644236e-01 +7.3881944e-02 +8.9068879e+03
7.2701200e-01 +2.5000000e-01 +2.0501583e+01 +1.9304500e-01 -1.7267667e-01 +1.4327500e+00 +8.5010417e-01 +8.1899306e-01 +1.2183542e-01 -2.4778819e-01 +7.3261111e-02 +8.9152711e+03
7.3006600e-01 +2.5000000e-01 +2.0493250e+01 +1.9359083e-01 -1.7652167e-01 +1.4272292e+00 +8.4716667e-01 +8.2004861e-01 +1.2993472e-01 -2.3922292e-01 +7.2525694e-02 +8.9281341e+03
7.3310100e-01 +2.5000000e-01 +2.0484167e+01 +1.9407250e-01 -1.8009750e-01 +1.4227639e+00 +8.4434028e-01 +8.2118750e-01 +1.3804375e-01 -2.3066597e-01 +7.1727083e-02 +8.9444978e+03
7.3611700e-01 +2.5000000e-01 +2.0474167e+01 +1.9447500e-01 -1.8338667e-01 +1.4194236e+00 +8.4166667e-01 +8.2250000e-01 +1.4615278e-01 -2.2210208e-01 +7.0900000e-02 +8.9645628e+03
7.3911300e-01 +2.5000000e-01 +2.0463333e+01 +1.9478917e-01 -1.8638250e-01 +1.4171944e+00 +8.3915972e-01 +8.2403472e-01 +1.5425139e-01 -2.1361458e-01 +7.0059722e-02 +8.9889315e+03
7.4209000e-01 +2.5000000e-01 +2.0451667e+01 +1.9501083e-01 -1.8909667e-01 +1.4160486e+00 +8.3683333e-01 +8.2578472e-01 +1.6234444e-01 -2.0532153e-01 +6.9198750e-02 +9.0195067e+03
7.4504700e-01 +2.5000000e-01 +2.0439083e+01 +1.9514500e-01 -1.9155500e-01 +1.4159306e+00 +8.3468056e-01 +8.2772222e-01 +1.7045000e-01 -1.9728333e-01 +6.8312639e-02 +9.0572795e+03
7.4798500e-01 +2.5000000e-01 +2.0425667e+01 +1.9519667e-01 -1.9378667e-01 +1.4167986e+00 +8.3270139e-01 +8.2986806e-01 +1.7858819e-01 -1.8948750e-01 +6.7405139e-02 +9.1000354e+03
7.5090200e-01 +2.5000000e-01 +2.0411333e+01 +1.9517417e-01 -1.9582167e-01 +1.4186042e+00 +8.3090972e-01 +8.3217361e-01 +1.8677083e-01 -1.8189167e-01 +6.6477708e-02 +9.1452063e+03
7.5380000e-01 +2.5000000e-01 +2.0396083e+01 +1.9508500e-01 -1.9768000e-01 +1.4213125e+00 +8.2930556e-01 +8.3456944e-01 +1.9500417e-01 -1.7443472e-01 +6.5531875e-02 +9.1941143e+03
7.5667800e-01 +2.5000000e-01 +2.0379917e+01 +1.9493083e-01 -1.9935250e-01 +1.4249236e+00 +8.2789583e-01 +8.3706944e-01 +2.0328611e-01 -1.6703542e-01 +6.4571736e-02 +9.2479266e+03
7.5953600e-01 +2.5000000e-01 +2.0362750e+01 +1.9470500e-01 -2.0079583e-01 +1.4294375e+00 +8.2669444e-01 +8.3975694e-01 +2.1159514e-01 -1.5964792e-01 +6.3604792e-02 +9.3057852e+03
7.6237300e-01 +2.5000000e-01 +2.0344750e+01 +1.9439667e-01 -2.0195000e-01 +1.4348403e+00 +8.2568750e-01 +8.4269444e-01 +2.1990208e-01 -1.5229236e-01 +6.2644444e-02 +9.3679312e+03
7.6519000e-01 +2.5000000e-01 +2.0325917e+01 +1.9399917e-01 -2.0278000e-01 +1.4410694e+00 +8.2488194e-01 +8.4583333e-01 +2.2819861e-01 -1.4501806e-01 +6.1702222e-02 +9.4356378e+03
7.6798700e-01 +2.5000000e-01 +2.0306250e+01 +1.9351250e-01 -2.0327750e-01 +1.4480417e+00 +8.2429167e-01 +8.4916667e-01 +2.3648125e-01 -1.3783125e-01 +6.0781042e-02 +9.5089236e+03
7.7076400e-01 +2.5000000e-01 +2.0285750e+01 +1.9294167e-01 -2.0346250e-01 +1.4556597e+00 +8.2392361e-01 +8.5273611e-01 +2.4473750e-01 -1.3071181e-01 +5.9868681e-02 +9.5875238e+03
7.7352000e-01 +2.5000000e-01 +2.0264417e+01 +1.9229083e-01 -2.0337250e-01 +1.4638403e+00 +8.2376389e-01 +8.5663194e-01 +2.5295972e-01 -1.2367639e-01 +5.8933889e-02 +9.6715848e+03
7.7625600e-01 +2.5000000e-01 +2.0242250e+01 +1.9156083e-01 -2.0305500e-01 +1.4725833e+00 +8.2379861e-01 +8.6091667e-01 +2.6114236e-01 -1.1673403e-01 +5.7943958e-02 +9.7603927e+03
7.7897100e-01 +2.5000000e-01 +2.0219167e+01 +1.9074917e-01 -2.0255750e-01 +1.4819306e+00 +8.2402083e-01 +8.6560417e-01 +2.6927639e-01 -1.0983333e-01 +5.6888472e-02 +9.8527077e+03
7.8166500e-01 +2.5000000e-01 +2.0195333e+01 +1.8985250e-01 -2.0190500e-01 +1.4919306e+00 +8.2439583e-01 +8.7065972e-01 +2.7736458e-01 -1.0294931e-01 +5.5769375e-02 +9.9485869e+03
7.8433900e-01 +2.5000000e-01 +2.0170583e+01 +1.8886417e-01 -2.0110250e-01 +1.5025833e+00 +8.2491667e-01 +8.7605556e-01 +2.8544028e-01 -9.6133333e-02 +5.4579028e-02 +1.0048756e+04
7.8699200e-01 +2.5000000e-01 +2.0145083e+01 +1.8777417e-01 -2.0014000e-01 +1.5138542e+00 +8.2557639e-01 +8.8175000e-01 +2.9354653e-01 -8.9452083e-02 +5.3301042e-02 +1.0154200e+04
7.8962500e-01 +2.5000000e-01 +2.0118750e+01 +1.8657667e-01 -1.9899917e-01 +1.5256597e+00 +8.2636806e-01 +8.8770833e-01 +3.0170278e-01 -8.2947222e-02 +5.1927708e-02 +1.0264987e+04
7.9223700e-01 +2.5000000e-01 +2.0091750e+01 +1.8527583e-01 -1.9766167e-01 +1.5378750e+00 +8.2729167e-01 +8.9392361e-01 +3.0989306e-01 -7.6659028e-02 +5.0468889e-02 +1.0381639e+04
7.9482800e-01 +2.5000000e-01 +2.0063917e+01 +1.8388417e-01 -1.9612083e-01 +1.5504375e+00 +8.2833333e-01 +9.0041667e-01 +3.1809028e-01 -7.0634028e-02 +4.8950764e-02 +1.0505163e+04
7.9739800e-01 +2.5000000e-01 +2.0035417e+01 +1.8241417e-01 -1.9438250e-01 +1.5633889e+00 +8.2950000e-01 +9.0712500e-01 +3.2628125e-01 -6.4890069e-02 +4.7407986e-02 +1.0636116e+04
7.9994700e-01 +2.5000000e-01 +2.0006167e+01 +1.8088000e-01 -1.9245500e-01 +1.5768056e+00 +8.3078472e-01 +9.1399306e-01 +3.3446806e-01 -5.9385139e-02 +4.5867986e-02 +1.0772748e+04
8.0247600e-01 +2.5000000e-01 +1.9976167e+01 +1.7928917e-01 -1.9033500e-01 +1.5907431e+00 +8.3220139e-01 +9.2094444e-01 +3.4264792e-01 -5.4059653e-02 +4.4339375e-02 +1.0915392e+04
8.0498400e-01 +2.5000000e-01 +1.9945500e+01 +1.7764167e-01 -1.8801667e-01 +1.6051806e+00 +8.3374306e-01 +9.2797222e-01 +3.5081181e-01 -4.8878264e-02 +4.2819861e-02 +1.1065905e+04
8.0747100e-01 +2.5000000e-01 +1.9914083e+01 +1.7593667e-01 -1.8550250e-01 +1.6201667e+00 +8.3543750e-01 +9.3509722e-01 +3.5894861e-01 -4.3801806e-02 +4.1303333e-02 +1.1223550e+04
8.0993700e-01 +2.5000000e-01 +1.9881917e+01 +1.7417417e-01 -1.8279583e-01 +1.6357778e+00 +8.3729167e-01 +9.4234722e-01 +3.6705833e-01 -3.8797361e-02 +3.9783333e-02 +1.1385925e+04
8.1238300e-01 +2.5000000e-01 +1.9849167e+01 +1.7235417e-01 -1.7990167e-01 +1.6520694e+00 +8.3931250e-01 +9.4972917e-01 +3.7514861e-01 -3.3865903e-02 +3.8257569e-02 +1.1552840e+04
8.1480700e-01 +2.5000000e-01 +1.9815667e+01 +1.7047917e-01 -1.7682833e-01 +1.6690486e+00 +8.4151389e-01 +9.5720833e-01 +3.8322292e-01 -2.9028333e-02 +3.6723333e-02 +1.1726614e+04
8.1721100e-01 +2.5000000e-01 +1.9781583e+01 +1.6855083e-01 -1.7358500e-01 +1.6866944e+00 +8.4388889e-01 +9.6478472e-01 +3.9128542e-01 -2.4323125e-02 +3.5174444e-02 +1.1909007e+04
8.1959400e-01 +2.5000000e-01 +1.9746750e+01 +1.6657250e-01 -1.7018250e-01 +1.7049931e+00 +8.4645139e-01 +9.7251389e-01 +3.9933611e-01 -1.9815556e-02 +3.3606736e-02 +1.2098520e+04
8.2195700e-01 +2.5000000e-01 +1.9711417e+01 +1.6455000e-01 -1.6663917e-01 +1.7238542e+00 +8.4920833e-01 +9.8043056e-01 +4.0737431e-01 -1.5574722e-02 +3.2023333e-02 +1.2293064e+04
8.2429900e-01 +2.5000000e-01 +1.9675417e+01 +1.6249417e-01 -1.6298333e-01 +1.7431389e+00 +8.5216667e-01 +9.8856250e-01 +4.1540139e-01 -1.1635417e-02 +3.0430486e-02 +1.2492489e+04
8.2662000e-01 +2.5000000e-01 +1.9638833e+01 +1.6041250e-01 -1.5924333e-01 +1.7627639e+00 +8.5532639e-01 +9.9688194e-01 +4.2343194e-01 -7.9938194e-03 +2.8823958e-02 +1.2697000e+04
8.2892100e-01 +2.5000000e-01 +1.9601750e+01 +1.5831500e-01 -1.5543250e-01 +1.7826736e+00 +8.5868056e-01 +1.0053889e+00 +4.3147917e-01 -4.6158472e-03 +2.7193889e-02 +1.2906524e+04
8.3120100e-01 +2.5000000e-01 +1.9564000e+01 +1.5620500e-01 -1.5155250e-01 +1.8028194e+00 +8.6221528e-01 +1.0141250e+00 +4.3954931e-01 -1.4642292e-03 +2.5534028e-02 +1.3121896e+04
8.3346000e-01 +2.5000000e-01 +1.9525750e+01 +1.5408333e-01 -1.4758417e-01 +1.8231944e+00 +8.6590278e-01 +1.0230972e+00 +4.4764306e-01 +1.4820694e-03 +2.3840764e-02 +1.3345098e+04
8.3570000e-01 +2.5000000e-01 +1.9487000e+01 +1.5195000e-01 -1.4350833e-01 +1.8437847e+00 +8.6974306e-01 +1.0322986e+00 +4.5575417e-01 +4.2380208e-03 +2.2118056e-02 +1.3576513e+04
8.3791800e-01 +2.5000000e-01 +1.9447750e+01 +1.4980500e-01 -1.3930833e-01 +1.8645833e+00 +8.7372222e-01 +1.0417431e+00 +4.6387014e-01 +6.8200278e-03 +2.0382222e-02 +1.3814607e+04
8.4011600e-01 +2.5000000e-01 +1.9407917e+01 +1.4765083e-01 -1.3497250e-01 +1.8856042e+00 +8.7782639e-01 +1.0513958e+00 +4.7197431e-01 +9.2494444e-03 +1.8653819e-02 +1.4058436e+04
8.4229400e-01 +2.5000000e-01 +1.9367667e+01 +1.4549083e-01 -1.3049083e-01 +1.9068333e+00 +8.8204167e-01 +1.0612222e+00 +4.8004653e-01 +1.1548681e-02 +1.6945625e-02 +1.4307562e+04
8.4445200e-01 +2.5000000e-01 +1.9326917e+01 +1.4333000e-01 -1.2586250e-01 +1.9282222e+00 +8.8634028e-01 +1.0711944e+00 +4.8806736e-01 +1.3740208e-02 +1.5266597e-02 +1.4562873e+04
8.4659000e-01 +2.5000000e-01 +1.9285667e+01 +1.4116833e-01 -1.2108917e-01 +1.9497083e+00 +8.9072222e-01 +1.0812917e+00 +4.9603194e-01 +1.5841528e-02 +1.3628056e-02 +1.4826135e+04
8.4870700e-01 +2.5000000e-01 +1.9244000e+01 +1.3900833e-01 -1.1618333e-01 +1.9712292e+00 +8.9516667e-01 +1.0915000e+00 +5.0394444e-01 +1.7861944e-02 +1.2039167e-02 +1.5098394e+04
8.5080400e-01 +2.5000000e-01 +1.9202000e+01 +1.3684917e-01 -1.1115833e-01 +1.9927569e+00 +8.9969444e-01 +1.1017917e+00 +5.1181111e-01 +1.9808958e-02 +1.0500764e-02 +1.5378729e+04
8.5288200e-01 +2.5000000e-01 +1.9159583e+01 +1.3469250e-01 -1.0602667e-01 +2.0142847e+00 +9.0429167e-01 +1.1122153e+00 +5.1964236e-01 +2.1676111e-02 +9.0011111e-03 +1.5665986e+04
8.5493900e-01 +2.5000000e-01 +1.9116750e+01 +1.3253583e-01 -1.0079667e-01 +2.0358403e+00 +9.0895139e-01 +1.1228403e+00 +5.2745625e-01 +2.3436042e-02 +7.5185417e-03 +1.5959607e+04
8.5697700e-01 +2.5000000e-01 +1.9073500e+01 +1.3037667e-01 -9.5475833e-02 +2.0574444e+00 +9.1365278e-01 +1.1336736e+00 +5.3527014e-01 +2.5056944e-02 +6.0323056e-03 +1.6259323e+04
8.5899500e-01 +2.5000000e-01 +1.9029917e+01 +1.2821333e-01 -9.0075000e-02 +2.0791250e+00 +9.1838889e-01 +1.1446528e+00 +5.4309444e-01 +2.6519236e-02 +4.5355139e-03 +1.6566569e+04
8.6099300e-01 +2.5000000e-01 +1.8986000e+01 +1.2604833e-01 -8.4605000e-02 +2.1009653e+00 +9.2313889e-01 +1.1556736e+00 +5.5093333e-01 +2.7823611e-02 +3.0386875e-03 +1.6882690e+04
8.6297100e-01 +2.5000000e-01 +1.8941667e+01 +1.2388417e-01 -7.9074333e-02 +2.1230347e+00 +9.2788194e-01 +1.1666944e+00 +5.5878264e-01 +2.8984861e-02 +1.5602778e-03 +1.7206138e+04
8.6493000e-01 +2.5000000e-01 +1.8897083e+01 +1.2172583e-01 -7.3482667e-02 +2.1453542e+00 +9.3261806e-01 +1.1777153e+00 +5.6662917e-01 +3.0005278e-02 +1.1370764e-04 +1.7536957e+04
8.6687000e-01 +2.5000000e-01 +1.8852167e+01 +1.1957583e-01 -6.7826417e-02 +2.1679028e+00 +9.3731944e-01 +1.1887292e+00 +5.7445903e-01 +3.0860694e-02 -1.2982014e-03 +1.7878962e+04
8.6879000e-01 +2.5000000e-01 +1.8807000e+01 +1.1743500e-01 -6.2104333e-02 +2.1906806e+00 +9.4200000e-01 +1.1997569e+00 +5.8225903e-01 +3.1528125e-02 -2.6791944e-03 +1.8233968e+04
8.7069100e-01 +2.5000000e-01 +1.8761417e+01 +1.1530500e-01 -5.6319917e-02 +2.2136944e+00 +9.4665278e-01 +1.2108194e+00 +5.9001667e-01 +3.2006875e-02 -4.0337708e-03 +1.8601478e+04
8.7257300e-01 +2.5000000e-01 +1.8715583e+01 +1.1318417e-01 -5.0479333e-02 +2.2369306e+00 +9.5129167e-01 +1.2219375e+00 +5.9771944e-01 +3.2323403e-02 -5.3629167e-03 +1.8981471e+04
8.7443600e-01 +2.5000000e-01 +1.8669500e+01 +1.1107167e-01 -4.4588917e-02 +2.2602986e+00 +9.5593056e-01 +1.2331458e+00 +6.0536250e-01 +3.2523681e-02 -6.6625069e-03 +1.9372280e+04
8.7628000e-01 +2.5000000e-01 +1.8623000e+01 +1.0896750e-01 -3.8656000e-02 +2.2837708e+00 +9.6058333e-01 +1.2444722e+00 +6.1295139e-01 +3.2658333e-02 -7.9265972e-03 +1.9768759e+04
8.7810500e-01 +2.5000000e-01 +1.8576167e+01 +1.0687167e-01 -3.2688333e-02 +2.3073194e+00 +9.6524306e-01 +1.2559028e+00 +6.2049375e-01 +3.2764306e-02 -9.1543056e-03 +2.0168013e+04
8.7991200e-01 +2.5000000e-01 +1.8529083e+01 +1.0478250e-01 -2.6693000e-02 +2.3309444e+00 +9.6992361e-01 +1.2674097e+00 +6.2798889e-01 +3.2841597e-02 -1.0354931e-02 +2.0572055e+04
8.8169900e-01 +2.5000000e-01 +1.8481750e+01 +1.0269917e-01 -2.0675333e-02 +2.3546528e+00 +9.7461806e-01 +1.2789583e+00 +6.3542569e-01 +3.2852569e-02 -1.1547778e-02 +2.0983797e+04
8.8346900e-01 +2.5000000e-01 +1.8434083e+01 +1.0061750e-01 -1.4643583e-02 +2.3784653e+00 +9.7932639e-01 +1.2904931e+00 +6.4279236e-01 +3.2756111e-02 -1.2751042e-02 +2.1405114e+04
8.8521900e-01 +2.5000000e-01 +1.8386250e+01 +9.8535000e-02 -8.6134167e-03 +2.4023681e+00 +9.8404861e-01 +1.3019583e+00 +6.5007986e-01 +3.2538542e-02 -1.3967778e-02 +2.1837415e+04
8.8695200e-01 +2.5000000e-01 +1.8338250e+01 +9.6450000e-02 -2.6047167e-03 +2.4262986e+00 +9.8879861e-01 +1.3133194e+00 +6.5728403e-01 +3.2213194e-02 -1.5178681e-02 +2.2279188e+04
8.8866600e-01 +2.5000000e-01 +1.8290083e+01 +9.4361667e-02 +3.3674417e-03 +2.4501736e+00 +9.9356944e-01 +1.3245972e+00 +6.6439861e-01 +3.1802361e-02 -1.6350486e-02 +2.2727877e+04
8.9036200e-01 +2.5000000e-01 +1.8241667e+01 +9.2275000e-02 +9.2961667e-03 +2.4739167e+00 +9.9836806e-01 +1.3357986e+00 +6.7141528e-01 +3.1325208e-02 -1.7453056e-02 +2.3183737e+04
8.9204000e-01 +2.5000000e-01 +1.8193167e+01 +9.0194167e-02 +1.5179167e-02 +2.4974792e+00 +1.0031806e+00 +1.3469375e+00 +6.7832500e-01 +3.0800139e-02 -1.8469236e-02 +2.3649608e+04
8.9370100e-01 +2.5000000e-01 +1.8144500e+01 +8.8122500e-02 +2.1014667e-02 +2.5208819e+00 +1.0079861e+00 +1.3580417e+00 +6.8512708e-01 +3.0249931e-02 -1.9395347e-02 +2.4126443e+04
8.9534300e-01 +2.5000000e-01 +1.8095667e+01 +8.6062500e-02 +2.6800167e-02 +2.5441528e+00 +1.0127847e+00 +1.3691667e+00 +6.9183264e-01 +2.9702153e-02 -2.0235903e-02 +2.4613068e+04
8.9696800e-01 +2.5000000e-01 +1.8046667e+01 +8.4014167e-02 +3.2531250e-02 +2.5673125e+00 +1.0175556e+00 +1.3803542e+00 +6.9845139e-01 +2.9183194e-02 -2.0998611e-02 +2.5109697e+04
8.9857600e-01 +2.5000000e-01 +1.7997583e+01 +8.1977500e-02 +3.8202167e-02 +2.5903403e+00 +1.0222917e+00 +1.3916250e+00 +7.0500000e-01 +2.8717083e-02 -2.1692431e-02 +2.5619108e+04
9.0016600e-01 +2.5000000e-01 +1.7948333e+01 +7.9952167e-02 +4.3810000e-02 +2.6132431e+00 +1.0269861e+00 +1.4029583e+00 +7.1148611e-01 +2.8324931e-02 -2.2324931e-02 +2.6145040e+04
9.0173800e-01 +2.5000000e-01 +1.7898917e+01 +7.7939250e-02 +4.9357917e-02 +2.6360556e+00 +1.0316389e+00 +1.4143403e+00 +7.1790278e-01 +2.8018125e-02 -2.2897500e-02 +2.6689370e+04
9.0329400e-01 +2.5000000e-01 +1.7849417e+01 +7.5940250e-02 +5.4854333e-02 +2.6588333e+00 +1.0362431e+00 +1.4257431e+00 +7.2425000e-01 +2.7790903e-02 -2.3403542e-02 +2.7250551e+04
9.0483300e-01 +2.5000000e-01 +1.7799833e+01 +7.3957083e-02 +6.0308583e-02 +2.6816528e+00 +1.0407778e+00 +1.4371944e+00 +7.3052778e-01 +2.7625139e-02 -2.3833750e-02 +2.7823832e+04
9.0635400e-01 +2.5000000e-01 +1.7750083e+01 +7.1991167e-02 +6.5729917e-02 +2.7045764e+00 +1.0452361e+00 +1.4486875e+00 +7.3672917e-01 +2.7500208e-02 -2.4183333e-02 +2.8405760e+04
9.0785900e-01 +2.5000000e-01 +1.7700333e+01 +7.0044167e-02 +7.1126417e-02 +2.7276458e+00 +1.0496042e+00 +1.4602083e+00 +7.4284028e-01 +2.7391667e-02 -2.4455556e-02 +2.8997189e+04
9.0934700e-01 +2.5000000e-01 +1.7650417e+01 +6.8117833e-02 +7.6503083e-02 +2.7508681e+00 +1.0538681e+00 +1.4717500e+00 +7.4886111e-01 +2.7266181e-02 -2.4658194e-02 +2.9601071e+04
9.1081900e-01 +2.5000000e-01 +1.7600500e+01 +6.6214417e-02 +8.1860250e-02 +2.7741944e+00 +1.0580278e+00 +1.4833194e+00 +7.5479167e-01 +2.7086875e-02 -2.4797986e-02 +3.0220061e+04
9.1227400e-01 +2.5000000e-01 +1.7550500e+01 +6.4336583e-02 +8.7194167e-02 +2.7975486e+00 +1.0620972e+00 +1.4949444e+00 +7.6062500e-01 +2.6825764e-02 -2.4878819e-02 +3.0857158e+04
9.1371300e-01 +2.5000000e-01 +1.7500417e+01 +6.2487000e-02 +9.2495833e-02 +2.8208750e+00 +1.0660694e+00 +1.5066319e+00 +7.6635417e-01 +2.6467361e-02 -2.4904236e-02 +3.1513337e+04
9.1513600e-01 +2.5000000e-01 +1.7450250e+01 +6.0668000e-02 +9.7758333e-02 +2.8441597e+00 +1.0699653e+00 +1.5183472e+00 +7.7196528e-01 +2.5999167e-02 -2.4880069e-02 +3.2187246e+04
9.1654300e-01 +2.5000000e-01 +1.7400083e+01 +5.8881333e-02 +1.0297417e-01 +2.8674444e+00 +1.0737917e+00 +1.5300625e+00 +7.7745139e-01 +2.5404653e-02 -2.4816806e-02 +3.2876908e+04
9.1793400e-01 +2.5000000e-01 +1.7349750e+01 +5.7127833e-02 +1.0813500e-01 +2.8907778e+00 +1.0775347e+00 +1.5417431e+00 +7.8281250e-01 +2.4671319e-02 -2.4727778e-02 +3.3581659e+04
9.1930900e-01 +2.5000000e-01 +1.7299417e+01 +5.5407083e-02 +1.1323333e-01 +2.9142500e+00 +1.0811944e+00 +1.5533542e+00 +7.8804861e-01 +2.3804514e-02 -2.4625139e-02 +3.4301726e+04
9.2066800e-01 +2.5000000e-01 +1.7248917e+01 +5.3716917e-02 +1.1825917e-01 +2.9379444e+00 +1.0847639e+00 +1.5648958e+00 +7.9315972e-01 +2.2834861e-02 -2.4516667e-02 +3.5037552e+04
9.2201200e-01 +2.5000000e-01 +1.7198250e+01 +5.2054583e-02 +1.2320167e-01 +2.9619514e+00 +1.0882222e+00 +1.5763681e+00 +7.9816667e-01 +2.1809792e-02 -2.4404792e-02 +3.5789621e+04
9.2334100e-01 +2.5000000e-01 +1.7147583e+01 +5.0418167e-02 +1.2805833e-01 +2.9863125e+00 +1.0915556e+00 +1.5877847e+00 +8.0306944e-01 +2.0770972e-02 -2.4289514e-02 +3.6560262e+04
9.2465400e-01 +2.5000000e-01 +1.7096750e+01 +4.8807417e-02 +1.3283250e-01 +3.0110694e+00 +1.0947639e+00 +1.5991806e+00 +8.0789583e-01 +1.9736042e-02 -2.4172083e-02 +3.7350912e+04
9.2595200e-01 +2.5000000e-01 +1.7045750e+01 +4.7224000e-02 +1.3753667e-01 +3.0362778e+00 +1.0978403e+00 +1.6105764e+00 +8.1265972e-01 +1.8699306e-02 -2.4057500e-02 +3.8160699e+04
9.2723500e-01 +2.5000000e-01 +1.6994667e+01 +4.5671083e-02 +1.4218250e-01 +3.0619444e+00 +1.1007778e+00 +1.6219861e+00 +8.1736111e-01 +1.7646181e-02 -2.3952083e-02 +3.8988287e+04
9.2850400e-01 +2.5000000e-01 +1.6943417e+01 +4.4151833e-02 +1.4678417e-01 +3.0880347e+00 +1.1035764e+00 +1.6333819e+00 +8.2200694e-01 +1.6563750e-02 -2.3859306e-02 +3.9834079e+04
9.2975700e-01 +2.5000000e-01 +1.6892083e+01 +4.2668750e-02 +1.5135000e-01 +3.1144792e+00 +1.1062361e+00 +1.6447569e+00 +8.2657639e-01 +1.5448750e-02 -2.3777569e-02 +4.0699883e+04
9.3099600e-01 +2.5000000e-01 +1.6840583e+01 +4.1223083e-02 +1.5588417e-01 +3.1412083e+00 +1.1087569e+00 +1.6560972e+00 +8.3106944e-01 +1.4312986e-02 -2.3698056e-02 +4.1587585e+04
9.3222000e-01 +2.5000000e-01 +1.6789083e+01 +3.9814333e-02 +1.6038917e-01 +3.1681806e+00 +1.1111319e+00 +1.6674028e+00 +8.3546528e-01 +1.3174792e-02 -2.3604444e-02 +4.2498577e+04
9.3343000e-01 +2.5000000e-01 +1.6737417e+01 +3.8440667e-02 +1.6486583e-01 +3.1953750e+00 +1.1133472e+00 +1.6787014e+00 +8.3974306e-01 +1.2042569e-02 -2.3475208e-02 +4.3433924e+04
9.3462600e-01 +2.5000000e-01 +1.6685667e+01 +3.7099167e-02 +1.6931917e-01 +3.2227708e+00 +1.1153889e+00 +1.6900000e+00 +8.4390278e-01 +1.0908056e-02 -2.3288819e-02 +4.4394612e+04
9.3580800e-01 +2.5000000e-01 +1.6633833e+01 +3.5786500e-02 +1.7375583e-01 +3.2503958e+00 +1.1172500e+00 +1.7013125e+00 +8.4794444e-01 +9.7488194e-03 -2.3030139e-02 +4.5380224e+04
9.3697600e-01 +2.5000000e-01 +1.6581833e+01 +3.4499250e-02 +1.7818417e-01 +3.2783056e+00 +1.1189097e+00 +1.7126319e+00 +8.5187500e-01 +8.5368056e-03 -2.2693958e-02 +4.6389511e+04
9.3813000e-01 +2.5000000e-01 +1.6529750e+01 +3.3234500e-02 +1.8261083e-01 +3.3065694e+00 +1.1203611e+00 +1.7239375e+00 +8.5570833e-01 +7.2513889e-03 -2.2283681e-02 +4.7423392e+04
9.3927000e-01 +2.5000000e-01 +1.6477583e+01 +3.1990500e-02 +1.8703750e-01 +3.3352500e+00 +1.1215972e+00 +1.7352014e+00 +8.5945833e-01 +5.8889514e-03 -2.1807847e-02 +4.8484398e+04
9.4039600e-01 +2.5000000e-01 +1.6425250e+01 +3.0766167e-02 +1.9146333e-01 +3.3644306e+00 +1.1226111e+00 +1.7463958e+00 +8.6312500e-01 +4.4660417e-03 -2.1278403e-02 +4.9574056e+04
9.4150900e-01 +2.5000000e-01 +1.6372833e+01 +2.9562000e-02 +1.9588000e-01 +3.3941736e+00 +1.1233889e+00 +1.7574931e+00 +8.6670833e-01 +3.0121875e-03 -2.0709583e-02 +5.0693213e+04
9.4260900e-01 +2.5000000e-01 +1.6320250e+01 +2.8379583e-02 +2.0027917e-01 +3.4245208e+00 +1.1239306e+00 +1.7684583e+00 +8.7020833e-01 +1.5579861e-03 -2.0117083e-02 +5.1844095e+04
9.4369600e-01 +2.5000000e-01 +1.6267417e+01 +2.7221333e-02 +2.0464833e-01 +3.4555069e+00 +1.1242153e+00 +1.7792639e+00 +8.7362500e-01 +1.2731458e-04 -1.9515833e-02 +5.3028454e+04
9.4476900e-01 +2.5000000e-01 +1.6214500e+01 +2.6089583e-02 +2.0897750e-01 +3.4871806e+00 +1.1242292e+00 +1.7899028e+00 +8.7693750e-01 -1.2633264e-03 -1.8917500e-02 +5.4246460e+04
9.4583000e-01 +2.5000000e-01 +1.6161250e+01 +2.4985833e-02 +2.1326000e-01 +3.5196181e+00 +1.1239444e+00 +1.8003403e+00 +8.8015278e-01 -2.6006597e-03 -1.8328750e-02 +5.5498250e+04
9.4687800e-01 +2.5000000e-01 +1.6107833e+01 +2.3910417e-02 +2.1749333e-01 +3.5529028e+00 +1.1233542e+00 +1.8105903e+00 +8.8325000e-01 -3.8709236e-03 -1.7752431e-02 +5.6783884e+04
9.4791300e-01 +2.5000000e-01 +1.6054083e+01 +2.2862750e-02 +2.2168083e-01 +3.5871181e+00 +1.1224167e+00 +1.8206597e+00 +8.8623611e-01 -5.0614792e-03 -1.7188611e-02 +5.8102573e+04
9.4893500e-01 +2.5000000e-01 +1.6000083e+01 +2.1841583e-02 +2.2582750e-01 +3.6222986e+00 +1.1211111e+00 +1.8305625e+00 +8.8909028e-01 -6.1653542e-03 -1.6635000e-02 +5.9454982e+04
9.4994500e-01 +2.5000000e-01 +1.5945750e+01 +2.0845833e-02 +2.2994000e-01 +3.6584653e+00 +1.1194306e+00 +1.8403056e+00 +8.9181944e-01 -7.1827778e-03 -1.6086389e-02 +6.0844227e+04
9.5094300e-01 +2.5000000e-01 +1.5891083e+01 +1.9874833e-02 +2.3402500e-01 +3.6956250e+00 +1.1173542e+00 +1.8498889e+00 +8.9441667e-01 -8.1179167e-03 -1.5534028e-02 +6.2274061e+04
9.5192800e-01 +2.5000000e-01 +1.5836083e+01 +1.8928500e-02 +2.3808583e-01 +3.7337778e+00 +1.1148750e+00 +1.8592847e+00 +8.9688194e-01 -8.9765972e-03 -1.4967778e-02 +6.3747770e+04
9.5290100e-01 +2.5000000e-01 +1.5780750e+01 +1.8007417e-02 +2.4212583e-01 +3.7729514e+00 +1.1119792e+00 +1.8684722e+00 +8.9921528e-01 -9.7685417e-03 -1.4379097e-02 +6.5267986e+04
9.5386300e-01 +2.5000000e-01 +1.5725000e+01 +1.7112917e-02 +2.4614333e-01 +3.8131736e+00 +1.1086667e+00 +1.8774028e+00 +9.0142361e-01 -1.0510347e-02 -1.3763194e-02 +6.6835325e+04
9.5481200e-01 +2.5000000e-01 +1.5668833e+01 +1.6246583e-02 +2.5013583e-01 +3.8544653e+00 +1.1049167e+00 +1.8860417e+00 +9.0350000e-01 -1.1222431e-02 -1.3120625e-02 +6.8449340e+04
9.5575000e-01 +2.5000000e-01 +1.5612250e+01 +1.5409750e-02 +2.5409583e-01 +3.8968472e+00 +1.1007361e+00 +1.8943472e+00 +9.0545139e-01 -1.1921667e-02 -1.2456458e-02 +7.0110357e+04
9.5667600e-01 +2.5000000e-01 +1.5555250e+01 +1.4603750e-02 +2.5801250e-01 +3.9403264e+00 +1.0960972e+00 +1.9022847e+00 +9.0727083e-01 -1.2613472e-02 -1.1778194e-02 +7.1819999e+04
9.5759100e-01 +2.5000000e-01 +1.5497750e+01 +1.3828917e-02 +2.6187417e-01 +3.9849444e+00 +1.0909931e+00 +1.9098333e+00 +9.0895833e-01 -1.3288681e-02 -1.1093542e-02 +7.3582542e+04
9.5849500e-01 +2.5000000e-01 +1.5439750e+01 +1.3085250e-02 +2.6566833e-01 +4.0307569e+00 +1.0854167e+00 +1.9169792e+00 +9.1050694e-01 -1.3924167e-02 -1.0408264e-02 +7.5401424e+04
9.5938700e-01 +2.5000000e-01 +1.5381167e+01 +1.2372083e-02 +2.6938167e-01 +4.0778403e+00 +1.0793472e+00 +1.9237222e+00 +9.1191667e-01 -1.4487986e-02 -9.7251389e-03 +7.7276757e+04
9.6026800e-01 +2.5000000e-01 +1.5321917e+01 +1.1688500e-02 +2.7300417e-01 +4.1263125e+00 +1.0727708e+00 +1.9300556e+00 +9.1318750e-01 -1.4947917e-02 -9.0438889e-03 +7.9207774e+04
9.6113800e-01 +2.5000000e-01 +1.5262083e+01 +1.1033583e-02 +2.7652583e-01 +4.1763264e+00 +1.0656667e+00 +1.9359722e+00 +9.1433333e-01 -1.5277431e-02 -8.3626389e-03 +8.1193129e+04
9.6199700e-01 +2.5000000e-01 +1.5201417e+01 +1.0406667e-02 +2.7994167e-01 +4.2280417e+00 +1.0580139e+00 +1.9414653e+00 +9.1534722e-01 -1.5457292e-02 -7.6788194e-03 +8.3233473e+04
9.6284500e-01 +2.5000000e-01 +1.5140083e+01 +9.8076667e-03 +2.8324667e-01 +4.2816111e+00 +1.0498056e+00 +1.9465000e+00 +9.1623611e-01 -1.5472986e-02 -6.9912500e-03 +8.5328876e+04
9.6368300e-01 +2.5000000e-01 +1.5077833e+01 +9.2366667e-03 +2.8643750e-01 +4.3371528e+00 +1.0410139e+00 +1.9510625e+00 +9.1699306e-01 -1.5313264e-02 -6.3007986e-03 +8.7483444e+04
9.6451000e-01 +2.5000000e-01 +1.5014750e+01 +8.6942500e-03 +2.8951333e-01 +4.3947639e+00 +1.0316250e+00 +1.9551250e+00 +9.1761806e-01 -1.4972014e-02 -5.6103958e-03 +8.9700034e+04
9.6532700e-01 +2.5000000e-01 +1.4950667e+01 +8.1809417e-03 +2.9247417e-01 +4.4544931e+00 +1.0216250e+00 +1.9586944e+00 +9.1811111e-01 -1.4450903e-02 -4.9246667e-03 +9.1986961e+04
9.6613400e-01 +2.5000000e-01 +1.4885583e+01 +7.6972167e-03 +2.9531750e-01 +4.5163889e+00 +1.0110000e+00 +1.9617639e+00 +9.1845139e-01 -1.3760903e-02 -4.2491181e-03 +9.4349131e+04
9.6693000e-01 +2.5000000e-01 +1.4819333e+01 +7.2433333e-03 +2.9804250e-01 +4.5804931e+00 +9.9974306e-01 +1.9643333e+00 +9.1863889e-01 -1.2919306e-02 -3.5895139e-03 +9.6790739e+04
9.6771600e-01 +2.5000000e-01 +1.4751833e+01 +6.8193083e-03 +3.0064750e-01 +4.6468750e+00 +9.8784028e-01 +1.9664028e+00 +9.1865278e-01 -1.1944444e-02 -2.9514722e-03 +9.9313852e+04
9.6849200e-01 +2.5000000e-01 +1.4683083e+01 +6.4248667e-03 +3.0313083e-01 +4.7156181e+00 +9.7527778e-01 +1.9679792e+00 +9.1849306e-01 -1.0851528e-02 -2.3399861e-03 +1.0191504e+05
9.6925900e-01 +2.5000000e-01 +1.4612917e+01 +6.0593667e-03 +3.0549000e-01 +4.7868125e+00 +9.6204167e-01 +1.9690556e+00 +9.1813889e-01 -9.6520139e-03 -1.7589236e-03 +1.0459291e+05
9.7001500e-01 +2.5000000e-01 +1.4541250e+01 +5.7216833e-03 +3.0772250e-01 +4.8605278e+00 +9.4813889e-01 +1.9696319e+00 +9.1759028e-01 -8.3560417e-03 -1.2106667e-03 +1.0734677e+05
9.7076200e-01 +2.5000000e-01 +1.4468000e+01 +5.4101417e-03 +3.0982500e-01 +4.9368194e+00 +9.3354861e-01 +1.9696944e+00 +9.1681250e-01 -6.9727083e-03 -6.9599306e-04 +1.1017594e+05
9.7150000e-01 +2.5000000e-01 +1.4393000e+01 +5.1225333e-03 +3.1179333e-01 +5.0156944e+00 +9.1827778e-01 +1.9692361e+00 +9.1580556e-01 -5.5086806e-03 -2.1423056e-04 +1.1308113e+05
9.7222800e-01 +2.5000000e-01 +1.4316167e+01 +4.8562917e-03 +3.1362167e-01 +5.0971528e+00 +9.0231944e-01 +1.9682222e+00 +9.1454861e-01 -3.9677847e-03 +2.3632222e-04 +1.1606586e+05
9.7294600e-01 +2.5000000e-01 +1.4237333e+01 +4.6086500e-03 +3.1530333e-01 +5.1811528e+00 +8.8568056e-01 +1.9666250e+00 +9.1302083e-01 -2.3507986e-03 +6.5787500e-04 +1.1913569e+05
9.7365600e-01 +2.5000000e-01 +1.4156333e+01 +4.3769417e-03 +3.1683083e-01 +5.2676528e+00 +8.6836111e-01 +1.9644097e+00 +9.1120139e-01 -6.5604306e-04 +1.0529028e-03 +1.2229275e+05
9.7435600e-01 +2.5000000e-01 +1.4073083e+01 +4.1587583e-03 +3.1819500e-01 +5.3566042e+00 +8.5038194e-01 +1.9615208e+00 +9.0907639e-01 +1.1195069e-03 +1.4240417e-03 +1.2553918e+05
9.7504800e-01 +2.5000000e-01 +1.3987417e+01 +3.9521250e-03 +3.1938917e-01 +5.4479653e+00 +8.3173611e-01 +1.9579097e+00 +9.0661806e-01 +2.9787222e-03 +1.7738403e-03 +1.2887289e+05
9.7573000e-01 +2.5000000e-01 +1.3899083e+01 +3.7555917e-03 +3.2040250e-01 +5.5416875e+00 +8.1245833e-01 +1.9535347e+00 +9.0380556e-01 +4.9239931e-03 +2.1045903e-03 +1.3229326e+05
9.7640400e-01 +2.5000000e-01 +1.3807917e+01 +3.5681833e-03 +3.2122917e-01 +5.6377014e+00 +7.9255556e-01 +1.9483264e+00 +9.0060417e-01 +6.9583333e-03 +2.4184444e-03 +1.3579961e+05
9.7706800e-01 +2.5000000e-01 +1.3713750e+01 +3.3893667e-03 +3.2185750e-01 +5.7359028e+00 +7.7204167e-01 +1.9422292e+00 +8.9699306e-01 +9.0867361e-03 +2.7178750e-03 +1.3939411e+05
9.7772500e-01 +2.5000000e-01 +1.3616250e+01 +3.2189000e-03 +3.2227917e-01 +5.8361736e+00 +7.5094444e-01 +1.9351875e+00 +8.9293750e-01 +1.1315694e-02 +3.0061319e-03 +1.4307534e+05
9.7837300e-01 +2.5000000e-01 +1.3515333e+01 +3.0567333e-03 +3.2248500e-01 +5.9383403e+00 +7.2929861e-01 +1.9271389e+00 +8.8840278e-01 +1.3652500e-02 +3.2872639e-03 +1.4684268e+05
9.7901200e-01 +2.5000000e-01 +1.3410583e+01 +2.9029000e-03 +3.2246750e-01 +6.0422014e+00 +7.0711111e-01 +1.9180278e+00 +8.8334028e-01 +1.6104236e-02 +3.5659931e-03 +1.5069203e+05
9.7964300e-01 +2.5000000e-01 +1.3301833e+01 +2.7574083e-03 +3.2221833e-01 +6.1474931e+00 +6.8443333e-01 +1.9078056e+00 +8.7772222e-01 +1.8677569e-02 +3.8474028e-03 +1.5461715e+05
9.8026600e-01 +2.5000000e-01 +1.3188833e+01 +2.6201667e-03 +3.2173417e-01 +6.2539028e+00 +6.6128819e-01 +1.8964236e+00 +8.7150000e-01 +2.1378542e-02 +4.1365000e-03 +1.5861391e+05
9.8088100e-01 +2.5000000e-01 +1.3071083e+01 +2.4909250e-03 +3.2101083e-01 +6.3610347e+00 +6.3771597e-01 +1.8838056e+00 +8.6462500e-01 +2.4212083e-02 +4.4377083e-03 +1.6267540e+05
9.8148700e-01 +2.5000000e-01 +1.2948417e+01 +2.3693250e-03 +3.2004500e-01 +6.4684167e+00 +6.1375833e-01 +1.8699097e+00 +8.5704167e-01 +2.7181319e-02 +4.7542361e-03 +1.6679614e+05
9.8208600e-01 +2.5000000e-01 +1.2820417e+01 +2.2549333e-03 +3.1883333e-01 +6.5754931e+00 +5.8945903e-01 +1.8546597e+00 +8.4869444e-01 +3.0288403e-02 +5.0874722e-03 +1.7096776e+05
9.8267700e-01 +2.5000000e-01 +1.2686667e+01 +2.1472833e-03 +3.1737333e-01 +6.6816250e+00 +5.6486667e-01 +1.8379861e+00 +8.3952083e-01 +3.3534028e-02 +5.4365764e-03 +1.7518129e+05
9.8326100e-01 +2.5000000e-01 +1.2546917e+01 +2.0459083e-03 +3.1566000e-01 +6.7860694e+00 +5.4003333e-01 +1.8197986e+00 +8.2946528e-01 +3.6917361e-02 +5.7983264e-03 +1.7942422e+05
9.8383600e-01 +2.5000000e-01 +1.2400583e+01 +1.9502750e-03 +3.1368917e-01 +6.8879861e+00 +5.1501319e-01 +1.8000069e+00 +8.1845139e-01 +4.0434375e-02 +6.1672847e-03 +1.8368344e+05
9.8440400e-01 +2.5000000e-01 +1.2247250e+01 +1.8597833e-03 +3.1145250e-01 +6.9863889e+00 +4.8986389e-01 +1.7785208e+00 +8.0643056e-01 +4.4077778e-02 +6.5362222e-03 +1.8794291e+05
9.8496500e-01 +2.5000000e-01 +1.2086500e+01 +1.7737417e-03 +3.0894333e-01 +7.0802083e+00 +4.6464583e-01 +1.7552431e+00 +7.9331250e-01 +4.7837639e-02 +6.8966250e-03 +1.9218664e+05
9.8551800e-01 +2.5000000e-01 +1.1917833e+01 +1.6913417e-03 +3.0615083e-01 +7.1681944e+00 +4.3942361e-01 +1.7300625e+00 +7.7902778e-01 +5.1702292e-02 +7.2391667e-03 +1.9639521e+05
9.8606400e-01 +2.5000000e-01 +1.1740583e+01 +1.6117000e-03 +3.0306500e-01 +7.2489583e+00 +4.1426250e-01 +1.7029028e+00 +7.6350694e-01 +5.5658472e-02 +7.5544444e-03 +2.0054492e+05
9.8660300e-01 +2.5000000e-01 +1.1554333e+01 +1.5339417e-03 +2.9967250e-01 +7.3208333e+00 +3.8923194e-01 +1.6736875e+00 +7.4665278e-01 +5.9690069e-02 +7.8330556e-03 +2.0460721e+05
9.8713400e-01 +2.5000000e-01 +1.1358333e+01 +1.4572333e-03 +2.9595917e-01 +7.3820833e+00 +3.6440486e-01 +1.6423403e+00 +7.2839583e-01 +6.3775903e-02 +8.0664583e-03 +2.0854800e+05
9.8765900e-01 +2.5000000e-01 +1.1152083e+01 +1.3808667e-03 +2.9191000e-01 +7.4306250e+00 +3.3985417e-01 +1.6088264e+00 +7.0865278e-01 +6.7886319e-02 +8.2472917e-03 +2.1232672e+05
9.8817700e-01 +2.5000000e-01 +1.0934917e+01 +1.3043167e-03 +2.8750833e-01 +7.4643750e+00 +3.1565486e-01 +1.5730972e+00 +6.8733611e-01 +7.1979167e-02 +8.3695139e-03 +2.1589948e+05
9.8868800e-01 +2.5000000e-01 +1.0706083e+01 +1.2273000e-03 +2.8273667e-01 +7.4807639e+00 +2.9188403e-01 +1.5351458e+00 +6.6437639e-01 +7.5998611e-02 +8.4286111e-03 +2.1922223e+05
9.8919200e-01 +2.5000000e-01 +1.0465000e+01 +1.1497250e-03 +2.7757667e-01 +7.4771528e+00 +2.6861875e-01 +1.4949514e+00 +6.3970833e-01 +7.9870833e-02 +8.4215972e-03 +2.2224738e+05
9.8968900e-01 +2.5000000e-01 +1.0210917e+01 +1.0717583e-03 +2.7200833e-01 +7.4507639e+00 +2.4593403e-01 +1.4525208e+00 +6.1328194e-01 +8.3506944e-02 +8.3468750e-03 +2.2493005e+05
9.9018000e-01 +2.5000000e-01 +9.9430833e+00 +9.9372500e-04 +2.6601417e-01 +7.3984722e+00 +2.2390625e-01 +1.4078611e+00 +5.8506806e-01 +8.6802083e-02 +8.2040972e-03 +2.2722930e+05
9.9066400e-01 +2.5000000e-01 +9.6610000e+00 +9.1614167e-04 +2.5957333e-01 +7.3170833e+00 +2.0260972e-01 +1.3609861e+00 +5.5506250e-01 +8.9640278e-02 +7.9939583e-03 +2.2911056e+05
9.9114200e-01 +2.5000000e-01 +9.3640000e+00 +8.3958333e-04 +2.5266667e-01 +7.2035417e+00 +1.8211528e-01 +1.3119375e+00 +5.2329653e-01 +9.1893056e-02 +7.7182639e-03 +2.3055354e+05
9.9161300e-01 +2.5000000e-01 +9.0515833e+00 +7.6471000e-04 +2.4527833e-01 +7.0545833e+00 +1.6249306e-01 +1.2607431e+00 +4.8984375e-01 +9.3429861e-02 +7.3795139e-03 +2.3155826e+05
9.9207900e-01 +2.5000000e-01 +8.7231667e+00 +6.9215167e-04 +2.3739083e-01 +6.8672986e+00 +1.4381042e-01 +1.2074444e+00 +4.5482917e-01 +9.4120139e-02 +6.9813889e-03 +2.3215755e+05
9.9253700e-01 +2.5000000e-01 +8.3784167e+00 +6.2247917e-04 +2.2899167e-01 +6.6391458e+00 +1.2612847e-01 +1.1520833e+00 +4.1843958e-01 +9.3842361e-02 +6.5286875e-03 +2.3242673e+05
9.9299000e-01 +2.5000000e-01 +8.0173000e+00 +5.5616750e-04 +2.2007083e-01 +6.3681528e+00 +1.0950625e-01 +1.0947014e+00 +3.8093125e-01 +9.2493750e-02 +6.0277014e-03 +2.3249291e+05
9.9343700e-01 +2.5000000e-01 +7.6396583e+00 +4.9356417e-04 +2.1062417e-01 +6.0532639e+00 +9.3995833e-02 +1.0353264e+00 +3.4263681e-01 +8.9997917e-02 +5.4862083e-03 +2.3254646e+05
9.9387800e-01 +2.5000000e-01 +7.2457250e+00 +4.3488833e-04 +2.0065083e-01 +5.6945764e+00 +7.9644444e-02 +9.7397222e-01 +3.0396875e-01 +8.6316667e-02 +4.9137917e-03 +2.3284029e+05
9.9431300e-01 +2.5000000e-01 +6.8359417e+00 +3.8023167e-04 +1.9015917e-01 +5.2937222e+00 +6.6491528e-02 +9.1063889e-01 +2.6541806e-01 +8.1460417e-02 +4.3218819e-03 +2.3368309e+05
9.9474200e-01 +2.5000000e-01 +6.4110167e+00 +3.2958000e-04 +1.7916250e-01 +4.8541736e+00 +5.4569861e-02 +8.4532639e-01 +2.2754931e-01 +7.5493750e-02 +3.7235903e-03 +2.3541728e+05
9.9516500e-01 +2.5000000e-01 +5.9719250e+00 +2.8284000e-04 +1.6768250e-01 +4.3814792e+00 +4.3901875e-02 +7.7802083e-01 +1.9098125e-01 +6.8543125e-02 +3.1333542e-03 +2.3837801e+05
9.9558300e-01 +2.5000000e-01 +5.5199667e+00 +2.3987250e-04 +1.5574750e-01 +3.8834444e+00 +3.4499444e-02 +7.0872222e-01 +1.5636597e-01 +6.0800208e-02 +2.5662569e-03 +2.4283543e+05
9.9599500e-01 +2.5000000e-01 +5.0567000e+00 +2.0052667e-04 +1.4339417e-01 +3.3700833e+00 +2.6361528e-02 +6.3749375e-01 +1.2435069e-01 +5.2516944e-02 +2.0370556e-03 +2.4893351e+05
9.9640100e-01 +2.5000000e-01 +4.5839583e+00 +1.6466583e-04 +1.3066500e-01 +2.8533750e+00 +1.9471667e-02 +5.6448611e-01 +9.5534028e-02 +4.3995000e-02 +1.5590764e-03 +2.5662892e+05
9.9680200e-01 +2.5000000e-01 +4.1037500e+00 +1.3219333e-04 +1.1760667e-01 +2.3467014e+00 +1.3795000e-02 +4.9000903e-01 +7.0414583e-02 +3.5566736e-02 +1.1429861e-03 +2.6565620e+05
9.9719800e-01 +2.5000000e-01 +3.6182333e+00 +1.0305917e-04 +1.0427167e-01 +1.8640139e+00 +9.2749306e-03 +4.1460764e-01 +4.9340764e-02 +2.7568750e-02 +7.9575000e-04 +2.7555518e+05
9.9758800e-01 +2.5000000e-01 +3.1296083e+00 +7.7269500e-05 +9.0710000e-02 +1.4187986e+00 +5.8301042e-03 +3.3915694e-01 +3.2458889e-02 +2.0310417e-02 +5.1986736e-04 +2.8576855e+05
9.9797300e-01 +2.5000000e-01 +2.6399917e+00 +5.4884417e-05 +7.6972083e-02 +1.0229792e+00 +3.3519444e-03 +2.6496528e-01 +1.9685903e-02 +1.4042847e-02 +3.1318472e-04 +2.9582041e+05
9.9835300e-01 +2.5000000e-01 +2.1513333e+00 +3.6021917e-05 +6.3104917e-02 +6.8594792e-01 +1.7040069e-03 +1.9388750e-01 +1.0700417e-02 +8.9331944e-03 +1.6925486e-04 +3.0555270e+05
9.9872800e-01 +2.5000000e-01 +1.6653167e+00 +2.0859083e-05 +4.9149250e-02 +4.1398542e-01 +7.2435417e-04 +1.2843750e-01 +4.9675278e-03 +5.0505000e-03 +7.8243056e-05 +3.1534995e+05
9.9909700e-01 +2.5000000e-01 +1.1832667e+00 +9.6331667e-06 +3.5139000e-02 +2.1024792e-01 +2.3294931e-04 +7.1908333e-02 +1.7935278e-03 +2.3662292e-03 +2.8184028e-05 +3.2629557e+05
9.9946200e-01 +2.5000000e-01 +7.0613167e-01 +2.6302083e-06 +2.1101000e-02 +7.5345139e-02 +4.6423889e-05 +2.8509236e-02 +4.0381875e-04 +7.6681250e-04 +6.3414722e-06 +3.4017301e+05
9.9982100e-01 +2.5000000e-01 +2.3449750e-01 +0.0000000e+00 +7.0556750e-03 +8.3874306e-03 +3.4271875e-06 +3.5562847e-03 +2.6563472e-05 +7.4078472e-05 +4.1805347e-07 +3.5779206e+05
1.0000000e+00 +2.5000000e-01 +0.0000000e+00 +0.0000000e+00 +0.0000000e+00 +0.0000000e+00 +0.0000000e+00 +0.0000000e+00 +0.0000000e+00 +0.0000000e+00 +0.0000000e+00 +3.5779097e+05
