#    y              z              <u>            <v>            <w>            <u'u'>         <v'v'>         <w'w'>         <u'v'>         <u'w'>         <v'w'>         <eps>         
#----------------------------------------------------------------------------------------------------------------------------------------------------------------------------------
0.0000000e+00 +2.0000000e-01 +0.0000000e+00 +0.0000000e+00 +0.0000000e+00 +0.0000000e+00 +0.0000000e+00 +0.0000000e+00 +0.0000000e+00 +0.0000000e+00 +0.0000000e+00 +3.4927778e+05
1.7900000e-04 +2.0000000e-01 +2.3102250e-01 -3.1445417e-06 +7.2144417e-03 +8.1356944e-03 +3.3352222e-06 +3.5070694e-03 -2.6061042e-05 +5.2133819e-05 -7.4443750e-07 +3.4927884e+05
5.3800000e-04 +2.0000000e-01 +6.9566083e-01 -1.3098583e-05 +2.1499667e-02 +7.3059722e-02 +4.5233194e-05 +2.8136597e-02 -3.9592778e-04 +5.6792153e-04 -1.0721319e-05 +3.3164495e+05
9.0300000e-04 +2.0000000e-01 +1.1657083e+00 -3.1595250e-05 +3.5689750e-02 +2.0382292e-01 +2.2720556e-04 +7.1013194e-02 -1.7572986e-03 +1.8109097e-03 -4.5399097e-05 +3.1774614e+05
1.2720000e-03 +2.0000000e-01 +1.6406083e+00 -6.0139917e-05 +4.9765500e-02 +4.0127153e-01 +7.0718056e-04 +1.2690903e-01 -4.8645278e-03 +3.9638056e-03 -1.2066736e-04 +3.0681085e+05
1.6470000e-03 +2.0000000e-01 +2.1194333e+00 -1.0015083e-04 +6.3704750e-02 +6.6484167e-01 +1.6651736e-03 +1.9167431e-01 -1.0474653e-02 +7.1547917e-03 -2.5135903e-04 +2.9708478e+05
2.0270000e-03 +2.0000000e-01 +2.6008750e+00 -1.5292417e-04 +7.7479667e-02 +9.9154167e-01 +3.2785000e-03 +2.6204931e-01 -1.9266806e-02 +1.1437431e-02 -4.5076458e-04 +2.8748941e+05
2.4120000e-03 +2.0000000e-01 +3.0833000e+00 -2.1959083e-04 +9.1057500e-02 +1.3753681e+00 +5.7072222e-03 +3.3553681e-01 -3.1767083e-02 +1.6774722e-02 -7.2998611e-04 +2.7762777e+05
2.8020000e-03 +2.0000000e-01 +3.5648000e+00 -3.0107917e-04 +1.0440000e-01 +1.8073056e+00 +9.0868056e-03 +4.1028333e-01 -4.8294306e-02 +2.3033611e-02 -1.0972361e-03 +2.6763158e+05
3.1980000e-03 +2.0000000e-01 +4.0432833e+00 -3.9808333e-04 +1.1746750e-01 +2.2758750e+00 +1.3525556e-02 +4.8497083e-01 -6.8935486e-02 +2.9993333e-02 -1.5572083e-03 +2.5795459e+05
3.5990000e-03 +2.0000000e-01 +4.5166083e+00 -5.1103667e-04 +1.3021500e-01 +2.7680139e+00 +1.9105417e-02 +5.5871181e-01 -9.3551389e-02 +3.7365833e-02 -2.1107014e-03 +2.4914165e+05
4.0050000e-03 +2.0000000e-01 +4.9826417e+00 -6.4010167e-04 +1.4260083e-01 +3.2702083e+00 +2.5884097e-02 +6.3094306e-01 -1.2180486e-01 +4.4825417e-02 -2.7545347e-03 +2.4164819e+05
4.4170000e-03 +2.0000000e-01 +5.4394000e+00 -7.8517167e-04 +1.5458250e-01 +3.7694722e+00 +3.3897986e-02 +7.0134028e-01 -1.5320972e-01 +5.2040764e-02 -3.4817917e-03 +2.3573760e+05
4.8350000e-03 +2.0000000e-01 +5.8850750e+00 -9.4588333e-04 +1.6612167e-01 +4.2541667e+00 +4.3165417e-02 +7.6973611e-01 -1.8717778e-01 +5.8704236e-02 -4.2822708e-03 +2.3145396e+05
5.2580000e-03 +2.0000000e-01 +6.3181250e+00 -1.1216417e-03 +1.7718417e-01 +4.7145625e+00 +5.3689514e-02 +8.3606250e-01 -2.2307361e-01 +6.4555208e-02 -5.1431250e-03 +2.2865612e+05
5.6870000e-03 +2.0000000e-01 +6.7372917e+00 -1.3116583e-03 +1.8774250e-01 +5.1430972e+00 +6.5460486e-02 +9.0029861e-01 -2.6025833e-01 +6.9393819e-02 -6.0496389e-03 +2.2707396e+05
6.1220000e-03 +2.0000000e-01 +7.1415833e+00 -1.5150083e-03 +1.9777417e-01 +5.5343750e+00 +7.8457639e-02 +9.6246528e-01 -2.9812222e-01 +7.3086806e-02 -6.9860417e-03 +2.2637649e+05
6.5630000e-03 +2.0000000e-01 +7.5303083e+00 -1.7306417e-03 +2.0726500e-01 +5.8850486e+00 +9.2651389e-02 +1.0225625e+00 -3.3610972e-01 +7.5565972e-02 -7.9362500e-03 +2.2622477e+05
7.0100000e-03 +2.0000000e-01 +7.9030333e+00 -1.9574583e-03 +2.1620500e-01 +6.1935486e+00 +1.0800278e-01 +1.0805903e+00 -3.7373889e-01 +7.6818056e-02 -8.8845833e-03 +2.2631286e+05
7.4630000e-03 +2.0000000e-01 +8.2595750e+00 -2.1943667e-03 +2.2459333e-01 +6.4597569e+00 +1.2446667e-01 +1.1365556e+00 -4.1060208e-01 +7.6877778e-02 -9.8162500e-03 +2.2638924e+05
7.9210000e-03 +2.0000000e-01 +8.5999167e+00 -2.4402750e-03 +2.3243083e-01 +6.6847153e+00 +1.4199236e-01 +1.1904306e+00 -4.4637153e-01 +7.5816667e-02 -1.0717639e-02 +2.2626489e+05
8.3870000e-03 +2.0000000e-01 +8.9243333e+00 -2.6941417e-03 +2.3972750e-01 +6.8702917e+00 +1.6052083e-01 +1.2422014e+00 -4.8079444e-01 +7.3728472e-02 -1.1576806e-02 +2.2581336e+05
8.8580000e-03 +2.0000000e-01 +9.2330833e+00 -2.9550000e-03 +2.4649333e-01 +7.0189583e+00 +1.7999028e-01 +1.2918264e+00 -5.1368681e-01 +7.0726389e-02 -1.2383125e-02 +2.2496002e+05
9.3360000e-03 +2.0000000e-01 +9.5265833e+00 -3.2219333e-03 +2.5274417e-01 +7.1334722e+00 +2.0033472e-01 +1.3392986e+00 -5.4492500e-01 +6.6930208e-02 -1.3128056e-02 +2.2367337e+05
9.8200000e-03 +2.0000000e-01 +9.8055000e+00 -3.4940750e-03 +2.5849750e-01 +7.2169444e+00 +2.2148264e-01 +1.3845764e+00 -5.7443750e-01 +6.2462917e-02 -1.3804931e-02 +2.2195267e+05
1.0311000e-02 +2.0000000e-01 +1.0070333e+01 -3.7706167e-03 +2.6377167e-01 +7.2724306e+00 +2.4336250e-01 +1.4276597e+00 -6.0219514e-01 +5.7444861e-02 -1.4409375e-02 +2.1981819e+05
1.0808000e-02 +2.0000000e-01 +1.0321750e+01 -4.0507417e-03 +2.6858750e-01 +7.3027778e+00 +2.6590000e-01 +1.4685486e+00 -6.2820556e-01 +5.1990556e-02 -1.4939097e-02 +2.1730448e+05
1.1312000e-02 +2.0000000e-01 +1.0560417e+01 -4.3336417e-03 +2.7296583e-01 +7.3110417e+00 +2.8901875e-01 +1.5072361e+00 -6.5250208e-01 +4.6206806e-02 -1.5393889e-02 +2.1445383e+05
1.1823000e-02 +2.0000000e-01 +1.0787000e+01 -4.6184833e-03 +2.7692583e-01 +7.2999306e+00 +3.1264167e-01 +1.5437431e+00 -6.7514028e-01 +4.0191667e-02 -1.5775556e-02 +2.1131321e+05
1.2341000e-02 +2.0000000e-01 +1.1002167e+01 -4.9044333e-03 +2.8049000e-01 +7.2718750e+00 +3.3669306e-01 +1.5780972e+00 -6.9618750e-01 +3.4034236e-02 -1.6087083e-02 +2.0792812e+05
1.2866000e-02 +2.0000000e-01 +1.1206583e+01 -5.1906833e-03 +2.8367583e-01 +7.2293750e+00 +3.6109583e-01 +1.6103333e+00 -7.1572917e-01 +2.7813125e-02 -1.6332847e-02 +2.0434258e+05
1.3397000e-02 +2.0000000e-01 +1.1400833e+01 -5.4764667e-03 +2.8650250e-01 +7.1743750e+00 +3.8577500e-01 +1.6404861e+00 -7.3384722e-01 +2.1596111e-02 -1.6517708e-02 +2.0059564e+05
1.3936000e-02 +2.0000000e-01 +1.1585583e+01 -5.7612083e-03 +2.8898583e-01 +7.1089583e+00 +4.1065417e-01 +1.6686181e+00 -7.5062500e-01 +1.5437917e-02 -1.6647361e-02 +1.9672231e+05
1.4482000e-02 +2.0000000e-01 +1.1761500e+01 -6.0445250e-03 +2.9114250e-01 +7.0348611e+00 +4.3566181e-01 +1.6947917e+00 -7.6615278e-01 +9.3800000e-03 -1.6727986e-02 +1.9275390e+05
1.5035000e-02 +2.0000000e-01 +1.1929000e+01 -6.3263750e-03 +2.9298667e-01 +6.9534722e+00 +4.6072639e-01 +1.7190694e+00 -7.8051389e-01 +3.4506458e-03 -1.6766042e-02 +1.8871895e+05
1.5596000e-02 +2.0000000e-01 +1.2088750e+01 -6.6071000e-03 +2.9453000e-01 +6.8662361e+00 +4.8577986e-01 +1.7415278e+00 -7.9379167e-01 -2.3330208e-03 -1.6768333e-02 +1.8464328e+05
1.6164000e-02 +2.0000000e-01 +1.2241167e+01 -6.8875000e-03 +2.9578417e-01 +6.7743403e+00 +5.1075694e-01 +1.7622569e+00 -8.0604861e-01 -7.9615278e-03 -1.6741319e-02 +1.8054976e+05
1.6739000e-02 +2.0000000e-01 +1.2386667e+01 -7.1687833e-03 +2.9675917e-01 +6.6788264e+00 +5.3559653e-01 +1.7813403e+00 -8.1736111e-01 -1.3429097e-02 -1.6690972e-02 +1.7645786e+05
1.7323000e-02 +2.0000000e-01 +1.2525833e+01 -7.4525917e-03 +2.9746500e-01 +6.5805833e+00 +5.6024167e-01 +1.7988611e+00 -8.2777778e-01 -1.8729514e-02 -1.6622431e-02 +1.7238155e+05
1.7914000e-02 +2.0000000e-01 +1.2659083e+01 -7.7409000e-03 +2.9790750e-01 +6.4804097e+00 +5.8463889e-01 +1.8149236e+00 -8.3736111e-01 -2.3853889e-02 -1.6539722e-02 +1.6833460e+05
1.8513000e-02 +2.0000000e-01 +1.2786667e+01 -8.0358917e-03 +2.9809250e-01 +6.3789792e+00 +6.0873958e-01 +1.8296042e+00 -8.4615278e-01 -2.8791111e-02 -1.6445347e-02 +1.6432539e+05
1.9119000e-02 +2.0000000e-01 +1.2909083e+01 -8.3397500e-03 +2.9802750e-01 +6.2768681e+00 +6.3249861e-01 +1.8429861e+00 -8.5420139e-01 -3.3529861e-02 -1.6340625e-02 +1.6036218e+05
1.9734000e-02 +2.0000000e-01 +1.3026667e+01 -8.6545833e-03 +2.9771583e-01 +6.1745694e+00 +6.5587500e-01 +1.8551458e+00 -8.6154167e-01 -3.8061111e-02 -1.6225694e-02 +1.5645196e+05
2.0357000e-02 +2.0000000e-01 +1.3139750e+01 -8.9820833e-03 +2.9716333e-01 +6.0725208e+00 +6.7883056e-01 +1.8661319e+00 -8.6822222e-01 -4.2379861e-02 -1.6099861e-02 +1.5260091e+05
2.0988000e-02 +2.0000000e-01 +1.3248583e+01 -9.3233333e-03 +2.9637583e-01 +5.9710625e+00 +7.0132639e-01 +1.8760000e+00 -8.7427083e-01 -4.6485972e-02 -1.5962014e-02 +1.4881524e+05
2.1627000e-02 +2.0000000e-01 +1.3353500e+01 -9.6788333e-03 +2.9535917e-01 +5.8705278e+00 +7.2334028e-01 +1.8847917e+00 -8.7974306e-01 -5.0383611e-02 -1.5810764e-02 +1.4509906e+05
2.2275000e-02 +2.0000000e-01 +1.3454833e+01 -1.0048333e-02 +2.9412000e-01 +5.7711667e+00 +7.4482639e-01 +1.8925417e+00 -8.8466667e-01 -5.4080278e-02 -1.5644375e-02 +1.4145583e+05
2.2932000e-02 +2.0000000e-01 +1.3552667e+01 -1.0431167e-02 +2.9266667e-01 +5.6732431e+00 +7.6577083e-01 +1.8992986e+00 -8.8909028e-01 -5.7584583e-02 -1.5461528e-02 +1.3788689e+05
2.3596000e-02 +2.0000000e-01 +1.3647417e+01 -1.0826250e-02 +2.9100750e-01 +5.5769444e+00 +7.8613194e-01 +1.9051042e+00 -8.9305556e-01 -6.0904583e-02 -1.5261319e-02 +1.3439423e+05
2.4270000e-02 +2.0000000e-01 +1.3739167e+01 -1.1232750e-02 +2.8915000e-01 +5.4824722e+00 +8.0589583e-01 +1.9099931e+00 -8.9659722e-01 -6.4046667e-02 -1.5044375e-02 +1.3097995e+05
2.4952000e-02 +2.0000000e-01 +1.3828167e+01 -1.1650333e-02 +2.8710250e-01 +5.3899583e+00 +8.2503472e-01 +1.9140347e+00 -8.9974306e-01 -6.7016944e-02 -1.4812986e-02 +1.2765020e+05
2.5644000e-02 +2.0000000e-01 +1.3914667e+01 -1.2079333e-02 +2.8487500e-01 +5.2995347e+00 +8.4352778e-01 +1.9172639e+00 -9.0252083e-01 -6.9822222e-02 -1.4571667e-02 +1.2440641e+05
2.6344000e-02 +2.0000000e-01 +1.3998750e+01 -1.2520833e-02 +2.8247417e-01 +5.2113056e+00 +8.6136806e-01 +1.9197500e+00 -9.0495139e-01 -7.2467361e-02 -1.4327153e-02 +1.2125056e+05
2.7054000e-02 +2.0000000e-01 +1.4080583e+01 -1.2976583e-02 +2.7990833e-01 +5.1253542e+00 +8.7854861e-01 +1.9215417e+00 -9.0706250e-01 -7.4956250e-02 -1.4087986e-02 +1.1817991e+05
2.7772000e-02 +2.0000000e-01 +1.4160333e+01 -1.3448250e-02 +2.7718500e-01 +5.0417222e+00 +8.9505556e-01 +1.9226875e+00 -9.0887500e-01 -7.7283333e-02 -1.3862847e-02 +1.1519088e+05
2.8500000e-02 +2.0000000e-01 +1.4238167e+01 -1.3937750e-02 +2.7430917e-01 +4.9604514e+00 +9.1089583e-01 +1.9232431e+00 -9.1040972e-01 -7.9438194e-02 -1.3659236e-02 +1.1228005e+05
2.9238000e-02 +2.0000000e-01 +1.4314250e+01 -1.4446917e-02 +2.7128583e-01 +4.8815278e+00 +9.2607639e-01 +1.9232431e+00 -9.1167361e-01 -8.1404861e-02 -1.3481736e-02 +1.0944667e+05
2.9985000e-02 +2.0000000e-01 +1.4388583e+01 -1.4977750e-02 +2.6811833e-01 +4.8049514e+00 +9.4059028e-01 +1.9227292e+00 -9.1268750e-01 -8.3170139e-02 -1.3331806e-02 +1.0668932e+05
3.0741000e-02 +2.0000000e-01 +1.4461417e+01 -1.5532000e-02 +2.6481083e-01 +4.7306875e+00 +9.5445139e-01 +1.9217083e+00 -9.1345139e-01 -8.4726389e-02 -1.3207917e-02 +1.0400865e+05
3.1508000e-02 +2.0000000e-01 +1.4532750e+01 -1.6111667e-02 +2.6136917e-01 +4.6587361e+00 +9.6766667e-01 +1.9201875e+00 -9.1398611e-01 -8.6075694e-02 -1.3106458e-02 +1.0140194e+05
3.2284000e-02 +2.0000000e-01 +1.4602750e+01 -1.6718500e-02 +2.5779917e-01 +4.5890417e+00 +9.8023611e-01 +1.9181736e+00 -9.1429861e-01 -8.7229167e-02 -1.3023264e-02 +9.8871176e+04
3.3070000e-02 +2.0000000e-01 +1.4671500e+01 -1.7354167e-02 +2.5411083e-01 +4.5215764e+00 +9.9216667e-01 +1.9156389e+00 -9.1439583e-01 -8.8206250e-02 -1.2955417e-02 +9.6414979e+04
3.3866000e-02 +2.0000000e-01 +1.4739083e+01 -1.8020083e-02 +2.5031333e-01 +4.4562708e+00 +1.0034653e+00 +1.9125903e+00 -9.1429167e-01 -8.9029861e-02 -1.2902847e-02 +9.4032637e+04
3.4673000e-02 +2.0000000e-01 +1.4805583e+01 -1.8717500e-02 +2.4641667e-01 +4.3930556e+00 +1.0141528e+00 +1.9090486e+00 -9.1399306e-01 -8.9726389e-02 -1.2868056e-02 +9.1719304e+04
3.5490000e-02 +2.0000000e-01 +1.4871083e+01 -1.9447833e-02 +2.4242750e-01 +4.3318542e+00 +1.0242292e+00 +1.9050417e+00 -9.1351389e-01 -9.0322917e-02 -1.2854722e-02 +8.9472136e+04
3.6317000e-02 +2.0000000e-01 +1.4935583e+01 -2.0212583e-02 +2.3835500e-01 +4.2725903e+00 +1.0337153e+00 +1.9006111e+00 -9.1286806e-01 -9.0845833e-02 -1.2865069e-02 +8.7285597e+04
3.7155000e-02 +2.0000000e-01 +1.4999250e+01 -2.1013667e-02 +2.3420500e-01 +4.2152083e+00 +1.0426111e+00 +1.8957917e+00 -9.1204861e-01 -9.1318750e-02 -1.2897917e-02 +8.5156892e+04
3.8003000e-02 +2.0000000e-01 +1.5062083e+01 -2.1853417e-02 +2.2998250e-01 +4.1596389e+00 +1.0509375e+00 +1.8906042e+00 -9.1106250e-01 -9.1754861e-02 -1.2947986e-02 +8.3082506e+04
3.8862000e-02 +2.0000000e-01 +1.5124250e+01 -2.2734250e-02 +2.2569500e-01 +4.1058264e+00 +1.0587014e+00 +1.8850417e+00 -9.0991667e-01 -9.2158333e-02 -1.3007153e-02 +8.1059682e+04
3.9732000e-02 +2.0000000e-01 +1.5185583e+01 -2.3658333e-02 +2.2134583e-01 +4.0537361e+00 +1.0659097e+00 +1.8790903e+00 -9.0861111e-01 -9.2522917e-02 -1.3065833e-02 +7.9087044e+04
4.0613000e-02 +2.0000000e-01 +1.5246333e+01 -2.4627333e-02 +2.1694250e-01 +4.0032847e+00 +1.0725764e+00 +1.8727222e+00 -9.0714583e-01 -9.2835417e-02 -1.3115764e-02 +7.7167289e+04
4.1505000e-02 +2.0000000e-01 +1.5306500e+01 -2.5642417e-02 +2.1249000e-01 +3.9544167e+00 +1.0787153e+00 +1.8658958e+00 -9.0552778e-01 -9.3082639e-02 -1.3151528e-02 +7.5301150e+04
4.2409000e-02 +2.0000000e-01 +1.5366083e+01 -2.6703833e-02 +2.0799250e-01 +3.9070486e+00 +1.0843403e+00 +1.8586111e+00 -9.0377778e-01 -9.3247917e-02 -1.3170486e-02 +7.3492127e+04
4.3324000e-02 +2.0000000e-01 +1.5425167e+01 -2.7811500e-02 +2.0345250e-01 +3.8610972e+00 +1.0894653e+00 +1.8508611e+00 -9.0189583e-01 -9.3315972e-02 -1.3171944e-02 +7.1740849e+04
4.4250000e-02 +2.0000000e-01 +1.5483750e+01 -2.8965083e-02 +1.9887250e-01 +3.8164931e+00 +1.0940972e+00 +1.8426667e+00 -8.9988889e-01 -9.3273611e-02 -1.3156181e-02 +7.0043854e+04
4.5188000e-02 +2.0000000e-01 +1.5541833e+01 -3.0163750e-02 +1.9425583e-01 +3.7731944e+00 +1.0982708e+00 +1.8340694e+00 -8.9776389e-01 -9.3118056e-02 -1.3123889e-02 +6.8394249e+04
4.6137000e-02 +2.0000000e-01 +1.5599583e+01 -3.1406667e-02 +1.8960333e-01 +3.7311389e+00 +1.1019861e+00 +1.8251111e+00 -8.9552778e-01 -9.2852083e-02 -1.3076042e-02 +6.6786968e+04
4.7099000e-02 +2.0000000e-01 +1.5656917e+01 -3.2692500e-02 +1.8491750e-01 +3.6902639e+00 +1.1052778e+00 +1.8158264e+00 -8.9317361e-01 -9.2485417e-02 -1.3012917e-02 +6.5219236e+04
4.8072000e-02 +2.0000000e-01 +1.5713917e+01 -3.4019750e-02 +1.8020417e-01 +3.6504861e+00 +1.1081597e+00 +1.8062569e+00 -8.9071528e-01 -9.2029167e-02 -1.2934028e-02 +6.3691310e+04
4.9057000e-02 +2.0000000e-01 +1.5770583e+01 -3.5386333e-02 +1.7546583e-01 +3.6117222e+00 +1.1106528e+00 +1.7964444e+00 -8.8813889e-01 -9.1494444e-02 -1.2839444e-02 +6.2205634e+04
5.0055000e-02 +2.0000000e-01 +1.5827000e+01 -3.6790250e-02 +1.7071083e-01 +3.5738750e+00 +1.1127847e+00 +1.7864028e+00 -8.8545833e-01 -9.0892361e-02 -1.2732222e-02 +6.0764173e+04
5.1065000e-02 +2.0000000e-01 +1.5883083e+01 -3.8229583e-02 +1.6594417e-01 +3.5368611e+00 +1.1145625e+00 +1.7761458e+00 -8.8265972e-01 -9.0232639e-02 -1.2617500e-02 +5.9366151e+04
5.2087000e-02 +2.0000000e-01 +1.5939000e+01 -3.9702917e-02 +1.6117083e-01 +3.5006181e+00 +1.1160069e+00 +1.7656875e+00 -8.7973611e-01 -8.9525000e-02 -1.2500903e-02 +5.8008703e+04
5.3122000e-02 +2.0000000e-01 +1.5994667e+01 -4.1209833e-02 +1.5639250e-01 +3.4650486e+00 +1.1171250e+00 +1.7550139e+00 -8.7669444e-01 -8.8782639e-02 -1.2387986e-02 +5.6689747e+04
5.4170000e-02 +2.0000000e-01 +1.6050167e+01 -4.2750833e-02 +1.5160917e-01 +3.4300833e+00 +1.1179375e+00 +1.7441389e+00 -8.7351389e-01 -8.8018056e-02 -1.2285208e-02 +5.5408567e+04
5.5231000e-02 +2.0000000e-01 +1.6105417e+01 -4.4327333e-02 +1.4681667e-01 +3.3956597e+00 +1.1184444e+00 +1.7330764e+00 -8.7019444e-01 -8.7245139e-02 -1.2200208e-02 +5.4164178e+04
5.6304000e-02 +2.0000000e-01 +1.6160583e+01 -4.5941250e-02 +1.4201417e-01 +3.3617569e+00 +1.1186597e+00 +1.7218403e+00 -8.6672222e-01 -8.6479167e-02 -1.2140069e-02 +5.2954477e+04
5.7391000e-02 +2.0000000e-01 +1.6215583e+01 -4.7594667e-02 +1.3719917e-01 +3.3283472e+00 +1.1185833e+00 +1.7104861e+00 -8.6310417e-01 -8.5733333e-02 -1.2108333e-02 +5.1777309e+04
5.8491000e-02 +2.0000000e-01 +1.6270417e+01 -4.9289417e-02 +1.3237417e-01 +3.2954167e+00 +1.1182292e+00 +1.6990347e+00 -8.5933333e-01 -8.5015972e-02 -1.2104931e-02 +5.0631341e+04
5.9604000e-02 +2.0000000e-01 +1.6325083e+01 -5.1026583e-02 +1.2754000e-01 +3.2629514e+00 +1.1176042e+00 +1.6875139e+00 -8.5540972e-01 -8.4322917e-02 -1.2127917e-02 +4.9516297e+04
6.0730000e-02 +2.0000000e-01 +1.6379750e+01 -5.2806333e-02 +1.2269583e-01 +3.2309444e+00 +1.1167222e+00 +1.6759167e+00 -8.5134028e-01 -8.3641667e-02 -1.2174583e-02 +4.8432525e+04
6.1870000e-02 +2.0000000e-01 +1.6434167e+01 -5.4627750e-02 +1.1783750e-01 +3.1994167e+00 +1.1155972e+00 +1.6642431e+00 -8.4712500e-01 -8.2953472e-02 -1.2241944e-02 +4.7378768e+04
6.3024000e-02 +2.0000000e-01 +1.6488583e+01 -5.6489083e-02 +1.1295750e-01 +3.1684097e+00 +1.1142361e+00 +1.6524792e+00 -8.4276389e-01 -8.2247917e-02 -1.2325764e-02 +4.6350971e+04
6.4192000e-02 +2.0000000e-01 +1.6542833e+01 -5.8387917e-02 +1.0804833e-01 +3.1379375e+00 +1.1126667e+00 +1.6406319e+00 -8.3827083e-01 -8.1527083e-02 -1.2419931e-02 +4.5343829e+04
6.5374000e-02 +2.0000000e-01 +1.6596917e+01 -6.0322417e-02 +1.0310167e-01 +3.1079931e+00 +1.1108958e+00 +1.6287153e+00 -8.3363889e-01 -8.0805556e-02 -1.2518889e-02 +4.4353721e+04
6.6570000e-02 +2.0000000e-01 +1.6650917e+01 -6.2291333e-02 +9.8111667e-02 +3.0785208e+00 +1.1089306e+00 +1.6167014e+00 -8.2886111e-01 -8.0106250e-02 -1.2618611e-02 +4.3380266e+04
6.7780000e-02 +2.0000000e-01 +1.6704833e+01 -6.4294000e-02 +9.3072500e-02 +3.0494514e+00 +1.1067847e+00 +1.6045833e+00 -8.2393750e-01 -7.9446528e-02 -1.2716042e-02 +4.2424580e+04
6.9004000e-02 +2.0000000e-01 +1.6758583e+01 -6.6330083e-02 +8.7984167e-02 +3.0207292e+00 +1.1044653e+00 +1.5923542e+00 -8.1886806e-01 -7.8834028e-02 -1.2808889e-02 +4.1488619e+04
7.0243000e-02 +2.0000000e-01 +1.6812167e+01 -6.8399500e-02 +8.2846333e-02 +2.9923194e+00 +1.1019792e+00 +1.5800278e+00 -8.1365278e-01 -7.8265972e-02 -1.2896319e-02 +4.0574074e+04
7.1496000e-02 +2.0000000e-01 +1.6865583e+01 -7.0502000e-02 +7.7663750e-02 +2.9642083e+00 +1.0993472e+00 +1.5676389e+00 -8.0829167e-01 -7.7740278e-02 -1.2979375e-02 +3.9681123e+04
7.2765000e-02 +2.0000000e-01 +1.6918833e+01 -7.2637250e-02 +7.2441167e-02 +2.9364167e+00 +1.0965625e+00 +1.5552292e+00 -8.0280556e-01 -7.7256250e-02 -1.3059375e-02 +3.8809041e+04
7.4048000e-02 +2.0000000e-01 +1.6972083e+01 -7.4804917e-02 +6.7184250e-02 +2.9089236e+00 +1.0936528e+00 +1.5428264e+00 -7.9719444e-01 -7.6820139e-02 -1.3136042e-02 +3.7959014e+04
7.5346000e-02 +2.0000000e-01 +1.7025083e+01 -7.7005083e-02 +6.1899167e-02 +2.8817014e+00 +1.0906111e+00 +1.5304722e+00 -7.9144444e-01 -7.6447222e-02 -1.3208958e-02 +3.7134109e+04
7.6659000e-02 +2.0000000e-01 +1.7078083e+01 -7.9238333e-02 +5.6591500e-02 +2.8547014e+00 +1.0874375e+00 +1.5181944e+00 -7.8555556e-01 -7.6152778e-02 -1.3282361e-02 +3.6334383e+04
7.7988000e-02 +2.0000000e-01 +1.7130917e+01 -8.1505667e-02 +5.1263417e-02 +2.8278819e+00 +1.0841458e+00 +1.5060139e+00 -7.7950000e-01 -7.5940972e-02 -1.3366806e-02 +3.5555956e+04
7.9332000e-02 +2.0000000e-01 +1.7183750e+01 -8.3808333e-02 +4.5911417e-02 +2.8011875e+00 +1.0807361e+00 +1.4938958e+00 -7.7327778e-01 -7.5809028e-02 -1.3474583e-02 +3.4795797e+04
8.0691000e-02 +2.0000000e-01 +1.7236417e+01 -8.6150000e-02 +4.0528417e-02 +2.7745694e+00 +1.0772083e+00 +1.4817639e+00 -7.6687500e-01 -7.5758333e-02 -1.3611806e-02 +3.4052900e+04
8.2066000e-02 +2.0000000e-01 +1.7289083e+01 -8.8532500e-02 +3.5108250e-02 +2.7480000e+00 +1.0735486e+00 +1.4695833e+00 -7.6029167e-01 -7.5802083e-02 -1.3777292e-02 +3.3325829e+04
8.3457000e-02 +2.0000000e-01 +1.7341583e+01 -9.0960000e-02 +2.9649750e-02 +2.7214653e+00 +1.0697778e+00 +1.4573056e+00 -7.5354861e-01 -7.5968750e-02 -1.3968472e-02 +3.2613673e+04
8.4864000e-02 +2.0000000e-01 +1.7394000e+01 -9.3434167e-02 +2.4156250e-02 +2.6950000e+00 +1.0658889e+00 +1.4449306e+00 -7.4665972e-01 -7.6279861e-02 -1.4187917e-02 +3.1916243e+04
8.6287000e-02 +2.0000000e-01 +1.7446333e+01 -9.5953333e-02 +1.8632917e-02 +2.6686389e+00 +1.0618750e+00 +1.4324375e+00 -7.3963194e-01 -7.6728472e-02 -1.4445139e-02 +3.1232610e+04
8.7726000e-02 +2.0000000e-01 +1.7498417e+01 -9.8514167e-02 +1.3083917e-02 +2.6424306e+00 +1.0577639e+00 +1.4198403e+00 -7.3247917e-01 -7.7276389e-02 -1.4751250e-02 +3.0562647e+04
8.9181000e-02 +2.0000000e-01 +1.7550417e+01 -1.0111417e-01 +7.5121250e-03 +2.6163681e+00 +1.0535417e+00 +1.4071597e+00 -7.2521528e-01 -7.7868056e-02 -1.5114306e-02 +2.9908233e+04
9.0653000e-02 +2.0000000e-01 +1.7602250e+01 -1.0374667e-01 +1.9179667e-03 +2.5903819e+00 +1.0492431e+00 +1.3944375e+00 -7.1783333e-01 -7.8448611e-02 -1.5539167e-02 +2.9270846e+04
9.2141000e-02 +2.0000000e-01 +1.7653917e+01 -1.0640917e-01 -3.7002667e-03 +2.5643611e+00 +1.0448750e+00 +1.3817431e+00 -7.1033333e-01 -7.8984722e-02 -1.6027847e-02 +2.8649386e+04
9.3646000e-02 +2.0000000e-01 +1.7705333e+01 -1.0910000e-01 -9.3447500e-03 +2.5381875e+00 +1.0404583e+00 +1.3691319e+00 -7.0271528e-01 -7.9472222e-02 -1.6579931e-02 +2.8042342e+04
9.5167000e-02 +2.0000000e-01 +1.7756583e+01 -1.1181583e-01 -1.5016583e-02 +2.5117847e+00 +1.0360069e+00 +1.3566389e+00 -6.9495833e-01 -7.9923611e-02 -1.7195139e-02 +2.7449765e+04
9.6706000e-02 +2.0000000e-01 +1.7807583e+01 -1.1455333e-01 -2.0715417e-02 +2.4851319e+00 +1.0315208e+00 +1.3442500e+00 -6.8706319e-01 -8.0354167e-02 -1.7873542e-02 +2.6871813e+04
9.8262000e-02 +2.0000000e-01 +1.7858333e+01 -1.1731167e-01 -2.6439083e-02 +2.4582708e+00 +1.0270000e+00 +1.3319306e+00 -6.7902500e-01 -8.0773611e-02 -1.8610486e-02 +2.6309862e+04
9.9834000e-02 +2.0000000e-01 +1.7908917e+01 -1.2008917e-01 -3.2182083e-02 +2.4312569e+00 +1.0224375e+00 +1.3196181e+00 -6.7084583e-01 -8.1188889e-02 -1.9393403e-02 +2.5765233e+04
1.0142400e-01 +2.0000000e-01 +1.7959250e+01 -1.2288500e-01 -3.7933667e-02 +2.4041597e+00 +1.0178333e+00 +1.3072500e+00 -6.6253333e-01 -8.1611806e-02 -2.0207153e-02 +2.5236470e+04
1.0303200e-01 +2.0000000e-01 +1.8009333e+01 -1.2569833e-01 -4.3677667e-02 +2.3770278e+00 +1.0131736e+00 +1.2948264e+00 -6.5409444e-01 -8.2061111e-02 -2.1038819e-02 +2.4720857e+04
1.0465700e-01 +2.0000000e-01 +1.8059250e+01 -1.2852583e-01 -4.9394250e-02 +2.3498819e+00 +1.0084792e+00 +1.2823750e+00 -6.4552917e-01 -8.2545833e-02 -2.1880069e-02 +2.4216517e+04
1.0629900e-01 +2.0000000e-01 +1.8108833e+01 -1.3136417e-01 -5.5063167e-02 +2.3227431e+00 +1.0037569e+00 +1.2699792e+00 -6.3683472e-01 -8.3077778e-02 -2.2725278e-02 +2.3721346e+04
1.0796000e-01 +2.0000000e-01 +1.8158167e+01 -1.3420750e-01 -6.0665000e-02 +2.2956528e+00 +9.9901389e-01 +1.2577083e+00 -6.2801319e-01 -8.3679861e-02 -2.3571944e-02 +2.3234230e+04
1.0963800e-01 +2.0000000e-01 +1.8207167e+01 -1.3705167e-01 -6.6185167e-02 +2.2686736e+00 +9.9424306e-01 +1.2455833e+00 -6.1907500e-01 -8.4384722e-02 -2.4420486e-02 +2.2756530e+04
1.1133400e-01 +2.0000000e-01 +1.8255833e+01 -1.3988833e-01 -7.1617583e-02 +2.2418750e+00 +9.8944444e-01 +1.2336042e+00 -6.1003681e-01 -8.5227083e-02 -2.5273333e-02 +2.2290369e+04
1.1304800e-01 +2.0000000e-01 +1.8304083e+01 -1.4271250e-01 -7.6965583e-02 +2.2153056e+00 +9.8463194e-01 +1.2217639e+00 -6.0091111e-01 -8.6237500e-02 -2.6135139e-02 +2.1836937e+04
1.1478100e-01 +2.0000000e-01 +1.8352000e+01 -1.4551917e-01 -8.2235250e-02 +2.1890069e+00 +9.7981250e-01 +1.2100486e+00 -5.9169514e-01 -8.7421528e-02 -2.7016042e-02 +2.1395728e+04
1.1653100e-01 +2.0000000e-01 +1.8399583e+01 -1.4830333e-01 -8.7430000e-02 +2.1629931e+00 +9.7500000e-01 +1.1984722e+00 -5.8238056e-01 -8.8750694e-02 -2.7930347e-02 +2.0965534e+04
1.1830100e-01 +2.0000000e-01 +1.8446667e+01 -1.5106333e-01 -9.2550833e-02 +2.1372431e+00 +9.7020833e-01 +1.1870139e+00 -5.7296667e-01 -9.0172222e-02 -2.8889028e-02 +2.0546403e+04
1.2008800e-01 +2.0000000e-01 +1.8493417e+01 -1.5379417e-01 -9.7600000e-02 +2.1117639e+00 +9.6544444e-01 +1.1756597e+00 -5.6346389e-01 -9.1634722e-02 -2.9894653e-02 +2.0139358e+04
1.2189500e-01 +2.0000000e-01 +1.8539750e+01 -1.5649167e-01 -1.0258167e-01 +2.0866042e+00 +9.6070139e-01 +1.1643958e+00 -5.5388403e-01 -9.3118750e-02 -3.0940833e-02 +1.9745109e+04
1.2372000e-01 +2.0000000e-01 +1.8585667e+01 -1.5915167e-01 -1.0750250e-01 +2.0618264e+00 +9.5600000e-01 +1.1532292e+00 -5.4423819e-01 -9.4647222e-02 -3.2010000e-02 +1.9362982e+04
1.2556400e-01 +2.0000000e-01 +1.8631083e+01 -1.6177000e-01 -1.1236667e-01 +2.0374792e+00 +9.5134028e-01 +1.1421806e+00 -5.3454236e-01 -9.6269444e-02 -3.3073958e-02 +1.8990432e+04
1.2742700e-01 +2.0000000e-01 +1.8676167e+01 -1.6434500e-01 -1.1716833e-01 +2.0135556e+00 +9.4673611e-01 +1.1312986e+00 -5.2481319e-01 -9.8036806e-02 -3.4108681e-02 +1.8625669e+04
1.2930900e-01 +2.0000000e-01 +1.8720667e+01 -1.6687583e-01 -1.2190167e-01 +1.9900486e+00 +9.4221528e-01 +1.1205833e+00 -5.1506667e-01 -9.9970833e-02 -3.5108958e-02 +1.8268577e+04
1.3121000e-01 +2.0000000e-01 +1.8764750e+01 -1.6936167e-01 -1.2656333e-01 +1.9669861e+00 +9.3776389e-01 +1.1100069e+00 -5.0530694e-01 -1.0205208e-01 -3.6078403e-02 +1.7919832e+04
1.3313000e-01 +2.0000000e-01 +1.8808417e+01 -1.7180167e-01 -1.3114917e-01 +1.9444167e+00 +9.3338889e-01 +1.0995139e+00 -4.9552917e-01 -1.0422639e-01 -3.7012917e-02 +1.7581263e+04
1.3507000e-01 +2.0000000e-01 +1.8851500e+01 -1.7419500e-01 -1.3565083e-01 +1.9223681e+00 +9.2909028e-01 +1.0890694e+00 -4.8573056e-01 -1.0643333e-01 -3.7902222e-02 +1.7255051e+04
1.3702900e-01 +2.0000000e-01 +1.8894000e+01 -1.7653667e-01 -1.4005333e-01 +1.9008125e+00 +9.2485417e-01 +1.0787292e+00 -4.7590486e-01 -1.0862917e-01 -3.8743611e-02 +1.6942240e+04
1.3900700e-01 +2.0000000e-01 +1.8936083e+01 -1.7882333e-01 -1.4434667e-01 +1.8796944e+00 +9.2070833e-01 +1.0685556e+00 -4.6605069e-01 -1.1082292e-01 -3.9546806e-02 +1.6641775e+04
1.4100500e-01 +2.0000000e-01 +1.8977583e+01 -1.8104417e-01 -1.4852167e-01 +1.8590139e+00 +9.1665972e-01 +1.0585625e+00 -4.5617847e-01 -1.1307083e-01 -4.0327361e-02 +1.6352226e+04
1.4302300e-01 +2.0000000e-01 +1.9018500e+01 -1.8318833e-01 -1.5256833e-01 +1.8388056e+00 +9.1273611e-01 +1.0487014e+00 -4.4631736e-01 -1.1542917e-01 -4.1095764e-02 +1.6070538e+04
1.4506100e-01 +2.0000000e-01 +1.9058750e+01 -1.8524083e-01 -1.5647417e-01 +1.8191389e+00 +9.0894444e-01 +1.0389514e+00 -4.3649722e-01 -1.1792569e-01 -4.1846806e-02 +1.5792772e+04
1.4711800e-01 +2.0000000e-01 +1.9098417e+01 -1.8719000e-01 -1.6022500e-01 +1.7999722e+00 +9.0529167e-01 +1.0292778e+00 -4.2673681e-01 -1.2055625e-01 -4.2560556e-02 +1.5519045e+04
1.4919600e-01 +2.0000000e-01 +1.9137417e+01 -1.8902750e-01 -1.6381083e-01 +1.7812569e+00 +9.0177778e-01 +1.0196875e+00 -4.1703750e-01 -1.2329931e-01 -4.3217500e-02 +1.5252001e+04
1.5129300e-01 +2.0000000e-01 +1.9175750e+01 -1.9075250e-01 -1.6722500e-01 +1.7629514e+00 +8.9838194e-01 +1.0101736e+00 -4.0739653e-01 -1.2613681e-01 -4.3807986e-02 +1.4993639e+04
1.5341000e-01 +2.0000000e-01 +1.9213333e+01 -1.9237000e-01 -1.7047167e-01 +1.7450694e+00 +8.9509028e-01 +1.0007639e+00 -3.9781042e-01 -1.2907986e-01 -4.4329167e-02 +1.4745740e+04
1.5554800e-01 +2.0000000e-01 +1.9250250e+01 -1.9388500e-01 -1.7355417e-01 +1.7276250e+00 +8.9189583e-01 +9.9150000e-01 -3.8828819e-01 -1.3216250e-01 -4.4786111e-02 +1.4509281e+04
1.5770600e-01 +2.0000000e-01 +1.9286333e+01 -1.9530417e-01 -1.7648000e-01 +1.7106528e+00 +8.8881250e-01 +9.8244444e-01 -3.7883889e-01 -1.3541597e-01 -4.5198194e-02 +1.4282673e+04
1.5988400e-01 +2.0000000e-01 +1.9321750e+01 -1.9662833e-01 -1.7925917e-01 +1.6942153e+00 +8.8585417e-01 +9.7365972e-01 -3.6946944e-01 -1.3885000e-01 -4.5595000e-02 +1.4064290e+04
1.6208200e-01 +2.0000000e-01 +1.9356250e+01 -1.9785917e-01 -1.8191333e-01 +1.6784097e+00 +8.8304167e-01 +9.6520833e-01 -3.6017708e-01 -1.4244167e-01 -4.6004306e-02 +1.3852824e+04
1.6430000e-01 +2.0000000e-01 +1.9390000e+01 -1.9899750e-01 -1.8446583e-01 +1.6632986e+00 +8.8039583e-01 +9.5712500e-01 -3.5094861e-01 -1.4614514e-01 -4.6438958e-02 +1.3646841e+04
1.6654000e-01 +2.0000000e-01 +1.9422917e+01 -2.0004583e-01 -1.8693083e-01 +1.6489236e+00 +8.7793750e-01 +9.4945833e-01 -3.4176736e-01 -1.4992153e-01 -4.6886806e-02 +1.3447132e+04
1.6879900e-01 +2.0000000e-01 +1.9455167e+01 -2.0100333e-01 -1.8930417e-01 +1.6352778e+00 +8.7565972e-01 +9.4217361e-01 -3.3261667e-01 -1.5375000e-01 -4.7321181e-02 +1.3256501e+04
1.7107900e-01 +2.0000000e-01 +1.9486500e+01 -2.0187333e-01 -1.9157083e-01 +1.6223750e+00 +8.7358333e-01 +9.3520139e-01 -3.2347500e-01 -1.5763958e-01 -4.7726528e-02 +1.3076816e+04
1.7338000e-01 +2.0000000e-01 +1.9517167e+01 -2.0266000e-01 -1.9371667e-01 +1.6102500e+00 +8.7170139e-01 +9.2845833e-01 -3.1431736e-01 -1.6163681e-01 -4.8105208e-02 +1.2907236e+04
1.7570100e-01 +2.0000000e-01 +1.9547000e+01 -2.0337417e-01 -1.9572833e-01 +1.5989861e+00 +8.7001389e-01 +9.2189583e-01 -3.0512639e-01 -1.6579444e-01 -4.8459514e-02 +1.2744999e+04
1.7804300e-01 +2.0000000e-01 +1.9576000e+01 -2.0402750e-01 -1.9758667e-01 +1.5886250e+00 +8.6854167e-01 +9.1547222e-01 -2.9590486e-01 -1.7012153e-01 -4.8785417e-02 +1.2587588e+04
1.8040600e-01 +2.0000000e-01 +1.9604167e+01 -2.0462500e-01 -1.9927167e-01 +1.5791806e+00 +8.6729861e-01 +9.0918056e-01 -2.8666944e-01 -1.7459028e-01 -4.9080556e-02 +1.2434624e+04
1.8278900e-01 +2.0000000e-01 +1.9631417e+01 -2.0517000e-01 -2.0077417e-01 +1.5706111e+00 +8.6631250e-01 +9.0300694e-01 -2.7744861e-01 -1.7918125e-01 -4.9352500e-02 +1.2286319e+04
1.8519300e-01 +2.0000000e-01 +1.9657750e+01 -2.0565417e-01 -2.0209667e-01 +1.5628056e+00 +8.6559028e-01 +8.9697222e-01 -2.6826736e-01 -1.8390069e-01 -4.9623403e-02 +1.2143697e+04
1.8761700e-01 +2.0000000e-01 +1.9683083e+01 -2.0606917e-01 -2.0325833e-01 +1.5556736e+00 +8.6515278e-01 +8.9112500e-01 -2.5914306e-01 -1.8876319e-01 -4.9915625e-02 +1.2007399e+04
1.9006300e-01 +2.0000000e-01 +1.9707583e+01 -2.0640667e-01 -2.0427500e-01 +1.5491319e+00 +8.6498611e-01 +8.8551389e-01 -2.5008333e-01 -1.9376667e-01 -5.0230764e-02 +1.1878384e+04
1.9252900e-01 +2.0000000e-01 +1.9731083e+01 -2.0666083e-01 -2.0514833e-01 +1.5431528e+00 +8.6506944e-01 +8.8022222e-01 -2.4108750e-01 -1.9888681e-01 -5.0555208e-02 +1.1758157e+04
1.9501600e-01 +2.0000000e-01 +1.9753667e+01 -2.0683167e-01 -2.0587500e-01 +1.5377500e+00 +8.6536111e-01 +8.7529167e-01 -2.3215903e-01 -2.0409514e-01 -5.0878403e-02 +1.1648437e+04
1.9752400e-01 +2.0000000e-01 +1.9775333e+01 -2.0691667e-01 -2.0646250e-01 +1.5329931e+00 +8.6583333e-01 +8.7068056e-01 -2.2330208e-01 -2.0938958e-01 -5.1189306e-02 +1.1549273e+04
2.0005300e-01 +2.0000000e-01 +1.9796000e+01 -2.0691500e-01 -2.0692500e-01 +1.5289167e+00 +8.6647917e-01 +8.6637500e-01 -2.1451181e-01 -2.1480833e-01 -5.1470833e-02 +1.1458626e+04
2.0260200e-01 +2.0000000e-01 +1.9815750e+01 -2.0683000e-01 -2.0726667e-01 +1.5254792e+00 +8.6727778e-01 +8.6231944e-01 -2.0577431e-01 -2.2039097e-01 -5.1711944e-02 +1.1374090e+04
2.0517200e-01 +2.0000000e-01 +1.9834500e+01 -2.0666917e-01 -2.0747250e-01 +1.5226111e+00 +8.6824306e-01 +8.5850000e-01 -1.9707986e-01 -2.2615069e-01 -5.1910625e-02 +1.1295808e+04
2.0776300e-01 +2.0000000e-01 +1.9852250e+01 -2.0644000e-01 -2.0751500e-01 +1.5202917e+00 +8.6936111e-01 +8.5492361e-01 -1.8842778e-01 -2.3209653e-01 -5.2070347e-02 +1.1224420e+04
2.1037500e-01 +2.0000000e-01 +1.9869167e+01 -2.0614667e-01 -2.0737333e-01 +1.5185208e+00 +8.7065278e-01 +8.5162500e-01 -1.7980556e-01 -2.3822361e-01 -5.2191736e-02 +1.1159454e+04
2.1300800e-01 +2.0000000e-01 +1.9885083e+01 -2.0578417e-01 -2.0703583e-01 +1.5172986e+00 +8.7212500e-01 +8.4863194e-01 -1.7118750e-01 -2.4449653e-01 -5.2260278e-02 +1.1100383e+04
2.1566100e-01 +2.0000000e-01 +1.9900083e+01 -2.0534417e-01 -2.0650833e-01 +1.5166667e+00 +8.7379167e-01 +8.4590972e-01 -1.6256667e-01 -2.5087847e-01 -5.2253819e-02 +1.1046887e+04
2.1833500e-01 +2.0000000e-01 +1.9914083e+01 -2.0481917e-01 -2.0580167e-01 +1.5167361e+00 +8.7565278e-01 +8.4338194e-01 -1.5395972e-01 -2.5735000e-01 -5.2149583e-02 +1.0999249e+04
2.2102900e-01 +2.0000000e-01 +1.9927083e+01 -2.0419750e-01 -2.0490667e-01 +1.5176319e+00 +8.7772917e-01 +8.4098611e-01 -1.4538542e-01 -2.6390347e-01 -5.1927361e-02 +1.0958136e+04
2.2374400e-01 +2.0000000e-01 +1.9939083e+01 -2.0347583e-01 -2.0379583e-01 +1.5194028e+00 +8.8004167e-01 +8.3872222e-01 -1.3684583e-01 -2.7053542e-01 -5.1583264e-02 +1.0922384e+04
2.2648000e-01 +2.0000000e-01 +1.9950167e+01 -2.0265167e-01 -2.0243750e-01 +1.5220556e+00 +8.8261806e-01 +8.3663889e-01 -1.2832986e-01 -2.7723472e-01 -5.1136111e-02 +1.0890342e+04
2.2923600e-01 +2.0000000e-01 +1.9960250e+01 -2.0172417e-01 -2.0081833e-01 +1.5255833e+00 +8.8546528e-01 +8.3482639e-01 -1.1982500e-01 -2.8397222e-01 -5.0612222e-02 +1.0862448e+04
2.3201300e-01 +2.0000000e-01 +1.9969500e+01 -2.0068750e-01 -1.9893917e-01 +1.5299375e+00 +8.8859028e-01 +8.3332639e-01 -1.1132778e-01 -2.9072292e-01 -5.0032153e-02 +1.0839644e+04
2.3481000e-01 +2.0000000e-01 +1.9977833e+01 -1.9954000e-01 -1.9680583e-01 +1.5350972e+00 +8.9198611e-01 +8.3216667e-01 -1.0285903e-01 -2.9749306e-01 -4.9409375e-02 +1.0821594e+04
2.3762700e-01 +2.0000000e-01 +1.9985167e+01 -1.9828083e-01 -1.9442417e-01 +1.5410347e+00 +8.9564583e-01 +8.3133333e-01 -9.4450694e-02 -3.0432500e-01 -4.8749028e-02 +1.0806982e+04
2.4046400e-01 +2.0000000e-01 +1.9991583e+01 -1.9690833e-01 -1.9180083e-01 +1.5477222e+00 +8.9956944e-01 +8.3083333e-01 -8.6129167e-02 -3.1125069e-01 -4.8059514e-02 +1.0797016e+04
2.4332200e-01 +2.0000000e-01 +1.9997000e+01 -1.9541917e-01 -1.8895333e-01 +1.5552569e+00 +9.0373611e-01 +8.3062500e-01 -7.7904167e-02 -3.1826806e-01 -4.7367917e-02 +1.0793663e+04
2.4620000e-01 +2.0000000e-01 +2.0001333e+01 -1.9381083e-01 -1.8590583e-01 +1.5638611e+00 +9.0811806e-01 +8.3062500e-01 -6.9773611e-02 -3.2535278e-01 -4.6694097e-02 +1.0795587e+04
2.4909800e-01 +2.0000000e-01 +2.0004750e+01 -1.9208333e-01 -1.8267250e-01 +1.5737083e+00 +9.1268056e-01 +8.3074306e-01 -6.1735903e-02 -3.3245486e-01 -4.6035556e-02 +1.0800170e+04
2.5201500e-01 +2.0000000e-01 +2.0007250e+01 -1.9024167e-01 -1.7925500e-01 +1.5846667e+00 +9.1738889e-01 +8.3097222e-01 -5.3774931e-02 -3.3951528e-01 -4.5390417e-02 +1.0807189e+04
2.5495300e-01 +2.0000000e-01 +2.0008833e+01 -1.8829583e-01 -1.7565000e-01 +1.5965417e+00 +9.2223611e-01 +8.3135417e-01 -4.5866319e-02 -3.4654167e-01 -4.4763611e-02 +1.0818437e+04
2.5791000e-01 +2.0000000e-01 +2.0009667e+01 -1.8625167e-01 -1.7186250e-01 +1.6092083e+00 +9.2720139e-01 +8.3196528e-01 -3.7998889e-02 -3.5360000e-01 -4.4147708e-02 +1.0835361e+04
2.6088700e-01 +2.0000000e-01 +2.0009667e+01 -1.8411750e-01 -1.6790333e-01 +1.6226250e+00 +9.3226389e-01 +8.3279861e-01 -3.0185069e-02 -3.6076597e-01 -4.3518542e-02 +1.0859813e+04
2.6388300e-01 +2.0000000e-01 +2.0008833e+01 -1.8190750e-01 -1.6378333e-01 +1.6367847e+00 +9.3741667e-01 +8.3376389e-01 -2.2452361e-02 -3.6810833e-01 -4.2843333e-02 +1.0891484e+04
2.6689900e-01 +2.0000000e-01 +2.0007083e+01 -1.7965083e-01 -1.5950500e-01 +1.6516319e+00 +9.4266667e-01 +8.3484722e-01 -1.4827014e-02 -3.7567986e-01 -4.2102083e-02 +1.0928505e+04
2.6993400e-01 +2.0000000e-01 +2.0004417e+01 -1.7737917e-01 -1.5506833e-01 +1.6670694e+00 +9.4802778e-01 +8.3613194e-01 -7.3079861e-03 -3.8348194e-01 -4.1302569e-02 +1.0967942e+04
2.7298800e-01 +2.0000000e-01 +2.0000833e+01 -1.7511667e-01 -1.5045917e-01 +1.6830417e+00 +9.5354861e-01 +8.3770833e-01 +1.2550486e-04 -3.9147986e-01 -4.0467986e-02 +1.1008557e+04
2.7606100e-01 +2.0000000e-01 +1.9996333e+01 -1.7287583e-01 -1.4564667e-01 +1.6994444e+00 +9.5924306e-01 +8.3959028e-01 +7.4843750e-03 -3.9963194e-01 -3.9631875e-02 +1.1052220e+04
2.7915300e-01 +2.0000000e-01 +1.9991083e+01 -1.7065500e-01 -1.4060667e-01 +1.7162222e+00 +9.6513889e-01 +8.4179861e-01 +1.4762569e-02 -4.0789722e-01 -3.8827778e-02 +1.1099427e+04
2.8226400e-01 +2.0000000e-01 +1.9984917e+01 -1.6844083e-01 -1.3536000e-01 +1.7334306e+00 +9.7125000e-01 +8.4430556e-01 +2.1926319e-02 -4.1627222e-01 -3.8066736e-02 +1.1148632e+04
2.8539300e-01 +2.0000000e-01 +1.9978000e+01 -1.6622000e-01 -1.2993917e-01 +1.7511111e+00 +9.7756944e-01 +8.4700694e-01 +2.8933750e-02 -4.2478472e-01 -3.7319514e-02 +1.1201707e+04
2.8854100e-01 +2.0000000e-01 +1.9970250e+01 -1.6398583e-01 -1.2435250e-01 +1.7692847e+00 +9.8405556e-01 +8.4987500e-01 +3.5754375e-02 -4.3341806e-01 -3.6527153e-02 +1.1261246e+04
2.9170600e-01 +2.0000000e-01 +1.9961667e+01 -1.6173667e-01 -1.1857917e-01 +1.7878819e+00 +9.9068750e-01 +8.5297917e-01 +4.2353403e-02 -4.4211458e-01 -3.5640000e-02 +1.1325684e+04
2.9489000e-01 +2.0000000e-01 +1.9952250e+01 -1.5947750e-01 -1.1259250e-01 +1.8068333e+00 +9.9742361e-01 +8.5631944e-01 +4.8694167e-02 -4.5082569e-01 -3.4645556e-02 +1.1390443e+04
2.9809200e-01 +2.0000000e-01 +1.9942083e+01 -1.5720583e-01 -1.0636500e-01 +1.8260417e+00 +1.0042500e+00 +8.5975000e-01 +5.4787778e-02 -4.5949444e-01 -3.3570694e-02 +1.1455033e+04
3.0131100e-01 +2.0000000e-01 +1.9931083e+01 -1.5491500e-01 -9.9895833e-02 +1.8454514e+00 +1.0111528e+00 +8.6315972e-01 +6.0699028e-02 -4.6808681e-01 -3.2470278e-02 +1.1521741e+04
3.0454800e-01 +2.0000000e-01 +1.9919250e+01 -1.5260250e-01 -9.3230000e-02 +1.8650278e+00 +1.0181319e+00 +8.6649306e-01 +6.6494097e-02 -4.7662847e-01 -3.1402431e-02 +1.1590208e+04
3.0780200e-01 +2.0000000e-01 +1.9906750e+01 -1.5027333e-01 -8.6443333e-02 +1.8847708e+00 +1.0251806e+00 +8.6978472e-01 +7.2215278e-02 -4.8520764e-01 -3.0379514e-02 +1.1660023e+04
3.1107400e-01 +2.0000000e-01 +1.9893667e+01 -1.4792750e-01 -7.9586833e-02 +1.9047639e+00 +1.0322778e+00 +8.7311806e-01 +7.7880556e-02 -4.9387986e-01 -2.9357083e-02 +1.1731862e+04
3.1436200e-01 +2.0000000e-01 +1.9880000e+01 -1.4554833e-01 -7.2649583e-02 +1.9251181e+00 +1.0394306e+00 +8.7664583e-01 +8.3470139e-02 -5.0261667e-01 -2.8268750e-02 +1.1807711e+04
3.1766700e-01 +2.0000000e-01 +1.9865750e+01 -1.4311250e-01 -6.5601250e-02 +1.9458819e+00 +1.0466319e+00 +8.8040278e-01 +8.8925000e-02 -5.1140833e-01 -2.7086597e-02 +1.1890855e+04
3.2098800e-01 +2.0000000e-01 +1.9851083e+01 -1.4061750e-01 -5.8454583e-02 +1.9669792e+00 +1.0538958e+00 +8.8438889e-01 +9.4164583e-02 -5.2023056e-01 -2.5848333e-02 +1.1978400e+04
3.2432600e-01 +2.0000000e-01 +1.9835917e+01 -1.3809500e-01 -5.1255167e-02 +1.9881458e+00 +1.0612222e+00 +8.8858333e-01 +9.9129861e-02 -5.2901667e-01 -2.4605694e-02 +1.2065840e+04
3.2768000e-01 +2.0000000e-01 +1.9820333e+01 -1.3559250e-01 -4.4017667e-02 +2.0090278e+00 +1.0686181e+00 +8.9288889e-01 +1.0381458e-01 -5.3762847e-01 -2.3370764e-02 +1.2154900e+04
3.3104900e-01 +2.0000000e-01 +1.9804333e+01 -1.3314583e-01 -3.6719667e-02 +2.0294375e+00 +1.0760903e+00 +8.9717361e-01 +1.0824236e-01 -5.4592986e-01 -2.2128889e-02 +1.2243836e+04
3.3443500e-01 +2.0000000e-01 +1.9787917e+01 -1.3076417e-01 -2.9350667e-02 +2.0493750e+00 +1.0836389e+00 +9.0134722e-01 +1.1246250e-01 -5.5392014e-01 -2.0863681e-02 +1.2330337e+04
3.3783500e-01 +2.0000000e-01 +1.9771167e+01 -1.2843083e-01 -2.1912833e-02 +2.0687431e+00 +1.0912500e+00 +9.0540972e-01 +1.1649028e-01 -5.6167778e-01 -1.9541875e-02 +1.2417058e+04
3.4125100e-01 +2.0000000e-01 +1.9754083e+01 -1.2611167e-01 -1.4398083e-02 +2.0873681e+00 +1.0989514e+00 +9.0939583e-01 +1.2028819e-01 -5.6924375e-01 -1.8140139e-02 +1.2505026e+04
3.4468100e-01 +2.0000000e-01 +1.9736667e+01 -1.2376917e-01 -6.8109500e-03 +2.1051528e+00 +1.1067639e+00 +9.1333333e-01 +1.2380625e-01 -5.7659792e-01 -1.6686875e-02 +1.2591513e+04
3.4812600e-01 +2.0000000e-01 +1.9719083e+01 -1.2137333e-01 +8.0699667e-04 +2.1220278e+00 +1.1146944e+00 +9.1716667e-01 +1.2700000e-01 -5.8367292e-01 -1.5228333e-02 +1.2676445e+04
3.5158500e-01 +2.0000000e-01 +1.9701250e+01 -1.1891250e-01 +8.3787500e-03 +2.1379583e+00 +1.1227083e+00 +9.2080556e-01 +1.2979653e-01 -5.9031806e-01 -1.3757917e-02 +1.2762938e+04
3.5505900e-01 +2.0000000e-01 +1.9683167e+01 -1.1638917e-01 +1.5831000e-02 +2.1529097e+00 +1.1307639e+00 +9.2420139e-01 +1.3211181e-01 -5.9641875e-01 -1.2242014e-02 +1.2852058e+04
3.5854600e-01 +2.0000000e-01 +1.9664833e+01 -1.1381250e-01 +2.3129750e-02 +2.1669375e+00 +1.1388056e+00 +9.2732639e-01 +1.3390972e-01 -6.0193056e-01 -1.0674514e-02 +1.2946155e+04
3.6204600e-01 +2.0000000e-01 +1.9646333e+01 -1.1118583e-01 +3.0271583e-02 +2.1800764e+00 +1.1467986e+00 +9.3019444e-01 +1.3518681e-01 -6.0688681e-01 -9.0818750e-03 +1.3046134e+04
3.6556000e-01 +2.0000000e-01 +1.9627750e+01 -1.0850917e-01 +3.7271833e-02 +2.1924375e+00 +1.1547431e+00 +9.3290278e-01 +1.3598750e-01 -6.1142917e-01 -7.4870833e-03 +1.3148175e+04
3.6908700e-01 +2.0000000e-01 +1.9609083e+01 -1.0577833e-01 +4.4162500e-02 +2.2043125e+00 +1.1626319e+00 +9.3547917e-01 +1.3640972e-01 -6.1573681e-01 -5.8741597e-03 +1.3247138e+04
3.7262600e-01 +2.0000000e-01 +1.9590417e+01 -1.0299750e-01 +5.0981500e-02 +2.2157639e+00 +1.1704722e+00 +9.3800694e-01 +1.3653750e-01 -6.1991250e-01 -4.2461528e-03 +1.3342665e+04
3.7617800e-01 +2.0000000e-01 +1.9571750e+01 -1.0018333e-01 +5.7752500e-02 +2.2264792e+00 +1.1782708e+00 +9.4068056e-01 +1.3640278e-01 -6.2389375e-01 -2.6312361e-03 +1.3436764e+04
3.7974200e-01 +2.0000000e-01 +1.9553333e+01 -9.7355000e-02 +6.4496667e-02 +2.2363403e+00 +1.1860000e+00 +9.4363889e-01 +1.3600417e-01 -6.2758611e-01 -1.0194375e-03 +1.3529430e+04
3.8331700e-01 +2.0000000e-01 +1.9535000e+01 -9.4526667e-02 +7.1217167e-02 +2.2457014e+00 +1.1936250e+00 +9.4686806e-01 +1.3537431e-01 -6.3100069e-01 +5.7307986e-04 +1.3620525e+04
3.8690400e-01 +2.0000000e-01 +1.9516750e+01 -9.1715833e-02 +7.7891500e-02 +2.2550486e+00 +1.2010764e+00 +9.5011806e-01 +1.3457153e-01 -6.3420208e-01 +2.0598403e-03 +1.3712760e+04
3.9050200e-01 +2.0000000e-01 +1.9498417e+01 -8.8945000e-02 +8.4501667e-02 +2.2644722e+00 +1.2083125e+00 +9.5322222e-01 +1.3367222e-01 -6.3725903e-01 +3.3771944e-03 +1.3801905e+04
3.9411100e-01 +2.0000000e-01 +1.9480167e+01 -8.6226667e-02 +9.1020000e-02 +2.2737431e+00 +1.2153264e+00 +9.5614583e-01 +1.3274931e-01 -6.4020556e-01 +4.5046111e-03 +1.3887327e+04
3.9773000e-01 +2.0000000e-01 +1.9462083e+01 -8.3530000e-02 +9.7445000e-02 +2.2826181e+00 +1.2221389e+00 +9.5894444e-01 +1.3179028e-01 -6.4303889e-01 +5.4453333e-03 +1.3971800e+04
4.0135900e-01 +2.0000000e-01 +1.9444000e+01 -8.0805333e-02 +1.0379750e-01 +2.2910972e+00 +1.2288194e+00 +9.6168750e-01 +1.3071806e-01 -6.4580000e-01 +6.2260556e-03 +1.4054422e+04
4.0499800e-01 +2.0000000e-01 +1.9426000e+01 -7.8019500e-02 +1.1009500e-01 +2.2993819e+00 +1.2354514e+00 +9.6445139e-01 +1.2949236e-01 -6.4855833e-01 +6.8804097e-03 +1.4131936e+04
4.0864600e-01 +2.0000000e-01 +1.9408000e+01 -7.5161500e-02 +1.1636083e-01 +2.3074861e+00 +1.2420347e+00 +9.6736806e-01 +1.2809861e-01 -6.5130139e-01 +7.4306944e-03 +1.4200316e+04
4.1230400e-01 +2.0000000e-01 +1.9390083e+01 -7.2226417e-02 +1.2260667e-01 +2.3151806e+00 +1.2485069e+00 +9.7031250e-01 +1.2653681e-01 -6.5397847e-01 +7.8609028e-03 +1.4263451e+04
4.1597000e-01 +2.0000000e-01 +1.9372583e+01 -6.9204667e-02 +1.2882750e-01 +2.3223542e+00 +1.2548056e+00 +9.7320139e-01 +1.2478681e-01 -6.5666597e-01 +8.1137500e-03 +1.4327523e+04
4.1964500e-01 +2.0000000e-01 +1.9355333e+01 -6.6097917e-02 +1.3500250e-01 +2.3289306e+00 +1.2609028e+00 +9.7609722e-01 +1.2276806e-01 -6.5940556e-01 +8.1543056e-03 +1.4394895e+04
4.2332800e-01 +2.0000000e-01 +1.9338583e+01 -6.2932417e-02 +1.4107500e-01 +2.3348681e+00 +1.2667639e+00 +9.7889583e-01 +1.2037014e-01 -6.6201736e-01 +8.0763889e-03 +1.4466680e+04
4.2701900e-01 +2.0000000e-01 +1.9322083e+01 -5.9737833e-02 +1.4698167e-01 +2.3402986e+00 +1.2723264e+00 +9.8147222e-01 +1.1753611e-01 -6.6431806e-01 +8.0252778e-03 +1.4542947e+04
4.3071600e-01 +2.0000000e-01 +1.9306083e+01 -5.6534417e-02 +1.5270417e-01 +2.3453889e+00 +1.2776042e+00 +9.8398611e-01 +1.1424792e-01 -6.6647153e-01 +8.0750000e-03 +1.4620157e+04
4.3442100e-01 +2.0000000e-01 +1.9290417e+01 -5.3348917e-02 +1.5820417e-01 +2.3503264e+00 +1.2826458e+00 +9.8675000e-01 +1.1051667e-01 -6.6883194e-01 +8.2101389e-03 +1.4687063e+04
4.3813300e-01 +2.0000000e-01 +1.9275250e+01 -5.0201083e-02 +1.6342167e-01 +2.3550833e+00 +1.2874792e+00 +9.8965278e-01 +1.0636250e-01 -6.7152847e-01 +8.3361111e-03 +1.4747416e+04
4.4185100e-01 +2.0000000e-01 +1.9260750e+01 -4.7079917e-02 +1.6832750e-01 +2.3595139e+00 +1.2920833e+00 +9.9238889e-01 +1.0178819e-01 -6.7447778e-01 +8.3574306e-03 +1.4811427e+04
4.4557400e-01 +2.0000000e-01 +1.9246917e+01 -4.3973083e-02 +1.7294333e-01 +2.3635833e+00 +1.2964583e+00 +9.9488889e-01 +9.6833333e-02 -6.7751042e-01 +8.2259028e-03 +1.4870557e+04
4.4930400e-01 +2.0000000e-01 +1.9234000e+01 -4.0870833e-02 +1.7733000e-01 +2.3672361e+00 +1.3006042e+00 +9.9704167e-01 +9.1524306e-02 -6.8050347e-01 +7.9071528e-03 +1.4921543e+04
4.5303800e-01 +2.0000000e-01 +1.9221833e+01 -3.7772000e-02 +1.8149917e-01 +2.3703125e+00 +1.3045417e+00 +9.9897222e-01 +8.5847222e-02 -6.8336597e-01 +7.3975694e-03 +1.4966403e+04
4.5677700e-01 +2.0000000e-01 +1.9210417e+01 -3.4670583e-02 +1.8544417e-01 +2.3728125e+00 +1.3082639e+00 +1.0009236e+00 +7.9821528e-02 -6.8612778e-01 +6.7591944e-03 +1.5004999e+04
4.6052100e-01 +2.0000000e-01 +1.9199667e+01 -3.1561250e-02 +1.8916667e-01 +2.3750764e+00 +1.3117222e+00 +1.0029653e+00 +7.3504861e-02 -6.8888750e-01 +6.0724931e-03 +1.5038235e+04
4.6426900e-01 +2.0000000e-01 +1.9189667e+01 -2.8451083e-02 +1.9259833e-01 +2.3772361e+00 +1.3148542e+00 +1.0050486e+00 +6.6961042e-02 -6.9153194e-01 +5.4022917e-03 +1.5073962e+04
4.6802000e-01 +2.0000000e-01 +1.9180500e+01 -2.5346083e-02 +1.9565250e-01 +2.3792847e+00 +1.3176458e+00 +1.0070278e+00 +6.0249861e-02 -6.9397361e-01 +4.8117778e-03 +1.5117943e+04
4.7177500e-01 +2.0000000e-01 +1.9172167e+01 -2.2250500e-02 +1.9831583e-01 +2.3812778e+00 +1.3201458e+00 +1.0089236e+00 +5.3433194e-02 -6.9622222e-01 +4.3278194e-03 +1.5159210e+04
4.7553200e-01 +2.0000000e-01 +1.9164583e+01 -1.9147667e-02 +2.0064333e-01 +2.3831042e+00 +1.3224167e+00 +1.0108681e+00 +4.6564931e-02 -6.9829861e-01 +3.9290347e-03 +1.5190957e+04
4.7929200e-01 +2.0000000e-01 +1.9158000e+01 -1.6028750e-02 +2.0269833e-01 +2.3845139e+00 +1.3244375e+00 +1.0129792e+00 +3.9643681e-02 -7.0020833e-01 +3.5600972e-03 +1.5213951e+04
4.8305400e-01 +2.0000000e-01 +1.9152250e+01 -1.2894250e-02 +2.0444833e-01 +2.3851250e+00 +1.3261944e+00 +1.0150208e+00 +3.2643333e-02 -7.0194444e-01 +3.0665556e-03 +1.5236594e+04
4.8681800e-01 +2.0000000e-01 +1.9147667e+01 -9.7467500e-03 +2.0583500e-01 +2.3849514e+00 +1.3276528e+00 +1.0166875e+00 +2.5571042e-02 -7.0338889e-01 +2.3672917e-03 +1.5261874e+04
4.9058400e-01 +2.0000000e-01 +1.9144167e+01 -6.5629167e-03 +2.0688750e-01 +2.3844236e+00 +1.3288056e+00 +1.0180208e+00 +1.8387500e-02 -7.0458333e-01 +1.5969792e-03 +1.5286805e+04
4.9435000e-01 +2.0000000e-01 +1.9141833e+01 -3.3109083e-03 +2.0762333e-01 +2.3839583e+00 +1.3296042e+00 +1.0190972e+00 +1.1058056e-02 -7.0550000e-01 +8.8946528e-04 +1.5307569e+04
4.9811700e-01 +2.0000000e-01 +1.9140667e+01 +0.0000000e+00 +2.0800833e-01 +2.3837153e+00 +1.3300139e+00 +1.0197222e+00 +3.6784444e-03 -7.0597917e-01 +2.7926111e-04 +1.5320486e+04
5.0188300e-01 +2.0000000e-01 +1.9140667e+01 +3.3109083e-03 +2.0800833e-01 +2.3837153e+00 +1.3300139e+00 +1.0197222e+00 -3.6784444e-03 -7.0597917e-01 -2.7926111e-04 +1.5320486e+04
5.0565000e-01 +2.0000000e-01 +1.9141833e+01 +6.5629167e-03 +2.0762333e-01 +2.3839583e+00 +1.3296042e+00 +1.0190972e+00 -1.1058056e-02 -7.0550000e-01 -8.8946528e-04 +1.5307569e+04
5.0941600e-01 +2.0000000e-01 +1.9144167e+01 +9.7467500e-03 +2.0688750e-01 +2.3844236e+00 +1.3288056e+00 +1.0180208e+00 -1.8387500e-02 -7.0458333e-01 -1.5969792e-03 +1.5286805e+04
5.1318200e-01 +2.0000000e-01 +1.9147667e+01 +1.2894250e-02 +2.0583500e-01 +2.3849514e+00 +1.3276528e+00 +1.0166875e+00 -2.5571042e-02 -7.0338889e-01 -2.3672917e-03 +1.5261874e+04
5.1694600e-01 +2.0000000e-01 +1.9152250e+01 +1.6028750e-02 +2.0444833e-01 +2.3851250e+00 +1.3261944e+00 +1.0150208e+00 -3.2643333e-02 -7.0194444e-01 -3.0665556e-03 +1.5236594e+04
5.2070800e-01 +2.0000000e-01 +1.9158000e+01 +1.9147667e-02 +2.0269833e-01 +2.3845139e+00 +1.3244375e+00 +1.0129792e+00 -3.9643681e-02 -7.0020833e-01 -3.5600972e-03 +1.5213951e+04
5.2446800e-01 +2.0000000e-01 +1.9164583e+01 +2.2250500e-02 +2.0064333e-01 +2.3831042e+00 +1.3224167e+00 +1.0108681e+00 -4.6564931e-02 -6.9829861e-01 -3.9290347e-03 +1.5190957e+04
5.2822500e-01 +2.0000000e-01 +1.9172167e+01 +2.5346083e-02 +1.9831583e-01 +2.3812778e+00 +1.3201458e+00 +1.0089236e+00 -5.3433194e-02 -6.9622222e-01 -4.3278194e-03 +1.5159210e+04
5.3198000e-01 +2.0000000e-01 +1.9180500e+01 +2.8451083e-02 +1.9565250e-01 +2.3792847e+00 +1.3176458e+00 +1.0070278e+00 -6.0249861e-02 -6.9397361e-01 -4.8117778e-03 +1.5117943e+04
5.3573100e-01 +2.0000000e-01 +1.9189667e+01 +3.1561250e-02 +1.9259833e-01 +2.3772361e+00 +1.3148542e+00 +1.0050486e+00 -6.6961042e-02 -6.9153194e-01 -5.4022917e-03 +1.5073962e+04
5.3947900e-01 +2.0000000e-01 +1.9199667e+01 +3.4670583e-02 +1.8916667e-01 +2.3750764e+00 +1.3117222e+00 +1.0029653e+00 -7.3504861e-02 -6.8888750e-01 -6.0724931e-03 +1.5038235e+04
5.4322300e-01 +2.0000000e-01 +1.9210417e+01 +3.7772000e-02 +1.8544417e-01 +2.3728125e+00 +1.3082639e+00 +1.0009236e+00 -7.9821528e-02 -6.8612778e-01 -6.7591944e-03 +1.5004999e+04
5.4696200e-01 +2.0000000e-01 +1.9221833e+01 +4.0870833e-02 +1.8149917e-01 +2.3703125e+00 +1.3045417e+00 +9.9897222e-01 -8.5847222e-02 -6.8336597e-01 -7.3975694e-03 +1.4966403e+04
5.5069600e-01 +2.0000000e-01 +1.9234000e+01 +4.3973083e-02 +1.7733000e-01 +2.3672361e+00 +1.3006042e+00 +9.9704167e-01 -9.1524306e-02 -6.8050347e-01 -7.9071528e-03 +1.4921543e+04
5.5442600e-01 +2.0000000e-01 +1.9246917e+01 +4.7079917e-02 +1.7294333e-01 +2.3635833e+00 +1.2964583e+00 +9.9488889e-01 -9.6833333e-02 -6.7751042e-01 -8.2259028e-03 +1.4870557e+04
5.5814900e-01 +2.0000000e-01 +1.9260750e+01 +5.0201083e-02 +1.6832750e-01 +2.3595139e+00 +1.2920833e+00 +9.9238889e-01 -1.0178819e-01 -6.7447778e-01 -8.3574306e-03 +1.4811427e+04
5.6186700e-01 +2.0000000e-01 +1.9275250e+01 +5.3348917e-02 +1.6342167e-01 +2.3550833e+00 +1.2874792e+00 +9.8965278e-01 -1.0636250e-01 -6.7152847e-01 -8.3361111e-03 +1.4747416e+04
5.6557900e-01 +2.0000000e-01 +1.9290417e+01 +5.6534417e-02 +1.5820417e-01 +2.3503264e+00 +1.2826458e+00 +9.8675000e-01 -1.1051667e-01 -6.6883194e-01 -8.2101389e-03 +1.4687063e+04
5.6928400e-01 +2.0000000e-01 +1.9306083e+01 +5.9737833e-02 +1.5270417e-01 +2.3453889e+00 +1.2776042e+00 +9.8398611e-01 -1.1424792e-01 -6.6647153e-01 -8.0750000e-03 +1.4620157e+04
5.7298100e-01 +2.0000000e-01 +1.9322083e+01 +6.2932417e-02 +1.4698167e-01 +2.3402986e+00 +1.2723264e+00 +9.8147222e-01 -1.1753611e-01 -6.6431806e-01 -8.0252778e-03 +1.4542947e+04
5.7667200e-01 +2.0000000e-01 +1.9338583e+01 +6.6097917e-02 +1.4107500e-01 +2.3348681e+00 +1.2667639e+00 +9.7889583e-01 -1.2037014e-01 -6.6201736e-01 -8.0763889e-03 +1.4466680e+04
5.8035500e-01 +2.0000000e-01 +1.9355333e+01 +6.9204667e-02 +1.3500250e-01 +2.3289306e+00 +1.2609028e+00 +9.7609722e-01 -1.2276806e-01 -6.5940556e-01 -8.1543056e-03 +1.4394895e+04
5.8403000e-01 +2.0000000e-01 +1.9372583e+01 +7.2226417e-02 +1.2882750e-01 +2.3223542e+00 +1.2548056e+00 +9.7320139e-01 -1.2478681e-01 -6.5666597e-01 -8.1137500e-03 +1.4327523e+04
5.8769600e-01 +2.0000000e-01 +1.9390083e+01 +7.5161500e-02 +1.2260667e-01 +2.3151806e+00 +1.2485069e+00 +9.7031250e-01 -1.2653681e-01 -6.5397847e-01 -7.8609028e-03 +1.4263451e+04
5.9135400e-01 +2.0000000e-01 +1.9408000e+01 +7.8019500e-02 +1.1636083e-01 +2.3074861e+00 +1.2420347e+00 +9.6736806e-01 -1.2809861e-01 -6.5130139e-01 -7.4306944e-03 +1.4200316e+04
5.9500200e-01 +2.0000000e-01 +1.9426000e+01 +8.0805333e-02 +1.1009500e-01 +2.2993819e+00 +1.2354514e+00 +9.6445139e-01 -1.2949236e-01 -6.4855833e-01 -6.8804097e-03 +1.4131936e+04
5.9864100e-01 +2.0000000e-01 +1.9444000e+01 +8.3530000e-02 +1.0379750e-01 +2.2910972e+00 +1.2288194e+00 +9.6168750e-01 -1.3071806e-01 -6.4580000e-01 -6.2260556e-03 +1.4054422e+04
6.0227000e-01 +2.0000000e-01 +1.9462083e+01 +8.6226667e-02 +9.7445000e-02 +2.2826181e+00 +1.2221389e+00 +9.5894444e-01 -1.3179028e-01 -6.4303889e-01 -5.4453333e-03 +1.3971800e+04
6.0588900e-01 +2.0000000e-01 +1.9480167e+01 +8.8945000e-02 +9.1020000e-02 +2.2737431e+00 +1.2153264e+00 +9.5614583e-01 -1.3274931e-01 -6.4020556e-01 -4.5046111e-03 +1.3887327e+04
6.0949800e-01 +2.0000000e-01 +1.9498417e+01 +9.1715833e-02 +8.4501667e-02 +2.2644722e+00 +1.2083125e+00 +9.5322222e-01 -1.3367222e-01 -6.3725903e-01 -3.3771944e-03 +1.3801905e+04
6.1309600e-01 +2.0000000e-01 +1.9516750e+01 +9.4526667e-02 +7.7891500e-02 +2.2550486e+00 +1.2010764e+00 +9.5011806e-01 -1.3457153e-01 -6.3420208e-01 -2.0598403e-03 +1.3712760e+04
6.1668300e-01 +2.0000000e-01 +1.9535000e+01 +9.7355000e-02 +7.1217167e-02 +2.2457014e+00 +1.1936250e+00 +9.4686806e-01 -1.3537431e-01 -6.3100069e-01 -5.7307986e-04 +1.3620525e+04
6.2025800e-01 +2.0000000e-01 +1.9553333e+01 +1.0018333e-01 +6.4496667e-02 +2.2363403e+00 +1.1860000e+00 +9.4363889e-01 -1.3600417e-01 -6.2758611e-01 +1.0194375e-03 +1.3529430e+04
6.2382200e-01 +2.0000000e-01 +1.9571750e+01 +1.0299750e-01 +5.7752500e-02 +2.2264792e+00 +1.1782708e+00 +9.4068056e-01 -1.3640278e-01 -6.2389375e-01 +2.6312361e-03 +1.3436764e+04
6.2737400e-01 +2.0000000e-01 +1.9590417e+01 +1.0577833e-01 +5.0981500e-02 +2.2157639e+00 +1.1704722e+00 +9.3800694e-01 -1.3653750e-01 -6.1991250e-01 +4.2461528e-03 +1.3342665e+04
6.3091300e-01 +2.0000000e-01 +1.9609083e+01 +1.0850917e-01 +4.4162500e-02 +2.2043125e+00 +1.1626319e+00 +9.3547917e-01 -1.3640972e-01 -6.1573681e-01 +5.8741597e-03 +1.3247138e+04
6.3444000e-01 +2.0000000e-01 +1.9627750e+01 +1.1118583e-01 +3.7271833e-02 +2.1924375e+00 +1.1547431e+00 +9.3290278e-01 -1.3598750e-01 -6.1142917e-01 +7.4870833e-03 +1.3148175e+04
6.3795400e-01 +2.0000000e-01 +1.9646333e+01 +1.1381250e-01 +3.0271583e-02 +2.1800764e+00 +1.1467986e+00 +9.3019444e-01 -1.3518681e-01 -6.0688681e-01 +9.0818750e-03 +1.3046134e+04
6.4145400e-01 +2.0000000e-01 +1.9664833e+01 +1.1638917e-01 +2.3129750e-02 +2.1669375e+00 +1.1388056e+00 +9.2732639e-01 -1.3390972e-01 -6.0193056e-01 +1.0674514e-02 +1.2946155e+04
6.4494100e-01 +2.0000000e-01 +1.9683167e+01 +1.1891250e-01 +1.5831000e-02 +2.1529097e+00 +1.1307639e+00 +9.2420139e-01 -1.3211181e-01 -5.9641875e-01 +1.2242014e-02 +1.2852058e+04
6.4841500e-01 +2.0000000e-01 +1.9701250e+01 +1.2137333e-01 +8.3787500e-03 +2.1379583e+00 +1.1227083e+00 +9.2080556e-01 -1.2979653e-01 -5.9031806e-01 +1.3757917e-02 +1.2762938e+04
6.5187400e-01 +2.0000000e-01 +1.9719083e+01 +1.2376917e-01 +8.0699667e-04 +2.1220278e+00 +1.1146944e+00 +9.1716667e-01 -1.2700000e-01 -5.8367292e-01 +1.5228333e-02 +1.2676445e+04
6.5531900e-01 +2.0000000e-01 +1.9736667e+01 +1.2611167e-01 -6.8109500e-03 +2.1051528e+00 +1.1067639e+00 +9.1333333e-01 -1.2380625e-01 -5.7659792e-01 +1.6686875e-02 +1.2591513e+04
6.5874900e-01 +2.0000000e-01 +1.9754083e+01 +1.2843083e-01 -1.4398083e-02 +2.0873681e+00 +1.0989514e+00 +9.0939583e-01 -1.2028819e-01 -5.6924375e-01 +1.8140139e-02 +1.2505026e+04
6.6216500e-01 +2.0000000e-01 +1.9771167e+01 +1.3076417e-01 -2.1912833e-02 +2.0687431e+00 +1.0912500e+00 +9.0540972e-01 -1.1649028e-01 -5.6167778e-01 +1.9541875e-02 +1.2417058e+04
6.6556500e-01 +2.0000000e-01 +1.9787917e+01 +1.3314583e-01 -2.9350667e-02 +2.0493750e+00 +1.0836389e+00 +9.0134722e-01 -1.1246250e-01 -5.5392014e-01 +2.0863681e-02 +1.2330337e+04
6.6895100e-01 +2.0000000e-01 +1.9804333e+01 +1.3559250e-01 -3.6719667e-02 +2.0294375e+00 +1.0760903e+00 +8.9717361e-01 -1.0824236e-01 -5.4592986e-01 +2.2128889e-02 +1.2243836e+04
6.7232000e-01 +2.0000000e-01 +1.9820333e+01 +1.3809500e-01 -4.4017667e-02 +2.0090278e+00 +1.0686181e+00 +8.9288889e-01 -1.0381458e-01 -5.3762847e-01 +2.3370764e-02 +1.2154900e+04
6.7567400e-01 +2.0000000e-01 +1.9835917e+01 +1.4061750e-01 -5.1255167e-02 +1.9881458e+00 +1.0612222e+00 +8.8858333e-01 -9.9129861e-02 -5.2901667e-01 +2.4605694e-02 +1.2065840e+04
6.7901200e-01 +2.0000000e-01 +1.9851083e+01 +1.4311250e-01 -5.8454583e-02 +1.9669792e+00 +1.0538958e+00 +8.8438889e-01 -9.4164583e-02 -5.2023056e-01 +2.5848333e-02 +1.1978400e+04
6.8233300e-01 +2.0000000e-01 +1.9865750e+01 +1.4554833e-01 -6.5601250e-02 +1.9458819e+00 +1.0466319e+00 +8.8040278e-01 -8.8925000e-02 -5.1140833e-01 +2.7086597e-02 +1.1890855e+04
6.8563800e-01 +2.0000000e-01 +1.9880000e+01 +1.4792750e-01 -7.2649583e-02 +1.9251181e+00 +1.0394306e+00 +8.7664583e-01 -8.3470139e-02 -5.0261667e-01 +2.8268750e-02 +1.1807711e+04
6.8892600e-01 +2.0000000e-01 +1.9893667e+01 +1.5027333e-01 -7.9586833e-02 +1.9047639e+00 +1.0322778e+00 +8.7311806e-01 -7.7880556e-02 -4.9387986e-01 +2.9357083e-02 +1.1731862e+04
6.9219800e-01 +2.0000000e-01 +1.9906750e+01 +1.5260250e-01 -8.6443333e-02 +1.8847708e+00 +1.0251806e+00 +8.6978472e-01 -7.2215278e-02 -4.8520764e-01 +3.0379514e-02 +1.1660023e+04
6.9545200e-01 +2.0000000e-01 +1.9919250e+01 +1.5491500e-01 -9.3230000e-02 +1.8650278e+00 +1.0181319e+00 +8.6649306e-01 -6.6494097e-02 -4.7662847e-01 +3.1402431e-02 +1.1590208e+04
6.9868900e-01 +2.0000000e-01 +1.9931083e+01 +1.5720583e-01 -9.9895833e-02 +1.8454514e+00 +1.0111528e+00 +8.6315972e-01 -6.0699028e-02 -4.6808681e-01 +3.2470278e-02 +1.1521741e+04
7.0190800e-01 +2.0000000e-01 +1.9942083e+01 +1.5947750e-01 -1.0636500e-01 +1.8260417e+00 +1.0042500e+00 +8.5975000e-01 -5.4787778e-02 -4.5949444e-01 +3.3570694e-02 +1.1455033e+04
7.0511000e-01 +2.0000000e-01 +1.9952250e+01 +1.6173667e-01 -1.1259250e-01 +1.8068333e+00 +9.9742361e-01 +8.5631944e-01 -4.8694167e-02 -4.5082569e-01 +3.4645556e-02 +1.1390443e+04
7.0829400e-01 +2.0000000e-01 +1.9961667e+01 +1.6398583e-01 -1.1857917e-01 +1.7878819e+00 +9.9068750e-01 +8.5297917e-01 -4.2353403e-02 -4.4211458e-01 +3.5640000e-02 +1.1325684e+04
7.1145900e-01 +2.0000000e-01 +1.9970250e+01 +1.6622000e-01 -1.2435250e-01 +1.7692847e+00 +9.8405556e-01 +8.4987500e-01 -3.5754375e-02 -4.3341806e-01 +3.6527153e-02 +1.1261246e+04
7.1460700e-01 +2.0000000e-01 +1.9978000e+01 +1.6844083e-01 -1.2993917e-01 +1.7511111e+00 +9.7756944e-01 +8.4700694e-01 -2.8933750e-02 -4.2478472e-01 +3.7319514e-02 +1.1201707e+04
7.1773600e-01 +2.0000000e-01 +1.9984917e+01 +1.7065500e-01 -1.3536000e-01 +1.7334306e+00 +9.7125000e-01 +8.4430556e-01 -2.1926319e-02 -4.1627222e-01 +3.8066736e-02 +1.1148632e+04
7.2084700e-01 +2.0000000e-01 +1.9991083e+01 +1.7287583e-01 -1.4060667e-01 +1.7162222e+00 +9.6513889e-01 +8.4179861e-01 -1.4762569e-02 -4.0789722e-01 +3.8827778e-02 +1.1099427e+04
7.2393900e-01 +2.0000000e-01 +1.9996333e+01 +1.7511667e-01 -1.4564667e-01 +1.6994444e+00 +9.5924306e-01 +8.3959028e-01 -7.4843750e-03 -3.9963194e-01 +3.9631875e-02 +1.1052220e+04
7.2701200e-01 +2.0000000e-01 +2.0000833e+01 +1.7737917e-01 -1.5045917e-01 +1.6830417e+00 +9.5354861e-01 +8.3770833e-01 -1.2550486e-04 -3.9147986e-01 +4.0467986e-02 +1.1008557e+04
7.3006600e-01 +2.0000000e-01 +2.0004417e+01 +1.7965083e-01 -1.5506833e-01 +1.6670694e+00 +9.4802778e-01 +8.3613194e-01 +7.3079861e-03 -3.8348194e-01 +4.1302569e-02 +1.0967942e+04
7.3310100e-01 +2.0000000e-01 +2.0007083e+01 +1.8190750e-01 -1.5950500e-01 +1.6516319e+00 +9.4266667e-01 +8.3484722e-01 +1.4827014e-02 -3.7567986e-01 +4.2102083e-02 +1.0928505e+04
7.3611700e-01 +2.0000000e-01 +2.0008833e+01 +1.8411750e-01 -1.6378333e-01 +1.6367847e+00 +9.3741667e-01 +8.3376389e-01 +2.2452361e-02 -3.6810833e-01 +4.2843333e-02 +1.0891484e+04
7.3911300e-01 +2.0000000e-01 +2.0009667e+01 +1.8625167e-01 -1.6790333e-01 +1.6226250e+00 +9.3226389e-01 +8.3279861e-01 +3.0185069e-02 -3.6076597e-01 +4.3518542e-02 +1.0859813e+04
7.4209000e-01 +2.0000000e-01 +2.0009667e+01 +1.8829583e-01 -1.7186250e-01 +1.6092083e+00 +9.2720139e-01 +8.3196528e-01 +3.7998889e-02 -3.5360000e-01 +4.4147708e-02 +1.0835361e+04
7.4504700e-01 +2.0000000e-01 +2.0008833e+01 +1.9024167e-01 -1.7565000e-01 +1.5965417e+00 +9.2223611e-01 +8.3135417e-01 +4.5866319e-02 -3.4654167e-01 +4.4763611e-02 +1.0818437e+04
7.4798500e-01 +2.0000000e-01 +2.0007250e+01 +1.9208333e-01 -1.7925500e-01 +1.5846667e+00 +9.1738889e-01 +8.3097222e-01 +5.3774931e-02 -3.3951528e-01 +4.5390417e-02 +1.0807189e+04
7.5090200e-01 +2.0000000e-01 +2.0004750e+01 +1.9381083e-01 -1.8267250e-01 +1.5737083e+00 +9.1268056e-01 +8.3074306e-01 +6.1735903e-02 -3.3245486e-01 +4.6035556e-02 +1.0800170e+04
7.5380000e-01 +2.0000000e-01 +2.0001333e+01 +1.9541917e-01 -1.8590583e-01 +1.5638611e+00 +9.0811806e-01 +8.3062500e-01 +6.9773611e-02 -3.2535278e-01 +4.6694097e-02 +1.0795587e+04
7.5667800e-01 +2.0000000e-01 +1.9997000e+01 +1.9690833e-01 -1.8895333e-01 +1.5552569e+00 +9.0373611e-01 +8.3062500e-01 +7.7904167e-02 -3.1826806e-01 +4.7367917e-02 +1.0793663e+04
7.5953600e-01 +2.0000000e-01 +1.9991583e+01 +1.9828083e-01 -1.9180083e-01 +1.5477222e+00 +8.9956944e-01 +8.3083333e-01 +8.6129167e-02 -3.1125069e-01 +4.8059514e-02 +1.0797016e+04
7.6237300e-01 +2.0000000e-01 +1.9985167e+01 +1.9954000e-01 -1.9442417e-01 +1.5410347e+00 +8.9564583e-01 +8.3133333e-01 +9.4450694e-02 -3.0432500e-01 +4.8749028e-02 +1.0806982e+04
7.6519000e-01 +2.0000000e-01 +1.9977833e+01 +2.0068750e-01 -1.9680583e-01 +1.5350972e+00 +8.9198611e-01 +8.3216667e-01 +1.0285903e-01 -2.9749306e-01 +4.9409375e-02 +1.0821594e+04
7.6798700e-01 +2.0000000e-01 +1.9969500e+01 +2.0172417e-01 -1.9893917e-01 +1.5299375e+00 +8.8859028e-01 +8.3332639e-01 +1.1132778e-01 -2.9072292e-01 +5.0032153e-02 +1.0839644e+04
7.7076400e-01 +2.0000000e-01 +1.9960250e+01 +2.0265167e-01 -2.0081833e-01 +1.5255833e+00 +8.8546528e-01 +8.3482639e-01 +1.1982500e-01 -2.8397222e-01 +5.0612222e-02 +1.0862448e+04
7.7352000e-01 +2.0000000e-01 +1.9950167e+01 +2.0347583e-01 -2.0243750e-01 +1.5220556e+00 +8.8261806e-01 +8.3663889e-01 +1.2832986e-01 -2.7723472e-01 +5.1136111e-02 +1.0890342e+04
7.7625600e-01 +2.0000000e-01 +1.9939083e+01 +2.0419750e-01 -2.0379583e-01 +1.5194028e+00 +8.8004167e-01 +8.3872222e-01 +1.3684583e-01 -2.7053542e-01 +5.1583264e-02 +1.0922384e+04
7.7897100e-01 +2.0000000e-01 +1.9927083e+01 +2.0481917e-01 -2.0490667e-01 +1.5176319e+00 +8.7772917e-01 +8.4098611e-01 +1.4538542e-01 -2.6390347e-01 +5.1927361e-02 +1.0958136e+04
7.8166500e-01 +2.0000000e-01 +1.9914083e+01 +2.0534417e-01 -2.0580167e-01 +1.5167361e+00 +8.7565278e-01 +8.4338194e-01 +1.5395972e-01 -2.5735000e-01 +5.2149583e-02 +1.0999249e+04
7.8433900e-01 +2.0000000e-01 +1.9900083e+01 +2.0578417e-01 -2.0650833e-01 +1.5166667e+00 +8.7379167e-01 +8.4590972e-01 +1.6256667e-01 -2.5087847e-01 +5.2253819e-02 +1.1046887e+04
7.8699200e-01 +2.0000000e-01 +1.9885083e+01 +2.0614667e-01 -2.0703583e-01 +1.5172986e+00 +8.7212500e-01 +8.4863194e-01 +1.7118750e-01 -2.4449653e-01 +5.2260278e-02 +1.1100383e+04
7.8962500e-01 +2.0000000e-01 +1.9869167e+01 +2.0644000e-01 -2.0737333e-01 +1.5185208e+00 +8.7065278e-01 +8.5162500e-01 +1.7980556e-01 -2.3822361e-01 +5.2191736e-02 +1.1159454e+04
7.9223700e-01 +2.0000000e-01 +1.9852250e+01 +2.0666917e-01 -2.0751500e-01 +1.5202917e+00 +8.6936111e-01 +8.5492361e-01 +1.8842778e-01 -2.3209653e-01 +5.2070347e-02 +1.1224420e+04
7.9482800e-01 +2.0000000e-01 +1.9834500e+01 +2.0683000e-01 -2.0747250e-01 +1.5226111e+00 +8.6824306e-01 +8.5850000e-01 +1.9707986e-01 -2.2615069e-01 +5.1910625e-02 +1.1295808e+04
7.9739800e-01 +2.0000000e-01 +1.9815750e+01 +2.0691500e-01 -2.0726667e-01 +1.5254792e+00 +8.6727778e-01 +8.6231944e-01 +2.0577431e-01 -2.2039097e-01 +5.1711944e-02 +1.1374090e+04
7.9994700e-01 +2.0000000e-01 +1.9796000e+01 +2.0691667e-01 -2.0692500e-01 +1.5289167e+00 +8.6647917e-01 +8.6637500e-01 +2.1451181e-01 -2.1480833e-01 +5.1470833e-02 +1.1458626e+04
8.0247600e-01 +2.0000000e-01 +1.9775333e+01 +2.0683167e-01 -2.0646250e-01 +1.5329931e+00 +8.6583333e-01 +8.7068056e-01 +2.2330208e-01 -2.0938958e-01 +5.1189306e-02 +1.1549273e+04
8.0498400e-01 +2.0000000e-01 +1.9753667e+01 +2.0666083e-01 -2.0587500e-01 +1.5377500e+00 +8.6536111e-01 +8.7529167e-01 +2.3215903e-01 -2.0409514e-01 +5.0878403e-02 +1.1648437e+04
8.0747100e-01 +2.0000000e-01 +1.9731083e+01 +2.0640667e-01 -2.0514833e-01 +1.5431528e+00 +8.6506944e-01 +8.8022222e-01 +2.4108750e-01 -1.9888681e-01 +5.0555208e-02 +1.1758157e+04
8.0993700e-01 +2.0000000e-01 +1.9707583e+01 +2.0606917e-01 -2.0427500e-01 +1.5491319e+00 +8.6498611e-01 +8.8551389e-01 +2.5008333e-01 -1.9376667e-01 +5.0230764e-02 +1.1878384e+04
8.1238300e-01 +2.0000000e-01 +1.9683083e+01 +2.0565417e-01 -2.0325833e-01 +1.5556736e+00 +8.6515278e-01 +8.9112500e-01 +2.5914306e-01 -1.8876319e-01 +4.9915625e-02 +1.2007399e+04
8.1480700e-01 +2.0000000e-01 +1.9657750e+01 +2.0517000e-01 -2.0209667e-01 +1.5628056e+00 +8.6559028e-01 +8.9697222e-01 +2.6826736e-01 -1.8390069e-01 +4.9623403e-02 +1.2143697e+04
8.1721100e-01 +2.0000000e-01 +1.9631417e+01 +2.0462500e-01 -2.0077417e-01 +1.5706111e+00 +8.6631250e-01 +9.0300694e-01 +2.7744861e-01 -1.7918125e-01 +4.9352500e-02 +1.2286319e+04
8.1959400e-01 +2.0000000e-01 +1.9604167e+01 +2.0402750e-01 -1.9927167e-01 +1.5791806e+00 +8.6729861e-01 +9.0918056e-01 +2.8666944e-01 -1.7459028e-01 +4.9080556e-02 +1.2434624e+04
8.2195700e-01 +2.0000000e-01 +1.9576000e+01 +2.0337417e-01 -1.9758667e-01 +1.5886250e+00 +8.6854167e-01 +9.1547222e-01 +2.9590486e-01 -1.7012153e-01 +4.8785417e-02 +1.2587588e+04
8.2429900e-01 +2.0000000e-01 +1.9547000e+01 +2.0266000e-01 -1.9572833e-01 +1.5989861e+00 +8.7001389e-01 +9.2189583e-01 +3.0512639e-01 -1.6579444e-01 +4.8459514e-02 +1.2744999e+04
8.2662000e-01 +2.0000000e-01 +1.9517167e+01 +2.0187333e-01 -1.9371667e-01 +1.6102500e+00 +8.7170139e-01 +9.2845833e-01 +3.1431736e-01 -1.6163681e-01 +4.8105208e-02 +1.2907236e+04
8.2892100e-01 +2.0000000e-01 +1.9486500e+01 +2.0100333e-01 -1.9157083e-01 +1.6223750e+00 +8.7358333e-01 +9.3520139e-01 +3.2347500e-01 -1.5763958e-01 +4.7726528e-02 +1.3076816e+04
8.3120100e-01 +2.0000000e-01 +1.9455167e+01 +2.0004583e-01 -1.8930417e-01 +1.6352778e+00 +8.7565972e-01 +9.4217361e-01 +3.3261667e-01 -1.5375000e-01 +4.7321181e-02 +1.3256501e+04
8.3346000e-01 +2.0000000e-01 +1.9422917e+01 +1.9899750e-01 -1.8693083e-01 +1.6489236e+00 +8.7793750e-01 +9.4945833e-01 +3.4176736e-01 -1.4992153e-01 +4.6886806e-02 +1.3447132e+04
8.3570000e-01 +2.0000000e-01 +1.9390000e+01 +1.9785917e-01 -1.8446583e-01 +1.6632986e+00 +8.8039583e-01 +9.5712500e-01 +3.5094861e-01 -1.4614514e-01 +4.6438958e-02 +1.3646841e+04
8.3791800e-01 +2.0000000e-01 +1.9356250e+01 +1.9662833e-01 -1.8191333e-01 +1.6784097e+00 +8.8304167e-01 +9.6520833e-01 +3.6017708e-01 -1.4244167e-01 +4.6004306e-02 +1.3852824e+04
8.4011600e-01 +2.0000000e-01 +1.9321750e+01 +1.9530417e-01 -1.7925917e-01 +1.6942153e+00 +8.8585417e-01 +9.7365972e-01 +3.6946944e-01 -1.3885000e-01 +4.5595000e-02 +1.4064290e+04
8.4229400e-01 +2.0000000e-01 +1.9286333e+01 +1.9388500e-01 -1.7648000e-01 +1.7106528e+00 +8.8881250e-01 +9.8244444e-01 +3.7883889e-01 -1.3541597e-01 +4.5198194e-02 +1.4282673e+04
8.4445200e-01 +2.0000000e-01 +1.9250250e+01 +1.9237000e-01 -1.7355417e-01 +1.7276250e+00 +8.9189583e-01 +9.9150000e-01 +3.8828819e-01 -1.3216250e-01 +4.4786111e-02 +1.4509281e+04
8.4659000e-01 +2.0000000e-01 +1.9213333e+01 +1.9075250e-01 -1.7047167e-01 +1.7450694e+00 +8.9509028e-01 +1.0007639e+00 +3.9781042e-01 -1.2907986e-01 +4.4329167e-02 +1.4745740e+04
8.4870700e-01 +2.0000000e-01 +1.9175750e+01 +1.8902750e-01 -1.6722500e-01 +1.7629514e+00 +8.9838194e-01 +1.0101736e+00 +4.0739653e-01 -1.2613681e-01 +4.3807986e-02 +1.4993639e+04
8.5080400e-01 +2.0000000e-01 +1.9137417e+01 +1.8719000e-01 -1.6381083e-01 +1.7812569e+00 +9.0177778e-01 +1.0196875e+00 +4.1703750e-01 -1.2329931e-01 +4.3217500e-02 +1.5252001e+04
8.5288200e-01 +2.0000000e-01 +1.9098417e+01 +1.8524083e-01 -1.6022500e-01 +1.7999722e+00 +9.0529167e-01 +1.0292778e+00 +4.2673681e-01 -1.2055625e-01 +4.2560556e-02 +1.5519045e+04
8.5493900e-01 +2.0000000e-01 +1.9058750e+01 +1.8318833e-01 -1.5647417e-01 +1.8191389e+00 +9.0894444e-01 +1.0389514e+00 +4.3649722e-01 -1.1792569e-01 +4.1846806e-02 +1.5792772e+04
8.5697700e-01 +2.0000000e-01 +1.9018500e+01 +1.8104417e-01 -1.5256833e-01 +1.8388056e+00 +9.1273611e-01 +1.0487014e+00 +4.4631736e-01 -1.1542917e-01 +4.1095764e-02 +1.6070538e+04
8.5899500e-01 +2.0000000e-01 +1.8977583e+01 +1.7882333e-01 -1.4852167e-01 +1.8590139e+00 +9.1665972e-01 +1.0585625e+00 +4.5617847e-01 -1.1307083e-01 +4.0327361e-02 +1.6352226e+04
8.6099300e-01 +2.0000000e-01 +1.8936083e+01 +1.7653667e-01 -1.4434667e-01 +1.8796944e+00 +9.2070833e-01 +1.0685556e+00 +4.6605069e-01 -1.1082292e-01 +3.9546806e-02 +1.6641775e+04
8.6297100e-01 +2.0000000e-01 +1.8894000e+01 +1.7419500e-01 -1.4005333e-01 +1.9008125e+00 +9.2485417e-01 +1.0787292e+00 +4.7590486e-01 -1.0862917e-01 +3.8743611e-02 +1.6942240e+04
8.6493000e-01 +2.0000000e-01 +1.8851500e+01 +1.7180167e-01 -1.3565083e-01 +1.9223681e+00 +9.2909028e-01 +1.0890694e+00 +4.8573056e-01 -1.0643333e-01 +3.7902222e-02 +1.7255051e+04
8.6687000e-01 +2.0000000e-01 +1.8808417e+01 +1.6936167e-01 -1.3114917e-01 +1.9444167e+00 +9.3338889e-01 +1.0995139e+00 +4.9552917e-01 -1.0422639e-01 +3.7012917e-02 +1.7581263e+04
8.6879000e-01 +2.0000000e-01 +1.8764750e+01 +1.6687583e-01 -1.2656333e-01 +1.9669861e+00 +9.3776389e-01 +1.1100069e+00 +5.0530694e-01 -1.0205208e-01 +3.6078403e-02 +1.7919832e+04
8.7069100e-01 +2.0000000e-01 +1.8720667e+01 +1.6434500e-01 -1.2190167e-01 +1.9900486e+00 +9.4221528e-01 +1.1205833e+00 +5.1506667e-01 -9.9970833e-02 +3.5108958e-02 +1.8268577e+04
8.7257300e-01 +2.0000000e-01 +1.8676167e+01 +1.6177000e-01 -1.1716833e-01 +2.0135556e+00 +9.4673611e-01 +1.1312986e+00 +5.2481319e-01 -9.8036806e-02 +3.4108681e-02 +1.8625669e+04
8.7443600e-01 +2.0000000e-01 +1.8631083e+01 +1.5915167e-01 -1.1236667e-01 +2.0374792e+00 +9.5134028e-01 +1.1421806e+00 +5.3454236e-01 -9.6269444e-02 +3.3073958e-02 +1.8990432e+04
8.7628000e-01 +2.0000000e-01 +1.8585667e+01 +1.5649167e-01 -1.0750250e-01 +2.0618264e+00 +9.5600000e-01 +1.1532292e+00 +5.4423819e-01 -9.4647222e-02 +3.2010000e-02 +1.9362982e+04
8.7810500e-01 +2.0000000e-01 +1.8539750e+01 +1.5379417e-01 -1.0258167e-01 +2.0866042e+00 +9.6070139e-01 +1.1643958e+00 +5.5388403e-01 -9.3118750e-02 +3.0940833e-02 +1.9745109e+04
8.7991200e-01 +2.0000000e-01 +1.8493417e+01 +1.5106333e-01 -9.7600000e-02 +2.1117639e+00 +9.6544444e-01 +1.1756597e+00 +5.6346389e-01 -9.1634722e-02 +2.9894653e-02 +2.0139358e+04
8.8169900e-01 +2.0000000e-01 +1.8446667e+01 +1.4830333e-01 -9.2550833e-02 +2.1372431e+00 +9.7020833e-01 +1.1870139e+00 +5.7296667e-01 -9.0172222e-02 +2.8889028e-02 +2.0546403e+04
8.8346900e-01 +2.0000000e-01 +1.8399583e+01 +1.4551917e-01 -8.7430000e-02 +2.1629931e+00 +9.7500000e-01 +1.1984722e+00 +5.8238056e-01 -8.8750694e-02 +2.7930347e-02 +2.0965534e+04
8.8521900e-01 +2.0000000e-01 +1.8352000e+01 +1.4271250e-01 -8.2235250e-02 +2.1890069e+00 +9.7981250e-01 +1.2100486e+00 +5.9169514e-01 -8.7421528e-02 +2.7016042e-02 +2.1395728e+04
8.8695200e-01 +2.0000000e-01 +1.8304083e+01 +1.3988833e-01 -7.6965583e-02 +2.2153056e+00 +9.8463194e-01 +1.2217639e+00 +6.0091111e-01 -8.6237500e-02 +2.6135139e-02 +2.1836937e+04
8.8866600e-01 +2.0000000e-01 +1.8255833e+01 +1.3705167e-01 -7.1617583e-02 +2.2418750e+00 +9.8944444e-01 +1.2336042e+00 +6.1003681e-01 -8.5227083e-02 +2.5273333e-02 +2.2290369e+04
8.9036200e-01 +2.0000000e-01 +1.8207167e+01 +1.3420750e-01 -6.6185167e-02 +2.2686736e+00 +9.9424306e-01 +1.2455833e+00 +6.1907500e-01 -8.4384722e-02 +2.4420486e-02 +2.2756530e+04
8.9204000e-01 +2.0000000e-01 +1.8158167e+01 +1.3136417e-01 -6.0665000e-02 +2.2956528e+00 +9.9901389e-01 +1.2577083e+00 +6.2801319e-01 -8.3679861e-02 +2.3571944e-02 +2.3234230e+04
8.9370100e-01 +2.0000000e-01 +1.8108833e+01 +1.2852583e-01 -5.5063167e-02 +2.3227431e+00 +1.0037569e+00 +1.2699792e+00 +6.3683472e-01 -8.3077778e-02 +2.2725278e-02 +2.3721346e+04
8.9534300e-01 +2.0000000e-01 +1.8059250e+01 +1.2569833e-01 -4.9394250e-02 +2.3498819e+00 +1.0084792e+00 +1.2823750e+00 +6.4552917e-01 -8.2545833e-02 +2.1880069e-02 +2.4216517e+04
8.9696800e-01 +2.0000000e-01 +1.8009333e+01 +1.2288500e-01 -4.3677667e-02 +2.3770278e+00 +1.0131736e+00 +1.2948264e+00 +6.5409444e-01 -8.2061111e-02 +2.1038819e-02 +2.4720857e+04
8.9857600e-01 +2.0000000e-01 +1.7959250e+01 +1.2008917e-01 -3.7933667e-02 +2.4041597e+00 +1.0178333e+00 +1.3072500e+00 +6.6253333e-01 -8.1611806e-02 +2.0207153e-02 +2.5236470e+04
9.0016600e-01 +2.0000000e-01 +1.7908917e+01 +1.1731167e-01 -3.2182083e-02 +2.4312569e+00 +1.0224375e+00 +1.3196181e+00 +6.7084583e-01 -8.1188889e-02 +1.9393403e-02 +2.5765233e+04
9.0173800e-01 +2.0000000e-01 +1.7858333e+01 +1.1455333e-01 -2.6439083e-02 +2.4582708e+00 +1.0270000e+00 +1.3319306e+00 +6.7902500e-01 -8.0773611e-02 +1.8610486e-02 +2.6309862e+04
9.0329400e-01 +2.0000000e-01 +1.7807583e+01 +1.1181583e-01 -2.0715417e-02 +2.4851319e+00 +1.0315208e+00 +1.3442500e+00 +6.8706319e-01 -8.0354167e-02 +1.7873542e-02 +2.6871813e+04
9.0483300e-01 +2.0000000e-01 +1.7756583e+01 +1.0910000e-01 -1.5016583e-02 +2.5117847e+00 +1.0360069e+00 +1.3566389e+00 +6.9495833e-01 -7.9923611e-02 +1.7195139e-02 +2.7449765e+04
9.0635400e-01 +2.0000000e-01 +1.7705333e+01 +1.0640917e-01 -9.3447500e-03 +2.5381875e+00 +1.0404583e+00 +1.3691319e+00 +7.0271528e-01 -7.9472222e-02 +1.6579931e-02 +2.8042342e+04
9.0785900e-01 +2.0000000e-01 +1.7653917e+01 +1.0374667e-01 -3.7002667e-03 +2.5643611e+00 +1.0448750e+00 +1.3817431e+00 +7.1033333e-01 -7.8984722e-02 +1.6027847e-02 +2.8649386e+04
9.0934700e-01 +2.0000000e-01 +1.7602250e+01 +1.0111417e-01 +1.9179667e-03 +2.5903819e+00 +1.0492431e+00 +1.3944375e+00 +7.1783333e-01 -7.8448611e-02 +1.5539167e-02 +2.9270846e+04
9.1081900e-01 +2.0000000e-01 +1.7550417e+01 +9.8514167e-02 +7.5121250e-03 +2.6163681e+00 +1.0535417e+00 +1.4071597e+00 +7.2521528e-01 -7.7868056e-02 +1.5114306e-02 +2.9908233e+04
9.1227400e-01 +2.0000000e-01 +1.7498417e+01 +9.5953333e-02 +1.3083917e-02 +2.6424306e+00 +1.0577639e+00 +1.4198403e+00 +7.3247917e-01 -7.7276389e-02 +1.4751250e-02 +3.0562647e+04
9.1371300e-01 +2.0000000e-01 +1.7446333e+01 +9.3434167e-02 +1.8632917e-02 +2.6686389e+00 +1.0618750e+00 +1.4324375e+00 +7.3963194e-01 -7.6728472e-02 +1.4445139e-02 +3.1232610e+04
9.1513600e-01 +2.0000000e-01 +1.7394000e+01 +9.0960000e-02 +2.4156250e-02 +2.6950000e+00 +1.0658889e+00 +1.4449306e+00 +7.4665972e-01 -7.6279861e-02 +1.4187917e-02 +3.1916243e+04
9.1654300e-01 +2.0000000e-01 +1.7341583e+01 +8.8532500e-02 +2.9649750e-02 +2.7214653e+00 +1.0697778e+00 +1.4573056e+00 +7.5354861e-01 -7.5968750e-02 +1.3968472e-02 +3.2613673e+04
9.1793400e-01 +2.0000000e-01 +1.7289083e+01 +8.6150000e-02 +3.5108250e-02 +2.7480000e+00 +1.0735486e+00 +1.4695833e+00 +7.6029167e-01 -7.5802083e-02 +1.3777292e-02 +3.3325829e+04
9.1930900e-01 +2.0000000e-01 +1.7236417e+01 +8.3808333e-02 +4.0528417e-02 +2.7745694e+00 +1.0772083e+00 +1.4817639e+00 +7.6687500e-01 -7.5758333e-02 +1.3611806e-02 +3.4052900e+04
9.2066800e-01 +2.0000000e-01 +1.7183750e+01 +8.1505667e-02 +4.5911417e-02 +2.8011875e+00 +1.0807361e+00 +1.4938958e+00 +7.7327778e-01 -7.5809028e-02 +1.3474583e-02 +3.4795797e+04
9.2201200e-01 +2.0000000e-01 +1.7130917e+01 +7.9238333e-02 +5.1263417e-02 +2.8278819e+00 +1.0841458e+00 +1.5060139e+00 +7.7950000e-01 -7.5940972e-02 +1.3366806e-02 +3.5555956e+04
9.2334100e-01 +2.0000000e-01 +1.7078083e+01 +7.7005083e-02 +5.6591500e-02 +2.8547014e+00 +1.0874375e+00 +1.5181944e+00 +7.8555556e-01 -7.6152778e-02 +1.3282361e-02 +3.6334383e+04
9.2465400e-01 +2.0000000e-01 +1.7025083e+01 +7.4804917e-02 +6.1899167e-02 +2.8817014e+00 +1.0906111e+00 +1.5304722e+00 +7.9144444e-01 -7.6447222e-02 +1.3208958e-02 +3.7134109e+04
9.2595200e-01 +2.0000000e-01 +1.6972083e+01 +7.2637250e-02 +6.7184250e-02 +2.9089236e+00 +1.0936528e+00 +1.5428264e+00 +7.9719444e-01 -7.6820139e-02 +1.3136042e-02 +3.7959014e+04
9.2723500e-01 +2.0000000e-01 +1.6918833e+01 +7.0502000e-02 +7.2441167e-02 +2.9364167e+00 +1.0965625e+00 +1.5552292e+00 +8.0280556e-01 -7.7256250e-02 +1.3059375e-02 +3.8809041e+04
9.2850400e-01 +2.0000000e-01 +1.6865583e+01 +6.8399500e-02 +7.7663750e-02 +2.9642083e+00 +1.0993472e+00 +1.5676389e+00 +8.0829167e-01 -7.7740278e-02 +1.2979375e-02 +3.9681123e+04
9.2975700e-01 +2.0000000e-01 +1.6812167e+01 +6.6330083e-02 +8.2846333e-02 +2.9923194e+00 +1.1019792e+00 +1.5800278e+00 +8.1365278e-01 -7.8265972e-02 +1.2896319e-02 +4.0574074e+04
9.3099600e-01 +2.0000000e-01 +1.6758583e+01 +6.4294000e-02 +8.7984167e-02 +3.0207292e+00 +1.1044653e+00 +1.5923542e+00 +8.1886806e-01 -7.8834028e-02 +1.2808889e-02 +4.1488619e+04
9.3222000e-01 +2.0000000e-01 +1.6704833e+01 +6.2291333e-02 +9.3072500e-02 +3.0494514e+00 +1.1067847e+00 +1.6045833e+00 +8.2393750e-01 -7.9446528e-02 +1.2716042e-02 +4.2424580e+04
9.3343000e-01 +2.0000000e-01 +1.6650917e+01 +6.0322417e-02 +9.8111667e-02 +3.0785208e+00 +1.1089306e+00 +1.6167014e+00 +8.2886111e-01 -8.0106250e-02 +1.2618611e-02 +4.3380266e+04
9.3462600e-01 +2.0000000e-01 +1.6596917e+01 +5.8387917e-02 +1.0310167e-01 +3.1079931e+00 +1.1108958e+00 +1.6287153e+00 +8.3363889e-01 -8.0805556e-02 +1.2518889e-02 +4.4353721e+04
9.3580800e-01 +2.0000000e-01 +1.6542833e+01 +5.6489083e-02 +1.0804833e-01 +3.1379375e+00 +1.1126667e+00 +1.6406319e+00 +8.3827083e-01 -8.1527083e-02 +1.2419931e-02 +4.5343829e+04
9.3697600e-01 +2.0000000e-01 +1.6488583e+01 +5.4627750e-02 +1.1295750e-01 +3.1684097e+00 +1.1142361e+00 +1.6524792e+00 +8.4276389e-01 -8.2247917e-02 +1.2325764e-02 +4.6350971e+04
9.3813000e-01 +2.0000000e-01 +1.6434167e+01 +5.2806333e-02 +1.1783750e-01 +3.1994167e+00 +1.1155972e+00 +1.6642431e+00 +8.4712500e-01 -8.2953472e-02 +1.2241944e-02 +4.7378768e+04
9.3927000e-01 +2.0000000e-01 +1.6379750e+01 +5.1026583e-02 +1.2269583e-01 +3.2309444e+00 +1.1167222e+00 +1.6759167e+00 +8.5134028e-01 -8.3641667e-02 +1.2174583e-02 +4.8432525e+04
9.4039600e-01 +2.0000000e-01 +1.6325083e+01 +4.9289417e-02 +1.2754000e-01 +3.2629514e+00 +1.1176042e+00 +1.6875139e+00 +8.5540972e-01 -8.4322917e-02 +1.2127917e-02 +4.9516297e+04
9.4150900e-01 +2.0000000e-01 +1.6270417e+01 +4.7594667e-02 +1.3237417e-01 +3.2954167e+00 +1.1182292e+00 +1.6990347e+00 +8.5933333e-01 -8.5015972e-02 +1.2104931e-02 +5.0631341e+04
9.4260900e-01 +2.0000000e-01 +1.6215583e+01 +4.5941250e-02 +1.3719917e-01 +3.3283472e+00 +1.1185833e+00 +1.7104861e+00 +8.6310417e-01 -8.5733333e-02 +1.2108333e-02 +5.1777309e+04
9.4369600e-01 +2.0000000e-01 +1.6160583e+01 +4.4327333e-02 +1.4201417e-01 +3.3617569e+00 +1.1186597e+00 +1.7218403e+00 +8.6672222e-01 -8.6479167e-02 +1.2140069e-02 +5.2954477e+04
9.4476900e-01 +2.0000000e-01 +1.6105417e+01 +4.2750833e-02 +1.4681667e-01 +3.3956597e+00 +1.1184444e+00 +1.7330764e+00 +8.7019444e-01 -8.7245139e-02 +1.2200208e-02 +5.4164178e+04
9.4583000e-01 +2.0000000e-01 +1.6050167e+01 +4.1209833e-02 +1.5160917e-01 +3.4300833e+00 +1.1179375e+00 +1.7441389e+00 +8.7351389e-01 -8.8018056e-02 +1.2285208e-02 +5.5408567e+04
9.4687800e-01 +2.0000000e-01 +1.5994667e+01 +3.9702917e-02 +1.5639250e-01 +3.4650486e+00 +1.1171250e+00 +1.7550139e+00 +8.7669444e-01 -8.8782639e-02 +1.2387986e-02 +5.6689747e+04
9.4791300e-01 +2.0000000e-01 +1.5939000e+01 +3.8229583e-02 +1.6117083e-01 +3.5006181e+00 +1.1160069e+00 +1.7656875e+00 +8.7973611e-01 -8.9525000e-02 +1.2500903e-02 +5.8008703e+04
9.4893500e-01 +2.0000000e-01 +1.5883083e+01 +3.6790250e-02 +1.6594417e-01 +3.5368611e+00 +1.1145625e+00 +1.7761458e+00 +8.8265972e-01 -9.0232639e-02 +1.2617500e-02 +5.9366151e+04
9.4994500e-01 +2.0000000e-01 +1.5827000e+01 +3.5386333e-02 +1.7071083e-01 +3.5738750e+00 +1.1127847e+00 +1.7864028e+00 +8.8545833e-01 -9.0892361e-02 +1.2732222e-02 +6.0764173e+04
9.5094300e-01 +2.0000000e-01 +1.5770583e+01 +3.4019750e-02 +1.7546583e-01 +3.6117222e+00 +1.1106528e+00 +1.7964444e+00 +8.8813889e-01 -9.1494444e-02 +1.2839444e-02 +6.2205634e+04
9.5192800e-01 +2.0000000e-01 +1.5713917e+01 +3.2692500e-02 +1.8020417e-01 +3.6504861e+00 +1.1081597e+00 +1.8062569e+00 +8.9071528e-01 -9.2029167e-02 +1.2934028e-02 +6.3691310e+04
9.5290100e-01 +2.0000000e-01 +1.5656917e+01 +3.1406667e-02 +1.8491750e-01 +3.6902639e+00 +1.1052778e+00 +1.8158264e+00 +8.9317361e-01 -9.2485417e-02 +1.3012917e-02 +6.5219236e+04
9.5386300e-01 +2.0000000e-01 +1.5599583e+01 +3.0163750e-02 +1.8960333e-01 +3.7311389e+00 +1.1019861e+00 +1.8251111e+00 +8.9552778e-01 -9.2852083e-02 +1.3076042e-02 +6.6786968e+04
9.5481200e-01 +2.0000000e-01 +1.5541833e+01 +2.8965083e-02 +1.9425583e-01 +3.7731944e+00 +1.0982708e+00 +1.8340694e+00 +8.9776389e-01 -9.3118056e-02 +1.3123889e-02 +6.8394249e+04
9.5575000e-01 +2.0000000e-01 +1.5483750e+01 +2.7811500e-02 +1.9887250e-01 +3.8164931e+00 +1.0940972e+00 +1.8426667e+00 +8.9988889e-01 -9.3273611e-02 +1.3156181e-02 +7.0043854e+04
9.5667600e-01 +2.0000000e-01 +1.5425167e+01 +2.6703833e-02 +2.0345250e-01 +3.8610972e+00 +1.0894653e+00 +1.8508611e+00 +9.0189583e-01 -9.3315972e-02 +1.3171944e-02 +7.1740849e+04
9.5759100e-01 +2.0000000e-01 +1.5366083e+01 +2.5642417e-02 +2.0799250e-01 +3.9070486e+00 +1.0843403e+00 +1.8586111e+00 +9.0377778e-01 -9.3247917e-02 +1.3170486e-02 +7.3492127e+04
9.5849500e-01 +2.0000000e-01 +1.5306500e+01 +2.4627333e-02 +2.1249000e-01 +3.9544167e+00 +1.0787153e+00 +1.8658958e+00 +9.0552778e-01 -9.3082639e-02 +1.3151528e-02 +7.5301150e+04
9.5938700e-01 +2.0000000e-01 +1.5246333e+01 +2.3658333e-02 +2.1694250e-01 +4.0032847e+00 +1.0725764e+00 +1.8727222e+00 +9.0714583e-01 -9.2835417e-02 +1.3115764e-02 +7.7167289e+04
9.6026800e-01 +2.0000000e-01 +1.5185583e+01 +2.2734250e-02 +2.2134583e-01 +4.0537361e+00 +1.0659097e+00 +1.8790903e+00 +9.0861111e-01 -9.2522917e-02 +1.3065833e-02 +7.9087044e+04
9.6113800e-01 +2.0000000e-01 +1.5124250e+01 +2.1853417e-02 +2.2569500e-01 +4.1058264e+00 +1.0587014e+00 +1.8850417e+00 +9.0991667e-01 -9.2158333e-02 +1.3007153e-02 +8.1059682e+04
9.6199700e-01 +2.0000000e-01 +1.5062083e+01 +2.1013667e-02 +2.2998250e-01 +4.1596389e+00 +1.0509375e+00 +1.8906042e+00 +9.1106250e-01 -9.1754861e-02 +1.2947986e-02 +8.3082506e+04
9.6284500e-01 +2.0000000e-01 +1.4999250e+01 +2.0212583e-02 +2.3420500e-01 +4.2152083e+00 +1.0426111e+00 +1.8957917e+00 +9.1204861e-01 -9.1318750e-02 +1.2897917e-02 +8.5156892e+04
9.6368300e-01 +2.0000000e-01 +1.4935583e+01 +1.9447833e-02 +2.3835500e-01 +4.2725903e+00 +1.0337153e+00 +1.9006111e+00 +9.1286806e-01 -9.0845833e-02 +1.2865069e-02 +8.7285597e+04
9.6451000e-01 +2.0000000e-01 +1.4871083e+01 +1.8717500e-02 +2.4242750e-01 +4.3318542e+00 +1.0242292e+00 +1.9050417e+00 +9.1351389e-01 -9.0322917e-02 +1.2854722e-02 +8.9472136e+04
9.6532700e-01 +2.0000000e-01 +1.4805583e+01 +1.8020083e-02 +2.4641667e-01 +4.3930556e+00 +1.0141528e+00 +1.9090486e+00 +9.1399306e-01 -8.9726389e-02 +1.2868056e-02 +9.1719304e+04
9.6613400e-01 +2.0000000e-01 +1.4739083e+01 +1.7354167e-02 +2.5031333e-01 +4.4562708e+00 +1.0034653e+00 +1.9125903e+00 +9.1429167e-01 -8.9029861e-02 +1.2902847e-02 +9.4032637e+04
9.6693000e-01 +2.0000000e-01 +1.4671500e+01 +1.6718500e-02 +2.5411083e-01 +4.5215764e+00 +9.9216667e-01 +1.9156389e+00 +9.1439583e-01 -8.8206250e-02 +1.2955417e-02 +9.6414979e+04
9.6771600e-01 +2.0000000e-01 +1.4602750e+01 +1.6111667e-02 +2.5779917e-01 +4.5890417e+00 +9.8023611e-01 +1.9181736e+00 +9.1429861e-01 -8.7229167e-02 +1.3023264e-02 +9.8871176e+04
9.6849200e-01 +2.0000000e-01 +1.4532750e+01 +1.5532000e-02 +2.6136917e-01 +4.6587361e+00 +9.6766667e-01 +1.9201875e+00 +9.1398611e-01 -8.6075694e-02 +1.3106458e-02 +1.0140194e+05
9.6925900e-01 +2.0000000e-01 +1.4461417e+01 +1.4977750e-02 +2.6481083e-01 +4.7306875e+00 +9.5445139e-01 +1.9217083e+00 +9.1345139e-01 -8.4726389e-02 +1.3207917e-02 +1.0400865e+05
9.7001500e-01 +2.0000000e-01 +1.4388583e+01 +1.4446917e-02 +2.6811833e-01 +4.8049514e+00 +9.4059028e-01 +1.9227292e+00 +9.1268750e-01 -8.3170139e-02 +1.3331806e-02 +1.0668932e+05
9.7076200e-01 +2.0000000e-01 +1.4314250e+01 +1.3937750e-02 +2.7128583e-01 +4.8815278e+00 +9.2607639e-01 +1.9232431e+00 +9.1167361e-01 -8.1404861e-02 +1.3481736e-02 +1.0944667e+05
9.7150000e-01 +2.0000000e-01 +1.4238167e+01 +1.3448250e-02 +2.7430917e-01 +4.9604514e+00 +9.1089583e-01 +1.9232431e+00 +9.1040972e-01 -7.9438194e-02 +1.3659236e-02 +1.1228005e+05
9.7222800e-01 +2.0000000e-01 +1.4160333e+01 +1.2976583e-02 +2.7718500e-01 +5.0417222e+00 +8.9505556e-01 +1.9226875e+00 +9.0887500e-01 -7.7283333e-02 +1.3862847e-02 +1.1519088e+05
9.7294600e-01 +2.0000000e-01 +1.4080583e+01 +1.2520833e-02 +2.7990833e-01 +5.1253542e+00 +8.7854861e-01 +1.9215417e+00 +9.0706250e-01 -7.4956250e-02 +1.4087986e-02 +1.1817991e+05
9.7365600e-01 +2.0000000e-01 +1.3998750e+01 +1.2079333e-02 +2.8247417e-01 +5.2113056e+00 +8.6136806e-01 +1.9197500e+00 +9.0495139e-01 -7.2467361e-02 +1.4327153e-02 +1.2125056e+05
9.7435600e-01 +2.0000000e-01 +1.3914667e+01 +1.1650333e-02 +2.8487500e-01 +5.2995347e+00 +8.4352778e-01 +1.9172639e+00 +9.0252083e-01 -6.9822222e-02 +1.4571667e-02 +1.2440641e+05
9.7504800e-01 +2.0000000e-01 +1.3828167e+01 +1.1232750e-02 +2.8710250e-01 +5.3899583e+00 +8.2503472e-01 +1.9140347e+00 +8.9974306e-01 -6.7016944e-02 +1.4812986e-02 +1.2765020e+05
9.7573000e-01 +2.0000000e-01 +1.3739167e+01 +1.0826250e-02 +2.8915000e-01 +5.4824722e+00 +8.0589583e-01 +1.9099931e+00 +8.9659722e-01 -6.4046667e-02 +1.5044375e-02 +1.3097995e+05
9.7640400e-01 +2.0000000e-01 +1.3647417e+01 +1.0431167e-02 +2.9100750e-01 +5.5769444e+00 +7.8613194e-01 +1.9051042e+00 +8.9305556e-01 -6.0904583e-02 +1.5261319e-02 +1.3439423e+05
9.7706800e-01 +2.0000000e-01 +1.3552667e+01 +1.0048333e-02 +2.9266667e-01 +5.6732431e+00 +7.6577083e-01 +1.8992986e+00 +8.8909028e-01 -5.7584583e-02 +1.5461528e-02 +1.3788689e+05
9.7772500e-01 +2.0000000e-01 +1.3454833e+01 +9.6788333e-03 +2.9412000e-01 +5.7711667e+00 +7.4482639e-01 +1.8925417e+00 +8.8466667e-01 -5.4080278e-02 +1.5644375e-02 +1.4145583e+05
9.7837300e-01 +2.0000000e-01 +1.3353500e+01 +9.3233333e-03 +2.9535917e-01 +5.8705278e+00 +7.2334028e-01 +1.8847917e+00 +8.7974306e-01 -5.0383611e-02 +1.5810764e-02 +1.4509906e+05
9.7901200e-01 +2.0000000e-01 +1.3248583e+01 +8.9820833e-03 +2.9637583e-01 +5.9710625e+00 +7.0132639e-01 +1.8760000e+00 +8.7427083e-01 -4.6485972e-02 +1.5962014e-02 +1.4881524e+05
9.7964300e-01 +2.0000000e-01 +1.3139750e+01 +8.6545833e-03 +2.9716333e-01 +6.0725208e+00 +6.7883056e-01 +1.8661319e+00 +8.6822222e-01 -4.2379861e-02 +1.6099861e-02 +1.5260091e+05
9.8026600e-01 +2.0000000e-01 +1.3026667e+01 +8.3397500e-03 +2.9771583e-01 +6.1745694e+00 +6.5587500e-01 +1.8551458e+00 +8.6154167e-01 -3.8061111e-02 +1.6225694e-02 +1.5645196e+05
9.8088100e-01 +2.0000000e-01 +1.2909083e+01 +8.0358917e-03 +2.9802750e-01 +6.2768681e+00 +6.3249861e-01 +1.8429861e+00 +8.5420139e-01 -3.3529861e-02 +1.6340625e-02 +1.6036218e+05
9.8148700e-01 +2.0000000e-01 +1.2786667e+01 +7.7409000e-03 +2.9809250e-01 +6.3789792e+00 +6.0873958e-01 +1.8296042e+00 +8.4615278e-01 -2.8791111e-02 +1.6445347e-02 +1.6432539e+05
9.8208600e-01 +2.0000000e-01 +1.2659083e+01 +7.4525917e-03 +2.9790750e-01 +6.4804097e+00 +5.8463889e-01 +1.8149236e+00 +8.3736111e-01 -2.3853889e-02 +1.6539722e-02 +1.6833460e+05
9.8267700e-01 +2.0000000e-01 +1.2525833e+01 +7.1687833e-03 +2.9746500e-01 +6.5805833e+00 +5.6024167e-01 +1.7988611e+00 +8.2777778e-01 -1.8729514e-02 +1.6622431e-02 +1.7238155e+05
9.8326100e-01 +2.0000000e-01 +1.2386667e+01 +6.8875000e-03 +2.9675917e-01 +6.6788264e+00 +5.3559653e-01 +1.7813403e+00 +8.1736111e-01 -1.3429097e-02 +1.6690972e-02 +1.7645786e+05
9.8383600e-01 +2.0000000e-01 +1.2241167e+01 +6.6071000e-03 +2.9578417e-01 +6.7743403e+00 +5.1075694e-01 +1.7622569e+00 +8.0604861e-01 -7.9615278e-03 +1.6741319e-02 +1.8054976e+05
9.8440400e-01 +2.0000000e-01 +1.2088750e+01 +6.3263750e-03 +2.9453000e-01 +6.8662361e+00 +4.8577986e-01 +1.7415278e+00 +7.9379167e-01 -2.3330208e-03 +1.6768333e-02 +1.8464328e+05
9.8496500e-01 +2.0000000e-01 +1.1929000e+01 +6.0445250e-03 +2.9298667e-01 +6.9534722e+00 +4.6072639e-01 +1.7190694e+00 +7.8051389e-01 +3.4506458e-03 +1.6766042e-02 +1.8871895e+05
9.8551800e-01 +2.0000000e-01 +1.1761500e+01 +5.7612083e-03 +2.9114250e-01 +7.0348611e+00 +4.3566181e-01 +1.6947917e+00 +7.6615278e-01 +9.3800000e-03 +1.6727986e-02 +1.9275390e+05
9.8606400e-01 +2.0000000e-01 +1.1585583e+01 +5.4764667e-03 +2.8898583e-01 +7.1089583e+00 +4.1065417e-01 +1.6686181e+00 +7.5062500e-01 +1.5437917e-02 +1.6647361e-02 +1.9672231e+05
9.8660300e-01 +2.0000000e-01 +1.1400833e+01 +5.1906833e-03 +2.8650250e-01 +7.1743750e+00 +3.8577500e-01 +1.6404861e+00 +7.3384722e-01 +2.1596111e-02 +1.6517708e-02 +2.0059564e+05
9.8713400e-01 +2.0000000e-01 +1.1206583e+01 +4.9044333e-03 +2.8367583e-01 +7.2293750e+00 +3.6109583e-01 +1.6103333e+00 +7.1572917e-01 +2.7813125e-02 +1.6332847e-02 +2.0434258e+05
9.8765900e-01 +2.0000000e-01 +1.1002167e+01 +4.6184833e-03 +2.8049000e-01 +7.2718750e+00 +3.3669306e-01 +1.5780972e+00 +6.9618750e-01 +3.4034236e-02 +1.6087083e-02 +2.0792812e+05
9.8817700e-01 +2.0000000e-01 +1.0787000e+01 +4.3336417e-03 +2.7692583e-01 +7.2999306e+00 +3.1264167e-01 +1.5437431e+00 +6.7514028e-01 +4.0191667e-02 +1.5775556e-02 +2.1131321e+05
9.8868800e-01 +2.0000000e-01 +1.0560417e+01 +4.0507417e-03 +2.7296583e-01 +7.3110417e+00 +2.8901875e-01 +1.5072361e+00 +6.5250208e-01 +4.6206806e-02 +1.5393889e-02 +2.1445383e+05
9.8919200e-01 +2.0000000e-01 +1.0321750e+01 +3.7706167e-03 +2.6858750e-01 +7.3027778e+00 +2.6590000e-01 +1.4685486e+00 +6.2820556e-01 +5.1990556e-02 +1.4939097e-02 +2.1730448e+05
9.8968900e-01 +2.0000000e-01 +1.0070333e+01 +3.4940750e-03 +2.6377167e-01 +7.2724306e+00 +2.4336250e-01 +1.4276597e+00 +6.0219514e-01 +5.7444861e-02 +1.4409375e-02 +2.1981819e+05
9.9018000e-01 +2.0000000e-01 +9.8055000e+00 +3.2219333e-03 +2.5849750e-01 +7.2169444e+00 +2.2148264e-01 +1.3845764e+00 +5.7443750e-01 +6.2462917e-02 +1.3804931e-02 +2.2195267e+05
9.9066400e-01 +2.0000000e-01 +9.5265833e+00 +2.9550000e-03 +2.5274417e-01 +7.1334722e+00 +2.0033472e-01 +1.3392986e+00 +5.4492500e-01 +6.6930208e-02 +1.3128056e-02 +2.2367337e+05
9.9114200e-01 +2.0000000e-01 +9.2330833e+00 +2.6941417e-03 +2.4649333e-01 +7.0189583e+00 +1.7999028e-01 +1.2918264e+00 +5.1368681e-01 +7.0726389e-02 +1.2383125e-02 +2.2496002e+05
9.9161300e-01 +2.0000000e-01 +8.9243333e+00 +2.4402750e-03 +2.3972750e-01 +6.8702917e+00 +1.6052083e-01 +1.2422014e+00 +4.8079444e-01 +7.3728472e-02 +1.1576806e-02 +2.2581336e+05
9.9207900e-01 +2.0000000e-01 +8.5999167e+00 +2.1943667e-03 +2.3243083e-01 +6.6847153e+00 +1.4199236e-01 +1.1904306e+00 +4.4637153e-01 +7.5816667e-02 +1.0717639e-02 +2.2626489e+05
9.9253700e-01 +2.0000000e-01 +8.2595750e+00 +1.9574583e-03 +2.2459333e-01 +6.4597569e+00 +1.2446667e-01 +1.1365556e+00 +4.1060208e-01 +7.6877778e-02 +9.8162500e-03 +2.2638924e+05
9.9299000e-01 +2.0000000e-01 +7.9030333e+00 +1.7306417e-03 +2.1620500e-01 +6.1935486e+00 +1.0800278e-01 +1.0805903e+00 +3.7373889e-01 +7.6818056e-02 +8.8845833e-03 +2.2631286e+05
9.9343700e-01 +2.0000000e-01 +7.5303083e+00 +1.5150083e-03 +2.0726500e-01 +5.8850486e+00 +9.2651389e-02 +1.0225625e+00 +3.3610972e-01 +7.5565972e-02 +7.9362500e-03 +2.2622477e+05
9.9387800e-01 +2.0000000e-01 +7.1415833e+00 +1.3116583e-03 +1.9777417e-01 +5.5343750e+00 +7.8457639e-02 +9.6246528e-01 +2.9812222e-01 +7.3086806e-02 +6.9860417e-03 +2.2637649e+05
9.9431300e-01 +2.0000000e-01 +6.7372917e+00 +1.1216417e-03 +1.8774250e-01 +5.1430972e+00 +6.5460486e-02 +9.0029861e-01 +2.6025833e-01 +6.9393819e-02 +6.0496389e-03 +2.2707396e+05
9.9474200e-01 +2.0000000e-01 +6.3181250e+00 +9.4588333e-04 +1.7718417e-01 +4.7145625e+00 +5.3689514e-02 +8.3606250e-01 +2.2307361e-01 +6.4555208e-02 +5.1431250e-03 +2.2865612e+05
9.9516500e-01 +2.0000000e-01 +5.8850750e+00 +7.8517167e-04 +1.6612167e-01 +4.2541667e+00 +4.3165417e-02 +7.6973611e-01 +1.8717778e-01 +5.8704236e-02 +4.2822708e-03 +2.3145396e+05
9.9558300e-01 +2.0000000e-01 +5.4394000e+00 +6.4010167e-04 +1.5458250e-01 +3.7694722e+00 +3.3897986e-02 +7.0134028e-01 +1.5320972e-01 +5.2040764e-02 +3.4817917e-03 +2.3573760e+05
9.9599500e-01 +2.0000000e-01 +4.9826417e+00 +5.1103667e-04 +1.4260083e-01 +3.2702083e+00 +2.5884097e-02 +6.3094306e-01 +1.2180486e-01 +4.4825417e-02 +2.7545347e-03 +2.4164819e+05
9.9640100e-01 +2.0000000e-01 +4.5166083e+00 +3.9808333e-04 +1.3021500e-01 +2.7680139e+00 +1.9105417e-02 +5.5871181e-01 +9.3551389e-02 +3.7365833e-02 +2.1107014e-03 +2.4914165e+05
9.9680200e-01 +2.0000000e-01 +4.0432833e+00 +3.0107917e-04 +1.1746750e-01 +2.2758750e+00 +1.3525556e-02 +4.8497083e-01 +6.8935486e-02 +2.9993333e-02 +1.5572083e-03 +2.5795459e+05
9.9719800e-01 +2.0000000e-01 +3.5648000e+00 +2.1959083e-04 +1.0440000e-01 +1.8073056e+00 +9.0868056e-03 +4.1028333e-01 +4.8294306e-02 +2.3033611e-02 +1.0972361e-03 +2.6763158e+05
9.9758800e-01 +2.0000000e-01 +3.0833000e+00 +1.5292417e-04 +9.1057500e-02 +1.3753681e+00 +5.7072222e-03 +3.3553681e-01 +3.1767083e-02 +1.6774722e-02 +7.2998611e-04 +2.7762777e+05
9.9797300e-01 +2.0000000e-01 +2.6008750e+00 +1.0015083e-04 +7.7479667e-02 +9.9154167e-01 +3.2785000e-03 +2.6204931e-01 +1.9266806e-02 +1.1437431e-02 +4.5076458e-04 +2.8748941e+05
9.9835300e-01 +2.0000000e-01 +2.1194333e+00 +6.0139917e-05 +6.3704750e-02 +6.6484167e-01 +1.6651736e-03 +1.9167431e-01 +1.0474653e-02 +7.1547917e-03 +2.5135903e-04 +2.9708478e+05
9.9872800e-01 +2.0000000e-01 +1.6406083e+00 +3.1595250e-05 +4.9765500e-02 +4.0127153e-01 +7.0718056e-04 +1.2690903e-01 +4.8645278e-03 +3.9638056e-03 +1.2066736e-04 +3.0681085e+05
9.9909700e-01 +2.0000000e-01 +1.1657083e+00 +1.3098583e-05 +3.5689750e-02 +2.0382292e-01 +2.2720556e-04 +7.1013194e-02 +1.7572986e-03 +1.8109097e-03 +4.5399097e-05 +3.1774614e+05
9.9946200e-01 +2.0000000e-01 +6.9566083e-01 +3.1445417e-06 +2.1499667e-02 +7.3059722e-02 +4.5233194e-05 +2.8136597e-02 +3.9592778e-04 +5.6792153e-04 +1.0721319e-05 +3.3164495e+05
9.9982100e-01 +2.0000000e-01 +2.3102250e-01 +0.0000000e+00 +7.2144417e-03 +8.1356944e-03 +3.3352222e-06 +3.5070694e-03 +2.6061042e-05 +5.2133819e-05 +7.4443750e-07 +3.4927884e+05
1.0000000e+00 +2.0000000e-01 +0.0000000e+00 +0.0000000e+00 +0.0000000e+00 +0.0000000e+00 +0.0000000e+00 +0.0000000e+00 +0.0000000e+00 +0.0000000e+00 +0.0000000e+00 +3.4927778e+05
