#    y              z              <u>            <v>            <w>            <u'u'>         <v'v'>         <w'w'>         <u'v'>         <u'w'>         <v'w'>         <eps>         
#----------------------------------------------------------------------------------------------------------------------------------------------------------------------------------
0.0000000e+00 +5.0000000e-01 +0.0000000e+00 +0.0000000e+00 +0.0000000e+00 +0.0000000e+00 +0.0000000e+00 +0.0000000e+00 +0.0000000e+00 +0.0000000e+00 +0.0000000e+00 +3.0952778e+05
1.7900000e-04 +5.0000000e-01 +2.1167333e-01 +2.3236250e-05 +0.0000000e+00 +7.4740278e-03 +2.8811458e-06 +2.8856806e-03 -2.2381458e-05 +6.0445486e-20 +5.2282639e-22 +3.0952867e+05
5.3800000e-04 +5.0000000e-01 +6.3735417e-01 +8.9318333e-05 +0.0000000e+00 +6.7136597e-02 +3.9118194e-05 +2.3154514e-02 -3.3902569e-04 +6.5133056e-19 +6.7075972e-21 +2.9567397e+05
9.0300000e-04 +5.0000000e-01 +1.0679667e+00 +2.0197917e-04 +0.0000000e+00 +1.8731597e-01 +1.9667847e-04 +5.8458819e-02 -1.5012083e-03 +2.0921528e-18 +2.4363194e-20 +2.8476407e+05
1.2720000e-03 +5.0000000e-01 +1.5030333e+00 +3.6342083e-04 +0.0000000e+00 +3.6880208e-01 +6.1271875e-04 +1.0453125e-01 -4.1472083e-03 +4.6185278e-18 +5.1810417e-20 +2.7615171e+05
1.6470000e-03 +5.0000000e-01 +1.9417833e+00 +5.7569750e-04 +0.0000000e+00 +6.1116111e-01 +1.4439236e-03 +1.5799861e-01 -8.9147222e-03 +8.5265278e-18 +7.9565972e-20 +2.6840558e+05
2.0270000e-03 +5.0000000e-01 +2.3831333e+00 +8.4071667e-04 +0.0000000e+00 +9.1188889e-01 +2.8449583e-03 +2.1622569e-01 -1.6375278e-02 +1.4052986e-17 +9.0051389e-20 +2.6066193e+05
2.4120000e-03 +5.0000000e-01 +2.8257250e+00 +1.1601583e-03 +0.0000000e+00 +1.2659583e+00 +4.9557292e-03 +2.7720347e-01 -2.6975278e-02 +2.1316250e-17 +6.1679028e-20 +2.5260461e+05
2.8020000e-03 +5.0000000e-01 +3.2679667e+00 +1.5354833e-03 +0.0000000e+00 +1.6658056e+00 +7.8949306e-03 +3.3944861e-01 -4.0995625e-02 +3.0316458e-17 -2.3283819e-20 +2.4433101e+05
3.1980000e-03 +5.0000000e-01 +3.7081083e+00 +1.9678167e-03 +0.0000000e+00 +2.1017431e+00 +1.1758125e-02 +4.0191458e-01 -5.8533889e-02 +4.0895694e-17 -1.7763542e-19 +2.3618281e+05
3.5990000e-03 +5.0000000e-01 +4.1443583e+00 +2.4580083e-03 +0.0000000e+00 +2.5626944e+00 +1.6617986e-02 +4.6390069e-01 -7.9509028e-02 +5.3369653e-17 -4.0708194e-19 +2.2858176e+05
4.0050000e-03 +5.0000000e-01 +4.5749083e+00 +3.0065917e-03 +0.0000000e+00 +3.0369861e+00 +2.2526875e-02 +5.2496875e-01 -1.0368403e-01 +6.6948889e-17 -7.0067361e-19 +2.2189900e+05
4.4170000e-03 +5.0000000e-01 +4.9980417e+00 +3.6138250e-03 +0.0000000e+00 +3.5131667e+00 +2.9519236e-02 +5.8487292e-01 -1.3069653e-01 +8.1475694e-17 -1.0411458e-18 +2.1638229e+05
4.8350000e-03 +5.0000000e-01 +5.4121917e+00 +4.2797250e-03 +0.0000000e+00 +3.9806944e+00 +3.7614444e-02 +6.4349514e-01 -1.6009931e-01 +9.6634028e-17 -1.4112153e-18 +2.1212736e+05
5.2580000e-03 +5.0000000e-01 +5.8159750e+00 +5.0041333e-03 +0.0000000e+00 +4.4304097e+00 +4.6819375e-02 +7.0079861e-01 -1.9139514e-01 +1.1179236e-16 -1.7862222e-18 +2.0909253e+05
5.6870000e-03 +5.0000000e-01 +6.2082250e+00 +5.7867333e-03 +0.0000000e+00 +4.8548194e+00 +5.7130347e-02 +7.5679167e-01 -2.2407222e-01 +1.2695000e-16 -2.1316250e-18 +2.0712846e+05
6.1220000e-03 +5.0000000e-01 +6.5879917e+00 +6.6271250e-03 +0.0000000e+00 +5.2482222e+00 +6.8535069e-02 +8.1149306e-01 -2.5762986e-01 +1.4210833e-16 -2.4276875e-18 +2.0602003e+05
6.5630000e-03 +5.0000000e-01 +6.9545583e+00 +7.5248250e-03 +0.0000000e+00 +5.6066458e+00 +8.1013889e-02 +8.6493750e-01 -2.9160347e-01 +1.5600347e-16 -2.6842708e-18 +2.0552467e+05
7.0100000e-03 +5.0000000e-01 +7.3074500e+00 +8.4793333e-03 +0.0000000e+00 +5.9276944e+00 +9.4539583e-02 +9.1714583e-01 -3.2557292e-01 +1.6926736e-16 -2.8816458e-18 +2.0540286e+05
7.4630000e-03 +5.0000000e-01 +7.6463583e+00 +9.4900000e-03 +0.0000000e+00 +6.2103681e+00 +1.0907986e-01 +9.6811806e-01 -3.5917569e-01 +1.8063542e-16 -3.0592778e-18 +2.0544101e+05
7.9210000e-03 +5.0000000e-01 +7.9711750e+00 +1.0556250e-02 +0.0000000e+00 +6.4547986e+00 +1.2459722e-01 +1.0178333e+00 -3.9210833e-01 +1.8947778e-16 -3.2171806e-18 +2.0546306e+05
8.3870000e-03 +5.0000000e-01 +8.2819583e+00 +1.1677250e-02 +0.0000000e+00 +6.6620000e+00 +1.4104792e-01 +1.0662847e+00 -4.2412569e-01 +1.9832014e-16 -3.3750764e-18 +2.0533325e+05
8.8580000e-03 +5.0000000e-01 +8.5789167e+00 +1.2852333e-02 +0.0000000e+00 +6.8336667e+00 +1.5838333e-01 +1.1134167e+00 -4.5503889e-01 +2.0463611e-16 -3.5527153e-18 +2.0495802e+05
9.3360000e-03 +5.0000000e-01 +8.8622500e+00 +1.4080417e-02 +0.0000000e+00 +6.9719444e+00 +1.7655139e-01 +1.1591875e+00 -4.8470833e-01 +2.1095208e-16 -3.7303472e-18 +2.0428001e+05
9.8200000e-03 +5.0000000e-01 +9.1324167e+00 +1.5360417e-02 +0.0000000e+00 +7.0793056e+00 +1.9549583e-01 +1.2035556e+00 -5.1303889e-01 +2.1474167e-16 -3.8882500e-18 +2.0327194e+05
1.0311000e-02 +5.0000000e-01 +9.3898333e+00 +1.6691250e-02 +0.0000000e+00 +7.1584028e+00 +2.1515625e-01 +1.2464514e+00 -5.3997292e-01 +2.1726806e-16 -4.0066736e-18 +2.0192900e+05
1.0808000e-02 +5.0000000e-01 +9.6349167e+00 +1.8071333e-02 +0.0000000e+00 +7.2118056e+00 +2.3547222e-01 +1.2878542e+00 -5.6548333e-01 +2.1853125e-16 -4.0658819e-18 +2.0026272e+05
1.1312000e-02 +5.0000000e-01 +9.8684167e+00 +1.9499417e-02 +0.0000000e+00 +7.2422222e+00 +2.5637917e-01 +1.3277083e+00 -5.8956667e-01 +2.1853125e-16 -4.0658819e-18 +1.9829455e+05
1.1823000e-02 +5.0000000e-01 +1.0090583e+01 +2.0973917e-02 +0.0000000e+00 +7.2521528e+00 +2.7781319e-01 +1.3660000e+00 -6.1223681e-01 +2.1979444e-16 -3.9671944e-18 +1.9605407e+05
1.2341000e-02 +5.0000000e-01 +1.0302250e+01 +2.2493250e-02 +0.0000000e+00 +7.2440278e+00 +2.9971042e-01 +1.4027083e+00 -6.3352222e-01 +2.2105764e-16 -3.7895625e-18 +1.9357357e+05
1.2866000e-02 +5.0000000e-01 +1.0503750e+01 +2.4055750e-02 +0.0000000e+00 +7.2201389e+00 +3.2200625e-01 +1.4378403e+00 -6.5346319e-01 +2.2232083e-16 -3.4737639e-18 +1.9088738e+05
1.3397000e-02 +5.0000000e-01 +1.0695667e+01 +2.5660000e-02 +0.0000000e+00 +7.1825000e+00 +3.4463889e-01 +1.4714028e+00 -6.7210625e-01 +2.2484722e-16 -3.0198056e-18 +1.8802693e+05
1.3936000e-02 +5.0000000e-01 +1.0878667e+01 +2.7304417e-02 +0.0000000e+00 +7.1331250e+00 +3.6754514e-01 +1.5034097e+00 -6.8950556e-01 +2.2484722e-16 -2.3980833e-18 +1.8502309e+05
1.4482000e-02 +5.0000000e-01 +1.1053167e+01 +2.8987500e-02 +0.0000000e+00 +7.0736806e+00 +3.9066458e-01 +1.5338958e+00 -7.0572222e-01 +2.2737361e-16 -1.5888542e-18 +1.8190095e+05
1.5035000e-02 +5.0000000e-01 +1.1219583e+01 +3.0707750e-02 +0.0000000e+00 +7.0058333e+00 +4.1393889e-01 +1.5629028e+00 -7.2081250e-01 +2.2863681e-16 -5.7484861e-19 +1.7868423e+05
1.5596000e-02 +5.0000000e-01 +1.1378583e+01 +3.2464083e-02 +0.0000000e+00 +6.9309514e+00 +4.3731042e-01 +1.5904653e+00 -7.3484722e-01 +2.2990000e-16 +6.5626528e-19 +1.7539457e+05
1.6164000e-02 +5.0000000e-01 +1.1530500e+01 +3.4255500e-02 +0.0000000e+00 +6.8503403e+00 +4.6072431e-01 +1.6166389e+00 -7.4789583e-01 +2.2863681e-16 +2.0921528e-18 +1.7205212e+05
1.6739000e-02 +5.0000000e-01 +1.1675750e+01 +3.6081333e-02 +0.0000000e+00 +6.7651319e+00 +4.8412778e-01 +1.6414722e+00 -7.6001389e-01 +2.2863681e-16 +3.6711389e-18 +1.6867359e+05
1.7323000e-02 +5.0000000e-01 +1.1814750e+01 +3.7941000e-02 +0.0000000e+00 +6.6763194e+00 +5.0746944e-01 +1.6650139e+00 -7.7127083e-01 +2.2611042e-16 +5.4080208e-18 +1.6527435e+05
1.7914000e-02 +5.0000000e-01 +1.1947917e+01 +3.9834417e-02 +0.0000000e+00 +6.5847986e+00 +5.3070208e-01 +1.6873194e+00 -7.8172917e-01 +2.2358403e-16 +7.1449306e-18 +1.6186752e+05
1.8513000e-02 +5.0000000e-01 +1.2075667e+01 +4.1761417e-02 +0.0000000e+00 +6.4913333e+00 +5.5377847e-01 +1.7084514e+00 -7.9143750e-01 +2.1979444e-16 +8.8422917e-18 +1.5846146e+05
1.9119000e-02 +5.0000000e-01 +1.2198250e+01 +4.3721583e-02 +0.0000000e+00 +6.3965903e+00 +5.7665625e-01 +1.7284583e+00 -8.0045139e-01 +2.1726806e-16 +1.0500208e-17 +1.5506585e+05
1.9734000e-02 +5.0000000e-01 +1.2316000e+01 +4.5714500e-02 +0.0000000e+00 +6.3011389e+00 +5.9929236e-01 +1.7473750e+00 -8.0881944e-01 +2.1474167e-16 +1.2000278e-17 +1.5168767e+05
2.0357000e-02 +5.0000000e-01 +1.2429250e+01 +4.7739333e-02 +0.0000000e+00 +6.2054653e+00 +6.2164931e-01 +1.7652569e+00 -8.1656944e-01 +2.1221528e-16 +1.3184514e-17 +1.4833450e+05
2.0988000e-02 +5.0000000e-01 +1.2538250e+01 +4.9794833e-02 +0.0000000e+00 +6.1099861e+00 +6.4368958e-01 +1.7821319e+00 -8.2375000e-01 +2.1095208e-16 +1.4210833e-17 +1.4501534e+05
2.1627000e-02 +5.0000000e-01 +1.2643333e+01 +5.1879667e-02 +0.0000000e+00 +6.0150556e+00 +6.6537917e-01 +1.7980278e+00 -8.3038889e-01 +2.1095208e-16 +1.4921389e-17 +1.4173847e+05
2.2275000e-02 +5.0000000e-01 +1.2744667e+01 +5.3992417e-02 +0.0000000e+00 +5.9209931e+00 +6.8668542e-01 +1.8129722e+00 -8.3650694e-01 +2.0968889e-16 +1.5237222e-17 +1.3850875e+05
2.2932000e-02 +5.0000000e-01 +1.2842500e+01 +5.6131917e-02 +0.0000000e+00 +5.8280625e+00 +7.0757639e-01 +1.8269861e+00 -8.4215278e-01 +2.0968889e-16 +1.5316111e-17 +1.3532962e+05
2.3596000e-02 +5.0000000e-01 +1.2937000e+01 +5.8296833e-02 +0.0000000e+00 +5.7365069e+00 +7.2803472e-01 +1.8400833e+00 -8.4733333e-01 +2.1095208e-16 +1.5158264e-17 +1.3220377e+05
2.4270000e-02 +5.0000000e-01 +1.3028500e+01 +6.0486250e-02 +0.0000000e+00 +5.6465208e+00 +7.4802083e-01 +1.8523056e+00 -8.5209028e-01 +2.1221528e-16 +1.4684583e-17 +1.2913054e+05
2.4952000e-02 +5.0000000e-01 +1.3117083e+01 +6.2699417e-02 +0.0000000e+00 +5.5582778e+00 +7.6752083e-01 +1.8636667e+00 -8.5644444e-01 +2.1221528e-16 +1.4131875e-17 +1.2611263e+05
2.5644000e-02 +5.0000000e-01 +1.3203000e+01 +6.4935417e-02 +0.0000000e+00 +5.4719236e+00 +7.8650694e-01 +1.8742083e+00 -8.6040972e-01 +2.1474167e-16 +1.3421389e-17 +1.2315352e+05
2.6344000e-02 +5.0000000e-01 +1.3286333e+01 +6.7193667e-02 +0.0000000e+00 +5.3875625e+00 +8.0496528e-01 +1.8839444e+00 -8.6401389e-01 +2.1726806e-16 +1.2789792e-17 +1.2025939e+05
2.7054000e-02 +5.0000000e-01 +1.3367250e+01 +6.9473083e-02 +0.0000000e+00 +5.3052778e+00 +8.2288194e-01 +1.8929028e+00 -8.6727083e-01 +2.1979444e-16 +1.2158194e-17 +1.1743441e+05
2.7772000e-02 +5.0000000e-01 +1.3445917e+01 +7.1773000e-02 +0.0000000e+00 +5.2251250e+00 +8.4024306e-01 +1.9011181e+00 -8.7020833e-01 +2.2105764e-16 +1.1842361e-17 +1.1468270e+05
2.8500000e-02 +5.0000000e-01 +1.3522417e+01 +7.4092583e-02 +0.0000000e+00 +5.1471528e+00 +8.5704861e-01 +1.9086042e+00 -8.7283333e-01 +2.2484722e-16 +1.1842361e-17 +1.1200701e+05
2.9238000e-02 +5.0000000e-01 +1.3596917e+01 +7.6431500e-02 +0.0000000e+00 +5.0713819e+00 +8.7328472e-01 +1.9153958e+00 -8.7516667e-01 +2.2611042e-16 +1.2316042e-17 +1.0940527e+05
2.9985000e-02 +5.0000000e-01 +1.3669500e+01 +7.8789583e-02 +0.0000000e+00 +4.9978472e+00 +8.8895833e-01 +1.9215417e+00 -8.7722917e-01 +2.2863681e-16 +1.3342431e-17 +1.0687397e+05
3.0741000e-02 +5.0000000e-01 +1.3740333e+01 +8.1167250e-02 +0.0000000e+00 +4.9265625e+00 +9.0406944e-01 +1.9270764e+00 -8.7904861e-01 +2.2863681e-16 +1.5000347e-17 +1.0440892e+05
3.1508000e-02 +5.0000000e-01 +1.3809417e+01 +8.3565000e-02 +0.0000000e+00 +4.8575069e+00 +9.1863194e-01 +1.9320694e+00 -8.8064583e-01 +2.2737361e-16 +1.7210903e-17 +1.0200806e+05
3.2284000e-02 +5.0000000e-01 +1.3877000e+01 +8.5982500e-02 +0.0000000e+00 +4.7906319e+00 +9.3265278e-01 +1.9365625e+00 -8.8203472e-01 +2.2737361e-16 +1.9895208e-17 +9.9672074e+04
3.3070000e-02 +5.0000000e-01 +1.3943000e+01 +8.8420833e-02 +0.0000000e+00 +4.7258611e+00 +9.4613889e-01 +1.9406111e+00 -8.8324306e-01 +2.2484722e-16 +2.2895278e-17 +9.7403015e+04
3.3866000e-02 +5.0000000e-01 +1.4007667e+01 +9.0879167e-02 +0.0000000e+00 +4.6631042e+00 +9.5909722e-01 +1.9442431e+00 -8.8428472e-01 +2.2232083e-16 +2.5737431e-17 +9.5200213e+04
3.4673000e-02 +5.0000000e-01 +1.4071083e+01 +9.3355833e-02 +0.0000000e+00 +4.6022917e+00 +9.7153472e-01 +1.9474792e+00 -8.8517361e-01 +2.1979444e-16 +2.8263819e-17 +9.3062257e+04
3.5490000e-02 +5.0000000e-01 +1.4133167e+01 +9.5850833e-02 +0.0000000e+00 +4.5433819e+00 +9.8346528e-01 +1.9503333e+00 -8.8593056e-01 +2.1726806e-16 +3.0158611e-17 +9.0984956e+04
3.6317000e-02 +5.0000000e-01 +1.4194250e+01 +9.8361667e-02 +0.0000000e+00 +4.4863264e+00 +9.9488889e-01 +1.9528125e+00 -8.8656944e-01 +2.1347847e-16 +3.1421806e-17 +8.8963427e+04
3.7155000e-02 +5.0000000e-01 +1.4254167e+01 +1.0088583e-01 +0.0000000e+00 +4.4311111e+00 +1.0058125e+00 +1.9549236e+00 -8.8709722e-01 +2.1221528e-16 +3.2053403e-17 +8.6994879e+04
3.8003000e-02 +5.0000000e-01 +1.4313167e+01 +1.0342000e-01 +0.0000000e+00 +4.3776944e+00 +1.0162431e+00 +1.9566597e+00 -8.8752778e-01 +2.0968889e-16 +3.1895486e-17 +8.5075784e+04
3.8862000e-02 +5.0000000e-01 +1.4371167e+01 +1.0596167e-01 +0.0000000e+00 +4.3260764e+00 +1.0261944e+00 +1.9580208e+00 -8.8787500e-01 +2.0842569e-16 +3.1421806e-17 +8.3204085e+04
3.9732000e-02 +5.0000000e-01 +1.4428333e+01 +1.0850583e-01 +0.0000000e+00 +4.2762083e+00 +1.0356667e+00 +1.9590139e+00 -8.8813194e-01 +2.0589931e-16 +3.0632292e-17 +8.1380384e+04
4.0613000e-02 +5.0000000e-01 +1.4484583e+01 +1.1104917e-01 +0.0000000e+00 +4.2280694e+00 +1.0446875e+00 +1.9596458e+00 -8.8831944e-01 +2.0463611e-16 +2.9842778e-17 +7.9604075e+04
4.1505000e-02 +5.0000000e-01 +1.4540083e+01 +1.1359083e-01 +0.0000000e+00 +4.1815903e+00 +1.0532708e+00 +1.9599167e+00 -8.8843056e-01 +2.0210972e-16 +2.8895417e-17 +7.7877872e+04
4.2409000e-02 +5.0000000e-01 +1.4594833e+01 +1.1612750e-01 +0.0000000e+00 +4.1367083e+00 +1.0614236e+00 +1.9598403e+00 -8.8847222e-01 +2.0084653e-16 +2.8105903e-17 +7.6199022e+04
4.3324000e-02 +5.0000000e-01 +1.4648917e+01 +1.1866000e-01 +0.0000000e+00 +4.0933611e+00 +1.0691736e+00 +1.9594236e+00 -8.8845139e-01 +1.9832014e-16 +2.7790139e-17 +7.4566122e+04
4.4250000e-02 +5.0000000e-01 +1.4702333e+01 +1.2118833e-01 +0.0000000e+00 +4.0515000e+00 +1.0765347e+00 +1.9586806e+00 -8.8838889e-01 +1.9705694e-16 +2.7474306e-17 +7.2974967e+04
4.5188000e-02 +5.0000000e-01 +1.4755083e+01 +1.2371333e-01 +0.0000000e+00 +4.0111042e+00 +1.0835208e+00 +1.9576181e+00 -8.8827778e-01 +1.9326736e-16 +2.7316389e-17 +7.1422791e+04
4.6137000e-02 +5.0000000e-01 +1.4807250e+01 +1.2623417e-01 +0.0000000e+00 +3.9721389e+00 +1.0901528e+00 +1.9562500e+00 -8.8812500e-01 +1.9200417e-16 +2.7474306e-17 +6.9908811e+04
4.7099000e-02 +5.0000000e-01 +1.4858833e+01 +1.2875083e-01 +0.0000000e+00 +3.9345694e+00 +1.0964444e+00 +1.9545694e+00 -8.8793750e-01 +1.8947778e-16 +2.7632222e-17 +6.8435102e+04
4.8072000e-02 +5.0000000e-01 +1.4909833e+01 +1.3126083e-01 +0.0000000e+00 +3.8983333e+00 +1.1023958e+00 +1.9526111e+00 -8.8770139e-01 +1.8821458e-16 +2.7790139e-17 +6.7007347e+04
4.9057000e-02 +5.0000000e-01 +1.4960333e+01 +1.3376000e-01 +0.0000000e+00 +3.8633958e+00 +1.1080278e+00 +1.9503750e+00 -8.8741667e-01 +1.8695139e-16 +2.7947986e-17 +6.5625824e+04
5.0055000e-02 +5.0000000e-01 +1.5010417e+01 +1.3624417e-01 +0.0000000e+00 +3.8297083e+00 +1.1133403e+00 +1.9479028e+00 -8.8706250e-01 +1.8695139e-16 +2.8263819e-17 +6.4287114e+04
5.1065000e-02 +5.0000000e-01 +1.5060000e+01 +1.3870917e-01 +0.0000000e+00 +3.7972361e+00 +1.1183472e+00 +1.9451944e+00 -8.8665278e-01 +1.8568819e-16 +2.8737500e-17 +6.2987201e+04
5.2087000e-02 +5.0000000e-01 +1.5109167e+01 +1.4115083e-01 +0.0000000e+00 +3.7660000e+00 +1.1230486e+00 +1.9422569e+00 -8.8617361e-01 +1.8568819e-16 +2.9211181e-17 +6.1722584e+04
5.3122000e-02 +5.0000000e-01 +1.5158000e+01 +1.4356583e-01 +0.0000000e+00 +3.7360139e+00 +1.1274514e+00 +1.9391042e+00 -8.8563194e-01 +1.8695139e-16 +2.9842778e-17 +6.0489283e+04
5.4170000e-02 +5.0000000e-01 +1.5206417e+01 +1.4595333e-01 +0.0000000e+00 +3.7072917e+00 +1.1315625e+00 +1.9357222e+00 -8.8502083e-01 +1.8695139e-16 +3.0474375e-17 +5.9284512e+04
5.5231000e-02 +5.0000000e-01 +1.5254500e+01 +1.4831083e-01 +0.0000000e+00 +3.6797986e+00 +1.1353958e+00 +1.9321111e+00 -8.8434722e-01 +1.8695139e-16 +3.1421806e-17 +5.8109596e+04
5.6304000e-02 +5.0000000e-01 +1.5302333e+01 +1.5063917e-01 +0.0000000e+00 +3.6534306e+00 +1.1389514e+00 +1.9282500e+00 -8.8359028e-01 +1.8821458e-16 +3.2369167e-17 +5.6969268e+04
5.7391000e-02 +5.0000000e-01 +1.5349750e+01 +1.5293750e-01 +0.0000000e+00 +3.6280486e+00 +1.1422569e+00 +1.9241319e+00 -8.8275000e-01 +1.8947778e-16 +3.3316528e-17 +5.5867464e+04
5.8491000e-02 +5.0000000e-01 +1.5397000e+01 +1.5520750e-01 +0.0000000e+00 +3.6035278e+00 +1.1453194e+00 +1.9197639e+00 -8.8184028e-01 +1.9074097e-16 +3.4579722e-17 +5.4804202e+04
5.9604000e-02 +5.0000000e-01 +1.5444000e+01 +1.5745083e-01 +0.0000000e+00 +3.5797708e+00 +1.1481528e+00 +1.9151667e+00 -8.8085417e-01 +1.9074097e-16 +3.6000833e-17 +5.3775046e+04
6.0730000e-02 +5.0000000e-01 +1.5490750e+01 +1.5967083e-01 +0.0000000e+00 +3.5567292e+00 +1.1507708e+00 +1.9104097e+00 -8.7981250e-01 +1.9074097e-16 +3.7579792e-17 +5.2773329e+04
6.1870000e-02 +5.0000000e-01 +1.5537417e+01 +1.6187083e-01 +0.0000000e+00 +3.5343889e+00 +1.1531806e+00 +1.9055347e+00 -8.7871528e-01 +1.9074097e-16 +3.9316667e-17 +5.1793558e+04
6.3024000e-02 +5.0000000e-01 +1.5583917e+01 +1.6405583e-01 +0.0000000e+00 +3.5127292e+00 +1.1553889e+00 +1.9006042e+00 -8.7756944e-01 +1.9074097e-16 +4.0737778e-17 +5.0832711e+04
6.4192000e-02 +5.0000000e-01 +1.5630333e+01 +1.6622750e-01 +0.0000000e+00 +3.4917500e+00 +1.1573958e+00 +1.8956528e+00 -8.7639583e-01 +1.9074097e-16 +4.2000972e-17 +4.9889453e+04
6.5374000e-02 +5.0000000e-01 +1.5676667e+01 +1.6838833e-01 +0.0000000e+00 +3.4714167e+00 +1.1592083e+00 +1.8907153e+00 -8.7521528e-01 +1.8947778e-16 +4.2948333e-17 +4.8964837e+04
6.6570000e-02 +5.0000000e-01 +1.5722917e+01 +1.7054083e-01 +0.0000000e+00 +3.4516597e+00 +1.1608125e+00 +1.8857708e+00 -8.7402778e-01 +1.8821458e-16 +4.3579931e-17 +4.8061254e+04
6.7780000e-02 +5.0000000e-01 +1.5769083e+01 +1.7268583e-01 +0.0000000e+00 +3.4324375e+00 +1.1622222e+00 +1.8808264e+00 -8.7284722e-01 +1.8695139e-16 +4.3895764e-17 +4.7179638e+04
6.9004000e-02 +5.0000000e-01 +1.5815083e+01 +1.7482417e-01 +0.0000000e+00 +3.4137014e+00 +1.1634306e+00 +1.8758611e+00 -8.7166667e-01 +1.8568819e-16 +4.3895764e-17 +4.6319826e+04
7.0243000e-02 +5.0000000e-01 +1.5861000e+01 +1.7695583e-01 +0.0000000e+00 +3.3954167e+00 +1.1644375e+00 +1.8708472e+00 -8.7047222e-01 +1.8695139e-16 +4.3895764e-17 +4.5483428e+04
7.1496000e-02 +5.0000000e-01 +1.5906833e+01 +1.7907583e-01 +0.0000000e+00 +3.3775556e+00 +1.1652500e+00 +1.8657500e+00 -8.6924306e-01 +1.8695139e-16 +4.3579931e-17 +4.4672898e+04
7.2765000e-02 +5.0000000e-01 +1.5952500e+01 +1.8118000e-01 +0.0000000e+00 +3.3600625e+00 +1.1658681e+00 +1.8605347e+00 -8.6796528e-01 +1.8821458e-16 +4.2948333e-17 +4.3887536e+04
7.4048000e-02 +5.0000000e-01 +1.5998167e+01 +1.8326167e-01 +0.0000000e+00 +3.3428958e+00 +1.1663125e+00 +1.8551736e+00 -8.6661111e-01 +1.8947778e-16 +4.2000972e-17 +4.3123914e+04
7.5346000e-02 +5.0000000e-01 +1.6043667e+01 +1.8531583e-01 +0.0000000e+00 +3.3260208e+00 +1.1665972e+00 +1.8496319e+00 -8.6515972e-01 +1.9074097e-16 +4.1211458e-17 +4.2379354e+04
7.6659000e-02 +5.0000000e-01 +1.6089083e+01 +1.8733750e-01 +0.0000000e+00 +3.3093958e+00 +1.1667361e+00 +1.8439028e+00 -8.6361806e-01 +1.9453056e-16 +4.0264097e-17 +4.1652853e+04
7.7988000e-02 +5.0000000e-01 +1.6134583e+01 +1.8932667e-01 +0.0000000e+00 +3.2929653e+00 +1.1667500e+00 +1.8379931e+00 -8.6197917e-01 +1.9579375e-16 +3.9000903e-17 +4.0943845e+04
7.9332000e-02 +5.0000000e-01 +1.6180000e+01 +1.9128000e-01 +0.0000000e+00 +3.2766806e+00 +1.1666528e+00 +1.8319653e+00 -8.6024306e-01 +1.9705694e-16 +3.7737708e-17 +4.0250323e+04
8.0691000e-02 +5.0000000e-01 +1.6225417e+01 +1.9319917e-01 +0.0000000e+00 +3.2605069e+00 +1.1664514e+00 +1.8258611e+00 -8.5843750e-01 +1.9832014e-16 +3.6158750e-17 +3.9570489e+04
8.2066000e-02 +5.0000000e-01 +1.6270917e+01 +1.9508167e-01 +0.0000000e+00 +3.2444444e+00 +1.1661597e+00 +1.8196806e+00 -8.5658333e-01 +1.9832014e-16 +3.4106042e-17 +3.8903906e+04
8.3457000e-02 +5.0000000e-01 +1.6316417e+01 +1.9692667e-01 +0.0000000e+00 +3.2284792e+00 +1.1657847e+00 +1.8133958e+00 -8.5469444e-01 +1.9832014e-16 +3.1579653e-17 +3.8252272e+04
8.4864000e-02 +5.0000000e-01 +1.6362000e+01 +1.9873083e-01 +0.0000000e+00 +3.2125972e+00 +1.1653125e+00 +1.8069583e+00 -8.5277778e-01 +1.9832014e-16 +2.9053333e-17 +3.7616943e+04
8.6287000e-02 +5.0000000e-01 +1.6407583e+01 +2.0049250e-01 +0.0000000e+00 +3.1968194e+00 +1.1647569e+00 +1.8003333e+00 -8.5085417e-01 +1.9705694e-16 +2.6369028e-17 +3.6996887e+04
8.7726000e-02 +5.0000000e-01 +1.6453250e+01 +2.0220667e-01 +0.0000000e+00 +3.1811944e+00 +1.1641250e+00 +1.7934861e+00 -8.4892361e-01 +1.9705694e-16 +2.4316319e-17 +3.6390130e+04
8.9181000e-02 +5.0000000e-01 +1.6498917e+01 +2.0387250e-01 +0.0000000e+00 +3.1657986e+00 +1.1634167e+00 +1.7864097e+00 -8.4697917e-01 +1.9579375e-16 +2.2421597e-17 +3.5793538e+04
9.0653000e-02 +5.0000000e-01 +1.6544667e+01 +2.0548667e-01 +0.0000000e+00 +3.1506944e+00 +1.1626528e+00 +1.7791181e+00 -8.4504167e-01 +1.9326736e-16 +2.1158403e-17 +3.5203264e+04
9.2141000e-02 +5.0000000e-01 +1.6590417e+01 +2.0704917e-01 +0.0000000e+00 +3.1359306e+00 +1.1618264e+00 +1.7716042e+00 -8.4310417e-01 +1.9200417e-16 +2.0289931e-17 +3.4618297e+04
9.3646000e-02 +5.0000000e-01 +1.6636250e+01 +2.0856167e-01 +0.0000000e+00 +3.1215556e+00 +1.1609375e+00 +1.7638542e+00 -8.4118056e-01 +1.8947778e-16 +1.9500417e-17 +3.4042038e+04
9.5167000e-02 +5.0000000e-01 +1.6682083e+01 +2.1002333e-01 +0.0000000e+00 +3.1076111e+00 +1.1599861e+00 +1.7558750e+00 -8.3925694e-01 +1.8821458e-16 +1.8710972e-17 +3.3478597e+04
9.6706000e-02 +5.0000000e-01 +1.6727917e+01 +2.1143833e-01 +0.0000000e+00 +3.0941667e+00 +1.1589375e+00 +1.7476667e+00 -8.3734028e-01 +1.8568819e-16 +1.8000417e-17 +3.2928627e+04
9.8262000e-02 +5.0000000e-01 +1.6773833e+01 +2.1280833e-01 +0.0000000e+00 +3.0812222e+00 +1.1577986e+00 +1.7392500e+00 -8.3540972e-01 +1.8442500e-16 +1.7368819e-17 +3.2389665e+04
9.9834000e-02 +5.0000000e-01 +1.6819750e+01 +2.1413583e-01 +0.0000000e+00 +3.0687639e+00 +1.1565486e+00 +1.7306389e+00 -8.3345833e-01 +1.8442500e-16 +1.6895139e-17 +3.1861189e+04
1.0142400e-01 +5.0000000e-01 +1.6865583e+01 +2.1542083e-01 +0.0000000e+00 +3.0567500e+00 +1.1551944e+00 +1.7218819e+00 -8.3147222e-01 +1.8316181e-16 +1.6579306e-17 +3.1346400e+04
1.0303200e-01 +5.0000000e-01 +1.6911500e+01 +2.1666500e-01 +0.0000000e+00 +3.0451458e+00 +1.1537431e+00 +1.7130278e+00 -8.2945833e-01 +1.8189861e-16 +1.6579306e-17 +3.0847902e+04
1.0465700e-01 +5.0000000e-01 +1.6957417e+01 +2.1787167e-01 +0.0000000e+00 +3.0339722e+00 +1.1522083e+00 +1.7041597e+00 -8.2741667e-01 +1.7937222e-16 +1.7053056e-17 +3.0364572e+04
1.0629900e-01 +5.0000000e-01 +1.7003333e+01 +2.1904583e-01 +0.0000000e+00 +3.0232361e+00 +1.1505972e+00 +1.6953819e+00 -8.2538194e-01 +1.7684653e-16 +1.7763542e-17 +2.9892266e+04
1.0796000e-01 +5.0000000e-01 +1.7049250e+01 +2.2019500e-01 +0.0000000e+00 +3.0129236e+00 +1.1489236e+00 +1.6867708e+00 -8.2336111e-01 +1.7558333e-16 +1.8789931e-17 +2.9427366e+04
1.0963800e-01 +5.0000000e-01 +1.7095250e+01 +2.2132333e-01 +0.0000000e+00 +3.0029167e+00 +1.1472083e+00 +1.6783681e+00 -8.2136111e-01 +1.7179375e-16 +1.9974167e-17 +2.8969173e+04
1.1133400e-01 +5.0000000e-01 +1.7141167e+01 +2.2243417e-01 +0.0000000e+00 +2.9930347e+00 +1.1454583e+00 +1.6701806e+00 -8.1939583e-01 +1.6800417e-16 +2.1316250e-17 +2.8518732e+04
1.1304800e-01 +5.0000000e-01 +1.7187167e+01 +2.2352583e-01 +0.0000000e+00 +2.9830903e+00 +1.1436875e+00 +1.6621875e+00 -8.1748611e-01 +1.6421458e-16 +2.2421597e-17 +2.8076654e+04
1.1478100e-01 +5.0000000e-01 +1.7233167e+01 +2.2459667e-01 +0.0000000e+00 +2.9729722e+00 +1.1419028e+00 +1.6543472e+00 -8.1562500e-01 +1.6042500e-16 +2.3053194e-17 +2.7642332e+04
1.1653100e-01 +5.0000000e-01 +1.7279167e+01 +2.2564333e-01 +0.0000000e+00 +2.9626458e+00 +1.1400903e+00 +1.6465764e+00 -8.1381250e-01 +1.5726667e-16 +2.3368958e-17 +2.7215831e+04
1.1830100e-01 +5.0000000e-01 +1.7325167e+01 +2.2666083e-01 +0.0000000e+00 +2.9521458e+00 +1.1382431e+00 +1.6388611e+00 -8.1205556e-01 +1.5347708e-16 +2.3526875e-17 +2.6799556e+04
1.2008800e-01 +5.0000000e-01 +1.7371167e+01 +2.2764250e-01 +0.0000000e+00 +2.9415000e+00 +1.1363403e+00 +1.6312569e+00 -8.1032639e-01 +1.5031944e-16 +2.3684792e-17 +2.6394353e+04
1.2189500e-01 +5.0000000e-01 +1.7417250e+01 +2.2857750e-01 +0.0000000e+00 +2.9307292e+00 +1.1343889e+00 +1.6239236e+00 -8.0861111e-01 +1.4842431e-16 +2.4316319e-17 +2.5997174e+04
1.2372000e-01 +5.0000000e-01 +1.7463250e+01 +2.2945583e-01 +0.0000000e+00 +2.9198403e+00 +1.1323889e+00 +1.6169861e+00 -8.0688889e-01 +1.4716111e-16 +2.5105833e-17 +2.5604491e+04
1.2556400e-01 +5.0000000e-01 +1.7509333e+01 +2.3026833e-01 +0.0000000e+00 +2.9088194e+00 +1.1303472e+00 +1.6104861e+00 -8.0511111e-01 +1.4716111e-16 +2.5895347e-17 +2.5215206e+04
1.2742700e-01 +5.0000000e-01 +1.7555333e+01 +2.3100917e-01 +0.0000000e+00 +2.8976042e+00 +1.1282778e+00 +1.6044028e+00 -8.0326389e-01 +1.4716111e-16 +2.6526944e-17 +2.4831883e+04
1.2930900e-01 +5.0000000e-01 +1.7601417e+01 +2.3167750e-01 +0.0000000e+00 +2.8860694e+00 +1.1261806e+00 +1.5986250e+00 -8.0133333e-01 +1.4716111e-16 +2.7000625e-17 +2.4456292e+04
1.3121000e-01 +5.0000000e-01 +1.7647583e+01 +2.3227167e-01 +0.0000000e+00 +2.8740972e+00 +1.1240486e+00 +1.5930139e+00 -7.9934028e-01 +1.4652986e-16 +2.7632222e-17 +2.4088685e+04
1.3313000e-01 +5.0000000e-01 +1.7693833e+01 +2.3278833e-01 +0.0000000e+00 +2.8615764e+00 +1.1218819e+00 +1.5874167e+00 -7.9731250e-01 +1.4463472e-16 +2.8263819e-17 +2.3729957e+04
1.3507000e-01 +5.0000000e-01 +1.7740167e+01 +2.3322250e-01 +0.0000000e+00 +2.8484792e+00 +1.1196806e+00 +1.5817014e+00 -7.9527083e-01 +1.4210833e-16 +2.8579583e-17 +2.3379830e+04
1.3702900e-01 +5.0000000e-01 +1.7786583e+01 +2.3356750e-01 +0.0000000e+00 +2.8348611e+00 +1.1174375e+00 +1.5757292e+00 -7.9321528e-01 +1.4084514e-16 +2.8579583e-17 +2.3036459e+04
1.3900700e-01 +5.0000000e-01 +1.7833083e+01 +2.3381750e-01 +0.0000000e+00 +2.8208264e+00 +1.1151528e+00 +1.5693750e+00 -7.9111111e-01 +1.3958194e-16 +2.7632222e-17 +2.2699045e+04
1.4100500e-01 +5.0000000e-01 +1.7879583e+01 +2.3396833e-01 +0.0000000e+00 +2.8064653e+00 +1.1127986e+00 +1.5626111e+00 -7.8893750e-01 +1.3895069e-16 +2.6053264e-17 +2.2367126e+04
1.4302300e-01 +5.0000000e-01 +1.7926250e+01 +2.3401667e-01 +0.0000000e+00 +2.7918681e+00 +1.1103889e+00 +1.5554653e+00 -7.8665972e-01 +1.3958194e-16 +2.4158472e-17 +2.2039574e+04
1.4506100e-01 +5.0000000e-01 +1.7972917e+01 +2.3396333e-01 +0.0000000e+00 +2.7770625e+00 +1.1079236e+00 +1.5479861e+00 -7.8425694e-01 +1.3958194e-16 +2.2737361e-17 +2.1715412e+04
1.4711800e-01 +5.0000000e-01 +1.8019833e+01 +2.3381000e-01 +0.0000000e+00 +2.7620278e+00 +1.1054028e+00 +1.5402014e+00 -7.8175000e-01 +1.3958194e-16 +2.1316250e-17 +2.1393070e+04
1.4919600e-01 +5.0000000e-01 +1.8066833e+01 +2.3356333e-01 +0.0000000e+00 +2.7467292e+00 +1.1028264e+00 +1.5321042e+00 -7.7914583e-01 +1.3895069e-16 +2.0053125e-17 +2.1073102e+04
1.5129300e-01 +5.0000000e-01 +1.8113917e+01 +2.3323417e-01 +0.0000000e+00 +2.7311042e+00 +1.1001806e+00 +1.5237083e+00 -7.7647222e-01 +1.3768750e-16 +1.8868889e-17 +2.0757738e+04
1.5341000e-01 +5.0000000e-01 +1.8161167e+01 +2.3283000e-01 +0.0000000e+00 +2.7150972e+00 +1.0974583e+00 +1.5150764e+00 -7.7371528e-01 +1.3768750e-16 +1.8237292e-17 +2.0448459e+04
1.5554800e-01 +5.0000000e-01 +1.8208500e+01 +2.3235083e-01 +0.0000000e+00 +2.6986736e+00 +1.0946389e+00 +1.5063333e+00 -7.7085417e-01 +1.3642431e-16 +1.8237292e-17 +2.0145676e+04
1.5770600e-01 +5.0000000e-01 +1.8256000e+01 +2.3179000e-01 +0.0000000e+00 +2.6818958e+00 +1.0917014e+00 +1.4976319e+00 -7.6791667e-01 +1.3516111e-16 +1.8395139e-17 +1.9847502e+04
1.5988400e-01 +5.0000000e-01 +1.8303583e+01 +2.3114333e-01 +0.0000000e+00 +2.6649375e+00 +1.0886389e+00 +1.4890556e+00 -7.6492361e-01 +1.3326597e-16 +1.8474097e-17 +1.9551608e+04
1.6208200e-01 +5.0000000e-01 +1.8351333e+01 +2.3041333e-01 +0.0000000e+00 +2.6480069e+00 +1.0854167e+00 +1.4805556e+00 -7.6190972e-01 +1.3137153e-16 +1.8079375e-17 +1.9258243e+04
1.6430000e-01 +5.0000000e-01 +1.8399167e+01 +2.2960583e-01 +0.0000000e+00 +2.6312222e+00 +1.0820417e+00 +1.4720278e+00 -7.5887500e-01 +1.2884514e-16 +1.7289861e-17 +1.8969191e+04
1.6654000e-01 +5.0000000e-01 +1.8447083e+01 +2.2872750e-01 +0.0000000e+00 +2.6146181e+00 +1.0785139e+00 +1.4633125e+00 -7.5582639e-01 +1.2631875e-16 +1.6500347e-17 +1.8686220e+04
1.6879900e-01 +5.0000000e-01 +1.8495250e+01 +2.2777583e-01 +0.0000000e+00 +2.5981319e+00 +1.0748542e+00 +1.4543056e+00 -7.5276389e-01 +1.2316042e-16 +1.6263542e-17 +1.8409086e+04
1.7107900e-01 +5.0000000e-01 +1.8543500e+01 +2.2674583e-01 +0.0000000e+00 +2.5816736e+00 +1.0710972e+00 +1.4449583e+00 -7.4968056e-01 +1.2063403e-16 +1.6658264e-17 +1.8135718e+04
1.7338000e-01 +5.0000000e-01 +1.8592000e+01 +2.2562750e-01 +0.0000000e+00 +2.5652500e+00 +1.0672778e+00 +1.4353472e+00 -7.4656944e-01 +1.2000278e-16 +1.7605694e-17 +1.7864328e+04
1.7570100e-01 +5.0000000e-01 +1.8640583e+01 +2.2441333e-01 +0.0000000e+00 +2.5489167e+00 +1.0634097e+00 +1.4255556e+00 -7.4338194e-01 +1.1873958e-16 +1.8474097e-17 +1.7596761e+04
1.7804300e-01 +5.0000000e-01 +1.8689500e+01 +2.2309333e-01 +0.0000000e+00 +2.5327292e+00 +1.0594861e+00 +1.4156528e+00 -7.4008333e-01 +1.1873958e-16 +1.8947778e-17 +1.7334862e+04
1.8040600e-01 +5.0000000e-01 +1.8738583e+01 +2.2166667e-01 +0.0000000e+00 +2.5167153e+00 +1.0554931e+00 +1.4057361e+00 -7.3666667e-01 +1.1810833e-16 +1.8868889e-17 +1.7077184e+04
1.8278900e-01 +5.0000000e-01 +1.8788000e+01 +2.2014250e-01 +0.0000000e+00 +2.5007222e+00 +1.0514236e+00 +1.3958958e+00 -7.3314583e-01 +1.1747639e-16 +1.8474097e-17 +1.6824429e+04
1.8519300e-01 +5.0000000e-01 +1.8837583e+01 +2.1853333e-01 +0.0000000e+00 +2.4845139e+00 +1.0472639e+00 +1.3861944e+00 -7.2950694e-01 +1.1684514e-16 +1.8000417e-17 +1.6578516e+04
1.8761700e-01 +5.0000000e-01 +1.8887583e+01 +2.1684333e-01 +0.0000000e+00 +2.4679583e+00 +1.0430208e+00 +1.3766875e+00 -7.2576389e-01 +1.1684514e-16 +1.7763542e-17 +1.6336086e+04
1.9006300e-01 +5.0000000e-01 +1.8937833e+01 +2.1506667e-01 +0.0000000e+00 +2.4510972e+00 +1.0386667e+00 +1.3673958e+00 -7.2190972e-01 +1.1558194e-16 +1.7210903e-17 +1.6093328e+04
1.9252900e-01 +5.0000000e-01 +1.8988417e+01 +2.1318750e-01 +0.0000000e+00 +2.4340764e+00 +1.0341736e+00 +1.3582292e+00 -7.1798611e-01 +1.1431875e-16 +1.5947708e-17 +1.5851955e+04
1.9501600e-01 +5.0000000e-01 +1.9039333e+01 +2.1119417e-01 +0.0000000e+00 +2.4170903e+00 +1.0295069e+00 +1.3490069e+00 -7.1401389e-01 +1.1242361e-16 +1.3658194e-17 +1.5612805e+04
1.9752400e-01 +5.0000000e-01 +1.9090500e+01 +2.0907917e-01 +0.0000000e+00 +2.4002083e+00 +1.0246528e+00 +1.3395625e+00 -7.0999306e-01 +1.1052917e-16 +1.0973958e-17 +1.5372861e+04
2.0005300e-01 +5.0000000e-01 +1.9141750e+01 +2.0684417e-01 +0.0000000e+00 +2.3833611e+00 +1.0196111e+00 +1.3298125e+00 -7.0589583e-01 +1.0863403e-16 +8.1712500e-18 +1.5133165e+04
2.0260200e-01 +5.0000000e-01 +1.9193167e+01 +2.0449500e-01 +0.0000000e+00 +2.3664861e+00 +1.0144167e+00 +1.3197222e+00 -7.0167361e-01 +1.0673958e-16 +5.6843403e-18 +1.4896126e+04
2.0517200e-01 +5.0000000e-01 +1.9244750e+01 +2.0204167e-01 +0.0000000e+00 +2.3496389e+00 +1.0090903e+00 +1.3093194e+00 -6.9729861e-01 +1.0610764e-16 +3.6514028e-18 +1.4661854e+04
2.0776300e-01 +5.0000000e-01 +1.9296417e+01 +1.9949083e-01 +0.0000000e+00 +2.3328681e+00 +1.0036528e+00 +1.2986458e+00 -6.9273750e-01 +1.0610764e-16 +1.9342569e-18 +1.4428281e+04
2.1037500e-01 +5.0000000e-01 +1.9348167e+01 +1.9684750e-01 +0.0000000e+00 +2.3161181e+00 +9.9812500e-01 +1.2877361e+00 -6.8795208e-01 +1.0610764e-16 +4.0708194e-19 +1.4194866e+04
2.1300800e-01 +5.0000000e-01 +1.9400000e+01 +1.9411750e-01 +0.0000000e+00 +2.2992222e+00 +9.9249306e-01 +1.2766042e+00 -6.8292500e-01 +1.0610764e-16 -9.1778472e-19 +1.3965238e+04
2.1566100e-01 +5.0000000e-01 +1.9451833e+01 +1.9131083e-01 +0.0000000e+00 +2.2820556e+00 +9.8675000e-01 +1.2652500e+00 -6.7765903e-01 +1.0547639e-16 -2.0230764e-18 +1.3743294e+04
2.1833500e-01 +5.0000000e-01 +1.9503917e+01 +1.8843333e-01 +0.0000000e+00 +2.2645694e+00 +9.8086806e-01 +1.2536806e+00 -6.7217292e-01 +1.0484444e-16 -2.9605972e-18 +1.3529091e+04
2.2102900e-01 +5.0000000e-01 +1.9556000e+01 +1.8549000e-01 +0.0000000e+00 +2.2467292e+00 +9.7485417e-01 +1.2419097e+00 -6.6649236e-01 +1.0358125e-16 -3.8487708e-18 +1.3319654e+04
2.2374400e-01 +5.0000000e-01 +1.9608167e+01 +1.8248083e-01 +0.0000000e+00 +2.2284653e+00 +9.6872917e-01 +1.2299097e+00 -6.6063819e-01 +1.0168681e-16 -4.7961667e-18 +1.3117173e+04
2.2648000e-01 +5.0000000e-01 +1.9660417e+01 +1.7940833e-01 +0.0000000e+00 +2.2097292e+00 +9.6250694e-01 +1.2176319e+00 -6.5462778e-01 +9.9160417e-17 -5.8422431e-18 +1.2921618e+04
2.2923600e-01 +5.0000000e-01 +1.9712667e+01 +1.7628167e-01 +0.0000000e+00 +2.1906250e+00 +9.5620833e-01 +1.2051042e+00 -6.4849236e-01 +9.6002083e-17 -7.0264583e-18 +1.2726477e+04
2.3201300e-01 +5.0000000e-01 +1.9764917e+01 +1.7312250e-01 +0.0000000e+00 +2.1713472e+00 +9.4982639e-01 +1.1923333e+00 -6.4225903e-01 +9.2212500e-17 -8.4080556e-18 +1.2526604e+04
2.3481000e-01 +5.0000000e-01 +1.9817167e+01 +1.6995583e-01 +0.0000000e+00 +2.1520556e+00 +9.4336111e-01 +1.1793056e+00 -6.3592222e-01 +8.9054861e-17 -1.0066042e-17 +1.2321377e+04
2.3762700e-01 +5.0000000e-01 +1.9869417e+01 +1.6679750e-01 +0.0000000e+00 +2.1327917e+00 +9.3679167e-01 +1.1660208e+00 -6.2946667e-01 +8.5896528e-17 -1.1763403e-17 +1.2113887e+04
2.4046400e-01 +5.0000000e-01 +1.9921667e+01 +1.6364917e-01 +0.0000000e+00 +2.1135347e+00 +9.3009028e-01 +1.1525139e+00 -6.2288611e-01 +8.3370139e-17 -1.3500278e-17 +1.1910236e+04
2.4332200e-01 +5.0000000e-01 +1.9974000e+01 +1.6050250e-01 +0.0000000e+00 +2.0942500e+00 +9.2325000e-01 +1.1388472e+00 -6.1619514e-01 +8.0212500e-17 -1.4921389e-17 +1.1711965e+04
2.4620000e-01 +5.0000000e-01 +2.0026250e+01 +1.5735250e-01 +0.0000000e+00 +2.0749306e+00 +9.1630556e-01 +1.1250972e+00 -6.0942917e-01 +7.6422917e-17 -1.5789861e-17 +1.1515782e+04
2.4909800e-01 +5.0000000e-01 +2.0078500e+01 +1.5420167e-01 +0.0000000e+00 +2.0555556e+00 +9.0927083e-01 +1.1113333e+00 -6.0261042e-01 +7.2001389e-17 -1.6421458e-17 +1.1321455e+04
2.5201500e-01 +5.0000000e-01 +2.0130750e+01 +1.5106000e-01 +0.0000000e+00 +2.0361042e+00 +9.0213194e-01 +1.0976806e+00 -5.9574028e-01 +6.7580486e-17 -1.7131944e-17 +1.1129381e+04
2.5495300e-01 +5.0000000e-01 +2.0183000e+01 +1.4793250e-01 +0.0000000e+00 +2.0166528e+00 +8.9488889e-01 +1.0841944e+00 -5.8883542e-01 +6.2843542e-17 -1.8000417e-17 +1.0938210e+04
2.5791000e-01 +5.0000000e-01 +2.0235167e+01 +1.4482083e-01 +0.0000000e+00 +1.9972778e+00 +8.8752778e-01 +1.0707708e+00 -5.8192083e-01 +5.8106597e-17 -1.8868889e-17 +1.0746284e+04
2.6088700e-01 +5.0000000e-01 +2.0287333e+01 +1.4171750e-01 +0.0000000e+00 +1.9779653e+00 +8.8006250e-01 +1.0573125e+00 -5.7500764e-01 +5.3053889e-17 -1.9816250e-17 +1.0554583e+04
2.6388300e-01 +5.0000000e-01 +2.0339333e+01 +1.3861417e-01 +0.0000000e+00 +1.9586111e+00 +8.7250694e-01 +1.0437292e+00 -5.6810694e-01 +4.7369514e-17 -2.0763611e-17 +1.0368375e+04
2.6689900e-01 +5.0000000e-01 +2.0391167e+01 +1.3550750e-01 +0.0000000e+00 +1.9390486e+00 +8.6485417e-01 +1.0299653e+00 -5.6122083e-01 +4.1685208e-17 -2.1947847e-17 +1.0189500e+04
2.6993400e-01 +5.0000000e-01 +2.0442833e+01 +1.3239833e-01 +0.0000000e+00 +1.9190347e+00 +8.5711111e-01 +1.0159514e+00 -5.5433681e-01 +3.6316597e-17 -2.3053194e-17 +1.0014050e+04
2.7298800e-01 +5.0000000e-01 +2.0494417e+01 +1.2928833e-01 +0.0000000e+00 +1.8983611e+00 +8.4927778e-01 +1.0016736e+00 -5.4745347e-01 +3.0790208e-17 -2.4316319e-17 +9.8394143e+03
2.7606100e-01 +5.0000000e-01 +2.0545750e+01 +1.2618333e-01 +0.0000000e+00 +1.8768333e+00 +8.4137500e-01 +9.8725694e-01 -5.4056528e-01 +2.5737431e-17 -2.5737431e-17 +9.6649105e+03
2.7915300e-01 +5.0000000e-01 +2.0596917e+01 +1.2308500e-01 +0.0000000e+00 +1.8544514e+00 +8.3340972e-01 +9.7288889e-01 -5.3363819e-01 +2.1790000e-17 -2.7000625e-17 +9.4897977e+03
2.8226400e-01 +5.0000000e-01 +2.0647917e+01 +1.1997750e-01 +0.0000000e+00 +1.8314653e+00 +8.2541667e-01 +9.5868056e-01 -5.2661389e-01 +1.9658333e-17 -2.8105903e-17 +9.3127308e+03
2.8539300e-01 +5.0000000e-01 +2.0698667e+01 +1.1683417e-01 +0.0000000e+00 +1.8082222e+00 +8.1741667e-01 +9.4456250e-01 -5.1942708e-01 +1.8395139e-17 -2.8895417e-17 +9.1338628e+03
2.8854100e-01 +5.0000000e-01 +2.0749083e+01 +1.1363167e-01 +0.0000000e+00 +1.7849306e+00 +8.0943056e-01 +9.3040972e-01 -5.1203611e-01 +1.7605694e-17 -2.9684931e-17 +8.9522232e+03
2.9170600e-01 +5.0000000e-01 +2.0799083e+01 +1.1035667e-01 +0.0000000e+00 +1.7615417e+00 +8.0147222e-01 +9.1625694e-01 -5.0441319e-01 +1.7210903e-17 -3.0316458e-17 +8.7672170e+03
2.9489000e-01 +5.0000000e-01 +2.0848583e+01 +1.0701083e-01 +0.0000000e+00 +1.7377500e+00 +7.9353472e-01 +9.0224306e-01 -4.9654097e-01 +1.6737222e-17 -3.1421806e-17 +8.5844567e+03
2.9809200e-01 +5.0000000e-01 +2.0897500e+01 +1.0359833e-01 +0.0000000e+00 +1.7133750e+00 +7.8559028e-01 +8.8847222e-01 -4.8843194e-01 +1.5631944e-17 -3.2685000e-17 +8.4085748e+03
3.0131100e-01 +5.0000000e-01 +2.0945833e+01 +1.0011750e-01 +0.0000000e+00 +1.6885208e+00 +7.7760417e-01 +8.7490278e-01 -4.8010972e-01 +1.3895069e-17 -3.3632361e-17 +8.2398009e+03
3.0454800e-01 +5.0000000e-01 +2.0993667e+01 +9.6565833e-02 +0.0000000e+00 +1.6633333e+00 +7.6955556e-01 +8.6148611e-01 -4.7158472e-01 +1.1842361e-17 -3.4421875e-17 +8.0781758e+03
3.0780200e-01 +5.0000000e-01 +2.1041000e+01 +9.2948333e-02 +0.0000000e+00 +1.6379583e+00 +7.6141667e-01 +8.4825694e-01 -4.6286389e-01 +9.9081250e-18 -3.5053472e-17 +7.9223185e+03
3.1107400e-01 +5.0000000e-01 +2.1087917e+01 +8.9271667e-02 +0.0000000e+00 +1.6125764e+00 +7.5316667e-01 +8.3525694e-01 -4.5397292e-01 +7.8949306e-18 -3.5685069e-17 +7.7699254e+03
3.1436200e-01 +5.0000000e-01 +2.1134333e+01 +8.5548333e-02 +0.0000000e+00 +1.5871875e+00 +7.4481250e-01 +8.2244444e-01 -4.4493889e-01 +5.5264444e-18 -3.6474514e-17 +7.6226833e+03
3.1766700e-01 +5.0000000e-01 +2.1180417e+01 +8.1796833e-02 +0.0000000e+00 +1.5616319e+00 +7.3638889e-01 +8.0978472e-01 -4.3578264e-01 +2.9408542e-18 -3.7106111e-17 +7.4799218e+03
3.2098800e-01 +5.0000000e-01 +2.1225917e+01 +7.8042583e-02 +0.0000000e+00 +1.5358472e+00 +7.2793750e-01 +7.9731250e-01 -4.2653194e-01 -4.2789861e-21 -3.6948194e-17 +7.3363537e+03
3.2432600e-01 +5.0000000e-01 +2.1271000e+01 +7.4313667e-02 +0.0000000e+00 +1.5099028e+00 +7.1952083e-01 +7.8504861e-01 -4.1722431e-01 -3.5527153e-18 -3.6474514e-17 +7.1910381e+03
3.2768000e-01 +5.0000000e-01 +2.1315583e+01 +7.0627500e-02 +0.0000000e+00 +1.4839722e+00 +7.1115972e-01 +7.7304861e-01 -4.0788889e-01 -7.3422917e-18 -3.5842917e-17 +7.0467368e+03
3.3104900e-01 +5.0000000e-01 +2.1359583e+01 +6.6987167e-02 +0.0000000e+00 +1.4582083e+00 +7.0286806e-01 +7.6138194e-01 -3.9852847e-01 -1.0895000e-17 -3.5053472e-17 +6.9052695e+03
3.3443500e-01 +5.0000000e-01 +2.1403000e+01 +6.3393083e-02 +0.0000000e+00 +1.4325903e+00 +6.9466667e-01 +7.5000000e-01 -3.8912639e-01 -1.4131875e-17 -3.4421875e-17 +6.7680387e+03
3.3783500e-01 +5.0000000e-01 +2.1445833e+01 +5.9858917e-02 +0.0000000e+00 +1.4069583e+00 +6.8656736e-01 +7.3884028e-01 -3.7967500e-01 -1.7289861e-17 -3.3790278e-17 +6.6350010e+03
3.4125100e-01 +5.0000000e-01 +2.1488000e+01 +5.6407417e-02 +0.0000000e+00 +1.3811667e+00 +6.7859028e-01 +7.2788194e-01 -3.7017917e-01 -2.0526806e-17 -3.3474444e-17 +6.5057024e+03
3.4468100e-01 +5.0000000e-01 +2.1529583e+01 +5.3056667e-02 +0.0000000e+00 +1.3552917e+00 +6.7072708e-01 +7.1714583e-01 -3.6065417e-01 -2.3526875e-17 -3.3474444e-17 +6.3788838e+03
3.4812600e-01 +5.0000000e-01 +2.1570500e+01 +4.9820583e-02 +0.0000000e+00 +1.3295556e+00 +6.6297014e-01 +7.0663194e-01 -3.5111319e-01 -2.6369028e-17 -3.3316528e-17 +6.2532738e+03
3.5158500e-01 +5.0000000e-01 +2.1610750e+01 +4.6712417e-02 +0.0000000e+00 +1.3040208e+00 +6.5533472e-01 +6.9631944e-01 -3.4155417e-01 -2.9527014e-17 -3.3158681e-17 +6.1317747e+03
3.5505900e-01 +5.0000000e-01 +2.1650417e+01 +4.3743083e-02 +0.0000000e+00 +1.2786181e+00 +6.4783750e-01 +6.8625069e-01 -3.3198681e-01 -3.2685000e-17 -3.3158681e-17 +6.0169639e+03
3.5854600e-01 +5.0000000e-01 +2.1689417e+01 +4.0921167e-02 +0.0000000e+00 +1.2533472e+00 +6.4048125e-01 +6.7648750e-01 -3.2243264e-01 -3.5369236e-17 -3.3316528e-17 +5.9068591e+03
3.6204600e-01 +5.0000000e-01 +2.1727833e+01 +3.8256917e-02 +0.0000000e+00 +1.2282847e+00 +6.3325139e-01 +6.6701250e-01 -3.1288889e-01 -3.7579792e-17 -3.3790278e-17 +5.7990887e+03
3.6556000e-01 +5.0000000e-01 +2.1765417e+01 +3.5757917e-02 +0.0000000e+00 +1.2034931e+00 +6.2613681e-01 +6.5776806e-01 -3.0334583e-01 -3.9474583e-17 -3.4263958e-17 +5.6939476e+03
3.6908700e-01 +5.0000000e-01 +2.1802083e+01 +3.3419500e-02 +0.0000000e+00 +1.1790625e+00 +6.1913611e-01 +6.4867431e-01 -2.9381458e-01 -4.2000972e-17 -3.5053472e-17 +5.5930821e+03
3.7262600e-01 +5.0000000e-01 +2.1837917e+01 +3.1225167e-02 +0.0000000e+00 +1.1550556e+00 +6.1225903e-01 +6.3968403e-01 -2.8430208e-01 -4.4527361e-17 -3.6000833e-17 +5.4955635e+03
3.7617800e-01 +5.0000000e-01 +2.1872750e+01 +2.9155583e-02 +0.0000000e+00 +1.1315694e+00 +6.0552500e-01 +6.3082222e-01 -2.7479514e-01 -4.6422153e-17 -3.6790347e-17 +5.3980274e+03
3.7974200e-01 +5.0000000e-01 +2.1906667e+01 +2.7192167e-02 +0.0000000e+00 +1.1087222e+00 +5.9895208e-01 +6.2216111e-01 -2.6526111e-01 -4.7369514e-17 -3.7579792e-17 +5.2992571e+03
3.8331700e-01 +5.0000000e-01 +2.1939583e+01 +2.5314000e-02 +0.0000000e+00 +1.0864861e+00 +5.9253750e-01 +6.1374931e-01 -2.5566597e-01 -4.8316875e-17 -3.8369306e-17 +5.2017352e+03
3.8690400e-01 +5.0000000e-01 +2.1971583e+01 +2.3500583e-02 +0.0000000e+00 +1.0647917e+00 +5.8626250e-01 +6.0560208e-01 -2.4601667e-01 -4.9580069e-17 -3.8842986e-17 +5.1081878e+03
3.9050200e-01 +5.0000000e-01 +2.2002667e+01 +2.1738667e-02 +0.0000000e+00 +1.0436736e+00 +5.8010486e-01 +5.9772292e-01 -2.3636319e-01 -5.1790694e-17 -3.9158819e-17 +5.0181905e+03
3.9411100e-01 +5.0000000e-01 +2.2032750e+01 +2.0020000e-02 +0.0000000e+00 +1.0233056e+00 +5.7405069e-01 +5.9012847e-01 -2.2677986e-01 -5.4632847e-17 -3.9000903e-17 +4.9303461e+03
3.9773000e-01 +5.0000000e-01 +2.2061750e+01 +1.8338833e-02 +0.0000000e+00 +1.0037708e+00 +5.6809097e-01 +5.8285139e-01 -2.1730972e-01 -5.8106597e-17 -3.8527222e-17 +4.8451425e+03
4.0135900e-01 +5.0000000e-01 +2.2089667e+01 +1.6690250e-02 +0.0000000e+00 +9.8501389e-01 +5.6222014e-01 +5.7589583e-01 -2.0795625e-01 -6.1264583e-17 -3.8211389e-17 +4.7635324e+03
4.0499800e-01 +5.0000000e-01 +2.2116500e+01 +1.5073000e-02 +0.0000000e+00 +9.6700000e-01 +5.5644167e-01 +5.6918958e-01 -1.9871944e-01 -6.4422569e-17 -3.7737708e-17 +4.6870948e+03
4.0864600e-01 +5.0000000e-01 +2.2142250e+01 +1.3494083e-02 +0.0000000e+00 +9.4966667e-01 +5.5078542e-01 +5.6266111e-01 -1.8961667e-01 -6.7896319e-17 -3.6790347e-17 +4.6173464e+03
4.1230400e-01 +5.0000000e-01 +2.2166833e+01 +1.1964250e-02 +0.0000000e+00 +9.3294444e-01 +5.4530764e-01 +5.5633403e-01 -1.8067431e-01 -7.2001389e-17 -3.5211319e-17 +4.5537829e+03
4.1597000e-01 +5.0000000e-01 +2.2190333e+01 +1.0493583e-02 +0.0000000e+00 +9.1679861e-01 +5.4006458e-01 +5.5020694e-01 -1.7190972e-01 -7.5475694e-17 -3.3316528e-17 +4.4957538e+03
4.1964500e-01 +5.0000000e-01 +2.2212667e+01 +9.0886667e-03 +0.0000000e+00 +9.0127778e-01 +5.3508958e-01 +5.4426181e-01 -1.6331389e-01 -7.9265278e-17 -3.1421806e-17 +4.4416710e+03
4.2332800e-01 +5.0000000e-01 +2.2233833e+01 +7.7588000e-03 +0.0000000e+00 +8.8645833e-01 +5.3038611e-01 +5.3858750e-01 -1.5485069e-01 -8.2106944e-17 -3.0000694e-17 +4.3885086e+03
4.2701900e-01 +5.0000000e-01 +2.2254000e+01 +6.5289000e-03 +0.0000000e+00 +8.7248611e-01 +5.2594097e-01 +5.3327569e-01 -1.4648542e-01 -8.4633333e-17 -2.8895417e-17 +4.3347891e+03
4.3071600e-01 +5.0000000e-01 +2.2273083e+01 +5.4233917e-03 +0.0000000e+00 +8.5945833e-01 +5.2172708e-01 +5.2832500e-01 -1.3820278e-01 -8.7159722e-17 -2.8105903e-17 +4.2810070e+03
4.3442100e-01 +5.0000000e-01 +2.2291250e+01 +4.4521750e-03 +0.0000000e+00 +8.4740972e-01 +5.1771528e-01 +5.2368403e-01 -1.2999306e-01 -8.9054861e-17 -2.7790139e-17 +4.2289278e+03
4.3813300e-01 +5.0000000e-01 +2.2308417e+01 +3.6127833e-03 +0.0000000e+00 +8.3623611e-01 +5.1388819e-01 +5.1932083e-01 -1.2186597e-01 -9.0949306e-17 -2.7000625e-17 +4.1791432e+03
4.4185100e-01 +5.0000000e-01 +2.2324583e+01 +2.8991083e-03 +0.0000000e+00 +8.2587500e-01 +5.1024792e-01 +5.1524792e-01 -1.1384861e-01 -9.3475694e-17 -2.6211111e-17 +4.1314734e+03
4.4557400e-01 +5.0000000e-01 +2.2339750e+01 +2.3087917e-03 +0.0000000e+00 +8.1629861e-01 +5.0681389e-01 +5.1146875e-01 -1.0596667e-01 -9.6002083e-17 -2.5105833e-17 +4.0872731e+03
4.4930400e-01 +5.0000000e-01 +2.2353750e+01 +1.8382667e-03 +0.0000000e+00 +8.0742361e-01 +5.0361806e-01 +5.0795972e-01 -9.8229167e-02 -9.7897222e-17 -2.3526875e-17 +4.0473762e+03
4.5303800e-01 +5.0000000e-01 +2.2366667e+01 +1.4778917e-03 +0.0000000e+00 +7.9912500e-01 +5.0068819e-01 +5.0473889e-01 -9.0622917e-02 -1.0042361e-16 -2.1632083e-17 +4.0107831e+03
4.5677700e-01 +5.0000000e-01 +2.2378500e+01 +1.2112833e-03 +0.0000000e+00 +7.9123611e-01 +4.9803542e-01 +5.0182639e-01 -8.3118056e-02 -1.0231806e-16 -1.9500417e-17 +3.9775569e+03
4.6052100e-01 +5.0000000e-01 +2.2389250e+01 +1.0133167e-03 +0.0000000e+00 +7.8372222e-01 +4.9565694e-01 +4.9915833e-01 -7.5692361e-02 -1.0358125e-16 -1.7368819e-17 +3.9490034e+03
4.6426900e-01 +5.0000000e-01 +2.2399000e+01 +8.5233333e-04 +0.0000000e+00 +7.7668056e-01 +4.9354583e-01 +4.9667639e-01 -6.8333681e-02 -1.0421319e-16 -1.5237222e-17 +3.9251367e+03
4.6802000e-01 +5.0000000e-01 +2.2407667e+01 +6.9919250e-04 +0.0000000e+00 +7.7024306e-01 +4.9170833e-01 +4.9439861e-01 -6.1036111e-02 -1.0484444e-16 -1.3263472e-17 +3.9040196e+03
4.7177500e-01 +5.0000000e-01 +2.2415250e+01 +5.3959583e-04 +0.0000000e+00 +7.6452083e-01 +4.9016042e-01 +4.9236875e-01 -5.3793472e-02 -1.0610764e-16 -1.1052917e-17 +3.8828187e+03
4.7553200e-01 +5.0000000e-01 +2.2421833e+01 +3.7894750e-04 +0.0000000e+00 +7.5960417e-01 +4.8890278e-01 +4.9062778e-01 -4.6602986e-02 -1.0737083e-16 -8.9212500e-18 +3.8613885e+03
4.7929200e-01 +5.0000000e-01 +2.2427417e+01 +2.3354833e-04 +0.0000000e+00 +7.5548611e-01 +4.8791528e-01 +4.8918264e-01 -3.9460486e-02 -1.0800278e-16 -6.9080556e-18 +3.8425137e+03
4.8305400e-01 +5.0000000e-01 +2.2432083e+01 +1.1953500e-04 +0.0000000e+00 +7.5215972e-01 +4.8717153e-01 +4.8802153e-01 -3.2341806e-02 -1.0800278e-16 -4.9935347e-18 +3.8276319e+03
4.8681800e-01 +5.0000000e-01 +2.2435750e+01 +4.6623583e-05 +0.0000000e+00 +7.4967361e-01 +4.8664583e-01 +4.8712361e-01 -2.5206458e-02 -1.0737083e-16 -3.1777083e-18 +3.8158125e+03
4.9058400e-01 +5.0000000e-01 +2.2438500e+01 +1.1492250e-05 +0.0000000e+00 +7.4802083e-01 +4.8630694e-01 +4.8650556e-01 -1.8028958e-02 -1.0673958e-16 -1.5987222e-18 +3.8049305e+03
4.9435000e-01 +5.0000000e-01 +2.2440333e+01 +4.4199250e-07 +0.0000000e+00 +7.4705556e-01 +4.8611667e-01 +4.8616806e-01 -1.0821181e-02 -1.0610764e-16 -5.6744722e-19 +3.7950208e+03
4.9811700e-01 +5.0000000e-01 +2.2441250e+01 +0.0000000e+00 +0.0000000e+00 +7.4659722e-01 +4.8603403e-01 +4.8603403e-01 -3.6065972e-03 -1.0610764e-16 -1.1287292e-19 +3.7892083e+03
5.0188300e-01 +5.0000000e-01 +2.2441250e+01 -4.4199250e-07 +0.0000000e+00 +7.4659722e-01 +4.8603403e-01 +4.8603403e-01 +3.6065972e-03 -1.0610764e-16 +1.1287292e-19 +3.7892083e+03
5.0565000e-01 +5.0000000e-01 +2.2440333e+01 -1.1492250e-05 +0.0000000e+00 +7.4705556e-01 +4.8611667e-01 +4.8616806e-01 +1.0821181e-02 -1.0610764e-16 +5.6744722e-19 +3.7950208e+03
5.0941600e-01 +5.0000000e-01 +2.2438500e+01 -4.6623583e-05 +0.0000000e+00 +7.4802083e-01 +4.8630694e-01 +4.8650556e-01 +1.8028958e-02 -1.0673958e-16 +1.5987222e-18 +3.8049305e+03
5.1318200e-01 +5.0000000e-01 +2.2435750e+01 -1.1953500e-04 +0.0000000e+00 +7.4967361e-01 +4.8664583e-01 +4.8712361e-01 +2.5206458e-02 -1.0737083e-16 +3.1777083e-18 +3.8158125e+03
5.1694600e-01 +5.0000000e-01 +2.2432083e+01 -2.3354833e-04 +0.0000000e+00 +7.5215972e-01 +4.8717153e-01 +4.8802153e-01 +3.2341806e-02 -1.0800278e-16 +4.9935347e-18 +3.8276319e+03
5.2070800e-01 +5.0000000e-01 +2.2427417e+01 -3.7894750e-04 +0.0000000e+00 +7.5548611e-01 +4.8791528e-01 +4.8918264e-01 +3.9460486e-02 -1.0800278e-16 +6.9080556e-18 +3.8425137e+03
5.2446800e-01 +5.0000000e-01 +2.2421833e+01 -5.3959583e-04 +0.0000000e+00 +7.5960417e-01 +4.8890278e-01 +4.9062778e-01 +4.6602986e-02 -1.0737083e-16 +8.9212500e-18 +3.8613885e+03
5.2822500e-01 +5.0000000e-01 +2.2415250e+01 -6.9919250e-04 +0.0000000e+00 +7.6452083e-01 +4.9016042e-01 +4.9236875e-01 +5.3793472e-02 -1.0610764e-16 +1.1052917e-17 +3.8828187e+03
5.3198000e-01 +5.0000000e-01 +2.2407667e+01 -8.5233333e-04 +0.0000000e+00 +7.7024306e-01 +4.9170833e-01 +4.9439861e-01 +6.1036111e-02 -1.0484444e-16 +1.3263472e-17 +3.9040196e+03
5.3573100e-01 +5.0000000e-01 +2.2399000e+01 -1.0133167e-03 +0.0000000e+00 +7.7668056e-01 +4.9354583e-01 +4.9667639e-01 +6.8333681e-02 -1.0421319e-16 +1.5237222e-17 +3.9251367e+03
5.3947900e-01 +5.0000000e-01 +2.2389250e+01 -1.2112833e-03 +0.0000000e+00 +7.8372222e-01 +4.9565694e-01 +4.9915833e-01 +7.5692361e-02 -1.0358125e-16 +1.7368819e-17 +3.9490034e+03
5.4322300e-01 +5.0000000e-01 +2.2378500e+01 -1.4778917e-03 +0.0000000e+00 +7.9123611e-01 +4.9803542e-01 +5.0182639e-01 +8.3118056e-02 -1.0231806e-16 +1.9500417e-17 +3.9775569e+03
5.4696200e-01 +5.0000000e-01 +2.2366667e+01 -1.8382667e-03 +0.0000000e+00 +7.9912500e-01 +5.0068819e-01 +5.0473889e-01 +9.0622917e-02 -1.0042361e-16 +2.1632083e-17 +4.0107831e+03
5.5069600e-01 +5.0000000e-01 +2.2353750e+01 -2.3087917e-03 +0.0000000e+00 +8.0742361e-01 +5.0361806e-01 +5.0795972e-01 +9.8229167e-02 -9.7897222e-17 +2.3526875e-17 +4.0473762e+03
5.5442600e-01 +5.0000000e-01 +2.2339750e+01 -2.8991083e-03 +0.0000000e+00 +8.1629861e-01 +5.0681389e-01 +5.1146875e-01 +1.0596667e-01 -9.6002083e-17 +2.5105833e-17 +4.0872731e+03
5.5814900e-01 +5.0000000e-01 +2.2324583e+01 -3.6127833e-03 +0.0000000e+00 +8.2587500e-01 +5.1024792e-01 +5.1524792e-01 +1.1384861e-01 -9.3475694e-17 +2.6211111e-17 +4.1314734e+03
5.6186700e-01 +5.0000000e-01 +2.2308417e+01 -4.4521750e-03 +0.0000000e+00 +8.3623611e-01 +5.1388819e-01 +5.1932083e-01 +1.2186597e-01 -9.0949306e-17 +2.7000625e-17 +4.1791432e+03
5.6557900e-01 +5.0000000e-01 +2.2291250e+01 -5.4233917e-03 +0.0000000e+00 +8.4740972e-01 +5.1771528e-01 +5.2368403e-01 +1.2999306e-01 -8.9054861e-17 +2.7790139e-17 +4.2289278e+03
5.6928400e-01 +5.0000000e-01 +2.2273083e+01 -6.5289000e-03 +0.0000000e+00 +8.5945833e-01 +5.2172708e-01 +5.2832500e-01 +1.3820278e-01 -8.7159722e-17 +2.8105903e-17 +4.2810070e+03
5.7298100e-01 +5.0000000e-01 +2.2254000e+01 -7.7588000e-03 +0.0000000e+00 +8.7248611e-01 +5.2594097e-01 +5.3327569e-01 +1.4648542e-01 -8.4633333e-17 +2.8895417e-17 +4.3347891e+03
5.7667200e-01 +5.0000000e-01 +2.2233833e+01 -9.0886667e-03 +0.0000000e+00 +8.8645833e-01 +5.3038611e-01 +5.3858750e-01 +1.5485069e-01 -8.2106944e-17 +3.0000694e-17 +4.3885086e+03
5.8035500e-01 +5.0000000e-01 +2.2212667e+01 -1.0493583e-02 +0.0000000e+00 +9.0127778e-01 +5.3508958e-01 +5.4426181e-01 +1.6331389e-01 -7.9265278e-17 +3.1421806e-17 +4.4416710e+03
5.8403000e-01 +5.0000000e-01 +2.2190333e+01 -1.1964250e-02 +0.0000000e+00 +9.1679861e-01 +5.4006458e-01 +5.5020694e-01 +1.7190972e-01 -7.5475694e-17 +3.3316528e-17 +4.4957538e+03
5.8769600e-01 +5.0000000e-01 +2.2166833e+01 -1.3494083e-02 +0.0000000e+00 +9.3294444e-01 +5.4530764e-01 +5.5633403e-01 +1.8067431e-01 -7.2001389e-17 +3.5211319e-17 +4.5537829e+03
5.9135400e-01 +5.0000000e-01 +2.2142250e+01 -1.5073000e-02 +0.0000000e+00 +9.4966667e-01 +5.5078542e-01 +5.6266111e-01 +1.8961667e-01 -6.7896319e-17 +3.6790347e-17 +4.6173464e+03
5.9500200e-01 +5.0000000e-01 +2.2116500e+01 -1.6690250e-02 +0.0000000e+00 +9.6700000e-01 +5.5644167e-01 +5.6918958e-01 +1.9871944e-01 -6.4422569e-17 +3.7737708e-17 +4.6870948e+03
5.9864100e-01 +5.0000000e-01 +2.2089667e+01 -1.8338833e-02 +0.0000000e+00 +9.8501389e-01 +5.6222014e-01 +5.7589583e-01 +2.0795625e-01 -6.1264583e-17 +3.8211389e-17 +4.7635324e+03
6.0227000e-01 +5.0000000e-01 +2.2061750e+01 -2.0020000e-02 +0.0000000e+00 +1.0037708e+00 +5.6809097e-01 +5.8285139e-01 +2.1730972e-01 -5.8106597e-17 +3.8527222e-17 +4.8451425e+03
6.0588900e-01 +5.0000000e-01 +2.2032750e+01 -2.1738667e-02 +0.0000000e+00 +1.0233056e+00 +5.7405069e-01 +5.9012847e-01 +2.2677986e-01 -5.4632847e-17 +3.9000903e-17 +4.9303461e+03
6.0949800e-01 +5.0000000e-01 +2.2002667e+01 -2.3500583e-02 +0.0000000e+00 +1.0436736e+00 +5.8010486e-01 +5.9772292e-01 +2.3636319e-01 -5.1790694e-17 +3.9158819e-17 +5.0181905e+03
6.1309600e-01 +5.0000000e-01 +2.1971583e+01 -2.5314000e-02 +0.0000000e+00 +1.0647917e+00 +5.8626250e-01 +6.0560208e-01 +2.4601667e-01 -4.9580069e-17 +3.8842986e-17 +5.1081878e+03
6.1668300e-01 +5.0000000e-01 +2.1939583e+01 -2.7192167e-02 +0.0000000e+00 +1.0864861e+00 +5.9253750e-01 +6.1374931e-01 +2.5566597e-01 -4.8316875e-17 +3.8369306e-17 +5.2017352e+03
6.2025800e-01 +5.0000000e-01 +2.1906667e+01 -2.9155583e-02 +0.0000000e+00 +1.1087222e+00 +5.9895208e-01 +6.2216111e-01 +2.6526111e-01 -4.7369514e-17 +3.7579792e-17 +5.2992571e+03
6.2382200e-01 +5.0000000e-01 +2.1872750e+01 -3.1225167e-02 +0.0000000e+00 +1.1315694e+00 +6.0552500e-01 +6.3082222e-01 +2.7479514e-01 -4.6422153e-17 +3.6790347e-17 +5.3980274e+03
6.2737400e-01 +5.0000000e-01 +2.1837917e+01 -3.3419500e-02 +0.0000000e+00 +1.1550556e+00 +6.1225903e-01 +6.3968403e-01 +2.8430208e-01 -4.4527361e-17 +3.6000833e-17 +5.4955635e+03
6.3091300e-01 +5.0000000e-01 +2.1802083e+01 -3.5757917e-02 +0.0000000e+00 +1.1790625e+00 +6.1913611e-01 +6.4867431e-01 +2.9381458e-01 -4.2000972e-17 +3.5053472e-17 +5.5930821e+03
6.3444000e-01 +5.0000000e-01 +2.1765417e+01 -3.8256917e-02 +0.0000000e+00 +1.2034931e+00 +6.2613681e-01 +6.5776806e-01 +3.0334583e-01 -3.9474583e-17 +3.4263958e-17 +5.6939476e+03
6.3795400e-01 +5.0000000e-01 +2.1727833e+01 -4.0921167e-02 +0.0000000e+00 +1.2282847e+00 +6.3325139e-01 +6.6701250e-01 +3.1288889e-01 -3.7579792e-17 +3.3790278e-17 +5.7990887e+03
6.4145400e-01 +5.0000000e-01 +2.1689417e+01 -4.3743083e-02 +0.0000000e+00 +1.2533472e+00 +6.4048125e-01 +6.7648750e-01 +3.2243264e-01 -3.5369236e-17 +3.3316528e-17 +5.9068591e+03
6.4494100e-01 +5.0000000e-01 +2.1650417e+01 -4.6712417e-02 +0.0000000e+00 +1.2786181e+00 +6.4783750e-01 +6.8625069e-01 +3.3198681e-01 -3.2685000e-17 +3.3158681e-17 +6.0169639e+03
6.4841500e-01 +5.0000000e-01 +2.1610750e+01 -4.9820583e-02 +0.0000000e+00 +1.3040208e+00 +6.5533472e-01 +6.9631944e-01 +3.4155417e-01 -2.9527014e-17 +3.3158681e-17 +6.1317747e+03
6.5187400e-01 +5.0000000e-01 +2.1570500e+01 -5.3056667e-02 +0.0000000e+00 +1.3295556e+00 +6.6297014e-01 +7.0663194e-01 +3.5111319e-01 -2.6369028e-17 +3.3316528e-17 +6.2532738e+03
6.5531900e-01 +5.0000000e-01 +2.1529583e+01 -5.6407417e-02 +0.0000000e+00 +1.3552917e+00 +6.7072708e-01 +7.1714583e-01 +3.6065417e-01 -2.3526875e-17 +3.3474444e-17 +6.3788838e+03
6.5874900e-01 +5.0000000e-01 +2.1488000e+01 -5.9858917e-02 +0.0000000e+00 +1.3811667e+00 +6.7859028e-01 +7.2788194e-01 +3.7017917e-01 -2.0526806e-17 +3.3474444e-17 +6.5057024e+03
6.6216500e-01 +5.0000000e-01 +2.1445833e+01 -6.3393083e-02 +0.0000000e+00 +1.4069583e+00 +6.8656736e-01 +7.3884028e-01 +3.7967500e-01 -1.7289861e-17 +3.3790278e-17 +6.6350010e+03
6.6556500e-01 +5.0000000e-01 +2.1403000e+01 -6.6987167e-02 +0.0000000e+00 +1.4325903e+00 +6.9466667e-01 +7.5000000e-01 +3.8912639e-01 -1.4131875e-17 +3.4421875e-17 +6.7680387e+03
6.6895100e-01 +5.0000000e-01 +2.1359583e+01 -7.0627500e-02 +0.0000000e+00 +1.4582083e+00 +7.0286806e-01 +7.6138194e-01 +3.9852847e-01 -1.0895000e-17 +3.5053472e-17 +6.9052695e+03
6.7232000e-01 +5.0000000e-01 +2.1315583e+01 -7.4313667e-02 +0.0000000e+00 +1.4839722e+00 +7.1115972e-01 +7.7304861e-01 +4.0788889e-01 -7.3422917e-18 +3.5842917e-17 +7.0467368e+03
6.7567400e-01 +5.0000000e-01 +2.1271000e+01 -7.8042583e-02 +0.0000000e+00 +1.5099028e+00 +7.1952083e-01 +7.8504861e-01 +4.1722431e-01 -3.5527153e-18 +3.6474514e-17 +7.1910381e+03
6.7901200e-01 +5.0000000e-01 +2.1225917e+01 -8.1796833e-02 +0.0000000e+00 +1.5358472e+00 +7.2793750e-01 +7.9731250e-01 +4.2653194e-01 -4.2789861e-21 +3.6948194e-17 +7.3363537e+03
6.8233300e-01 +5.0000000e-01 +2.1180417e+01 -8.5548333e-02 +0.0000000e+00 +1.5616319e+00 +7.3638889e-01 +8.0978472e-01 +4.3578264e-01 +2.9408542e-18 +3.7106111e-17 +7.4799218e+03
6.8563800e-01 +5.0000000e-01 +2.1134333e+01 -8.9271667e-02 +0.0000000e+00 +1.5871875e+00 +7.4481250e-01 +8.2244444e-01 +4.4493889e-01 +5.5264444e-18 +3.6474514e-17 +7.6226833e+03
6.8892600e-01 +5.0000000e-01 +2.1087917e+01 -9.2948333e-02 +0.0000000e+00 +1.6125764e+00 +7.5316667e-01 +8.3525694e-01 +4.5397292e-01 +7.8949306e-18 +3.5685069e-17 +7.7699254e+03
6.9219800e-01 +5.0000000e-01 +2.1041000e+01 -9.6565833e-02 +0.0000000e+00 +1.6379583e+00 +7.6141667e-01 +8.4825694e-01 +4.6286389e-01 +9.9081250e-18 +3.5053472e-17 +7.9223185e+03
6.9545200e-01 +5.0000000e-01 +2.0993667e+01 -1.0011750e-01 +0.0000000e+00 +1.6633333e+00 +7.6955556e-01 +8.6148611e-01 +4.7158472e-01 +1.1842361e-17 +3.4421875e-17 +8.0781758e+03
6.9868900e-01 +5.0000000e-01 +2.0945833e+01 -1.0359833e-01 +0.0000000e+00 +1.6885208e+00 +7.7760417e-01 +8.7490278e-01 +4.8010972e-01 +1.3895069e-17 +3.3632361e-17 +8.2398009e+03
7.0190800e-01 +5.0000000e-01 +2.0897500e+01 -1.0701083e-01 +0.0000000e+00 +1.7133750e+00 +7.8559028e-01 +8.8847222e-01 +4.8843194e-01 +1.5631944e-17 +3.2685000e-17 +8.4085748e+03
7.0511000e-01 +5.0000000e-01 +2.0848583e+01 -1.1035667e-01 +0.0000000e+00 +1.7377500e+00 +7.9353472e-01 +9.0224306e-01 +4.9654097e-01 +1.6737222e-17 +3.1421806e-17 +8.5844567e+03
7.0829400e-01 +5.0000000e-01 +2.0799083e+01 -1.1363167e-01 +0.0000000e+00 +1.7615417e+00 +8.0147222e-01 +9.1625694e-01 +5.0441319e-01 +1.7210903e-17 +3.0316458e-17 +8.7672170e+03
7.1145900e-01 +5.0000000e-01 +2.0749083e+01 -1.1683417e-01 +0.0000000e+00 +1.7849306e+00 +8.0943056e-01 +9.3040972e-01 +5.1203611e-01 +1.7605694e-17 +2.9684931e-17 +8.9522232e+03
7.1460700e-01 +5.0000000e-01 +2.0698667e+01 -1.1997750e-01 +0.0000000e+00 +1.8082222e+00 +8.1741667e-01 +9.4456250e-01 +5.1942708e-01 +1.8395139e-17 +2.8895417e-17 +9.1338628e+03
7.1773600e-01 +5.0000000e-01 +2.0647917e+01 -1.2308500e-01 +0.0000000e+00 +1.8314653e+00 +8.2541667e-01 +9.5868056e-01 +5.2661389e-01 +1.9658333e-17 +2.8105903e-17 +9.3127308e+03
7.2084700e-01 +5.0000000e-01 +2.0596917e+01 -1.2618333e-01 +0.0000000e+00 +1.8544514e+00 +8.3340972e-01 +9.7288889e-01 +5.3363819e-01 +2.1790000e-17 +2.7000625e-17 +9.4897977e+03
7.2393900e-01 +5.0000000e-01 +2.0545750e+01 -1.2928833e-01 +0.0000000e+00 +1.8768333e+00 +8.4137500e-01 +9.8725694e-01 +5.4056528e-01 +2.5737431e-17 +2.5737431e-17 +9.6649105e+03
7.2701200e-01 +5.0000000e-01 +2.0494417e+01 -1.3239833e-01 +0.0000000e+00 +1.8983611e+00 +8.4927778e-01 +1.0016736e+00 +5.4745347e-01 +3.0790208e-17 +2.4316319e-17 +9.8394143e+03
7.3006600e-01 +5.0000000e-01 +2.0442833e+01 -1.3550750e-01 +0.0000000e+00 +1.9190347e+00 +8.5711111e-01 +1.0159514e+00 +5.5433681e-01 +3.6316597e-17 +2.3053194e-17 +1.0014050e+04
7.3310100e-01 +5.0000000e-01 +2.0391167e+01 -1.3861417e-01 +0.0000000e+00 +1.9390486e+00 +8.6485417e-01 +1.0299653e+00 +5.6122083e-01 +4.1685208e-17 +2.1947847e-17 +1.0189500e+04
7.3611700e-01 +5.0000000e-01 +2.0339333e+01 -1.4171750e-01 +0.0000000e+00 +1.9586111e+00 +8.7250694e-01 +1.0437292e+00 +5.6810694e-01 +4.7369514e-17 +2.0763611e-17 +1.0368375e+04
7.3911300e-01 +5.0000000e-01 +2.0287333e+01 -1.4482083e-01 +0.0000000e+00 +1.9779653e+00 +8.8006250e-01 +1.0573125e+00 +5.7500764e-01 +5.3053889e-17 +1.9816250e-17 +1.0554583e+04
7.4209000e-01 +5.0000000e-01 +2.0235167e+01 -1.4793250e-01 +0.0000000e+00 +1.9972778e+00 +8.8752778e-01 +1.0707708e+00 +5.8192083e-01 +5.8106597e-17 +1.8868889e-17 +1.0746284e+04
7.4504700e-01 +5.0000000e-01 +2.0183000e+01 -1.5106000e-01 +0.0000000e+00 +2.0166528e+00 +8.9488889e-01 +1.0841944e+00 +5.8883542e-01 +6.2843542e-17 +1.8000417e-17 +1.0938210e+04
7.4798500e-01 +5.0000000e-01 +2.0130750e+01 -1.5420167e-01 +0.0000000e+00 +2.0361042e+00 +9.0213194e-01 +1.0976806e+00 +5.9574028e-01 +6.7580486e-17 +1.7131944e-17 +1.1129381e+04
7.5090200e-01 +5.0000000e-01 +2.0078500e+01 -1.5735250e-01 +0.0000000e+00 +2.0555556e+00 +9.0927083e-01 +1.1113333e+00 +6.0261042e-01 +7.2001389e-17 +1.6421458e-17 +1.1321455e+04
7.5380000e-01 +5.0000000e-01 +2.0026250e+01 -1.6050250e-01 +0.0000000e+00 +2.0749306e+00 +9.1630556e-01 +1.1250972e+00 +6.0942917e-01 +7.6422917e-17 +1.5789861e-17 +1.1515782e+04
7.5667800e-01 +5.0000000e-01 +1.9974000e+01 -1.6364917e-01 +0.0000000e+00 +2.0942500e+00 +9.2325000e-01 +1.1388472e+00 +6.1619514e-01 +8.0212500e-17 +1.4921389e-17 +1.1711965e+04
7.5953600e-01 +5.0000000e-01 +1.9921667e+01 -1.6679750e-01 +0.0000000e+00 +2.1135347e+00 +9.3009028e-01 +1.1525139e+00 +6.2288611e-01 +8.3370139e-17 +1.3500278e-17 +1.1910236e+04
7.6237300e-01 +5.0000000e-01 +1.9869417e+01 -1.6995583e-01 +0.0000000e+00 +2.1327917e+00 +9.3679167e-01 +1.1660208e+00 +6.2946667e-01 +8.5896528e-17 +1.1763403e-17 +1.2113887e+04
7.6519000e-01 +5.0000000e-01 +1.9817167e+01 -1.7312250e-01 +0.0000000e+00 +2.1520556e+00 +9.4336111e-01 +1.1793056e+00 +6.3592222e-01 +8.9054861e-17 +1.0066042e-17 +1.2321377e+04
7.6798700e-01 +5.0000000e-01 +1.9764917e+01 -1.7628167e-01 +0.0000000e+00 +2.1713472e+00 +9.4982639e-01 +1.1923333e+00 +6.4225903e-01 +9.2212500e-17 +8.4080556e-18 +1.2526604e+04
7.7076400e-01 +5.0000000e-01 +1.9712667e+01 -1.7940833e-01 +0.0000000e+00 +2.1906250e+00 +9.5620833e-01 +1.2051042e+00 +6.4849236e-01 +9.6002083e-17 +7.0264583e-18 +1.2726477e+04
7.7352000e-01 +5.0000000e-01 +1.9660417e+01 -1.8248083e-01 +0.0000000e+00 +2.2097292e+00 +9.6250694e-01 +1.2176319e+00 +6.5462778e-01 +9.9160417e-17 +5.8422431e-18 +1.2921618e+04
7.7625600e-01 +5.0000000e-01 +1.9608167e+01 -1.8549000e-01 +0.0000000e+00 +2.2284653e+00 +9.6872917e-01 +1.2299097e+00 +6.6063819e-01 +1.0168681e-16 +4.7961667e-18 +1.3117173e+04
7.7897100e-01 +5.0000000e-01 +1.9556000e+01 -1.8843333e-01 +0.0000000e+00 +2.2467292e+00 +9.7485417e-01 +1.2419097e+00 +6.6649236e-01 +1.0358125e-16 +3.8487708e-18 +1.3319654e+04
7.8166500e-01 +5.0000000e-01 +1.9503917e+01 -1.9131083e-01 +0.0000000e+00 +2.2645694e+00 +9.8086806e-01 +1.2536806e+00 +6.7217292e-01 +1.0484444e-16 +2.9605972e-18 +1.3529091e+04
7.8433900e-01 +5.0000000e-01 +1.9451833e+01 -1.9411750e-01 +0.0000000e+00 +2.2820556e+00 +9.8675000e-01 +1.2652500e+00 +6.7765903e-01 +1.0547639e-16 +2.0230764e-18 +1.3743294e+04
7.8699200e-01 +5.0000000e-01 +1.9400000e+01 -1.9684750e-01 +0.0000000e+00 +2.2992222e+00 +9.9249306e-01 +1.2766042e+00 +6.8292500e-01 +1.0610764e-16 +9.1778472e-19 +1.3965238e+04
7.8962500e-01 +5.0000000e-01 +1.9348167e+01 -1.9949083e-01 +0.0000000e+00 +2.3161181e+00 +9.9812500e-01 +1.2877361e+00 +6.8795208e-01 +1.0610764e-16 -4.0708194e-19 +1.4194866e+04
7.9223700e-01 +5.0000000e-01 +1.9296417e+01 -2.0204167e-01 +0.0000000e+00 +2.3328681e+00 +1.0036528e+00 +1.2986458e+00 +6.9273750e-01 +1.0610764e-16 -1.9342569e-18 +1.4428281e+04
7.9482800e-01 +5.0000000e-01 +1.9244750e+01 -2.0449500e-01 +0.0000000e+00 +2.3496389e+00 +1.0090903e+00 +1.3093194e+00 +6.9729861e-01 +1.0610764e-16 -3.6514028e-18 +1.4661854e+04
7.9739800e-01 +5.0000000e-01 +1.9193167e+01 -2.0684417e-01 +0.0000000e+00 +2.3664861e+00 +1.0144167e+00 +1.3197222e+00 +7.0167361e-01 +1.0673958e-16 -5.6843403e-18 +1.4896126e+04
7.9994700e-01 +5.0000000e-01 +1.9141750e+01 -2.0907917e-01 +0.0000000e+00 +2.3833611e+00 +1.0196111e+00 +1.3298125e+00 +7.0589583e-01 +1.0863403e-16 -8.1712500e-18 +1.5133165e+04
8.0247600e-01 +5.0000000e-01 +1.9090500e+01 -2.1119417e-01 +0.0000000e+00 +2.4002083e+00 +1.0246528e+00 +1.3395625e+00 +7.0999306e-01 +1.1052917e-16 -1.0973958e-17 +1.5372861e+04
8.0498400e-01 +5.0000000e-01 +1.9039333e+01 -2.1318750e-01 +0.0000000e+00 +2.4170903e+00 +1.0295069e+00 +1.3490069e+00 +7.1401389e-01 +1.1242361e-16 -1.3658194e-17 +1.5612805e+04
8.0747100e-01 +5.0000000e-01 +1.8988417e+01 -2.1506667e-01 +0.0000000e+00 +2.4340764e+00 +1.0341736e+00 +1.3582292e+00 +7.1798611e-01 +1.1431875e-16 -1.5947708e-17 +1.5851955e+04
8.0993700e-01 +5.0000000e-01 +1.8937833e+01 -2.1684333e-01 +0.0000000e+00 +2.4510972e+00 +1.0386667e+00 +1.3673958e+00 +7.2190972e-01 +1.1558194e-16 -1.7210903e-17 +1.6093328e+04
8.1238300e-01 +5.0000000e-01 +1.8887583e+01 -2.1853333e-01 +0.0000000e+00 +2.4679583e+00 +1.0430208e+00 +1.3766875e+00 +7.2576389e-01 +1.1684514e-16 -1.7763542e-17 +1.6336086e+04
8.1480700e-01 +5.0000000e-01 +1.8837583e+01 -2.2014250e-01 +0.0000000e+00 +2.4845139e+00 +1.0472639e+00 +1.3861944e+00 +7.2950694e-01 +1.1684514e-16 -1.8000417e-17 +1.6578516e+04
8.1721100e-01 +5.0000000e-01 +1.8788000e+01 -2.2166667e-01 +0.0000000e+00 +2.5007222e+00 +1.0514236e+00 +1.3958958e+00 +7.3314583e-01 +1.1747639e-16 -1.8474097e-17 +1.6824429e+04
8.1959400e-01 +5.0000000e-01 +1.8738583e+01 -2.2309333e-01 +0.0000000e+00 +2.5167153e+00 +1.0554931e+00 +1.4057361e+00 +7.3666667e-01 +1.1810833e-16 -1.8868889e-17 +1.7077184e+04
8.2195700e-01 +5.0000000e-01 +1.8689500e+01 -2.2441333e-01 +0.0000000e+00 +2.5327292e+00 +1.0594861e+00 +1.4156528e+00 +7.4008333e-01 +1.1873958e-16 -1.8947778e-17 +1.7334862e+04
8.2429900e-01 +5.0000000e-01 +1.8640583e+01 -2.2562750e-01 +0.0000000e+00 +2.5489167e+00 +1.0634097e+00 +1.4255556e+00 +7.4338194e-01 +1.1873958e-16 -1.8474097e-17 +1.7596761e+04
8.2662000e-01 +5.0000000e-01 +1.8592000e+01 -2.2674583e-01 +0.0000000e+00 +2.5652500e+00 +1.0672778e+00 +1.4353472e+00 +7.4656944e-01 +1.2000278e-16 -1.7605694e-17 +1.7864328e+04
8.2892100e-01 +5.0000000e-01 +1.8543500e+01 -2.2777583e-01 +0.0000000e+00 +2.5816736e+00 +1.0710972e+00 +1.4449583e+00 +7.4968056e-01 +1.2063403e-16 -1.6658264e-17 +1.8135718e+04
8.3120100e-01 +5.0000000e-01 +1.8495250e+01 -2.2872750e-01 +0.0000000e+00 +2.5981319e+00 +1.0748542e+00 +1.4543056e+00 +7.5276389e-01 +1.2316042e-16 -1.6263542e-17 +1.8409086e+04
8.3346000e-01 +5.0000000e-01 +1.8447083e+01 -2.2960583e-01 +0.0000000e+00 +2.6146181e+00 +1.0785139e+00 +1.4633125e+00 +7.5582639e-01 +1.2631875e-16 -1.6500347e-17 +1.8686220e+04
8.3570000e-01 +5.0000000e-01 +1.8399167e+01 -2.3041333e-01 +0.0000000e+00 +2.6312222e+00 +1.0820417e+00 +1.4720278e+00 +7.5887500e-01 +1.2884514e-16 -1.7289861e-17 +1.8969191e+04
8.3791800e-01 +5.0000000e-01 +1.8351333e+01 -2.3114333e-01 +0.0000000e+00 +2.6480069e+00 +1.0854167e+00 +1.4805556e+00 +7.6190972e-01 +1.3137153e-16 -1.8079375e-17 +1.9258243e+04
8.4011600e-01 +5.0000000e-01 +1.8303583e+01 -2.3179000e-01 +0.0000000e+00 +2.6649375e+00 +1.0886389e+00 +1.4890556e+00 +7.6492361e-01 +1.3326597e-16 -1.8474097e-17 +1.9551608e+04
8.4229400e-01 +5.0000000e-01 +1.8256000e+01 -2.3235083e-01 +0.0000000e+00 +2.6818958e+00 +1.0917014e+00 +1.4976319e+00 +7.6791667e-01 +1.3516111e-16 -1.8395139e-17 +1.9847502e+04
8.4445200e-01 +5.0000000e-01 +1.8208500e+01 -2.3283000e-01 +0.0000000e+00 +2.6986736e+00 +1.0946389e+00 +1.5063333e+00 +7.7085417e-01 +1.3642431e-16 -1.8237292e-17 +2.0145676e+04
8.4659000e-01 +5.0000000e-01 +1.8161167e+01 -2.3323417e-01 +0.0000000e+00 +2.7150972e+00 +1.0974583e+00 +1.5150764e+00 +7.7371528e-01 +1.3768750e-16 -1.8237292e-17 +2.0448459e+04
8.4870700e-01 +5.0000000e-01 +1.8113917e+01 -2.3356333e-01 +0.0000000e+00 +2.7311042e+00 +1.1001806e+00 +1.5237083e+00 +7.7647222e-01 +1.3768750e-16 -1.8868889e-17 +2.0757738e+04
8.5080400e-01 +5.0000000e-01 +1.8066833e+01 -2.3381000e-01 +0.0000000e+00 +2.7467292e+00 +1.1028264e+00 +1.5321042e+00 +7.7914583e-01 +1.3895069e-16 -2.0053125e-17 +2.1073102e+04
8.5288200e-01 +5.0000000e-01 +1.8019833e+01 -2.3396333e-01 +0.0000000e+00 +2.7620278e+00 +1.1054028e+00 +1.5402014e+00 +7.8175000e-01 +1.3958194e-16 -2.1316250e-17 +2.1393070e+04
8.5493900e-01 +5.0000000e-01 +1.7972917e+01 -2.3401667e-01 +0.0000000e+00 +2.7770625e+00 +1.1079236e+00 +1.5479861e+00 +7.8425694e-01 +1.3958194e-16 -2.2737361e-17 +2.1715412e+04
8.5697700e-01 +5.0000000e-01 +1.7926250e+01 -2.3396833e-01 +0.0000000e+00 +2.7918681e+00 +1.1103889e+00 +1.5554653e+00 +7.8665972e-01 +1.3958194e-16 -2.4158472e-17 +2.2039574e+04
8.5899500e-01 +5.0000000e-01 +1.7879583e+01 -2.3381750e-01 +0.0000000e+00 +2.8064653e+00 +1.1127986e+00 +1.5626111e+00 +7.8893750e-01 +1.3895069e-16 -2.6053264e-17 +2.2367126e+04
8.6099300e-01 +5.0000000e-01 +1.7833083e+01 -2.3356750e-01 +0.0000000e+00 +2.8208264e+00 +1.1151528e+00 +1.5693750e+00 +7.9111111e-01 +1.3958194e-16 -2.7632222e-17 +2.2699045e+04
8.6297100e-01 +5.0000000e-01 +1.7786583e+01 -2.3322250e-01 +0.0000000e+00 +2.8348611e+00 +1.1174375e+00 +1.5757292e+00 +7.9321528e-01 +1.4084514e-16 -2.8579583e-17 +2.3036459e+04
8.6493000e-01 +5.0000000e-01 +1.7740167e+01 -2.3278833e-01 +0.0000000e+00 +2.8484792e+00 +1.1196806e+00 +1.5817014e+00 +7.9527083e-01 +1.4210833e-16 -2.8579583e-17 +2.3379830e+04
8.6687000e-01 +5.0000000e-01 +1.7693833e+01 -2.3227167e-01 +0.0000000e+00 +2.8615764e+00 +1.1218819e+00 +1.5874167e+00 +7.9731250e-01 +1.4463472e-16 -2.8263819e-17 +2.3729957e+04
8.6879000e-01 +5.0000000e-01 +1.7647583e+01 -2.3167750e-01 +0.0000000e+00 +2.8740972e+00 +1.1240486e+00 +1.5930139e+00 +7.9934028e-01 +1.4652986e-16 -2.7632222e-17 +2.4088685e+04
8.7069100e-01 +5.0000000e-01 +1.7601417e+01 -2.3100917e-01 +0.0000000e+00 +2.8860694e+00 +1.1261806e+00 +1.5986250e+00 +8.0133333e-01 +1.4716111e-16 -2.7000625e-17 +2.4456292e+04
8.7257300e-01 +5.0000000e-01 +1.7555333e+01 -2.3026833e-01 +0.0000000e+00 +2.8976042e+00 +1.1282778e+00 +1.6044028e+00 +8.0326389e-01 +1.4716111e-16 -2.6526944e-17 +2.4831883e+04
8.7443600e-01 +5.0000000e-01 +1.7509333e+01 -2.2945583e-01 +0.0000000e+00 +2.9088194e+00 +1.1303472e+00 +1.6104861e+00 +8.0511111e-01 +1.4716111e-16 -2.5895347e-17 +2.5215206e+04
8.7628000e-01 +5.0000000e-01 +1.7463250e+01 -2.2857750e-01 +0.0000000e+00 +2.9198403e+00 +1.1323889e+00 +1.6169861e+00 +8.0688889e-01 +1.4716111e-16 -2.5105833e-17 +2.5604491e+04
8.7810500e-01 +5.0000000e-01 +1.7417250e+01 -2.2764250e-01 +0.0000000e+00 +2.9307292e+00 +1.1343889e+00 +1.6239236e+00 +8.0861111e-01 +1.4842431e-16 -2.4316319e-17 +2.5997174e+04
8.7991200e-01 +5.0000000e-01 +1.7371167e+01 -2.2666083e-01 +0.0000000e+00 +2.9415000e+00 +1.1363403e+00 +1.6312569e+00 +8.1032639e-01 +1.5031944e-16 -2.3684792e-17 +2.6394353e+04
8.8169900e-01 +5.0000000e-01 +1.7325167e+01 -2.2564333e-01 +0.0000000e+00 +2.9521458e+00 +1.1382431e+00 +1.6388611e+00 +8.1205556e-01 +1.5347708e-16 -2.3526875e-17 +2.6799556e+04
8.8346900e-01 +5.0000000e-01 +1.7279167e+01 -2.2459667e-01 +0.0000000e+00 +2.9626458e+00 +1.1400903e+00 +1.6465764e+00 +8.1381250e-01 +1.5726667e-16 -2.3368958e-17 +2.7215831e+04
8.8521900e-01 +5.0000000e-01 +1.7233167e+01 -2.2352583e-01 +0.0000000e+00 +2.9729722e+00 +1.1419028e+00 +1.6543472e+00 +8.1562500e-01 +1.6042500e-16 -2.3053194e-17 +2.7642332e+04
8.8695200e-01 +5.0000000e-01 +1.7187167e+01 -2.2243417e-01 +0.0000000e+00 +2.9830903e+00 +1.1436875e+00 +1.6621875e+00 +8.1748611e-01 +1.6421458e-16 -2.2421597e-17 +2.8076654e+04
8.8866600e-01 +5.0000000e-01 +1.7141167e+01 -2.2132333e-01 +0.0000000e+00 +2.9930347e+00 +1.1454583e+00 +1.6701806e+00 +8.1939583e-01 +1.6800417e-16 -2.1316250e-17 +2.8518732e+04
8.9036200e-01 +5.0000000e-01 +1.7095250e+01 -2.2019500e-01 +0.0000000e+00 +3.0029167e+00 +1.1472083e+00 +1.6783681e+00 +8.2136111e-01 +1.7179375e-16 -1.9974167e-17 +2.8969173e+04
8.9204000e-01 +5.0000000e-01 +1.7049250e+01 -2.1904583e-01 +0.0000000e+00 +3.0129236e+00 +1.1489236e+00 +1.6867708e+00 +8.2336111e-01 +1.7558333e-16 -1.8789931e-17 +2.9427366e+04
8.9370100e-01 +5.0000000e-01 +1.7003333e+01 -2.1787167e-01 +0.0000000e+00 +3.0232361e+00 +1.1505972e+00 +1.6953819e+00 +8.2538194e-01 +1.7684653e-16 -1.7763542e-17 +2.9892266e+04
8.9534300e-01 +5.0000000e-01 +1.6957417e+01 -2.1666500e-01 +0.0000000e+00 +3.0339722e+00 +1.1522083e+00 +1.7041597e+00 +8.2741667e-01 +1.7937222e-16 -1.7053056e-17 +3.0364572e+04
8.9696800e-01 +5.0000000e-01 +1.6911500e+01 -2.1542083e-01 +0.0000000e+00 +3.0451458e+00 +1.1537431e+00 +1.7130278e+00 +8.2945833e-01 +1.8189861e-16 -1.6579306e-17 +3.0847902e+04
8.9857600e-01 +5.0000000e-01 +1.6865583e+01 -2.1413583e-01 +0.0000000e+00 +3.0567500e+00 +1.1551944e+00 +1.7218819e+00 +8.3147222e-01 +1.8316181e-16 -1.6579306e-17 +3.1346400e+04
9.0016600e-01 +5.0000000e-01 +1.6819750e+01 -2.1280833e-01 +0.0000000e+00 +3.0687639e+00 +1.1565486e+00 +1.7306389e+00 +8.3345833e-01 +1.8442500e-16 -1.6895139e-17 +3.1861189e+04
9.0173800e-01 +5.0000000e-01 +1.6773833e+01 -2.1143833e-01 +0.0000000e+00 +3.0812222e+00 +1.1577986e+00 +1.7392500e+00 +8.3540972e-01 +1.8442500e-16 -1.7368819e-17 +3.2389665e+04
9.0329400e-01 +5.0000000e-01 +1.6727917e+01 -2.1002333e-01 +0.0000000e+00 +3.0941667e+00 +1.1589375e+00 +1.7476667e+00 +8.3734028e-01 +1.8568819e-16 -1.8000417e-17 +3.2928627e+04
9.0483300e-01 +5.0000000e-01 +1.6682083e+01 -2.0856167e-01 +0.0000000e+00 +3.1076111e+00 +1.1599861e+00 +1.7558750e+00 +8.3925694e-01 +1.8821458e-16 -1.8710972e-17 +3.3478597e+04
9.0635400e-01 +5.0000000e-01 +1.6636250e+01 -2.0704917e-01 +0.0000000e+00 +3.1215556e+00 +1.1609375e+00 +1.7638542e+00 +8.4118056e-01 +1.8947778e-16 -1.9500417e-17 +3.4042038e+04
9.0785900e-01 +5.0000000e-01 +1.6590417e+01 -2.0548667e-01 +0.0000000e+00 +3.1359306e+00 +1.1618264e+00 +1.7716042e+00 +8.4310417e-01 +1.9200417e-16 -2.0289931e-17 +3.4618297e+04
9.0934700e-01 +5.0000000e-01 +1.6544667e+01 -2.0387250e-01 +0.0000000e+00 +3.1506944e+00 +1.1626528e+00 +1.7791181e+00 +8.4504167e-01 +1.9326736e-16 -2.1158403e-17 +3.5203264e+04
9.1081900e-01 +5.0000000e-01 +1.6498917e+01 -2.0220667e-01 +0.0000000e+00 +3.1657986e+00 +1.1634167e+00 +1.7864097e+00 +8.4697917e-01 +1.9579375e-16 -2.2421597e-17 +3.5793538e+04
9.1227400e-01 +5.0000000e-01 +1.6453250e+01 -2.0049250e-01 +0.0000000e+00 +3.1811944e+00 +1.1641250e+00 +1.7934861e+00 +8.4892361e-01 +1.9705694e-16 -2.4316319e-17 +3.6390130e+04
9.1371300e-01 +5.0000000e-01 +1.6407583e+01 -1.9873083e-01 +0.0000000e+00 +3.1968194e+00 +1.1647569e+00 +1.8003333e+00 +8.5085417e-01 +1.9705694e-16 -2.6369028e-17 +3.6996887e+04
9.1513600e-01 +5.0000000e-01 +1.6362000e+01 -1.9692667e-01 +0.0000000e+00 +3.2125972e+00 +1.1653125e+00 +1.8069583e+00 +8.5277778e-01 +1.9832014e-16 -2.9053333e-17 +3.7616943e+04
9.1654300e-01 +5.0000000e-01 +1.6316417e+01 -1.9508167e-01 +0.0000000e+00 +3.2284792e+00 +1.1657847e+00 +1.8133958e+00 +8.5469444e-01 +1.9832014e-16 -3.1579653e-17 +3.8252272e+04
9.1793400e-01 +5.0000000e-01 +1.6270917e+01 -1.9319917e-01 +0.0000000e+00 +3.2444444e+00 +1.1661597e+00 +1.8196806e+00 +8.5658333e-01 +1.9832014e-16 -3.4106042e-17 +3.8903906e+04
9.1930900e-01 +5.0000000e-01 +1.6225417e+01 -1.9128000e-01 +0.0000000e+00 +3.2605069e+00 +1.1664514e+00 +1.8258611e+00 +8.5843750e-01 +1.9832014e-16 -3.6158750e-17 +3.9570489e+04
9.2066800e-01 +5.0000000e-01 +1.6180000e+01 -1.8932667e-01 +0.0000000e+00 +3.2766806e+00 +1.1666528e+00 +1.8319653e+00 +8.6024306e-01 +1.9705694e-16 -3.7737708e-17 +4.0250323e+04
9.2201200e-01 +5.0000000e-01 +1.6134583e+01 -1.8733750e-01 +0.0000000e+00 +3.2929653e+00 +1.1667500e+00 +1.8379931e+00 +8.6197917e-01 +1.9579375e-16 -3.9000903e-17 +4.0943845e+04
9.2334100e-01 +5.0000000e-01 +1.6089083e+01 -1.8531583e-01 +0.0000000e+00 +3.3093958e+00 +1.1667361e+00 +1.8439028e+00 +8.6361806e-01 +1.9453056e-16 -4.0264097e-17 +4.1652853e+04
9.2465400e-01 +5.0000000e-01 +1.6043667e+01 -1.8326167e-01 +0.0000000e+00 +3.3260208e+00 +1.1665972e+00 +1.8496319e+00 +8.6515972e-01 +1.9074097e-16 -4.1211458e-17 +4.2379354e+04
9.2595200e-01 +5.0000000e-01 +1.5998167e+01 -1.8118000e-01 +0.0000000e+00 +3.3428958e+00 +1.1663125e+00 +1.8551736e+00 +8.6661111e-01 +1.8947778e-16 -4.2000972e-17 +4.3123914e+04
9.2723500e-01 +5.0000000e-01 +1.5952500e+01 -1.7907583e-01 +0.0000000e+00 +3.3600625e+00 +1.1658681e+00 +1.8605347e+00 +8.6796528e-01 +1.8821458e-16 -4.2948333e-17 +4.3887536e+04
9.2850400e-01 +5.0000000e-01 +1.5906833e+01 -1.7695583e-01 +0.0000000e+00 +3.3775556e+00 +1.1652500e+00 +1.8657500e+00 +8.6924306e-01 +1.8695139e-16 -4.3579931e-17 +4.4672898e+04
9.2975700e-01 +5.0000000e-01 +1.5861000e+01 -1.7482417e-01 +0.0000000e+00 +3.3954167e+00 +1.1644375e+00 +1.8708472e+00 +8.7047222e-01 +1.8695139e-16 -4.3895764e-17 +4.5483428e+04
9.3099600e-01 +5.0000000e-01 +1.5815083e+01 -1.7268583e-01 +0.0000000e+00 +3.4137014e+00 +1.1634306e+00 +1.8758611e+00 +8.7166667e-01 +1.8568819e-16 -4.3895764e-17 +4.6319826e+04
9.3222000e-01 +5.0000000e-01 +1.5769083e+01 -1.7054083e-01 +0.0000000e+00 +3.4324375e+00 +1.1622222e+00 +1.8808264e+00 +8.7284722e-01 +1.8695139e-16 -4.3895764e-17 +4.7179638e+04
9.3343000e-01 +5.0000000e-01 +1.5722917e+01 -1.6838833e-01 +0.0000000e+00 +3.4516597e+00 +1.1608125e+00 +1.8857708e+00 +8.7402778e-01 +1.8821458e-16 -4.3579931e-17 +4.8061254e+04
9.3462600e-01 +5.0000000e-01 +1.5676667e+01 -1.6622750e-01 +0.0000000e+00 +3.4714167e+00 +1.1592083e+00 +1.8907153e+00 +8.7521528e-01 +1.8947778e-16 -4.2948333e-17 +4.8964837e+04
9.3580800e-01 +5.0000000e-01 +1.5630333e+01 -1.6405583e-01 +0.0000000e+00 +3.4917500e+00 +1.1573958e+00 +1.8956528e+00 +8.7639583e-01 +1.9074097e-16 -4.2000972e-17 +4.9889453e+04
9.3697600e-01 +5.0000000e-01 +1.5583917e+01 -1.6187083e-01 +0.0000000e+00 +3.5127292e+00 +1.1553889e+00 +1.9006042e+00 +8.7756944e-01 +1.9074097e-16 -4.0737778e-17 +5.0832711e+04
9.3813000e-01 +5.0000000e-01 +1.5537417e+01 -1.5967083e-01 +0.0000000e+00 +3.5343889e+00 +1.1531806e+00 +1.9055347e+00 +8.7871528e-01 +1.9074097e-16 -3.9316667e-17 +5.1793558e+04
9.3927000e-01 +5.0000000e-01 +1.5490750e+01 -1.5745083e-01 +0.0000000e+00 +3.5567292e+00 +1.1507708e+00 +1.9104097e+00 +8.7981250e-01 +1.9074097e-16 -3.7579792e-17 +5.2773329e+04
9.4039600e-01 +5.0000000e-01 +1.5444000e+01 -1.5520750e-01 +0.0000000e+00 +3.5797708e+00 +1.1481528e+00 +1.9151667e+00 +8.8085417e-01 +1.9074097e-16 -3.6000833e-17 +5.3775046e+04
9.4150900e-01 +5.0000000e-01 +1.5397000e+01 -1.5293750e-01 +0.0000000e+00 +3.6035278e+00 +1.1453194e+00 +1.9197639e+00 +8.8184028e-01 +1.9074097e-16 -3.4579722e-17 +5.4804202e+04
9.4260900e-01 +5.0000000e-01 +1.5349750e+01 -1.5063917e-01 +0.0000000e+00 +3.6280486e+00 +1.1422569e+00 +1.9241319e+00 +8.8275000e-01 +1.8947778e-16 -3.3316528e-17 +5.5867464e+04
9.4369600e-01 +5.0000000e-01 +1.5302333e+01 -1.4831083e-01 +0.0000000e+00 +3.6534306e+00 +1.1389514e+00 +1.9282500e+00 +8.8359028e-01 +1.8821458e-16 -3.2369167e-17 +5.6969268e+04
9.4476900e-01 +5.0000000e-01 +1.5254500e+01 -1.4595333e-01 +0.0000000e+00 +3.6797986e+00 +1.1353958e+00 +1.9321111e+00 +8.8434722e-01 +1.8695139e-16 -3.1421806e-17 +5.8109596e+04
9.4583000e-01 +5.0000000e-01 +1.5206417e+01 -1.4356583e-01 +0.0000000e+00 +3.7072917e+00 +1.1315625e+00 +1.9357222e+00 +8.8502083e-01 +1.8695139e-16 -3.0474375e-17 +5.9284512e+04
9.4687800e-01 +5.0000000e-01 +1.5158000e+01 -1.4115083e-01 +0.0000000e+00 +3.7360139e+00 +1.1274514e+00 +1.9391042e+00 +8.8563194e-01 +1.8695139e-16 -2.9842778e-17 +6.0489283e+04
9.4791300e-01 +5.0000000e-01 +1.5109167e+01 -1.3870917e-01 +0.0000000e+00 +3.7660000e+00 +1.1230486e+00 +1.9422569e+00 +8.8617361e-01 +1.8568819e-16 -2.9211181e-17 +6.1722584e+04
9.4893500e-01 +5.0000000e-01 +1.5060000e+01 -1.3624417e-01 +0.0000000e+00 +3.7972361e+00 +1.1183472e+00 +1.9451944e+00 +8.8665278e-01 +1.8568819e-16 -2.8737500e-17 +6.2987201e+04
9.4994500e-01 +5.0000000e-01 +1.5010417e+01 -1.3376000e-01 +0.0000000e+00 +3.8297083e+00 +1.1133403e+00 +1.9479028e+00 +8.8706250e-01 +1.8695139e-16 -2.8263819e-17 +6.4287114e+04
9.5094300e-01 +5.0000000e-01 +1.4960333e+01 -1.3126083e-01 +0.0000000e+00 +3.8633958e+00 +1.1080278e+00 +1.9503750e+00 +8.8741667e-01 +1.8695139e-16 -2.7947986e-17 +6.5625824e+04
9.5192800e-01 +5.0000000e-01 +1.4909833e+01 -1.2875083e-01 +0.0000000e+00 +3.8983333e+00 +1.1023958e+00 +1.9526111e+00 +8.8770139e-01 +1.8821458e-16 -2.7790139e-17 +6.7007347e+04
9.5290100e-01 +5.0000000e-01 +1.4858833e+01 -1.2623417e-01 +0.0000000e+00 +3.9345694e+00 +1.0964444e+00 +1.9545694e+00 +8.8793750e-01 +1.8947778e-16 -2.7632222e-17 +6.8435102e+04
9.5386300e-01 +5.0000000e-01 +1.4807250e+01 -1.2371333e-01 +0.0000000e+00 +3.9721389e+00 +1.0901528e+00 +1.9562500e+00 +8.8812500e-01 +1.9200417e-16 -2.7474306e-17 +6.9908811e+04
9.5481200e-01 +5.0000000e-01 +1.4755083e+01 -1.2118833e-01 +0.0000000e+00 +4.0111042e+00 +1.0835208e+00 +1.9576181e+00 +8.8827778e-01 +1.9326736e-16 -2.7316389e-17 +7.1422791e+04
9.5575000e-01 +5.0000000e-01 +1.4702333e+01 -1.1866000e-01 +0.0000000e+00 +4.0515000e+00 +1.0765347e+00 +1.9586806e+00 +8.8838889e-01 +1.9705694e-16 -2.7474306e-17 +7.2974967e+04
9.5667600e-01 +5.0000000e-01 +1.4648917e+01 -1.1612750e-01 +0.0000000e+00 +4.0933611e+00 +1.0691736e+00 +1.9594236e+00 +8.8845139e-01 +1.9832014e-16 -2.7790139e-17 +7.4566122e+04
9.5759100e-01 +5.0000000e-01 +1.4594833e+01 -1.1359083e-01 +0.0000000e+00 +4.1367083e+00 +1.0614236e+00 +1.9598403e+00 +8.8847222e-01 +2.0084653e-16 -2.8105903e-17 +7.6199022e+04
9.5849500e-01 +5.0000000e-01 +1.4540083e+01 -1.1104917e-01 +0.0000000e+00 +4.1815903e+00 +1.0532708e+00 +1.9599167e+00 +8.8843056e-01 +2.0210972e-16 -2.8895417e-17 +7.7877872e+04
9.5938700e-01 +5.0000000e-01 +1.4484583e+01 -1.0850583e-01 +0.0000000e+00 +4.2280694e+00 +1.0446875e+00 +1.9596458e+00 +8.8831944e-01 +2.0463611e-16 -2.9842778e-17 +7.9604075e+04
9.6026800e-01 +5.0000000e-01 +1.4428333e+01 -1.0596167e-01 +0.0000000e+00 +4.2762083e+00 +1.0356667e+00 +1.9590139e+00 +8.8813194e-01 +2.0589931e-16 -3.0632292e-17 +8.1380384e+04
9.6113800e-01 +5.0000000e-01 +1.4371167e+01 -1.0342000e-01 +0.0000000e+00 +4.3260764e+00 +1.0261944e+00 +1.9580208e+00 +8.8787500e-01 +2.0842569e-16 -3.1421806e-17 +8.3204085e+04
9.6199700e-01 +5.0000000e-01 +1.4313167e+01 -1.0088583e-01 +0.0000000e+00 +4.3776944e+00 +1.0162431e+00 +1.9566597e+00 +8.8752778e-01 +2.0968889e-16 -3.1895486e-17 +8.5075784e+04
9.6284500e-01 +5.0000000e-01 +1.4254167e+01 -9.8361667e-02 +0.0000000e+00 +4.4311111e+00 +1.0058125e+00 +1.9549236e+00 +8.8709722e-01 +2.1221528e-16 -3.2053403e-17 +8.6994879e+04
9.6368300e-01 +5.0000000e-01 +1.4194250e+01 -9.5850833e-02 +0.0000000e+00 +4.4863264e+00 +9.9488889e-01 +1.9528125e+00 +8.8656944e-01 +2.1347847e-16 -3.1421806e-17 +8.8963427e+04
9.6451000e-01 +5.0000000e-01 +1.4133167e+01 -9.3355833e-02 +0.0000000e+00 +4.5433819e+00 +9.8346528e-01 +1.9503333e+00 +8.8593056e-01 +2.1726806e-16 -3.0158611e-17 +9.0984956e+04
9.6532700e-01 +5.0000000e-01 +1.4071083e+01 -9.0879167e-02 +0.0000000e+00 +4.6022917e+00 +9.7153472e-01 +1.9474792e+00 +8.8517361e-01 +2.1979444e-16 -2.8263819e-17 +9.3062257e+04
9.6613400e-01 +5.0000000e-01 +1.4007667e+01 -8.8420833e-02 +0.0000000e+00 +4.6631042e+00 +9.5909722e-01 +1.9442431e+00 +8.8428472e-01 +2.2232083e-16 -2.5737431e-17 +9.5200213e+04
9.6693000e-01 +5.0000000e-01 +1.3943000e+01 -8.5982500e-02 +0.0000000e+00 +4.7258611e+00 +9.4613889e-01 +1.9406111e+00 +8.8324306e-01 +2.2484722e-16 -2.2895278e-17 +9.7403015e+04
9.6771600e-01 +5.0000000e-01 +1.3877000e+01 -8.3565000e-02 +0.0000000e+00 +4.7906319e+00 +9.3265278e-01 +1.9365625e+00 +8.8203472e-01 +2.2737361e-16 -1.9895208e-17 +9.9672074e+04
9.6849200e-01 +5.0000000e-01 +1.3809417e+01 -8.1167250e-02 +0.0000000e+00 +4.8575069e+00 +9.1863194e-01 +1.9320694e+00 +8.8064583e-01 +2.2737361e-16 -1.7210903e-17 +1.0200806e+05
9.6925900e-01 +5.0000000e-01 +1.3740333e+01 -7.8789583e-02 +0.0000000e+00 +4.9265625e+00 +9.0406944e-01 +1.9270764e+00 +8.7904861e-01 +2.2863681e-16 -1.5000347e-17 +1.0440892e+05
9.7001500e-01 +5.0000000e-01 +1.3669500e+01 -7.6431500e-02 +0.0000000e+00 +4.9978472e+00 +8.8895833e-01 +1.9215417e+00 +8.7722917e-01 +2.2863681e-16 -1.3342431e-17 +1.0687397e+05
9.7076200e-01 +5.0000000e-01 +1.3596917e+01 -7.4092583e-02 +0.0000000e+00 +5.0713819e+00 +8.7328472e-01 +1.9153958e+00 +8.7516667e-01 +2.2611042e-16 -1.2316042e-17 +1.0940527e+05
9.7150000e-01 +5.0000000e-01 +1.3522417e+01 -7.1773000e-02 +0.0000000e+00 +5.1471528e+00 +8.5704861e-01 +1.9086042e+00 +8.7283333e-01 +2.2484722e-16 -1.1842361e-17 +1.1200701e+05
9.7222800e-01 +5.0000000e-01 +1.3445917e+01 -6.9473083e-02 +0.0000000e+00 +5.2251250e+00 +8.4024306e-01 +1.9011181e+00 +8.7020833e-01 +2.2105764e-16 -1.1842361e-17 +1.1468270e+05
9.7294600e-01 +5.0000000e-01 +1.3367250e+01 -6.7193667e-02 +0.0000000e+00 +5.3052778e+00 +8.2288194e-01 +1.8929028e+00 +8.6727083e-01 +2.1979444e-16 -1.2158194e-17 +1.1743441e+05
9.7365600e-01 +5.0000000e-01 +1.3286333e+01 -6.4935417e-02 +0.0000000e+00 +5.3875625e+00 +8.0496528e-01 +1.8839444e+00 +8.6401389e-01 +2.1726806e-16 -1.2789792e-17 +1.2025938e+05
9.7435600e-01 +5.0000000e-01 +1.3203000e+01 -6.2699417e-02 +0.0000000e+00 +5.4719236e+00 +7.8650694e-01 +1.8742083e+00 +8.6040972e-01 +2.1474167e-16 -1.3421389e-17 +1.2315352e+05
9.7504800e-01 +5.0000000e-01 +1.3117083e+01 -6.0486250e-02 +0.0000000e+00 +5.5582778e+00 +7.6752083e-01 +1.8636667e+00 +8.5644444e-01 +2.1221528e-16 -1.4131875e-17 +1.2611263e+05
9.7573000e-01 +5.0000000e-01 +1.3028500e+01 -5.8296833e-02 +0.0000000e+00 +5.6465208e+00 +7.4802083e-01 +1.8523056e+00 +8.5209028e-01 +2.1221528e-16 -1.4684583e-17 +1.2913054e+05
9.7640400e-01 +5.0000000e-01 +1.2937000e+01 -5.6131917e-02 +0.0000000e+00 +5.7365069e+00 +7.2803472e-01 +1.8400833e+00 +8.4733333e-01 +2.1095208e-16 -1.5158264e-17 +1.3220377e+05
9.7706800e-01 +5.0000000e-01 +1.2842500e+01 -5.3992417e-02 +0.0000000e+00 +5.8280625e+00 +7.0757639e-01 +1.8269861e+00 +8.4215278e-01 +2.0968889e-16 -1.5316111e-17 +1.3532962e+05
9.7772500e-01 +5.0000000e-01 +1.2744667e+01 -5.1879667e-02 +0.0000000e+00 +5.9209931e+00 +6.8668542e-01 +1.8129722e+00 +8.3650694e-01 +2.0968889e-16 -1.5237222e-17 +1.3850875e+05
9.7837300e-01 +5.0000000e-01 +1.2643333e+01 -4.9794833e-02 +0.0000000e+00 +6.0150556e+00 +6.6537917e-01 +1.7980278e+00 +8.3038889e-01 +2.1095208e-16 -1.4921389e-17 +1.4173847e+05
9.7901200e-01 +5.0000000e-01 +1.2538250e+01 -4.7739333e-02 +0.0000000e+00 +6.1099861e+00 +6.4368958e-01 +1.7821319e+00 +8.2375000e-01 +2.1095208e-16 -1.4210833e-17 +1.4501534e+05
9.7964300e-01 +5.0000000e-01 +1.2429250e+01 -4.5714500e-02 +0.0000000e+00 +6.2054653e+00 +6.2164931e-01 +1.7652569e+00 +8.1656944e-01 +2.1221528e-16 -1.3184514e-17 +1.4833450e+05
9.8026600e-01 +5.0000000e-01 +1.2316000e+01 -4.3721583e-02 +0.0000000e+00 +6.3011389e+00 +5.9929236e-01 +1.7473750e+00 +8.0881944e-01 +2.1474167e-16 -1.2000278e-17 +1.5168767e+05
9.8088100e-01 +5.0000000e-01 +1.2198250e+01 -4.1761417e-02 +0.0000000e+00 +6.3965903e+00 +5.7665625e-01 +1.7284583e+00 +8.0045139e-01 +2.1726806e-16 -1.0500208e-17 +1.5506585e+05
9.8148700e-01 +5.0000000e-01 +1.2075667e+01 -3.9834417e-02 +0.0000000e+00 +6.4913333e+00 +5.5377847e-01 +1.7084514e+00 +7.9143750e-01 +2.1979444e-16 -8.8422917e-18 +1.5846146e+05
9.8208600e-01 +5.0000000e-01 +1.1947917e+01 -3.7941000e-02 +0.0000000e+00 +6.5847986e+00 +5.3070208e-01 +1.6873194e+00 +7.8172917e-01 +2.2358403e-16 -7.1449306e-18 +1.6186752e+05
9.8267700e-01 +5.0000000e-01 +1.1814750e+01 -3.6081333e-02 +0.0000000e+00 +6.6763194e+00 +5.0746944e-01 +1.6650139e+00 +7.7127083e-01 +2.2611042e-16 -5.4080208e-18 +1.6527435e+05
9.8326100e-01 +5.0000000e-01 +1.1675750e+01 -3.4255500e-02 +0.0000000e+00 +6.7651319e+00 +4.8412778e-01 +1.6414722e+00 +7.6001389e-01 +2.2863681e-16 -3.6711389e-18 +1.6867359e+05
9.8383600e-01 +5.0000000e-01 +1.1530500e+01 -3.2464083e-02 +0.0000000e+00 +6.8503403e+00 +4.6072431e-01 +1.6166389e+00 +7.4789583e-01 +2.2863681e-16 -2.0921528e-18 +1.7205212e+05
9.8440400e-01 +5.0000000e-01 +1.1378583e+01 -3.0707750e-02 +0.0000000e+00 +6.9309514e+00 +4.3731042e-01 +1.5904653e+00 +7.3484722e-01 +2.2990000e-16 -6.5626528e-19 +1.7539457e+05
9.8496500e-01 +5.0000000e-01 +1.1219583e+01 -2.8987500e-02 +0.0000000e+00 +7.0058333e+00 +4.1393889e-01 +1.5629028e+00 +7.2081250e-01 +2.2863681e-16 +5.7484861e-19 +1.7868423e+05
9.8551800e-01 +5.0000000e-01 +1.1053167e+01 -2.7304417e-02 +0.0000000e+00 +7.0736806e+00 +3.9066458e-01 +1.5338958e+00 +7.0572222e-01 +2.2737361e-16 +1.5888542e-18 +1.8190095e+05
9.8606400e-01 +5.0000000e-01 +1.0878667e+01 -2.5660000e-02 +0.0000000e+00 +7.1331250e+00 +3.6754514e-01 +1.5034097e+00 +6.8950556e-01 +2.2484722e-16 +2.3980833e-18 +1.8502309e+05
9.8660300e-01 +5.0000000e-01 +1.0695667e+01 -2.4055750e-02 +0.0000000e+00 +7.1825000e+00 +3.4463889e-01 +1.4714028e+00 +6.7210625e-01 +2.2484722e-16 +3.0198056e-18 +1.8802693e+05
9.8713400e-01 +5.0000000e-01 +1.0503750e+01 -2.2493250e-02 +0.0000000e+00 +7.2201389e+00 +3.2200625e-01 +1.4378403e+00 +6.5346319e-01 +2.2232083e-16 +3.4737639e-18 +1.9088738e+05
9.8765900e-01 +5.0000000e-01 +1.0302250e+01 -2.0973917e-02 +0.0000000e+00 +7.2440278e+00 +2.9971042e-01 +1.4027083e+00 +6.3352222e-01 +2.2105764e-16 +3.7895625e-18 +1.9357357e+05
9.8817700e-01 +5.0000000e-01 +1.0090583e+01 -1.9499417e-02 +0.0000000e+00 +7.2521528e+00 +2.7781319e-01 +1.3660000e+00 +6.1223681e-01 +2.1979444e-16 +3.9671944e-18 +1.9605407e+05
9.8868800e-01 +5.0000000e-01 +9.8684167e+00 -1.8071333e-02 +0.0000000e+00 +7.2422222e+00 +2.5637917e-01 +1.3277083e+00 +5.8956667e-01 +2.1853125e-16 +4.0658819e-18 +1.9829455e+05
9.8919200e-01 +5.0000000e-01 +9.6349167e+00 -1.6691250e-02 +0.0000000e+00 +7.2118056e+00 +2.3547222e-01 +1.2878542e+00 +5.6548333e-01 +2.1853125e-16 +4.0658819e-18 +2.0026272e+05
9.8968900e-01 +5.0000000e-01 +9.3898333e+00 -1.5360417e-02 +0.0000000e+00 +7.1584028e+00 +2.1515625e-01 +1.2464514e+00 +5.3997292e-01 +2.1726806e-16 +4.0066736e-18 +2.0192900e+05
9.9018000e-01 +5.0000000e-01 +9.1324167e+00 -1.4080417e-02 +0.0000000e+00 +7.0793056e+00 +1.9549583e-01 +1.2035556e+00 +5.1303889e-01 +2.1474167e-16 +3.8882500e-18 +2.0327194e+05
9.9066400e-01 +5.0000000e-01 +8.8622500e+00 -1.2852333e-02 +0.0000000e+00 +6.9719444e+00 +1.7655139e-01 +1.1591875e+00 +4.8470833e-01 +2.1095208e-16 +3.7303472e-18 +2.0428001e+05
9.9114200e-01 +5.0000000e-01 +8.5789167e+00 -1.1677250e-02 +0.0000000e+00 +6.8336667e+00 +1.5838333e-01 +1.1134167e+00 +4.5503889e-01 +2.0463611e-16 +3.5527153e-18 +2.0495802e+05
9.9161300e-01 +5.0000000e-01 +8.2819583e+00 -1.0556250e-02 +0.0000000e+00 +6.6620000e+00 +1.4104792e-01 +1.0662847e+00 +4.2412569e-01 +1.9832014e-16 +3.3750764e-18 +2.0533325e+05
9.9207900e-01 +5.0000000e-01 +7.9711750e+00 -9.4900000e-03 +0.0000000e+00 +6.4547986e+00 +1.2459722e-01 +1.0178333e+00 +3.9210833e-01 +1.8947778e-16 +3.2171806e-18 +2.0546306e+05
9.9253700e-01 +5.0000000e-01 +7.6463583e+00 -8.4793333e-03 +0.0000000e+00 +6.2103681e+00 +1.0907986e-01 +9.6811806e-01 +3.5917569e-01 +1.8063542e-16 +3.0592778e-18 +2.0544101e+05
9.9299000e-01 +5.0000000e-01 +7.3074500e+00 -7.5248250e-03 +0.0000000e+00 +5.9276944e+00 +9.4539583e-02 +9.1714583e-01 +3.2557292e-01 +1.6926736e-16 +2.8816458e-18 +2.0540286e+05
9.9343700e-01 +5.0000000e-01 +6.9545583e+00 -6.6271250e-03 +0.0000000e+00 +5.6066458e+00 +8.1013889e-02 +8.6493750e-01 +2.9160347e-01 +1.5600347e-16 +2.6842708e-18 +2.0552467e+05
9.9387800e-01 +5.0000000e-01 +6.5879917e+00 -5.7867333e-03 +0.0000000e+00 +5.2482222e+00 +6.8535069e-02 +8.1149306e-01 +2.5762986e-01 +1.4210833e-16 +2.4276875e-18 +2.0602003e+05
9.9431300e-01 +5.0000000e-01 +6.2082250e+00 -5.0041333e-03 +0.0000000e+00 +4.8548194e+00 +5.7130347e-02 +7.5679167e-01 +2.2407222e-01 +1.2695000e-16 +2.1316250e-18 +2.0712846e+05
9.9474200e-01 +5.0000000e-01 +5.8159750e+00 -4.2797250e-03 +0.0000000e+00 +4.4304097e+00 +4.6819375e-02 +7.0079861e-01 +1.9139514e-01 +1.1179236e-16 +1.7862222e-18 +2.0909253e+05
9.9516500e-01 +5.0000000e-01 +5.4121917e+00 -3.6138250e-03 +0.0000000e+00 +3.9806944e+00 +3.7614444e-02 +6.4349514e-01 +1.6009931e-01 +9.6634028e-17 +1.4112153e-18 +2.1212736e+05
9.9558300e-01 +5.0000000e-01 +4.9980417e+00 -3.0065917e-03 +0.0000000e+00 +3.5131667e+00 +2.9519236e-02 +5.8487292e-01 +1.3069653e-01 +8.1475694e-17 +1.0411458e-18 +2.1638229e+05
9.9599500e-01 +5.0000000e-01 +4.5749083e+00 -2.4580083e-03 +0.0000000e+00 +3.0369861e+00 +2.2526875e-02 +5.2496875e-01 +1.0368403e-01 +6.6948889e-17 +7.0067361e-19 +2.2189900e+05
9.9640100e-01 +5.0000000e-01 +4.1443583e+00 -1.9678167e-03 +0.0000000e+00 +2.5626944e+00 +1.6617986e-02 +4.6390069e-01 +7.9509028e-02 +5.3369653e-17 +4.0708194e-19 +2.2858176e+05
9.9680200e-01 +5.0000000e-01 +3.7081083e+00 -1.5354833e-03 +0.0000000e+00 +2.1017431e+00 +1.1758125e-02 +4.0191458e-01 +5.8533889e-02 +4.0895694e-17 +1.7763542e-19 +2.3618281e+05
9.9719800e-01 +5.0000000e-01 +3.2679667e+00 -1.1601583e-03 +0.0000000e+00 +1.6658056e+00 +7.8949306e-03 +3.3944861e-01 +4.0995625e-02 +3.0316458e-17 +2.3283819e-20 +2.4433101e+05
9.9758800e-01 +5.0000000e-01 +2.8257250e+00 -8.4071667e-04 +0.0000000e+00 +1.2659583e+00 +4.9557292e-03 +2.7720347e-01 +2.6975278e-02 +2.1316250e-17 -6.1679028e-20 +2.5260461e+05
9.9797300e-01 +5.0000000e-01 +2.3831333e+00 -5.7569750e-04 +0.0000000e+00 +9.1188889e-01 +2.8449583e-03 +2.1622569e-01 +1.6375278e-02 +1.4052986e-17 -9.0051389e-20 +2.6066193e+05
9.9835300e-01 +5.0000000e-01 +1.9417833e+00 -3.6342083e-04 +0.0000000e+00 +6.1116111e-01 +1.4439236e-03 +1.5799861e-01 +8.9147222e-03 +8.5265278e-18 -7.9565972e-20 +2.6840558e+05
9.9872800e-01 +5.0000000e-01 +1.5030333e+00 -2.0197917e-04 +0.0000000e+00 +3.6880208e-01 +6.1271875e-04 +1.0453125e-01 +4.1472083e-03 +4.6185278e-18 -5.1810417e-20 +2.7615171e+05
9.9909700e-01 +5.0000000e-01 +1.0679667e+00 -8.9318333e-05 +0.0000000e+00 +1.8731597e-01 +1.9667847e-04 +5.8458819e-02 +1.5012083e-03 +2.0921528e-18 -2.4363194e-20 +2.8476407e+05
9.9946200e-01 +5.0000000e-01 +6.3735417e-01 -2.3236250e-05 +0.0000000e+00 +6.7136597e-02 +3.9118194e-05 +2.3154514e-02 +3.3902569e-04 +6.5133056e-19 -6.7075972e-21 +2.9567397e+05
9.9982100e-01 +5.0000000e-01 +2.1167333e-01 +0.0000000e+00 +0.0000000e+00 +7.4740278e-03 +2.8811458e-06 +2.8856806e-03 +2.2381458e-05 +6.0445486e-20 -5.2282639e-22 +3.0952867e+05
1.0000000e+00 +5.0000000e-01 +0.0000000e+00 +0.0000000e+00 +0.0000000e+00 +0.0000000e+00 +0.0000000e+00 +0.0000000e+00 +0.0000000e+00 +0.0000000e+00 +0.0000000e+00 +3.0952778e+05
