#    y              z              <u>            <v>            <w>            <u'u'>         <v'v'>         <w'w'>         <u'v'>         <u'w'>         <v'w'>         <eps>         
#----------------------------------------------------------------------------------------------------------------------------------------------------------------------------------
0.0000000e+00 +4.0000000e-01 +0.0000000e+00 +0.0000000e+00 +0.0000000e+00 +0.0000000e+00 +0.0000000e+00 +0.0000000e+00 +0.0000000e+00 +0.0000000e+00 +0.0000000e+00 +3.3322431e+05
1.7900000e-04 +4.0000000e-01 +2.2244917e-01 +1.0875250e-05 +4.7308417e-03 +8.0088889e-03 +3.0960764e-06 +3.1357847e-03 -2.4294653e-05 +1.5567778e-04 +2.3438333e-08 +3.3322529e+05
5.3800000e-04 +4.0000000e-01 +6.6982583e-01 +4.1801667e-05 +1.4159000e-02 +7.1968056e-02 +4.1986250e-05 +2.5147014e-02 -3.6834861e-04 +1.4417847e-03 -2.8510417e-07 +3.1814078e+05
9.0300000e-04 +4.0000000e-01 +1.1224000e+00 +9.4534167e-05 +2.3595250e-02 +2.0085625e-01 +2.1088819e-04 +6.3452500e-02 -1.6326597e-03 +4.1096806e-03 -3.3991458e-06 +3.0623727e+05
1.2720000e-03 +4.0000000e-01 +1.5796500e+00 +1.7011083e-04 +3.3025500e-02 +3.9554236e-01 +6.5636597e-04 +1.1338611e-01 -4.5144028e-03 +8.2227083e-03 -1.4125694e-05 +2.9678553e+05
1.6470000e-03 +4.0000000e-01 +2.0407167e+00 +2.6949083e-04 +4.2430583e-02 +6.5551250e-01 +1.5453958e-03 +1.7125556e-01 -9.7111806e-03 +1.3784792e-02 -3.8384931e-05 +2.8821673e+05
2.0270000e-03 +4.0000000e-01 +2.5044000e+00 +3.9355833e-04 +5.1785667e-02 +9.7792361e-01 +3.0423403e-03 +2.3417917e-01 -1.7847639e-02 +2.0727083e-02 -8.1707639e-05 +2.7958507e+05
2.4120000e-03 +4.0000000e-01 +2.9692000e+00 +5.4309833e-04 +6.1061333e-02 +1.3571111e+00 +5.2954167e-03 +2.9995833e-01 -2.9408889e-02 +2.8905556e-02 -1.4784931e-04 +2.7056245e+05
2.8020000e-03 +4.0000000e-01 +3.4333667e+00 +7.1878500e-04 +7.0224583e-02 +1.7845764e+00 +8.4299306e-03 +3.6697847e-01 -4.4693958e-02 +3.8111181e-02 -2.3779028e-04 +2.6128566e+05
3.1980000e-03 +4.0000000e-01 +3.8949750e+00 +9.2115833e-04 +7.9241083e-02 +2.2494931e+00 +1.2545972e-02 +4.3410486e-01 -6.3795556e-02 +4.8089583e-02 -3.4928403e-04 +2.5216905e+05
3.5990000e-03 +4.0000000e-01 +4.3520500e+00 +1.1506083e-03 +8.8076667e-02 +2.7395347e+00 +1.7719514e-02 +5.0058125e-01 -8.6605556e-02 +5.8564931e-02 -4.7698958e-04 +2.4370288e+05
4.0050000e-03 +4.0000000e-01 +4.8026250e+00 +1.4073833e-03 +9.6700000e-02 +3.2418403e+00 +2.4004028e-02 +5.6593958e-01 -1.1284167e-01 +6.9262778e-02 -6.1305139e-04 +2.3630735e+05
4.4170000e-03 +4.0000000e-01 +5.2448417e+00 +1.6915583e-03 +1.0508250e-01 +3.7439028e+00 +3.1433958e-02 +6.2991458e-01 -1.4208403e-01 +7.9929167e-02 -7.4795833e-04 +2.3024601e+05
4.8350000e-03 +4.0000000e-01 +5.6770167e+00 +2.0030750e-03 +1.1320000e-01 +4.2343472e+00 +4.0027292e-02 +6.9237569e-01 -1.7382014e-01 +9.0343750e-02 -8.7145139e-04 +2.2560194e+05
5.2580000e-03 +4.0000000e-01 +6.0976833e+00 +2.3417667e-03 +1.2103417e-01 +4.7034375e+00 +4.9788472e-02 +7.5327083e-01 -2.0749028e-01 +1.0032708e-01 -9.7339583e-04 +2.2229865e+05
5.6870000e-03 +4.0000000e-01 +6.5056000e+00 +2.7073583e-03 +1.2857167e-01 +5.1433750e+00 +6.0710764e-02 +8.1259722e-01 -2.4252083e-01 +1.0974375e-01 -1.0444583e-03 +2.2014235e+05
6.1220000e-03 +4.0000000e-01 +6.8998083e+00 +3.0995417e-03 +1.3580500e-01 +5.5483611e+00 +7.2777778e-02 +8.7034722e-01 -2.7835903e-01 +1.1850139e-01 -1.0766528e-03 +2.1887559e+05
6.5630000e-03 +4.0000000e-01 +7.2795833e+00 +3.5180000e-03 +1.4272917e-01 +5.9145208e+00 +8.5964583e-02 +9.2653472e-01 -3.1449375e-01 +1.2654722e-01 -1.0637153e-03 +2.1821906e+05
7.0100000e-03 +4.0000000e-01 +7.6444583e+00 +3.9623917e-03 +1.4934583e-01 +6.2397014e+00 +1.0024028e-01 +9.8115278e-01 -3.5047014e-01 +1.3386111e-01 -1.0013819e-03 +2.1790836e+05
7.4630000e-03 +4.0000000e-01 +7.9941833e+00 +4.4323833e-03 +1.5565833e-01 +6.5232222e+00 +1.1556667e-01 +1.0341875e+00 -3.8589861e-01 +1.4045139e-01 -8.8746528e-04 +2.1771613e+05
7.9210000e-03 +4.0000000e-01 +8.3287000e+00 +4.9276583e-03 +1.6167167e-01 +6.7656042e+00 +1.3189931e-01 +1.0855972e+00 -4.2045694e-01 +1.4634653e-01 -7.2175694e-04 +2.1745949e+05
8.3870000e-03 +4.0000000e-01 +8.6480833e+00 +5.4479083e-03 +1.6739583e-01 +6.9682639e+00 +1.4919028e-01 +1.1353403e+00 -4.5388958e-01 +1.5158819e-01 -5.0576181e-04 +2.1700837e+05
8.8580000e-03 +4.0000000e-01 +8.9526667e+00 +5.9928333e-03 +1.7283750e-01 +7.1333333e+00 +1.6738542e-01 +1.1833889e+00 -4.8600139e-01 +1.5622431e-01 -2.4232014e-04 +2.1627417e+05
9.3360000e-03 +4.0000000e-01 +9.2427500e+00 +6.5621167e-03 +1.7800750e-01 +7.2632639e+00 +1.8642639e-01 +1.2296875e+00 -5.1665417e-01 +1.6030764e-01 +6.4811736e-05 +2.1520725e+05
9.8200000e-03 +4.0000000e-01 +9.5188333e+00 +7.1555000e-03 +1.8291583e-01 +7.3609722e+00 +2.0625139e-01 +1.2741944e+00 -5.4575764e-01 +1.6388819e-01 +4.1131597e-04 +2.1378668e+05
1.0311000e-02 +4.0000000e-01 +9.7813333e+00 +7.7726750e-03 +1.8757250e-01 +7.4293750e+00 +2.2679722e-01 +1.3168819e+00 -5.7326042e-01 +1.6701319e-01 +7.9263889e-04 +2.1201324e+05
1.0808000e-02 +4.0000000e-01 +1.0031000e+01 +8.4133333e-03 +1.9198833e-01 +7.4713889e+00 +2.4799514e-01 +1.3577431e+00 -5.9914722e-01 +1.6972569e-01 +1.2042847e-03 +2.0990410e+05
1.1312000e-02 +4.0000000e-01 +1.0268167e+01 +9.0770833e-03 +1.9617250e-01 +7.4899306e+00 +2.6977708e-01 +1.3967639e+00 -6.2342917e-01 +1.7206111e-01 +1.6421736e-03 +2.0748487e+05
1.1823000e-02 +4.0000000e-01 +1.0493667e+01 +9.7634167e-03 +2.0013417e-01 +7.4877778e+00 +2.9207361e-01 +1.4339583e+00 -6.4613750e-01 +1.7404861e-01 +2.1028472e-03 +2.0478586e+05
1.2341000e-02 +4.0000000e-01 +1.0708000e+01 +1.0471750e-02 +2.0388333e-01 +7.4675000e+00 +3.1481319e-01 +1.4693472e+00 -6.6732014e-01 +1.7571389e-01 +2.5836389e-03 +2.0184217e+05
1.2866000e-02 +4.0000000e-01 +1.0911750e+01 +1.1201250e-02 +2.0742833e-01 +7.4315278e+00 +3.3792778e-01 +1.5029583e+00 -6.8703542e-01 +1.7707569e-01 +3.0825764e-03 +1.9868742e+05
1.3397000e-02 +4.0000000e-01 +1.1105667e+01 +1.1951000e-02 +2.1077833e-01 +7.3821528e+00 +3.6134861e-01 +1.5348264e+00 -7.0534722e-01 +1.7815347e-01 +3.5981736e-03 +1.9535650e+05
1.3936000e-02 +4.0000000e-01 +1.1290167e+01 +1.2719667e-02 +2.1394083e-01 +7.3212500e+00 +3.8500764e-01 +1.5650000e+00 -7.2233333e-01 +1.7896667e-01 +4.1291667e-03 +1.9188030e+05
1.4482000e-02 +4.0000000e-01 +1.1465833e+01 +1.3506250e-02 +2.1692333e-01 +7.2507639e+00 +4.0883958e-01 +1.5935208e+00 -7.3805556e-01 +1.7954097e-01 +4.6743403e-03 +1.8828597e+05
1.5035000e-02 +4.0000000e-01 +1.1633333e+01 +1.4309417e-02 +2.1973250e-01 +7.1723611e+00 +4.3278264e-01 +1.6204306e+00 -7.5259722e-01 +1.7990486e-01 +5.2324583e-03 +1.8460000e+05
1.5596000e-02 +4.0000000e-01 +1.1793000e+01 +1.5127833e-02 +2.2237333e-01 +7.0874306e+00 +4.5677500e-01 +1.6457778e+00 -7.6602778e-01 +1.8009306e-01 +5.8022500e-03 +1.8084542e+05
1.6164000e-02 +4.0000000e-01 +1.1945417e+01 +1.5960500e-02 +2.2485167e-01 +6.9972917e+00 +4.8075764e-01 +1.6696250e+00 -7.7842361e-01 +1.8013819e-01 +6.3824375e-03 +1.7704443e+05
1.6739000e-02 +4.0000000e-01 +1.2091000e+01 +1.6806500e-02 +2.2716917e-01 +6.9031319e+00 +5.0467431e-01 +1.6920208e+00 -7.8984028e-01 +1.8007431e-01 +6.9718056e-03 +1.7321651e+05
1.7323000e-02 +4.0000000e-01 +1.2230250e+01 +1.7665250e-02 +2.2933000e-01 +6.8059167e+00 +5.2847083e-01 +1.7130347e+00 -8.0036111e-01 +1.7992847e-01 +7.5693056e-03 +1.6937979e+05
1.7914000e-02 +4.0000000e-01 +1.2363500e+01 +1.8536583e-02 +2.3133583e-01 +6.7065417e+00 +5.5209583e-01 +1.7327222e+00 -8.1004167e-01 +1.7972639e-01 +8.1737500e-03 +1.6555015e+05
1.8513000e-02 +4.0000000e-01 +1.2491167e+01 +1.9420500e-02 +2.3318833e-01 +6.6057639e+00 +5.7549931e-01 +1.7511528e+00 -8.1894444e-01 +1.7948750e-01 +8.7842361e-03 +1.6174082e+05
1.9119000e-02 +4.0000000e-01 +1.2613583e+01 +2.0317250e-02 +2.3489000e-01 +6.5042569e+00 +5.9863403e-01 +1.7683958e+00 -8.2713194e-01 +1.7923194e-01 +9.3995833e-03 +1.5796422e+05
1.9734000e-02 +4.0000000e-01 +1.2731167e+01 +2.1227583e-02 +2.3644250e-01 +6.4025694e+00 +6.2145694e-01 +1.7845139e+00 -8.3465278e-01 +1.7897431e-01 +1.0019375e-02 +1.5423151e+05
2.0357000e-02 +4.0000000e-01 +1.2844083e+01 +2.2152000e-02 +2.3784833e-01 +6.3012014e+00 +6.4392569e-01 +1.7995764e+00 -8.4156944e-01 +1.7872708e-01 +1.0643542e-02 +1.5054888e+05
2.0988000e-02 +4.0000000e-01 +1.2952750e+01 +2.3091167e-02 +2.3911083e-01 +6.2005694e+00 +6.6600208e-01 +1.8136389e+00 -8.4791667e-01 +1.7849236e-01 +1.1273125e-02 +1.4692113e+05
2.1627000e-02 +4.0000000e-01 +1.3057417e+01 +2.4045583e-02 +2.4023500e-01 +6.1010278e+00 +6.8765139e-01 +1.8267569e+00 -8.5375694e-01 +1.7826806e-01 +1.1909861e-02 +1.4335309e+05
2.2275000e-02 +4.0000000e-01 +1.3158333e+01 +2.5015500e-02 +2.4122417e-01 +6.0028681e+00 +7.0884028e-01 +1.8389792e+00 -8.5911806e-01 +1.7804653e-01 +1.2555625e-02 +1.3984613e+05
2.2932000e-02 +4.0000000e-01 +1.3255667e+01 +2.6000750e-02 +2.4208583e-01 +5.9063472e+00 +7.2954167e-01 +1.8503542e+00 -8.6404861e-01 +1.7781944e-01 +1.3211597e-02 +1.3640643e+05
2.3596000e-02 +4.0000000e-01 +1.3349750e+01 +2.7000833e-02 +2.4282333e-01 +5.8116389e+00 +7.4973611e-01 +1.8609236e+00 -8.6856250e-01 +1.7758125e-01 +1.3877778e-02 +1.3303673e+05
2.4270000e-02 +4.0000000e-01 +1.3440750e+01 +2.8015000e-02 +2.4344167e-01 +5.7188889e+00 +7.6939583e-01 +1.8707292e+00 -8.7270139e-01 +1.7733333e-01 +1.4552847e-02 +1.2974260e+05
2.4952000e-02 +4.0000000e-01 +1.3528833e+01 +2.9042500e-02 +2.4394333e-01 +5.6282153e+00 +7.8851389e-01 +1.8798056e+00 -8.7647917e-01 +1.7708403e-01 +1.5234028e-02 +1.2652742e+05
2.5644000e-02 +4.0000000e-01 +1.3614167e+01 +3.0082583e-02 +2.4433167e-01 +5.5397153e+00 +8.0706944e-01 +1.8881806e+00 -8.7992361e-01 +1.7684583e-01 +1.5917431e-02 +1.2339331e+05
2.6344000e-02 +4.0000000e-01 +1.3697000e+01 +3.1134333e-02 +2.4460750e-01 +5.4534653e+00 +8.2506250e-01 +1.8958681e+00 -8.8306250e-01 +1.7663542e-01 +1.6597639e-02 +1.2033953e+05
2.7054000e-02 +4.0000000e-01 +1.3777417e+01 +3.2197083e-02 +2.4477167e-01 +5.3695347e+00 +8.4247917e-01 +1.9028819e+00 -8.8590972e-01 +1.7646597e-01 +1.7268403e-02 +1.1736464e+05
2.7772000e-02 +4.0000000e-01 +1.3855583e+01 +3.3270417e-02 +2.4482500e-01 +5.2879861e+00 +8.5931250e-01 +1.9092431e+00 -8.8849306e-01 +1.7635069e-01 +1.7923194e-02 +1.1446517e+05
2.8500000e-02 +4.0000000e-01 +1.3931667e+01 +3.4354083e-02 +2.4476833e-01 +5.2088403e+00 +8.7556250e-01 +1.9149444e+00 -8.9083333e-01 +1.7629792e-01 +1.8555903e-02 +1.1163970e+05
2.9238000e-02 +4.0000000e-01 +1.4005833e+01 +3.5447833e-02 +2.4460250e-01 +5.1321042e+00 +8.9122917e-01 +1.9199931e+00 -8.9293750e-01 +1.7631528e-01 +1.9162014e-02 +1.0888959e+05
2.9985000e-02 +4.0000000e-01 +1.4078083e+01 +3.6551833e-02 +2.4432833e-01 +5.0577639e+00 +9.0631944e-01 +1.9243958e+00 -8.9484028e-01 +1.7640833e-01 +1.9738958e-02 +1.0621480e+05
3.0741000e-02 +4.0000000e-01 +1.4148667e+01 +3.7666167e-02 +2.4394833e-01 +4.9857708e+00 +9.2083333e-01 +1.9281458e+00 -8.9652778e-01 +1.7657917e-01 +2.0286319e-02 +1.0361600e+05
3.1508000e-02 +4.0000000e-01 +1.4217667e+01 +3.8791083e-02 +2.4346583e-01 +4.9160764e+00 +9.3477083e-01 +1.9312639e+00 -8.9802778e-01 +1.7682500e-01 +2.0805972e-02 +1.0109252e+05
3.2284000e-02 +4.0000000e-01 +1.4285083e+01 +3.9926750e-02 +2.4288667e-01 +4.8486042e+00 +9.4814583e-01 +1.9337569e+00 -8.9932639e-01 +1.7713681e-01 +2.1302153e-02 +9.8644297e+04
3.3070000e-02 +4.0000000e-01 +1.4351083e+01 +4.1073417e-02 +2.4221500e-01 +4.7833056e+00 +9.6095139e-01 +1.9356389e+00 -9.0043750e-01 +1.7749583e-01 +2.1780764e-02 +9.6269251e+04
3.3866000e-02 +4.0000000e-01 +1.4415833e+01 +4.2231167e-02 +2.4145500e-01 +4.7201181e+00 +9.7320833e-01 +1.9369444e+00 -9.0135417e-01 +1.7787708e-01 +2.2249306e-02 +9.3963205e+04
3.4673000e-02 +4.0000000e-01 +1.4479250e+01 +4.3399750e-02 +2.4061417e-01 +4.6590139e+00 +9.8491667e-01 +1.9376875e+00 -9.0209028e-01 +1.7825486e-01 +2.2715694e-02 +9.1724029e+04
3.5490000e-02 +4.0000000e-01 +1.4541500e+01 +4.4578833e-02 +2.3969583e-01 +4.5999792e+00 +9.9607639e-01 +1.9379097e+00 -9.0264583e-01 +1.7860347e-01 +2.3187639e-02 +8.9547576e+04
3.6317000e-02 +4.0000000e-01 +1.4602667e+01 +4.5767833e-02 +2.3870417e-01 +4.5429792e+00 +1.0067014e+00 +1.9376319e+00 -9.0303472e-01 +1.7890347e-01 +2.3671597e-02 +8.7435828e+04
3.7155000e-02 +4.0000000e-01 +1.4662833e+01 +4.6966000e-02 +2.3764333e-01 +4.4879931e+00 +1.0167986e+00 +1.9368958e+00 -9.0327083e-01 +1.7915069e-01 +2.4172500e-02 +8.5387464e+04
3.8003000e-02 +4.0000000e-01 +1.4721917e+01 +4.8172667e-02 +2.3651500e-01 +4.4349792e+00 +1.0263750e+00 +1.9357222e+00 -9.0336806e-01 +1.7935694e-01 +2.4694028e-02 +8.3398955e+04
3.8862000e-02 +4.0000000e-01 +1.4780167e+01 +4.9387583e-02 +2.3532083e-01 +4.3838889e+00 +1.0354444e+00 +1.9341597e+00 -9.0333333e-01 +1.7954861e-01 +2.5237917e-02 +8.1467525e+04
3.9732000e-02 +4.0000000e-01 +1.4837417e+01 +5.0610417e-02 +2.3406250e-01 +4.3346597e+00 +1.0440208e+00 +1.9322361e+00 -9.0318750e-01 +1.7975972e-01 +2.5803194e-02 +7.9589668e+04
4.0613000e-02 +4.0000000e-01 +1.4893917e+01 +5.1841667e-02 +2.3274083e-01 +4.2872153e+00 +1.0521181e+00 +1.9299792e+00 -9.0292361e-01 +1.8002361e-01 +2.6386389e-02 +7.7763348e+04
4.1505000e-02 +4.0000000e-01 +1.4949583e+01 +5.3081833e-02 +2.3135333e-01 +4.2414653e+00 +1.0597500e+00 +1.9274097e+00 -9.0255556e-01 +1.8036597e-01 +2.6983056e-02 +7.5990628e+04
4.2409000e-02 +4.0000000e-01 +1.5004500e+01 +5.4331583e-02 +2.2989833e-01 +4.1973056e+00 +1.0669375e+00 +1.9245625e+00 -9.0208333e-01 +1.8080625e-01 +2.7589653e-02 +7.4270890e+04
4.3324000e-02 +4.0000000e-01 +1.5058667e+01 +5.5591917e-02 +2.2837417e-01 +4.1546736e+00 +1.0736875e+00 +1.9214583e+00 -9.0150694e-01 +1.8135486e-01 +2.8204167e-02 +7.2604697e+04
4.4250000e-02 +4.0000000e-01 +1.5112250e+01 +5.6863167e-02 +2.2677667e-01 +4.1135000e+00 +1.0800139e+00 +1.9181181e+00 -9.0081944e-01 +1.8201597e-01 +2.8825556e-02 +7.0987995e+04
4.5188000e-02 +4.0000000e-01 +1.5165250e+01 +5.8145000e-02 +2.2510417e-01 +4.0737500e+00 +1.0859375e+00 +1.9145556e+00 -9.0002778e-01 +1.8278333e-01 +2.9452361e-02 +6.9418712e+04
4.6137000e-02 +4.0000000e-01 +1.5217667e+01 +5.9436167e-02 +2.2335083e-01 +4.0353681e+00 +1.0914583e+00 +1.9107847e+00 -8.9913194e-01 +1.8364514e-01 +3.0080764e-02 +6.7895260e+04
4.7099000e-02 +4.0000000e-01 +1.5269583e+01 +6.0734417e-02 +2.2151333e-01 +3.9983264e+00 +1.0966042e+00 +1.9068125e+00 -8.9813889e-01 +1.8458681e-01 +3.0704722e-02 +6.6417227e+04
4.8072000e-02 +4.0000000e-01 +1.5321000e+01 +6.2036833e-02 +2.1958917e-01 +3.9625903e+00 +1.1013750e+00 +1.9026458e+00 -8.9704167e-01 +1.8559097e-01 +3.1316806e-02 +6.4983696e+04
4.9057000e-02 +4.0000000e-01 +1.5371917e+01 +6.3340667e-02 +2.1757500e-01 +3.9281319e+00 +1.1057917e+00 +1.8982917e+00 -8.9586806e-01 +1.8664514e-01 +3.1909792e-02 +6.3591883e+04
5.0055000e-02 +4.0000000e-01 +1.5422500e+01 +6.4643583e-02 +2.1546833e-01 +3.8949375e+00 +1.1098611e+00 +1.8937431e+00 -8.9461806e-01 +1.8773819e-01 +3.2477639e-02 +6.2238306e+04
5.1065000e-02 +4.0000000e-01 +1.5472750e+01 +6.5944333e-02 +2.1326917e-01 +3.8629792e+00 +1.1136042e+00 +1.8890000e+00 -8.9330556e-01 +1.8886111e-01 +3.3016806e-02 +6.0920581e+04
5.2087000e-02 +4.0000000e-01 +1.5522583e+01 +6.7243083e-02 +2.1097667e-01 +3.8322083e+00 +1.1170347e+00 +1.8840417e+00 -8.9195139e-01 +1.8999722e-01 +3.3526111e-02 +5.9638053e+04
5.3122000e-02 +4.0000000e-01 +1.5572083e+01 +6.8541333e-02 +2.0859250e-01 +3.8025486e+00 +1.1201736e+00 +1.8788542e+00 -8.9056944e-01 +1.9112014e-01 +3.4006528e-02 +5.8391187e+04
5.4170000e-02 +4.0000000e-01 +1.5621250e+01 +6.9841750e-02 +2.0612000e-01 +3.7739167e+00 +1.1230417e+00 +1.8734236e+00 -8.8916667e-01 +1.9219583e-01 +3.4460208e-02 +5.7180105e+04
5.5231000e-02 +4.0000000e-01 +1.5670167e+01 +7.1147833e-02 +2.0356667e-01 +3.7462431e+00 +1.1256528e+00 +1.8677292e+00 -8.8775694e-01 +1.9319653e-01 +3.4889167e-02 +5.6002648e+04
5.6304000e-02 +4.0000000e-01 +1.5718750e+01 +7.2462917e-02 +2.0094333e-01 +3.7194306e+00 +1.1280208e+00 +1.8617917e+00 -8.8634028e-01 +1.9411181e-01 +3.5294722e-02 +5.4856021e+04
5.7391000e-02 +4.0000000e-01 +1.5767083e+01 +7.3790333e-02 +1.9825667e-01 +3.6934167e+00 +1.1301736e+00 +1.8556111e+00 -8.8491667e-01 +1.9495069e-01 +3.5677292e-02 +5.3739115e+04
5.8491000e-02 +4.0000000e-01 +1.5815083e+01 +7.5133083e-02 +1.9551167e-01 +3.6681111e+00 +1.1321111e+00 +1.8492083e+00 -8.8347917e-01 +1.9573264e-01 +3.6037153e-02 +5.2652067e+04
5.9604000e-02 +4.0000000e-01 +1.5862750e+01 +7.6493583e-02 +1.9271167e-01 +3.6434375e+00 +1.1338611e+00 +1.8426319e+00 -8.8204167e-01 +1.9647639e-01 +3.6374514e-02 +5.1594941e+04
6.0730000e-02 +4.0000000e-01 +1.5910167e+01 +7.7873917e-02 +1.8985417e-01 +3.6193542e+00 +1.1354375e+00 +1.8358958e+00 -8.8058333e-01 +1.9720069e-01 +3.6690069e-02 +5.0566299e+04
6.1870000e-02 +4.0000000e-01 +1.5957333e+01 +7.9275667e-02 +1.8694000e-01 +3.5958125e+00 +1.1368472e+00 +1.8290486e+00 -8.7912500e-01 +1.9792569e-01 +3.6985625e-02 +4.9564134e+04
6.3024000e-02 +4.0000000e-01 +1.6004250e+01 +8.0699750e-02 +1.8396917e-01 +3.5728264e+00 +1.1381111e+00 +1.8221042e+00 -8.7765278e-01 +1.9866806e-01 +3.7263750e-02 +4.8587089e+04
6.4192000e-02 +4.0000000e-01 +1.6050917e+01 +8.2146833e-02 +1.8094250e-01 +3.5503819e+00 +1.1392361e+00 +1.8151042e+00 -8.7617361e-01 +1.9943125e-01 +3.7527361e-02 +4.7636145e+04
6.5374000e-02 +4.0000000e-01 +1.6097333e+01 +8.3617500e-02 +1.7786583e-01 +3.5284792e+00 +1.1402292e+00 +1.8080625e+00 -8.7468750e-01 +2.0020556e-01 +3.7778472e-02 +4.6712300e+04
6.6570000e-02 +4.0000000e-01 +1.6143583e+01 +8.5110833e-02 +1.7474167e-01 +3.5071111e+00 +1.1410903e+00 +1.8010208e+00 -8.7320833e-01 +2.0098125e-01 +3.8017708e-02 +4.5813840e+04
6.7780000e-02 +4.0000000e-01 +1.6189583e+01 +8.6627500e-02 +1.7157667e-01 +3.4862569e+00 +1.1418403e+00 +1.7939861e+00 -8.7171528e-01 +2.0176111e-01 +3.8243264e-02 +4.4937201e+04
6.9004000e-02 +4.0000000e-01 +1.6235500e+01 +8.8165000e-02 +1.6837417e-01 +3.4659097e+00 +1.1424653e+00 +1.7869722e+00 -8.7022222e-01 +2.0256528e-01 +3.8450903e-02 +4.4079508e+04
7.0243000e-02 +4.0000000e-01 +1.6281167e+01 +8.9720000e-02 +1.6513583e-01 +3.4460556e+00 +1.1429792e+00 +1.7799653e+00 -8.6870139e-01 +2.0341806e-01 +3.8636597e-02 +4.3239007e+04
7.1496000e-02 +4.0000000e-01 +1.6326750e+01 +9.1290000e-02 +1.6185917e-01 +3.4266944e+00 +1.1433681e+00 +1.7729444e+00 -8.6713889e-01 +2.0434028e-01 +3.8800000e-02 +4.2415609e+04
7.2765000e-02 +4.0000000e-01 +1.6372250e+01 +9.2870000e-02 +1.5854167e-01 +3.4077778e+00 +1.1436458e+00 +1.7659236e+00 -8.6552083e-01 +2.0533611e-01 +3.8945694e-02 +4.1610897e+04
7.4048000e-02 +4.0000000e-01 +1.6417583e+01 +9.4455000e-02 +1.5518167e-01 +3.3892431e+00 +1.1437986e+00 +1.7589097e+00 -8.6383333e-01 +2.0639583e-01 +3.9081319e-02 +4.0827218e+04
7.5346000e-02 +4.0000000e-01 +1.6462750e+01 +9.6039167e-02 +1.5177750e-01 +3.3710417e+00 +1.1438333e+00 +1.7519444e+00 -8.6206944e-01 +2.0749931e-01 +3.9213819e-02 +4.0066440e+04
7.6659000e-02 +4.0000000e-01 +1.6507750e+01 +9.7616667e-02 +1.4833167e-01 +3.3531250e+00 +1.1437500e+00 +1.7450625e+00 -8.6022917e-01 +2.0861944e-01 +3.9346042e-02 +3.9328851e+04
7.7988000e-02 +4.0000000e-01 +1.6552750e+01 +9.9184167e-02 +1.4485417e-01 +3.3354653e+00 +1.1435486e+00 +1.7383056e+00 -8.5831250e-01 +2.0972708e-01 +3.9474583e-02 +3.8613981e+04
7.9332000e-02 +4.0000000e-01 +1.6597500e+01 +1.0073833e-01 +1.4135667e-01 +3.3180556e+00 +1.1432431e+00 +1.7316806e+00 -8.5632639e-01 +2.1080833e-01 +3.9590903e-02 +3.7920894e+04
8.0691000e-02 +4.0000000e-01 +1.6642250e+01 +1.0227500e-01 +1.3785000e-01 +3.3009028e+00 +1.1428333e+00 +1.7251944e+00 -8.5427778e-01 +2.1186806e-01 +3.9683542e-02 +3.7246875e+04
8.2066000e-02 +4.0000000e-01 +1.6686833e+01 +1.0379417e-01 +1.3433833e-01 +3.2840000e+00 +1.1423333e+00 +1.7188056e+00 -8.5216667e-01 +2.1291806e-01 +3.9740556e-02 +3.6590207e+04
8.3457000e-02 +4.0000000e-01 +1.6731333e+01 +1.0529500e-01 +1.3082167e-01 +3.2673056e+00 +1.1417361e+00 +1.7124722e+00 -8.5000000e-01 +2.1396528e-01 +3.9752986e-02 +3.5952376e+04
8.4864000e-02 +4.0000000e-01 +1.6775750e+01 +1.0677583e-01 +1.2729333e-01 +3.2507569e+00 +1.1410556e+00 +1.7061597e+00 -8.4777778e-01 +2.1500278e-01 +3.9714583e-02 +3.5334695e+04
8.6287000e-02 +4.0000000e-01 +1.6820167e+01 +1.0823833e-01 +1.2375167e-01 +3.2343333e+00 +1.1402847e+00 +1.6998542e+00 -8.4552083e-01 +2.1601250e-01 +3.9619514e-02 +3.4735338e+04
8.7726000e-02 +4.0000000e-01 +1.6864417e+01 +1.0968083e-01 +1.2019083e-01 +3.2180556e+00 +1.1394236e+00 +1.6935486e+00 -8.4322917e-01 +2.1698403e-01 +3.9463472e-02 +3.4150566e+04
8.9181000e-02 +4.0000000e-01 +1.6908667e+01 +1.1110083e-01 +1.1660417e-01 +3.2019653e+00 +1.1384653e+00 +1.6872292e+00 -8.4090278e-01 +2.1792153e-01 +3.9247569e-02 +3.3577616e+04
9.0653000e-02 +4.0000000e-01 +1.6952833e+01 +1.1249500e-01 +1.1298417e-01 +3.1861042e+00 +1.1374028e+00 +1.6808750e+00 -8.3853472e-01 +2.1883472e-01 +3.8979861e-02 +3.3015188e+04
9.2141000e-02 +4.0000000e-01 +1.6997000e+01 +1.1385917e-01 +1.0932417e-01 +3.1704792e+00 +1.1362431e+00 +1.6744722e+00 -8.3611806e-01 +2.1972083e-01 +3.8672361e-02 +3.2462394e+04
9.3646000e-02 +4.0000000e-01 +1.7041083e+01 +1.1518667e-01 +1.0562250e-01 +3.1550903e+00 +1.1349792e+00 +1.6680000e+00 -8.3365278e-01 +2.2056875e-01 +3.8338889e-02 +3.1918978e+04
9.5167000e-02 +4.0000000e-01 +1.7085167e+01 +1.1647500e-01 +1.0188083e-01 +3.1398958e+00 +1.1336181e+00 +1.6614444e+00 -8.3112500e-01 +2.2137708e-01 +3.7992569e-02 +3.1385434e+04
9.6706000e-02 +4.0000000e-01 +1.7129167e+01 +1.1772000e-01 +9.8103333e-02 +3.1248333e+00 +1.1321458e+00 +1.6548125e+00 -8.2852778e-01 +2.2215417e-01 +3.7640833e-02 +3.0861193e+04
9.8262000e-02 +4.0000000e-01 +1.7173167e+01 +1.1892250e-01 +9.4290000e-02 +3.1098472e+00 +1.1305833e+00 +1.6481111e+00 -8.2586806e-01 +2.2290486e-01 +3.7283611e-02 +3.0345413e+04
9.9834000e-02 +4.0000000e-01 +1.7217167e+01 +1.2008333e-01 +9.0440000e-02 +3.0948542e+00 +1.1289236e+00 +1.6413542e+00 -8.2315278e-01 +2.2361806e-01 +3.6916181e-02 +2.9839728e+04
1.0142400e-01 +4.0000000e-01 +1.7261167e+01 +1.2120417e-01 +8.6550000e-02 +3.0797778e+00 +1.1271736e+00 +1.6345208e+00 -8.2038194e-01 +2.2428333e-01 +3.6533819e-02 +2.9348051e+04
1.0303200e-01 +4.0000000e-01 +1.7305083e+01 +1.2228583e-01 +8.2620500e-02 +3.0645694e+00 +1.1253403e+00 +1.6275833e+00 -8.1756944e-01 +2.2489236e-01 +3.6135833e-02 +2.8871612e+04
1.0465700e-01 +4.0000000e-01 +1.7349083e+01 +1.2333000e-01 +7.8653750e-02 +3.0492014e+00 +1.1234375e+00 +1.6205347e+00 -8.1471528e-01 +2.2543681e-01 +3.5728542e-02 +2.8407733e+04
1.0629900e-01 +4.0000000e-01 +1.7393083e+01 +1.2433500e-01 +7.4654250e-02 +3.0337014e+00 +1.1214583e+00 +1.6133611e+00 -8.1181250e-01 +2.2590347e-01 +3.5324514e-02 +2.7953017e+04
1.0796000e-01 +4.0000000e-01 +1.7437083e+01 +1.2530167e-01 +7.0627667e-02 +3.0181389e+00 +1.1194097e+00 +1.6060556e+00 -8.0886806e-01 +2.2627222e-01 +3.4941181e-02 +2.7505119e+04
1.0963800e-01 +4.0000000e-01 +1.7481167e+01 +1.2622917e-01 +6.6584500e-02 +3.0025972e+00 +1.1173056e+00 +1.5986181e+00 -8.0589583e-01 +2.2650208e-01 +3.4596111e-02 +2.7063509e+04
1.1133400e-01 +4.0000000e-01 +1.7525250e+01 +1.2711667e-01 +6.2542333e-02 +2.9871042e+00 +1.1151458e+00 +1.5910833e+00 -8.0288889e-01 +2.2653194e-01 +3.4300694e-02 +2.6629307e+04
1.1304800e-01 +4.0000000e-01 +1.7569417e+01 +1.2796167e-01 +5.8523583e-02 +2.9716736e+00 +1.1129444e+00 +1.5834444e+00 -7.9986111e-01 +2.2630833e-01 +3.4056736e-02 +2.6203629e+04
1.1478100e-01 +4.0000000e-01 +1.7613667e+01 +1.2876250e-01 +5.4545500e-02 +2.9562986e+00 +1.1106944e+00 +1.5757292e+00 -7.9682639e-01 +2.2580833e-01 +3.3858472e-02 +2.5786324e+04
1.1653100e-01 +4.0000000e-01 +1.7658000e+01 +1.2951750e-01 +5.0612583e-02 +2.9409653e+00 +1.1084028e+00 +1.5679653e+00 -7.9378472e-01 +2.2504028e-01 +3.3697431e-02 +2.5377937e+04
1.1830100e-01 +4.0000000e-01 +1.7702417e+01 +1.3022417e-01 +4.6716750e-02 +2.9256319e+00 +1.1060556e+00 +1.5601667e+00 -7.9074306e-01 +2.2402847e-01 +3.3567014e-02 +2.4979247e+04
1.2008800e-01 +4.0000000e-01 +1.7747000e+01 +1.3087750e-01 +4.2846250e-02 +2.9102847e+00 +1.1036389e+00 +1.5523750e+00 -7.8768750e-01 +2.2279444e-01 +3.3460972e-02 +2.4587895e+04
1.2189500e-01 +4.0000000e-01 +1.7791667e+01 +1.3147250e-01 +3.8992000e-02 +2.8949236e+00 +1.1011389e+00 +1.5446319e+00 -7.8461806e-01 +2.2134167e-01 +3.3368958e-02 +2.4201080e+04
1.2372000e-01 +4.0000000e-01 +1.7836417e+01 +1.3199917e-01 +3.5148417e-02 +2.8795625e+00 +1.0985556e+00 +1.5369306e+00 -7.8152083e-01 +2.1964861e-01 +3.3272847e-02 +2.3819279e+04
1.2556400e-01 +4.0000000e-01 +1.7881333e+01 +1.3244917e-01 +3.1311250e-02 +2.8641667e+00 +1.0958819e+00 +1.5292569e+00 -7.7840278e-01 +2.1768681e-01 +3.3151389e-02 +2.3444012e+04
1.2742700e-01 +4.0000000e-01 +1.7926333e+01 +1.3281500e-01 +2.7475000e-02 +2.8486944e+00 +1.0931111e+00 +1.5215625e+00 -7.7525694e-01 +2.1546042e-01 +3.2989583e-02 +2.3075320e+04
1.2930900e-01 +4.0000000e-01 +1.7971417e+01 +1.3309333e-01 +2.3629667e-02 +2.8330972e+00 +1.0902569e+00 +1.5137986e+00 -7.7208333e-01 +2.1303056e-01 +3.2780833e-02 +2.2712139e+04
1.3121000e-01 +4.0000000e-01 +1.8016583e+01 +1.3328667e-01 +1.9760750e-02 +2.8173264e+00 +1.0873056e+00 +1.5059097e+00 -7.6886111e-01 +2.1049097e-01 +3.2522569e-02 +2.2354414e+04
1.3313000e-01 +4.0000000e-01 +1.8061750e+01 +1.3339583e-01 +1.5856750e-02 +2.8013542e+00 +1.0842569e+00 +1.4978611e+00 -7.6558333e-01 +2.0792431e-01 +3.2212639e-02 +2.2002341e+04
1.3507000e-01 +4.0000000e-01 +1.8107000e+01 +1.3342167e-01 +1.1919333e-02 +2.7852153e+00 +1.0810972e+00 +1.4896806e+00 -7.6222917e-01 +2.0538750e-01 +3.1848819e-02 +2.1654088e+04
1.3702900e-01 +4.0000000e-01 +1.8152250e+01 +1.3336250e-01 +7.9657417e-03 +2.7689375e+00 +1.0778125e+00 +1.4814097e+00 -7.5878472e-01 +2.0292014e-01 +3.1427639e-02 +2.1308659e+04
1.3900700e-01 +4.0000000e-01 +1.8197667e+01 +1.3321417e-01 +4.0224750e-03 +2.7525278e+00 +1.0744028e+00 +1.4730833e+00 -7.5523611e-01 +2.0054931e-01 +3.0942431e-02 +2.0969184e+04
1.4100500e-01 +4.0000000e-01 +1.8243083e+01 +1.3297833e-01 +1.1793250e-04 +2.7359444e+00 +1.0708681e+00 +1.4647083e+00 -7.5158333e-01 +1.9826667e-01 +3.0386806e-02 +2.0639511e+04
1.4302300e-01 +4.0000000e-01 +1.8288500e+01 +1.3265667e-01 -3.7217250e-03 +2.7191736e+00 +1.0672292e+00 +1.4562917e+00 -7.4784028e-01 +1.9603750e-01 +2.9763750e-02 +2.0319112e+04
1.4506100e-01 +4.0000000e-01 +1.8334083e+01 +1.3225500e-01 -7.4819833e-03 +2.7022292e+00 +1.0635000e+00 +1.4478472e+00 -7.4401389e-01 +1.9382708e-01 +2.9080278e-02 +2.0005794e+04
1.4711800e-01 +4.0000000e-01 +1.8379750e+01 +1.3177583e-01 -1.1171417e-02 +2.6851528e+00 +1.0597222e+00 +1.4393750e+00 -7.4011111e-01 +1.9162917e-01 +2.8334583e-02 +1.9699726e+04
1.4919600e-01 +4.0000000e-01 +1.8425583e+01 +1.3121667e-01 -1.4814250e-02 +2.6680139e+00 +1.0559097e+00 +1.4308750e+00 -7.3615972e-01 +1.8945486e-01 +2.7519931e-02 +1.9400729e+04
1.5129300e-01 +4.0000000e-01 +1.8471417e+01 +1.3057583e-01 -1.8426500e-02 +2.6508958e+00 +1.0520694e+00 +1.4223750e+00 -7.3216667e-01 +1.8730556e-01 +2.6637708e-02 +1.9105785e+04
1.5341000e-01 +4.0000000e-01 +1.8517417e+01 +1.2985167e-01 -2.2004583e-02 +2.6338472e+00 +1.0482014e+00 +1.4138611e+00 -7.2813889e-01 +1.8515000e-01 +2.5697500e-02 +1.8812697e+04
1.5554800e-01 +4.0000000e-01 +1.8563417e+01 +1.2904333e-01 -2.5540000e-02 +2.6168889e+00 +1.0443056e+00 +1.4052917e+00 -7.2409028e-01 +1.8292917e-01 +2.4711944e-02 +1.8522012e+04
1.5770600e-01 +4.0000000e-01 +1.8609583e+01 +1.2815083e-01 -2.9033500e-02 +2.6000208e+00 +1.0403681e+00 +1.3966111e+00 -7.2002083e-01 +1.8057500e-01 +2.3697917e-02 +1.8234083e+04
1.5988400e-01 +4.0000000e-01 +1.8655833e+01 +1.2717333e-01 -3.2493083e-02 +2.5832292e+00 +1.0363750e+00 +1.3877917e+00 -7.1594444e-01 +1.7803889e-01 +2.2672500e-02 +1.7949951e+04
1.6208200e-01 +4.0000000e-01 +1.8702167e+01 +1.2610750e-01 -3.5925500e-02 +2.5664444e+00 +1.0322986e+00 +1.3788264e+00 -7.1184722e-01 +1.7532500e-01 +2.1647708e-02 +1.7673426e+04
1.6430000e-01 +4.0000000e-01 +1.8748583e+01 +1.2494833e-01 -3.9336083e-02 +2.5495625e+00 +1.0281389e+00 +1.3697222e+00 -7.0770833e-01 +1.7246597e-01 +2.0636528e-02 +1.7407259e+04
1.6654000e-01 +4.0000000e-01 +1.8795167e+01 +1.2369500e-01 -4.2724583e-02 +2.5325347e+00 +1.0239028e+00 +1.3604792e+00 -7.0354167e-01 +1.6948472e-01 +1.9654583e-02 +1.7149729e+04
1.6879900e-01 +4.0000000e-01 +1.8841750e+01 +1.2234833e-01 -4.6077000e-02 +2.5153958e+00 +1.0196042e+00 +1.3511944e+00 -6.9936806e-01 +1.6641042e-01 +1.8711597e-02 +1.6896523e+04
1.7107900e-01 +4.0000000e-01 +1.8888417e+01 +1.2091417e-01 -4.9367333e-02 +2.4982083e+00 +1.0152708e+00 +1.3419861e+00 -6.9520833e-01 +1.6331111e-01 +1.7800069e-02 +1.6644917e+04
1.7338000e-01 +4.0000000e-01 +1.8935083e+01 +1.1940333e-01 -5.2573583e-02 +2.4810347e+00 +1.0109028e+00 +1.3329167e+00 -6.9109722e-01 +1.6027500e-01 +1.6893889e-02 +1.6395027e+04
1.7570100e-01 +4.0000000e-01 +1.8981833e+01 +1.1783000e-01 -5.5691500e-02 +2.4639375e+00 +1.0065139e+00 +1.3239514e+00 -6.8703681e-01 +1.5733472e-01 +1.5967153e-02 +1.6148206e+04
1.7804300e-01 +4.0000000e-01 +1.9028583e+01 +1.1621083e-01 -5.8729750e-02 +2.4469167e+00 +1.0021111e+00 +1.3149861e+00 -6.8302083e-01 +1.5447639e-01 +1.5007778e-02 +1.5904305e+04
1.8040600e-01 +4.0000000e-01 +1.9075333e+01 +1.1456250e-01 -6.1701000e-02 +2.4299514e+00 +9.9768056e-01 +1.3059097e+00 -6.7902569e-01 +1.5172153e-01 +1.4022083e-02 +1.5661592e+04
1.8278900e-01 +4.0000000e-01 +1.9122167e+01 +1.1289000e-01 -6.4614583e-02 +2.4129444e+00 +9.9322222e-01 +1.2966319e+00 -6.7501806e-01 +1.4910139e-01 +1.3034931e-02 +1.5420136e+04
1.8519300e-01 +4.0000000e-01 +1.9169083e+01 +1.1119417e-01 -6.7467250e-02 +2.3958056e+00 +9.8872917e-01 +1.2870833e+00 -6.7096042e-01 +1.4659653e-01 +1.2069097e-02 +1.5182408e+04
1.8761700e-01 +4.0000000e-01 +1.9216000e+01 +1.0947583e-01 -7.0250417e-02 +2.3784514e+00 +9.8418750e-01 +1.2772431e+00 -6.6681944e-01 +1.4413889e-01 +1.1118750e-02 +1.4952540e+04
1.9006300e-01 +4.0000000e-01 +1.9263000e+01 +1.0773417e-01 -7.2961250e-02 +2.3608333e+00 +9.7959028e-01 +1.2671528e+00 -6.6257639e-01 +1.4165972e-01 +1.0158542e-02 +1.4731057e+04
1.9252900e-01 +4.0000000e-01 +1.9310167e+01 +1.0596750e-01 -7.5607500e-02 +2.3429167e+00 +9.7492361e-01 +1.2569375e+00 -6.5823125e-01 +1.3911736e-01 +9.1684722e-03 +1.4513260e+04
1.9501600e-01 +4.0000000e-01 +1.9357333e+01 +1.0416917e-01 -7.8202083e-02 +2.3246944e+00 +9.7020139e-01 +1.2466806e+00 -6.5379306e-01 +1.3649375e-01 +8.1389583e-03 +1.4295667e+04
1.9752400e-01 +4.0000000e-01 +1.9404583e+01 +1.0232917e-01 -8.0748833e-02 +2.3062014e+00 +9.6541667e-01 +1.2364167e+00 -6.4927222e-01 +1.3379792e-01 +7.0605556e-03 +1.4077327e+04
2.0005300e-01 +4.0000000e-01 +1.9451750e+01 +1.0043000e-01 -8.3238750e-02 +2.2875347e+00 +9.6056250e-01 +1.2261042e+00 -6.4467014e-01 +1.3106250e-01 +5.9096944e-03 +1.3856731e+04
2.0260200e-01 +4.0000000e-01 +1.9499000e+01 +9.8457500e-02 -8.5653333e-02 +2.2687431e+00 +9.5562500e-01 +1.2157153e+00 -6.3997292e-01 +1.2829514e-01 +4.6554097e-03 +1.3635057e+04
2.0517200e-01 +4.0000000e-01 +1.9546167e+01 +9.6404167e-02 -8.7968333e-02 +2.2497917e+00 +9.5061806e-01 +1.2051944e+00 -6.3516389e-01 +1.2548194e-01 +3.2794375e-03 +1.3416378e+04
2.0776300e-01 +4.0000000e-01 +1.9593250e+01 +9.4267500e-02 -9.0165833e-02 +2.2306042e+00 +9.4553472e-01 +1.1944792e+00 -6.3022639e-01 +1.2260069e-01 +1.7846736e-03 +1.3203610e+04
2.1037500e-01 +4.0000000e-01 +1.9640333e+01 +9.2044167e-02 -9.2230000e-02 +2.2111111e+00 +9.4038194e-01 +1.1835417e+00 -6.2515069e-01 +1.1963750e-01 +1.8903750e-04 +1.2995954e+04
2.1300800e-01 +4.0000000e-01 +1.9687417e+01 +8.9724167e-02 -9.4142500e-02 +2.1912917e+00 +9.3516667e-01 +1.1724722e+00 -6.1993264e-01 +1.1661597e-01 -1.4831528e-03 +1.2791810e+04
2.1566100e-01 +4.0000000e-01 +1.9734500e+01 +8.7299167e-02 -9.5895833e-02 +2.1712292e+00 +9.2989583e-01 +1.1613403e+00 -6.1458542e-01 +1.1355833e-01 -3.2108264e-03 +1.2589756e+04
2.1833500e-01 +4.0000000e-01 +1.9781667e+01 +8.4764167e-02 -9.7491667e-02 +2.1510694e+00 +9.2456944e-01 +1.1501806e+00 -6.0913472e-01 +1.1041458e-01 -4.9801597e-03 +1.2386411e+04
2.2102900e-01 +4.0000000e-01 +1.9828750e+01 +8.2125917e-02 -9.8931667e-02 +2.1308611e+00 +9.1921528e-01 +1.1390278e+00 -6.0359306e-01 +1.0710069e-01 -6.7868194e-03 +1.2182078e+04
2.2374400e-01 +4.0000000e-01 +1.9875833e+01 +7.9399250e-02 -1.0023667e-01 +2.1104653e+00 +9.1384028e-01 +1.1279028e+00 -5.9794653e-01 +1.0356528e-01 -8.6296528e-03 +1.1981839e+04
2.2648000e-01 +4.0000000e-01 +1.9922833e+01 +7.6605833e-02 -1.0143333e-01 +2.0897431e+00 +9.0845833e-01 +1.1168403e+00 -5.9217292e-01 +9.9756250e-02 -1.0493472e-02 +1.1787772e+04
2.2923600e-01 +4.0000000e-01 +1.9969750e+01 +7.3769917e-02 -1.0251583e-01 +2.0686458e+00 +9.0307639e-01 +1.1057917e+00 -5.8625903e-01 +9.5622917e-02 -1.2363542e-02 +1.1597296e+04
2.3201300e-01 +4.0000000e-01 +2.0016583e+01 +7.0912667e-02 -1.0346417e-01 +2.0471181e+00 +8.9770139e-01 +1.0947153e+00 -5.8018681e-01 +9.1191667e-02 -1.4247778e-02 +1.1409809e+04
2.3481000e-01 +4.0000000e-01 +2.0063333e+01 +6.8048167e-02 -1.0428417e-01 +2.0250903e+00 +8.9230556e-01 +1.0835972e+00 -5.7393194e-01 +8.6561806e-02 -1.6159375e-02 +1.1228768e+04
2.3762700e-01 +4.0000000e-01 +2.0110083e+01 +6.5183750e-02 -1.0498667e-01 +2.0025694e+00 +8.8688889e-01 +1.0725139e+00 -5.6748403e-01 +8.1795139e-02 -1.8092708e-02 +1.1052611e+04
2.4046400e-01 +4.0000000e-01 +2.0156750e+01 +6.2321333e-02 -1.0556000e-01 +1.9795764e+00 +8.8143056e-01 +1.0615417e+00 -5.6083333e-01 +7.6918750e-02 -2.0025139e-02 +1.0875733e+04
2.4332200e-01 +4.0000000e-01 +2.0203417e+01 +5.9460000e-02 -1.0599000e-01 +1.9561181e+00 +8.7590972e-01 +1.0506875e+00 -5.5396806e-01 +7.2001389e-02 -2.1938333e-02 +1.0697968e+04
2.4620000e-01 +4.0000000e-01 +2.0249917e+01 +5.6601417e-02 -1.0627417e-01 +1.9322986e+00 +8.7031944e-01 +1.0398472e+00 -5.4690625e-01 +6.7131528e-02 -2.3842639e-02 +1.0522873e+04
2.4909800e-01 +4.0000000e-01 +2.0296417e+01 +5.3752250e-02 -1.0642833e-01 +1.9082708e+00 +8.6464583e-01 +1.0289653e+00 -5.3969444e-01 +6.2353333e-02 -2.5775833e-02 +1.0351159e+04
2.5201500e-01 +4.0000000e-01 +2.0342833e+01 +5.0922000e-02 -1.0646583e-01 +1.8841597e+00 +8.5890972e-01 +1.0180278e+00 -5.3237014e-01 +5.7646042e-02 -2.7770208e-02 +1.0181652e+04
2.5495300e-01 +4.0000000e-01 +2.0389000e+01 +4.8120083e-02 -1.0639583e-01 +1.8599236e+00 +8.5311111e-01 +1.0069792e+00 -5.2494861e-01 +5.2961875e-02 -2.9835139e-02 +1.0014070e+04
2.5791000e-01 +4.0000000e-01 +2.0435083e+01 +4.5351917e-02 -1.0623667e-01 +1.8354931e+00 +8.4726389e-01 +9.9581250e-01 -5.1744375e-01 +4.8300069e-02 -3.1973889e-02 +9.8483746e+03
2.6088700e-01 +4.0000000e-01 +2.0480917e+01 +4.2614000e-02 -1.0601167e-01 +1.8109306e+00 +8.4136111e-01 +9.8453472e-01 -5.0986528e-01 +4.3711458e-02 -3.4174028e-02 +9.6831615e+03
2.6388300e-01 +4.0000000e-01 +2.0526583e+01 +3.9897417e-02 -1.0573333e-01 +1.7864236e+00 +8.3538889e-01 +9.7309722e-01 -5.0221319e-01 +3.9246736e-02 -3.6393750e-02 +9.5193333e+03
2.6689900e-01 +4.0000000e-01 +2.0572000e+01 +3.7195000e-02 -1.0540750e-01 +1.7620625e+00 +8.2934722e-01 +9.6140972e-01 -4.9447639e-01 +3.4934931e-02 -3.8580208e-02 +9.3596419e+03
2.6993400e-01 +4.0000000e-01 +2.0617167e+01 +3.4503000e-02 -1.0504583e-01 +1.7378819e+00 +8.2323611e-01 +9.4947917e-01 -4.8665208e-01 +3.0774583e-02 -4.0673056e-02 +9.2038533e+03
2.7298800e-01 +4.0000000e-01 +2.0662083e+01 +3.1815250e-02 -1.0464000e-01 +1.7139306e+00 +8.1706944e-01 +9.3738889e-01 -4.7874583e-01 +2.6731319e-02 -4.2610625e-02 +9.0505469e+03
2.7606100e-01 +4.0000000e-01 +2.0706750e+01 +2.9123667e-02 -1.0415917e-01 +1.6902639e+00 +8.1085417e-01 +9.2518750e-01 -4.7076944e-01 +2.2709375e-02 -4.4349931e-02 +8.9012697e+03
2.7915300e-01 +4.0000000e-01 +2.0750917e+01 +2.6423833e-02 -1.0356167e-01 +1.6669514e+00 +8.0461806e-01 +9.1295139e-01 -4.6273056e-01 +1.8577292e-02 -4.5893264e-02 +8.7567311e+03
2.8226400e-01 +4.0000000e-01 +2.0794583e+01 +2.3718250e-02 -1.0283250e-01 +1.6439931e+00 +7.9837500e-01 +9.0081944e-01 -4.5461875e-01 +1.4277708e-02 -4.7287431e-02 +8.6153013e+03
2.8539300e-01 +4.0000000e-01 +2.0837750e+01 +2.1016167e-02 -1.0200500e-01 +1.6212778e+00 +7.9215278e-01 +8.8887500e-01 -4.4641806e-01 +9.8252083e-03 -4.8588542e-02 +8.4745000e+03
2.8854100e-01 +4.0000000e-01 +2.0880333e+01 +1.8329750e-02 -1.0112667e-01 +1.5987292e+00 +7.8599306e-01 +8.7715972e-01 -4.3811806e-01 +5.2519653e-03 -4.9832292e-02 +8.3323234e+03
2.9170600e-01 +4.0000000e-01 +2.0922333e+01 +1.5677000e-02 -1.0023250e-01 +1.5763194e+00 +7.7990278e-01 +8.6573611e-01 -4.2971875e-01 +5.9336458e-04 -5.1028958e-02 +8.1904151e+03
2.9489000e-01 +4.0000000e-01 +2.0963750e+01 +1.3080917e-02 -9.9330833e-02 +1.5540000e+00 +7.7386111e-01 +8.5465972e-01 -4.2123333e-01 -4.1451111e-03 -5.2160000e-02 +8.0515997e+03
2.9809200e-01 +4.0000000e-01 +2.1004500e+01 +1.0556417e-02 -9.8396667e-02 +1.5316944e+00 +7.6787500e-01 +8.4395139e-01 -4.1266181e-01 -8.9893750e-03 -5.3185208e-02 +7.9157190e+03
3.0131100e-01 +4.0000000e-01 +2.1044667e+01 +8.0963333e-03 -9.7383333e-02 +1.5093264e+00 +7.6190972e-01 +8.3358333e-01 -4.0398542e-01 -1.3962014e-02 -5.4075000e-02 +7.7822021e+03
3.0454800e-01 +4.0000000e-01 +2.1084083e+01 +5.6811750e-03 -9.6260000e-02 +1.4869028e+00 +7.5596528e-01 +8.2343056e-01 -3.9518333e-01 -1.9059375e-02 -5.4822569e-02 +7.6526890e+03
3.0780200e-01 +4.0000000e-01 +2.1122833e+01 +3.2993750e-03 -9.5027500e-02 +1.4644792e+00 +7.5003472e-01 +8.1343750e-01 -3.8623889e-01 -2.4255903e-02 -5.5454514e-02 +7.5283000e+03
3.1107400e-01 +4.0000000e-01 +2.1160917e+01 +9.5931667e-04 -9.3699167e-02 +1.4421528e+00 +7.4414583e-01 +8.0365278e-01 -3.7715903e-01 -2.9514028e-02 -5.6025764e-02 +7.4079061e+03
3.1436200e-01 +4.0000000e-01 +2.1198333e+01 -1.3191167e-03 -9.2281667e-02 +1.4199931e+00 +7.3833333e-01 +7.9413889e-01 -3.6798611e-01 -3.4765000e-02 -5.6589167e-02 +7.2899426e+03
3.1766700e-01 +4.0000000e-01 +2.1235083e+01 -3.5186333e-03 -9.0775000e-02 +1.3980833e+00 +7.3259722e-01 +7.8491667e-01 -3.5877361e-01 -3.9907847e-02 -5.7168333e-02 +7.1743679e+03
3.2098800e-01 +4.0000000e-01 +2.1271167e+01 -5.6292833e-03 -8.9180833e-02 +1.3765278e+00 +7.2693056e-01 +7.7588889e-01 -3.4955764e-01 -4.4879583e-02 -5.7754583e-02 +7.0623907e+03
3.2432600e-01 +4.0000000e-01 +2.1306583e+01 -7.6489917e-03 -8.7502500e-02 +1.3553889e+00 +7.2133333e-01 +7.6698611e-01 -3.4034167e-01 -4.9725903e-02 -5.8319792e-02 +6.9547482e+03
3.2768000e-01 +4.0000000e-01 +2.1341167e+01 -9.5785000e-03 -8.5736667e-02 +1.3346597e+00 +7.1577778e-01 +7.5826389e-01 -3.3112639e-01 -5.4546458e-02 -5.8840069e-02 +6.8506887e+03
3.3104900e-01 +4.0000000e-01 +2.1375083e+01 -1.1416333e-02 -8.3878333e-02 +1.3143472e+00 +7.1025000e-01 +7.4979167e-01 -3.2193194e-01 -5.9387431e-02 -5.9307708e-02 +6.7497065e+03
3.3443500e-01 +4.0000000e-01 +2.1408333e+01 -1.3162083e-02 -8.1913250e-02 +1.2945347e+00 +7.0472222e-01 +7.4155556e-01 -3.1277083e-01 -6.4209722e-02 -5.9719306e-02 +6.6513892e+03
3.3783500e-01 +4.0000000e-01 +2.1440750e+01 -1.4818083e-02 -7.9838417e-02 +1.2754028e+00 +6.9920833e-01 +7.3346528e-01 -3.0363333e-01 -6.8938403e-02 -6.0068125e-02 +6.5545870e+03
3.4125100e-01 +4.0000000e-01 +2.1472417e+01 -1.6387917e-02 -7.7666250e-02 +1.2570625e+00 +6.9372153e-01 +7.2538889e-01 -2.9449861e-01 -7.3552083e-02 -6.0344722e-02 +6.4592891e+03
3.4468100e-01 +4.0000000e-01 +2.1503250e+01 -1.7874583e-02 -7.5398167e-02 +1.2394514e+00 +6.8831042e-01 +7.1730556e-01 -2.8534931e-01 -7.8077778e-02 -6.0530833e-02 +6.3670236e+03
3.4812600e-01 +4.0000000e-01 +2.1533167e+01 -1.9279750e-02 -7.3014167e-02 +1.2224167e+00 +6.8301597e-01 +7.0924306e-01 -2.7618819e-01 -8.2577083e-02 -6.0597778e-02 +6.2789561e+03
3.5158500e-01 +4.0000000e-01 +2.1562167e+01 -2.0609833e-02 -7.0495333e-02 +1.2059306e+00 +6.7785972e-01 +7.0129861e-01 -2.6702778e-01 -8.7105556e-02 -6.0527778e-02 +6.1953888e+03
3.5505900e-01 +4.0000000e-01 +2.1590333e+01 -2.1879583e-02 -6.7852250e-02 +1.1900486e+00 +6.7283958e-01 +6.9361875e-01 -2.5788403e-01 -9.1697917e-02 -6.0325694e-02 +6.1157640e+03
3.5854600e-01 +4.0000000e-01 +2.1617667e+01 -2.3102000e-02 -6.5124083e-02 +1.1749028e+00 +6.6793889e-01 +6.8630972e-01 -2.4877153e-01 -9.6403472e-02 -6.0017222e-02 +6.0390003e+03
3.6204600e-01 +4.0000000e-01 +2.1644000e+01 -2.4272917e-02 -6.2346500e-02 +1.1605000e+00 +6.6313819e-01 +6.7937083e-01 -2.3972222e-01 -1.0125486e-01 -5.9643889e-02 +5.9652656e+03
3.6556000e-01 +4.0000000e-01 +2.1669500e+01 -2.5370750e-02 -5.9533500e-02 +1.1467569e+00 +6.5842431e-01 +6.7270694e-01 -2.3078403e-01 -1.0622083e-01 -5.9236319e-02 +5.8960087e+03
3.6908700e-01 +4.0000000e-01 +2.1694167e+01 -2.6372833e-02 -5.6695500e-02 +1.1335833e+00 +6.5380069e-01 +6.6622917e-01 -2.2199514e-01 -1.1121181e-01 -5.8788681e-02 +5.8298611e+03
3.7262600e-01 +4.0000000e-01 +2.1717917e+01 -2.7272333e-02 -5.3840500e-02 +1.1209861e+00 +6.4927917e-01 +6.5993542e-01 -2.1336042e-01 -1.1617500e-01 -5.8277708e-02 +5.7633288e+03
3.7617800e-01 +4.0000000e-01 +2.1740833e+01 -2.8074333e-02 -5.0956250e-02 +1.1089931e+00 +6.4487569e-01 +6.5385000e-01 -2.0485625e-01 -1.2111667e-01 -5.7702431e-02 +5.6957338e+03
3.7974200e-01 +4.0000000e-01 +2.1762833e+01 -2.8777083e-02 -4.8015167e-02 +1.0975486e+00 +6.4061736e-01 +6.4797500e-01 -1.9645903e-01 -1.2602361e-01 -5.7081806e-02 +5.6305930e+03
3.8331700e-01 +4.0000000e-01 +2.1783833e+01 -2.9364917e-02 -4.4992917e-02 +1.0866111e+00 +6.3654306e-01 +6.4234375e-01 -1.8816944e-01 -1.3083681e-01 -5.6430069e-02 +5.5695554e+03
3.8690400e-01 +4.0000000e-01 +2.1804000e+01 -2.9822000e-02 -4.1893417e-02 +1.0762153e+00 +6.3268542e-01 +6.3704236e-01 -1.7999792e-01 -1.3548889e-01 -5.5749931e-02 +5.5096106e+03
3.9050200e-01 +4.0000000e-01 +2.1823250e+01 -3.0143667e-02 -3.8742917e-02 +1.0664722e+00 +6.2904444e-01 +6.3208472e-01 -1.7195278e-01 -1.4000625e-01 -5.5020486e-02 +5.4504274e+03
3.9411100e-01 +4.0000000e-01 +2.1841583e+01 -3.0337583e-02 -3.5563417e-02 +1.0575694e+00 +6.2559028e-01 +6.2739792e-01 -1.6406181e-01 -1.4447778e-01 -5.4203819e-02 +5.3949802e+03
3.9773000e-01 +4.0000000e-01 +2.1859083e+01 -3.0411333e-02 -3.2377417e-02 +1.0496319e+00 +6.2228889e-01 +6.2293681e-01 -1.5636667e-01 -1.4893472e-01 -5.3274028e-02 +5.3445904e+03
4.0135900e-01 +4.0000000e-01 +2.1875833e+01 -3.0367083e-02 -2.9225750e-02 +1.0426667e+00 +6.1912292e-01 +6.1873472e-01 -1.4889167e-01 -1.5333958e-01 -5.2219653e-02 +5.2979393e+03
4.0499800e-01 +4.0000000e-01 +2.1891750e+01 -3.0203000e-02 -2.6159500e-02 +1.0365625e+00 +6.1609722e-01 +6.1479236e-01 -1.4164306e-01 -1.5765069e-01 -5.1045278e-02 +5.2539727e+03
4.0864600e-01 +4.0000000e-01 +2.1906917e+01 -2.9918583e-02 -2.3219667e-02 +1.0311944e+00 +6.1322917e-01 +6.1105347e-01 -1.3461250e-01 -1.6185278e-01 -4.9775972e-02 +5.2127821e+03
4.1230400e-01 +4.0000000e-01 +2.1921333e+01 -2.9516583e-02 -2.0423167e-02 +1.0265069e+00 +6.1053889e-01 +6.0750208e-01 -1.2776111e-01 -1.6591042e-01 -4.8427639e-02 +5.1734938e+03
4.1597000e-01 +4.0000000e-01 +2.1935083e+01 -2.9002083e-02 -1.7757500e-02 +1.0224167e+00 +6.0803819e-01 +6.0415833e-01 -1.2103194e-01 -1.6981597e-01 -4.6986389e-02 +5.1350881e+03
4.1964500e-01 +4.0000000e-01 +2.1948167e+01 -2.8380250e-02 -1.5178000e-02 +1.0188333e+00 +6.0571944e-01 +6.0097431e-01 -1.1438542e-01 -1.7360556e-01 -4.5426736e-02 +5.0979134e+03
4.2332800e-01 +4.0000000e-01 +2.1960583e+01 -2.7656167e-02 -1.2638917e-02 +1.0156458e+00 +6.0355903e-01 +5.9788403e-01 -1.0781389e-01 -1.7726389e-01 -4.3730764e-02 +5.0620540e+03
4.2701900e-01 +4.0000000e-01 +2.1972250e+01 -2.6837750e-02 -1.0131500e-02 +1.0127847e+00 +6.0152014e-01 +5.9484583e-01 -1.0132986e-01 -1.8071528e-01 -4.1901597e-02 +5.0274066e+03
4.3071600e-01 +4.0000000e-01 +2.1983250e+01 -2.5936583e-02 -7.6810417e-03 +1.0102500e+00 +5.9955764e-01 +5.9182708e-01 -9.4945139e-02 -1.8389028e-01 -3.9974097e-02 +4.9948812e+03
4.3442100e-01 +4.0000000e-01 +2.1993500e+01 -2.4962167e-02 -5.3267333e-03 +1.0080556e+00 +5.9763403e-01 +5.8885833e-01 -8.8660417e-02 -1.8676042e-01 -3.7991389e-02 +4.9653251e+03
4.3813300e-01 +4.0000000e-01 +2.2003167e+01 -2.3922250e-02 -3.1018333e-03 +1.0061111e+00 +5.9572986e-01 +5.8600347e-01 -8.2474306e-02 -1.8935208e-01 -3.5981458e-02 +4.9386065e+03
4.4185100e-01 +4.0000000e-01 +2.2012250e+01 -2.2827417e-02 -1.0189083e-03 +1.0043125e+00 +5.9384375e-01 +5.8329167e-01 -7.6391667e-02 -1.9174444e-01 -3.3956389e-02 +4.9146979e+03
4.4557400e-01 +4.0000000e-01 +2.2020750e+01 -2.1689083e-02 +9.2705000e-04 +1.0025833e+00 +5.9199792e-01 +5.8071250e-01 -7.0410417e-02 -1.9402431e-01 -3.1929236e-02 +4.8935648e+03
4.4930400e-01 +4.0000000e-01 +2.2028750e+01 -2.0513083e-02 +2.7529917e-03 +1.0008819e+00 +5.9022708e-01 +5.7829375e-01 -6.4521181e-02 -1.9622569e-01 -2.9925972e-02 +4.8747699e+03
4.5303800e-01 +4.0000000e-01 +2.2036167e+01 -1.9291167e-02 +4.4687000e-03 +9.9922917e-01 +5.8856597e-01 +5.7608472e-01 -5.8734722e-02 -1.9832917e-01 -2.7958611e-02 +4.8577440e+03
4.5677700e-01 +4.0000000e-01 +2.2043083e+01 -1.8004750e-02 +6.0719917e-03 +9.9764583e-01 +5.8704306e-01 +5.7406806e-01 -5.3082708e-02 -2.0029861e-01 -2.6012292e-02 +4.8427581e+03
4.6052100e-01 +4.0000000e-01 +2.2049333e+01 -1.6638917e-02 +7.5555583e-03 +9.9618750e-01 +5.8567222e-01 +5.7222778e-01 -4.7599931e-02 -2.0216458e-01 -2.4060486e-02 +4.8305069e+03
4.6426900e-01 +4.0000000e-01 +2.2055000e+01 -1.5192083e-02 +8.9248333e-03 +9.9494444e-01 +5.8444583e-01 +5.7060139e-01 -4.2302778e-02 -2.0398056e-01 -2.2072639e-02 +4.8201363e+03
4.6802000e-01 +4.0000000e-01 +2.2060083e+01 -1.3673833e-02 +1.0221833e-02 +9.9400000e-01 +5.8334236e-01 +5.6920625e-01 -3.7195625e-02 -2.0570347e-01 -2.0034861e-02 +4.8106952e+03
4.7177500e-01 +4.0000000e-01 +2.2064417e+01 -1.2090750e-02 +1.1501833e-02 +9.9338889e-01 +5.8233611e-01 +5.6802986e-01 -3.2283264e-02 -2.0722431e-01 -1.7947292e-02 +4.8027392e+03
4.7553200e-01 +4.0000000e-01 +2.2068250e+01 -1.0440417e-02 +1.2791000e-02 +9.9304167e-01 +5.8141458e-01 +5.6705069e-01 -2.7566042e-02 -2.0848264e-01 -1.5798750e-02 +4.7970534e+03
4.7929200e-01 +4.0000000e-01 +2.2071417e+01 -8.7289167e-03 +1.4070250e-02 +9.9284028e-01 +5.8058403e-01 +5.6624653e-01 -2.3025278e-02 -2.0948958e-01 -1.3573403e-02 +4.7936586e+03
4.8305400e-01 +4.0000000e-01 +2.2074083e+01 -6.9791167e-03 +1.5279750e-02 +9.9268056e-01 +5.7986667e-01 +5.6559306e-01 -1.8632014e-02 -2.1025208e-01 -1.1274236e-02 +4.7922009e+03
4.8681800e-01 +4.0000000e-01 +2.2076167e+01 -5.2172750e-03 +1.6349167e-02 +9.9251389e-01 +5.7929375e-01 +5.6507778e-01 -1.4367153e-02 -2.1077986e-01 -8.8991667e-03 +4.7922220e+03
4.9058400e-01 +4.0000000e-01 +2.2077667e+01 -3.4621583e-03 +1.7213167e-02 +9.9232639e-01 +5.7888264e-01 +5.6472431e-01 -1.0207917e-02 -2.1112778e-01 -6.4347708e-03 +4.7930833e+03
4.9435000e-01 +4.0000000e-01 +2.2078750e+01 -1.7237583e-03 +1.7818583e-02 +9.9215278e-01 +5.7862431e-01 +5.6451875e-01 -6.1116806e-03 -2.1134583e-01 -3.8913542e-03 +4.7939375e+03
4.9811700e-01 +4.0000000e-01 +2.2079250e+01 +0.0000000e+00 +1.8131000e-02 +9.9203472e-01 +5.7850000e-01 +5.6441875e-01 -2.0365208e-03 -2.1145833e-01 -1.3017500e-03 +4.7946944e+03
5.0188300e-01 +4.0000000e-01 +2.2079250e+01 +1.7237583e-03 +1.8131000e-02 +9.9203472e-01 +5.7850000e-01 +5.6441875e-01 +2.0365208e-03 -2.1145833e-01 +1.3017500e-03 +4.7946944e+03
5.0565000e-01 +4.0000000e-01 +2.2078750e+01 +3.4621583e-03 +1.7818583e-02 +9.9215278e-01 +5.7862431e-01 +5.6451875e-01 +6.1116806e-03 -2.1134583e-01 +3.8913542e-03 +4.7939375e+03
5.0941600e-01 +4.0000000e-01 +2.2077667e+01 +5.2172750e-03 +1.7213167e-02 +9.9232639e-01 +5.7888264e-01 +5.6472431e-01 +1.0207917e-02 -2.1112778e-01 +6.4347708e-03 +4.7930833e+03
5.1318200e-01 +4.0000000e-01 +2.2076167e+01 +6.9791167e-03 +1.6349167e-02 +9.9251389e-01 +5.7929375e-01 +5.6507778e-01 +1.4367153e-02 -2.1077986e-01 +8.8991667e-03 +4.7922220e+03
5.1694600e-01 +4.0000000e-01 +2.2074083e+01 +8.7289167e-03 +1.5279750e-02 +9.9268056e-01 +5.7986667e-01 +5.6559306e-01 +1.8632014e-02 -2.1025208e-01 +1.1274236e-02 +4.7922009e+03
5.2070800e-01 +4.0000000e-01 +2.2071417e+01 +1.0440417e-02 +1.4070250e-02 +9.9284028e-01 +5.8058403e-01 +5.6624653e-01 +2.3025278e-02 -2.0948958e-01 +1.3573403e-02 +4.7936586e+03
5.2446800e-01 +4.0000000e-01 +2.2068250e+01 +1.2090750e-02 +1.2791000e-02 +9.9304167e-01 +5.8141458e-01 +5.6705069e-01 +2.7566042e-02 -2.0848264e-01 +1.5798750e-02 +4.7970534e+03
5.2822500e-01 +4.0000000e-01 +2.2064417e+01 +1.3673833e-02 +1.1501833e-02 +9.9338889e-01 +5.8233611e-01 +5.6802986e-01 +3.2283264e-02 -2.0722431e-01 +1.7947292e-02 +4.8027392e+03
5.3198000e-01 +4.0000000e-01 +2.2060083e+01 +1.5192083e-02 +1.0221833e-02 +9.9400000e-01 +5.8334236e-01 +5.6920625e-01 +3.7195625e-02 -2.0570347e-01 +2.0034861e-02 +4.8106952e+03
5.3573100e-01 +4.0000000e-01 +2.2055000e+01 +1.6638917e-02 +8.9248333e-03 +9.9494444e-01 +5.8444583e-01 +5.7060139e-01 +4.2302778e-02 -2.0398056e-01 +2.2072639e-02 +4.8201363e+03
5.3947900e-01 +4.0000000e-01 +2.2049333e+01 +1.8004750e-02 +7.5555583e-03 +9.9618750e-01 +5.8567222e-01 +5.7222778e-01 +4.7599931e-02 -2.0216458e-01 +2.4060486e-02 +4.8305069e+03
5.4322300e-01 +4.0000000e-01 +2.2043083e+01 +1.9291167e-02 +6.0719917e-03 +9.9764583e-01 +5.8704306e-01 +5.7406806e-01 +5.3082708e-02 -2.0029861e-01 +2.6012292e-02 +4.8427581e+03
5.4696200e-01 +4.0000000e-01 +2.2036167e+01 +2.0513083e-02 +4.4687000e-03 +9.9922917e-01 +5.8856597e-01 +5.7608472e-01 +5.8734722e-02 -1.9832917e-01 +2.7958611e-02 +4.8577440e+03
5.5069600e-01 +4.0000000e-01 +2.2028750e+01 +2.1689083e-02 +2.7529917e-03 +1.0008819e+00 +5.9022708e-01 +5.7829375e-01 +6.4521181e-02 -1.9622569e-01 +2.9925972e-02 +4.8747699e+03
5.5442600e-01 +4.0000000e-01 +2.2020750e+01 +2.2827417e-02 +9.2705000e-04 +1.0025833e+00 +5.9199792e-01 +5.8071250e-01 +7.0410417e-02 -1.9402431e-01 +3.1929236e-02 +4.8935648e+03
5.5814900e-01 +4.0000000e-01 +2.2012250e+01 +2.3922250e-02 -1.0189083e-03 +1.0043125e+00 +5.9384375e-01 +5.8329167e-01 +7.6391667e-02 -1.9174444e-01 +3.3956389e-02 +4.9146979e+03
5.6186700e-01 +4.0000000e-01 +2.2003167e+01 +2.4962167e-02 -3.1018333e-03 +1.0061111e+00 +5.9572986e-01 +5.8600347e-01 +8.2474306e-02 -1.8935208e-01 +3.5981458e-02 +4.9386065e+03
5.6557900e-01 +4.0000000e-01 +2.1993500e+01 +2.5936583e-02 -5.3267333e-03 +1.0080556e+00 +5.9763403e-01 +5.8885833e-01 +8.8660417e-02 -1.8676042e-01 +3.7991389e-02 +4.9653251e+03
5.6928400e-01 +4.0000000e-01 +2.1983250e+01 +2.6837750e-02 -7.6810417e-03 +1.0102500e+00 +5.9955764e-01 +5.9182708e-01 +9.4945139e-02 -1.8389028e-01 +3.9974097e-02 +4.9948812e+03
5.7298100e-01 +4.0000000e-01 +2.1972250e+01 +2.7656167e-02 -1.0131500e-02 +1.0127847e+00 +6.0152014e-01 +5.9484583e-01 +1.0132986e-01 -1.8071528e-01 +4.1901597e-02 +5.0274066e+03
5.7667200e-01 +4.0000000e-01 +2.1960583e+01 +2.8380250e-02 -1.2638917e-02 +1.0156458e+00 +6.0355903e-01 +5.9788403e-01 +1.0781389e-01 -1.7726389e-01 +4.3730764e-02 +5.0620540e+03
5.8035500e-01 +4.0000000e-01 +2.1948167e+01 +2.9002083e-02 -1.5178000e-02 +1.0188333e+00 +6.0571944e-01 +6.0097431e-01 +1.1438542e-01 -1.7360556e-01 +4.5426736e-02 +5.0979134e+03
5.8403000e-01 +4.0000000e-01 +2.1935083e+01 +2.9516583e-02 -1.7757500e-02 +1.0224167e+00 +6.0803819e-01 +6.0415833e-01 +1.2103194e-01 -1.6981597e-01 +4.6986389e-02 +5.1350881e+03
5.8769600e-01 +4.0000000e-01 +2.1921333e+01 +2.9918583e-02 -2.0423167e-02 +1.0265069e+00 +6.1053889e-01 +6.0750208e-01 +1.2776111e-01 -1.6591042e-01 +4.8427639e-02 +5.1734938e+03
5.9135400e-01 +4.0000000e-01 +2.1906917e+01 +3.0203000e-02 -2.3219667e-02 +1.0311944e+00 +6.1322917e-01 +6.1105347e-01 +1.3461250e-01 -1.6185278e-01 +4.9775972e-02 +5.2127821e+03
5.9500200e-01 +4.0000000e-01 +2.1891750e+01 +3.0367083e-02 -2.6159500e-02 +1.0365625e+00 +6.1609722e-01 +6.1479236e-01 +1.4164306e-01 -1.5765069e-01 +5.1045278e-02 +5.2539727e+03
5.9864100e-01 +4.0000000e-01 +2.1875833e+01 +3.0411333e-02 -2.9225750e-02 +1.0426667e+00 +6.1912292e-01 +6.1873472e-01 +1.4889167e-01 -1.5333958e-01 +5.2219653e-02 +5.2979393e+03
6.0227000e-01 +4.0000000e-01 +2.1859083e+01 +3.0337583e-02 -3.2377417e-02 +1.0496319e+00 +6.2228889e-01 +6.2293681e-01 +1.5636667e-01 -1.4893472e-01 +5.3274028e-02 +5.3445904e+03
6.0588900e-01 +4.0000000e-01 +2.1841583e+01 +3.0143667e-02 -3.5563417e-02 +1.0575694e+00 +6.2559028e-01 +6.2739792e-01 +1.6406181e-01 -1.4447778e-01 +5.4203819e-02 +5.3949802e+03
6.0949800e-01 +4.0000000e-01 +2.1823250e+01 +2.9822000e-02 -3.8742917e-02 +1.0664722e+00 +6.2904444e-01 +6.3208472e-01 +1.7195278e-01 -1.4000625e-01 +5.5020486e-02 +5.4504274e+03
6.1309600e-01 +4.0000000e-01 +2.1804000e+01 +2.9364917e-02 -4.1893417e-02 +1.0762153e+00 +6.3268542e-01 +6.3704236e-01 +1.7999792e-01 -1.3548889e-01 +5.5749931e-02 +5.5096106e+03
6.1668300e-01 +4.0000000e-01 +2.1783833e+01 +2.8777083e-02 -4.4992917e-02 +1.0866111e+00 +6.3654306e-01 +6.4234375e-01 +1.8816944e-01 -1.3083681e-01 +5.6430069e-02 +5.5695554e+03
6.2025800e-01 +4.0000000e-01 +2.1762833e+01 +2.8074333e-02 -4.8015167e-02 +1.0975486e+00 +6.4061736e-01 +6.4797500e-01 +1.9645903e-01 -1.2602361e-01 +5.7081806e-02 +5.6305930e+03
6.2382200e-01 +4.0000000e-01 +2.1740833e+01 +2.7272333e-02 -5.0956250e-02 +1.1089931e+00 +6.4487569e-01 +6.5385000e-01 +2.0485625e-01 -1.2111667e-01 +5.7702431e-02 +5.6957338e+03
6.2737400e-01 +4.0000000e-01 +2.1717917e+01 +2.6372833e-02 -5.3840500e-02 +1.1209861e+00 +6.4927917e-01 +6.5993542e-01 +2.1336042e-01 -1.1617500e-01 +5.8277708e-02 +5.7633288e+03
6.3091300e-01 +4.0000000e-01 +2.1694167e+01 +2.5370750e-02 -5.6695500e-02 +1.1335833e+00 +6.5380069e-01 +6.6622917e-01 +2.2199514e-01 -1.1121181e-01 +5.8788681e-02 +5.8298611e+03
6.3444000e-01 +4.0000000e-01 +2.1669500e+01 +2.4272917e-02 -5.9533500e-02 +1.1467569e+00 +6.5842431e-01 +6.7270694e-01 +2.3078403e-01 -1.0622083e-01 +5.9236319e-02 +5.8960087e+03
6.3795400e-01 +4.0000000e-01 +2.1644000e+01 +2.3102000e-02 -6.2346500e-02 +1.1605000e+00 +6.6313819e-01 +6.7937083e-01 +2.3972222e-01 -1.0125486e-01 +5.9643889e-02 +5.9652656e+03
6.4145400e-01 +4.0000000e-01 +2.1617667e+01 +2.1879583e-02 -6.5124083e-02 +1.1749028e+00 +6.6793889e-01 +6.8630972e-01 +2.4877153e-01 -9.6403472e-02 +6.0017222e-02 +6.0390003e+03
6.4494100e-01 +4.0000000e-01 +2.1590333e+01 +2.0609833e-02 -6.7852250e-02 +1.1900486e+00 +6.7283958e-01 +6.9361875e-01 +2.5788403e-01 -9.1697917e-02 +6.0325694e-02 +6.1157640e+03
6.4841500e-01 +4.0000000e-01 +2.1562167e+01 +1.9279750e-02 -7.0495333e-02 +1.2059306e+00 +6.7785972e-01 +7.0129861e-01 +2.6702778e-01 -8.7105556e-02 +6.0527778e-02 +6.1953888e+03
6.5187400e-01 +4.0000000e-01 +2.1533167e+01 +1.7874583e-02 -7.3014167e-02 +1.2224167e+00 +6.8301597e-01 +7.0924306e-01 +2.7618819e-01 -8.2577083e-02 +6.0597778e-02 +6.2789561e+03
6.5531900e-01 +4.0000000e-01 +2.1503250e+01 +1.6387917e-02 -7.5398167e-02 +1.2394514e+00 +6.8831042e-01 +7.1730556e-01 +2.8534931e-01 -7.8077778e-02 +6.0530833e-02 +6.3670236e+03
6.5874900e-01 +4.0000000e-01 +2.1472417e+01 +1.4818083e-02 -7.7666250e-02 +1.2570625e+00 +6.9372153e-01 +7.2538889e-01 +2.9449861e-01 -7.3552083e-02 +6.0344722e-02 +6.4592891e+03
6.6216500e-01 +4.0000000e-01 +2.1440750e+01 +1.3162083e-02 -7.9838417e-02 +1.2754028e+00 +6.9920833e-01 +7.3346528e-01 +3.0363333e-01 -6.8938403e-02 +6.0068125e-02 +6.5545870e+03
6.6556500e-01 +4.0000000e-01 +2.1408333e+01 +1.1416333e-02 -8.1913250e-02 +1.2945347e+00 +7.0472222e-01 +7.4155556e-01 +3.1277083e-01 -6.4209722e-02 +5.9719306e-02 +6.6513892e+03
6.6895100e-01 +4.0000000e-01 +2.1375083e+01 +9.5785000e-03 -8.3878333e-02 +1.3143472e+00 +7.1025000e-01 +7.4979167e-01 +3.2193194e-01 -5.9387431e-02 +5.9307708e-02 +6.7497065e+03
6.7232000e-01 +4.0000000e-01 +2.1341167e+01 +7.6489917e-03 -8.5736667e-02 +1.3346597e+00 +7.1577778e-01 +7.5826389e-01 +3.3112639e-01 -5.4546458e-02 +5.8840069e-02 +6.8506887e+03
6.7567400e-01 +4.0000000e-01 +2.1306583e+01 +5.6292833e-03 -8.7502500e-02 +1.3553889e+00 +7.2133333e-01 +7.6698611e-01 +3.4034167e-01 -4.9725903e-02 +5.8319792e-02 +6.9547482e+03
6.7901200e-01 +4.0000000e-01 +2.1271167e+01 +3.5186333e-03 -8.9180833e-02 +1.3765278e+00 +7.2693056e-01 +7.7588889e-01 +3.4955764e-01 -4.4879583e-02 +5.7754583e-02 +7.0623906e+03
6.8233300e-01 +4.0000000e-01 +2.1235083e+01 +1.3191167e-03 -9.0775000e-02 +1.3980833e+00 +7.3259722e-01 +7.8491667e-01 +3.5877361e-01 -3.9907847e-02 +5.7168333e-02 +7.1743679e+03
6.8563800e-01 +4.0000000e-01 +2.1198333e+01 -9.5931667e-04 -9.2281667e-02 +1.4199931e+00 +7.3833333e-01 +7.9413889e-01 +3.6798611e-01 -3.4765000e-02 +5.6589167e-02 +7.2899426e+03
6.8892600e-01 +4.0000000e-01 +2.1160917e+01 -3.2993750e-03 -9.3699167e-02 +1.4421528e+00 +7.4414583e-01 +8.0365278e-01 +3.7715903e-01 -2.9514028e-02 +5.6025764e-02 +7.4079061e+03
6.9219800e-01 +4.0000000e-01 +2.1122833e+01 -5.6811750e-03 -9.5027500e-02 +1.4644792e+00 +7.5003472e-01 +8.1343750e-01 +3.8623889e-01 -2.4255903e-02 +5.5454514e-02 +7.5283000e+03
6.9545200e-01 +4.0000000e-01 +2.1084083e+01 -8.0963333e-03 -9.6260000e-02 +1.4869028e+00 +7.5596528e-01 +8.2343056e-01 +3.9518333e-01 -1.9059375e-02 +5.4822569e-02 +7.6526890e+03
6.9868900e-01 +4.0000000e-01 +2.1044667e+01 -1.0556417e-02 -9.7383333e-02 +1.5093264e+00 +7.6190972e-01 +8.3358333e-01 +4.0398542e-01 -1.3962014e-02 +5.4075000e-02 +7.7822021e+03
7.0190800e-01 +4.0000000e-01 +2.1004500e+01 -1.3080917e-02 -9.8396667e-02 +1.5316944e+00 +7.6787500e-01 +8.4395139e-01 +4.1266181e-01 -8.9893750e-03 +5.3185208e-02 +7.9157190e+03
7.0511000e-01 +4.0000000e-01 +2.0963750e+01 -1.5677000e-02 -9.9330833e-02 +1.5540000e+00 +7.7386111e-01 +8.5465972e-01 +4.2123333e-01 -4.1451111e-03 +5.2160000e-02 +8.0515997e+03
7.0829400e-01 +4.0000000e-01 +2.0922333e+01 -1.8329750e-02 -1.0023250e-01 +1.5763194e+00 +7.7990278e-01 +8.6573611e-01 +4.2971875e-01 +5.9336458e-04 +5.1028958e-02 +8.1904151e+03
7.1145900e-01 +4.0000000e-01 +2.0880333e+01 -2.1016167e-02 -1.0112667e-01 +1.5987292e+00 +7.8599306e-01 +8.7715972e-01 +4.3811806e-01 +5.2519653e-03 +4.9832292e-02 +8.3323234e+03
7.1460700e-01 +4.0000000e-01 +2.0837750e+01 -2.3718250e-02 -1.0200500e-01 +1.6212778e+00 +7.9215278e-01 +8.8887500e-01 +4.4641806e-01 +9.8252083e-03 +4.8588542e-02 +8.4745000e+03
7.1773600e-01 +4.0000000e-01 +2.0794583e+01 -2.6423833e-02 -1.0283250e-01 +1.6439931e+00 +7.9837500e-01 +9.0081944e-01 +4.5461875e-01 +1.4277708e-02 +4.7287431e-02 +8.6153013e+03
7.2084700e-01 +4.0000000e-01 +2.0750917e+01 -2.9123667e-02 -1.0356167e-01 +1.6669514e+00 +8.0461806e-01 +9.1295139e-01 +4.6273056e-01 +1.8577292e-02 +4.5893264e-02 +8.7567311e+03
7.2393900e-01 +4.0000000e-01 +2.0706750e+01 -3.1815250e-02 -1.0415917e-01 +1.6902639e+00 +8.1085417e-01 +9.2518750e-01 +4.7076944e-01 +2.2709375e-02 +4.4349931e-02 +8.9012697e+03
7.2701200e-01 +4.0000000e-01 +2.0662083e+01 -3.4503000e-02 -1.0464000e-01 +1.7139306e+00 +8.1706944e-01 +9.3738889e-01 +4.7874583e-01 +2.6731319e-02 +4.2610625e-02 +9.0505469e+03
7.3006600e-01 +4.0000000e-01 +2.0617167e+01 -3.7195000e-02 -1.0504583e-01 +1.7378819e+00 +8.2323611e-01 +9.4947917e-01 +4.8665208e-01 +3.0774583e-02 +4.0673056e-02 +9.2038533e+03
7.3310100e-01 +4.0000000e-01 +2.0572000e+01 -3.9897417e-02 -1.0540750e-01 +1.7620625e+00 +8.2934722e-01 +9.6140972e-01 +4.9447639e-01 +3.4934931e-02 +3.8580208e-02 +9.3596419e+03
7.3611700e-01 +4.0000000e-01 +2.0526583e+01 -4.2614000e-02 -1.0573333e-01 +1.7864236e+00 +8.3538889e-01 +9.7309722e-01 +5.0221319e-01 +3.9246736e-02 +3.6393750e-02 +9.5193333e+03
7.3911300e-01 +4.0000000e-01 +2.0480917e+01 -4.5351917e-02 -1.0601167e-01 +1.8109306e+00 +8.4136111e-01 +9.8453472e-01 +5.0986528e-01 +4.3711458e-02 +3.4174028e-02 +9.6831615e+03
7.4209000e-01 +4.0000000e-01 +2.0435083e+01 -4.8120083e-02 -1.0623667e-01 +1.8354931e+00 +8.4726389e-01 +9.9581250e-01 +5.1744375e-01 +4.8300069e-02 +3.1973889e-02 +9.8483746e+03
7.4504700e-01 +4.0000000e-01 +2.0389000e+01 -5.0922000e-02 -1.0639583e-01 +1.8599236e+00 +8.5311111e-01 +1.0069792e+00 +5.2494861e-01 +5.2961875e-02 +2.9835139e-02 +1.0014070e+04
7.4798500e-01 +4.0000000e-01 +2.0342833e+01 -5.3752250e-02 -1.0646583e-01 +1.8841597e+00 +8.5890972e-01 +1.0180278e+00 +5.3237014e-01 +5.7646042e-02 +2.7770208e-02 +1.0181652e+04
7.5090200e-01 +4.0000000e-01 +2.0296417e+01 -5.6601417e-02 -1.0642833e-01 +1.9082708e+00 +8.6464583e-01 +1.0289653e+00 +5.3969444e-01 +6.2353333e-02 +2.5775833e-02 +1.0351159e+04
7.5380000e-01 +4.0000000e-01 +2.0249917e+01 -5.9460000e-02 -1.0627417e-01 +1.9322986e+00 +8.7031944e-01 +1.0398472e+00 +5.4690625e-01 +6.7131528e-02 +2.3842639e-02 +1.0522873e+04
7.5667800e-01 +4.0000000e-01 +2.0203417e+01 -6.2321333e-02 -1.0599000e-01 +1.9561181e+00 +8.7590972e-01 +1.0506875e+00 +5.5396806e-01 +7.2001389e-02 +2.1938333e-02 +1.0697968e+04
7.5953600e-01 +4.0000000e-01 +2.0156750e+01 -6.5183750e-02 -1.0556000e-01 +1.9795764e+00 +8.8143056e-01 +1.0615417e+00 +5.6083333e-01 +7.6918750e-02 +2.0025139e-02 +1.0875733e+04
7.6237300e-01 +4.0000000e-01 +2.0110083e+01 -6.8048167e-02 -1.0498667e-01 +2.0025694e+00 +8.8688889e-01 +1.0725139e+00 +5.6748403e-01 +8.1795139e-02 +1.8092708e-02 +1.1052611e+04
7.6519000e-01 +4.0000000e-01 +2.0063333e+01 -7.0912667e-02 -1.0428417e-01 +2.0250903e+00 +8.9230556e-01 +1.0835972e+00 +5.7393194e-01 +8.6561806e-02 +1.6159375e-02 +1.1228768e+04
7.6798700e-01 +4.0000000e-01 +2.0016583e+01 -7.3769917e-02 -1.0346417e-01 +2.0471181e+00 +8.9770139e-01 +1.0947153e+00 +5.8018681e-01 +9.1191667e-02 +1.4247778e-02 +1.1409809e+04
7.7076400e-01 +4.0000000e-01 +1.9969750e+01 -7.6605833e-02 -1.0251583e-01 +2.0686458e+00 +9.0307639e-01 +1.1057917e+00 +5.8625903e-01 +9.5622917e-02 +1.2363542e-02 +1.1597296e+04
7.7352000e-01 +4.0000000e-01 +1.9922833e+01 -7.9399250e-02 -1.0143333e-01 +2.0897431e+00 +9.0845833e-01 +1.1168403e+00 +5.9217292e-01 +9.9756250e-02 +1.0493472e-02 +1.1787772e+04
7.7625600e-01 +4.0000000e-01 +1.9875833e+01 -8.2125917e-02 -1.0023667e-01 +2.1104653e+00 +9.1384028e-01 +1.1279028e+00 +5.9794653e-01 +1.0356528e-01 +8.6296528e-03 +1.1981839e+04
7.7897100e-01 +4.0000000e-01 +1.9828750e+01 -8.4764167e-02 -9.8931667e-02 +2.1308611e+00 +9.1921528e-01 +1.1390278e+00 +6.0359306e-01 +1.0710069e-01 +6.7868194e-03 +1.2182078e+04
7.8166500e-01 +4.0000000e-01 +1.9781667e+01 -8.7299167e-02 -9.7491667e-02 +2.1510694e+00 +9.2456944e-01 +1.1501806e+00 +6.0913472e-01 +1.1041458e-01 +4.9801597e-03 +1.2386411e+04
7.8433900e-01 +4.0000000e-01 +1.9734500e+01 -8.9724167e-02 -9.5895833e-02 +2.1712292e+00 +9.2989583e-01 +1.1613403e+00 +6.1458542e-01 +1.1355833e-01 +3.2108264e-03 +1.2589756e+04
7.8699200e-01 +4.0000000e-01 +1.9687417e+01 -9.2044167e-02 -9.4142500e-02 +2.1912917e+00 +9.3516667e-01 +1.1724722e+00 +6.1993264e-01 +1.1661597e-01 +1.4831528e-03 +1.2791810e+04
7.8962500e-01 +4.0000000e-01 +1.9640333e+01 -9.4267500e-02 -9.2230000e-02 +2.2111111e+00 +9.4038194e-01 +1.1835417e+00 +6.2515069e-01 +1.1963750e-01 -1.8903750e-04 +1.2995954e+04
7.9223700e-01 +4.0000000e-01 +1.9593250e+01 -9.6404167e-02 -9.0165833e-02 +2.2306042e+00 +9.4553472e-01 +1.1944792e+00 +6.3022639e-01 +1.2260069e-01 -1.7846736e-03 +1.3203610e+04
7.9482800e-01 +4.0000000e-01 +1.9546167e+01 -9.8457500e-02 -8.7968333e-02 +2.2497917e+00 +9.5061806e-01 +1.2051944e+00 +6.3516389e-01 +1.2548194e-01 -3.2794375e-03 +1.3416378e+04
7.9739800e-01 +4.0000000e-01 +1.9499000e+01 -1.0043000e-01 -8.5653333e-02 +2.2687431e+00 +9.5562500e-01 +1.2157153e+00 +6.3997292e-01 +1.2829514e-01 -4.6554097e-03 +1.3635057e+04
7.9994700e-01 +4.0000000e-01 +1.9451750e+01 -1.0232917e-01 -8.3238750e-02 +2.2875347e+00 +9.6056250e-01 +1.2261042e+00 +6.4467014e-01 +1.3106250e-01 -5.9096944e-03 +1.3856731e+04
8.0247600e-01 +4.0000000e-01 +1.9404583e+01 -1.0416917e-01 -8.0748833e-02 +2.3062014e+00 +9.6541667e-01 +1.2364167e+00 +6.4927222e-01 +1.3379792e-01 -7.0605556e-03 +1.4077327e+04
8.0498400e-01 +4.0000000e-01 +1.9357333e+01 -1.0596750e-01 -7.8202083e-02 +2.3246944e+00 +9.7020139e-01 +1.2466806e+00 +6.5379306e-01 +1.3649375e-01 -8.1389583e-03 +1.4295667e+04
8.0747100e-01 +4.0000000e-01 +1.9310167e+01 -1.0773417e-01 -7.5607500e-02 +2.3429167e+00 +9.7492361e-01 +1.2569375e+00 +6.5823125e-01 +1.3911736e-01 -9.1684722e-03 +1.4513260e+04
8.0993700e-01 +4.0000000e-01 +1.9263000e+01 -1.0947583e-01 -7.2961250e-02 +2.3608333e+00 +9.7959028e-01 +1.2671528e+00 +6.6257639e-01 +1.4165972e-01 -1.0158542e-02 +1.4731057e+04
8.1238300e-01 +4.0000000e-01 +1.9216000e+01 -1.1119417e-01 -7.0250417e-02 +2.3784514e+00 +9.8418750e-01 +1.2772431e+00 +6.6681944e-01 +1.4413889e-01 -1.1118750e-02 +1.4952540e+04
8.1480700e-01 +4.0000000e-01 +1.9169083e+01 -1.1289000e-01 -6.7467250e-02 +2.3958056e+00 +9.8872917e-01 +1.2870833e+00 +6.7096042e-01 +1.4659653e-01 -1.2069097e-02 +1.5182408e+04
8.1721100e-01 +4.0000000e-01 +1.9122167e+01 -1.1456250e-01 -6.4614583e-02 +2.4129444e+00 +9.9322222e-01 +1.2966319e+00 +6.7501806e-01 +1.4910139e-01 -1.3034931e-02 +1.5420136e+04
8.1959400e-01 +4.0000000e-01 +1.9075333e+01 -1.1621083e-01 -6.1701000e-02 +2.4299514e+00 +9.9768056e-01 +1.3059097e+00 +6.7902569e-01 +1.5172153e-01 -1.4022083e-02 +1.5661592e+04
8.2195700e-01 +4.0000000e-01 +1.9028583e+01 -1.1783000e-01 -5.8729750e-02 +2.4469167e+00 +1.0021111e+00 +1.3149861e+00 +6.8302083e-01 +1.5447639e-01 -1.5007778e-02 +1.5904305e+04
8.2429900e-01 +4.0000000e-01 +1.8981833e+01 -1.1940333e-01 -5.5691500e-02 +2.4639375e+00 +1.0065139e+00 +1.3239514e+00 +6.8703681e-01 +1.5733472e-01 -1.5967153e-02 +1.6148206e+04
8.2662000e-01 +4.0000000e-01 +1.8935083e+01 -1.2091417e-01 -5.2573583e-02 +2.4810347e+00 +1.0109028e+00 +1.3329167e+00 +6.9109722e-01 +1.6027500e-01 -1.6893889e-02 +1.6395027e+04
8.2892100e-01 +4.0000000e-01 +1.8888417e+01 -1.2234833e-01 -4.9367333e-02 +2.4982083e+00 +1.0152708e+00 +1.3419861e+00 +6.9520833e-01 +1.6331111e-01 -1.7800069e-02 +1.6644917e+04
8.3120100e-01 +4.0000000e-01 +1.8841750e+01 -1.2369500e-01 -4.6077000e-02 +2.5153958e+00 +1.0196042e+00 +1.3511944e+00 +6.9936806e-01 +1.6641042e-01 -1.8711597e-02 +1.6896523e+04
8.3346000e-01 +4.0000000e-01 +1.8795167e+01 -1.2494833e-01 -4.2724583e-02 +2.5325347e+00 +1.0239028e+00 +1.3604792e+00 +7.0354167e-01 +1.6948472e-01 -1.9654583e-02 +1.7149729e+04
8.3570000e-01 +4.0000000e-01 +1.8748583e+01 -1.2610750e-01 -3.9336083e-02 +2.5495625e+00 +1.0281389e+00 +1.3697222e+00 +7.0770833e-01 +1.7246597e-01 -2.0636528e-02 +1.7407259e+04
8.3791800e-01 +4.0000000e-01 +1.8702167e+01 -1.2717333e-01 -3.5925500e-02 +2.5664444e+00 +1.0322986e+00 +1.3788264e+00 +7.1184722e-01 +1.7532500e-01 -2.1647708e-02 +1.7673426e+04
8.4011600e-01 +4.0000000e-01 +1.8655833e+01 -1.2815083e-01 -3.2493083e-02 +2.5832292e+00 +1.0363750e+00 +1.3877917e+00 +7.1594444e-01 +1.7803889e-01 -2.2672500e-02 +1.7949951e+04
8.4229400e-01 +4.0000000e-01 +1.8609583e+01 -1.2904333e-01 -2.9033500e-02 +2.6000208e+00 +1.0403681e+00 +1.3966111e+00 +7.2002083e-01 +1.8057500e-01 -2.3697917e-02 +1.8234083e+04
8.4445200e-01 +4.0000000e-01 +1.8563417e+01 -1.2985167e-01 -2.5540000e-02 +2.6168889e+00 +1.0443056e+00 +1.4052917e+00 +7.2409028e-01 +1.8292917e-01 -2.4711944e-02 +1.8522012e+04
8.4659000e-01 +4.0000000e-01 +1.8517417e+01 -1.3057583e-01 -2.2004583e-02 +2.6338472e+00 +1.0482014e+00 +1.4138611e+00 +7.2813889e-01 +1.8515000e-01 -2.5697500e-02 +1.8812697e+04
8.4870700e-01 +4.0000000e-01 +1.8471417e+01 -1.3121667e-01 -1.8426500e-02 +2.6508958e+00 +1.0520694e+00 +1.4223750e+00 +7.3216667e-01 +1.8730556e-01 -2.6637708e-02 +1.9105785e+04
8.5080400e-01 +4.0000000e-01 +1.8425583e+01 -1.3177583e-01 -1.4814250e-02 +2.6680139e+00 +1.0559097e+00 +1.4308750e+00 +7.3615972e-01 +1.8945486e-01 -2.7519931e-02 +1.9400729e+04
8.5288200e-01 +4.0000000e-01 +1.8379750e+01 -1.3225500e-01 -1.1171417e-02 +2.6851528e+00 +1.0597222e+00 +1.4393750e+00 +7.4011111e-01 +1.9162917e-01 -2.8334583e-02 +1.9699726e+04
8.5493900e-01 +4.0000000e-01 +1.8334083e+01 -1.3265667e-01 -7.4819833e-03 +2.7022292e+00 +1.0635000e+00 +1.4478472e+00 +7.4401389e-01 +1.9382708e-01 -2.9080278e-02 +2.0005794e+04
8.5697700e-01 +4.0000000e-01 +1.8288500e+01 -1.3297833e-01 -3.7217250e-03 +2.7191736e+00 +1.0672292e+00 +1.4562917e+00 +7.4784028e-01 +1.9603750e-01 -2.9763750e-02 +2.0319112e+04
8.5899500e-01 +4.0000000e-01 +1.8243083e+01 -1.3321417e-01 +1.1793250e-04 +2.7359444e+00 +1.0708681e+00 +1.4647083e+00 +7.5158333e-01 +1.9826667e-01 -3.0386806e-02 +2.0639511e+04
8.6099300e-01 +4.0000000e-01 +1.8197667e+01 -1.3336250e-01 +4.0224750e-03 +2.7525278e+00 +1.0744028e+00 +1.4730833e+00 +7.5523611e-01 +2.0054931e-01 -3.0942431e-02 +2.0969184e+04
8.6297100e-01 +4.0000000e-01 +1.8152250e+01 -1.3342167e-01 +7.9657417e-03 +2.7689375e+00 +1.0778125e+00 +1.4814097e+00 +7.5878472e-01 +2.0292014e-01 -3.1427639e-02 +2.1308659e+04
8.6493000e-01 +4.0000000e-01 +1.8107000e+01 -1.3339583e-01 +1.1919333e-02 +2.7852153e+00 +1.0810972e+00 +1.4896806e+00 +7.6222917e-01 +2.0538750e-01 -3.1848819e-02 +2.1654088e+04
8.6687000e-01 +4.0000000e-01 +1.8061750e+01 -1.3328667e-01 +1.5856750e-02 +2.8013542e+00 +1.0842569e+00 +1.4978611e+00 +7.6558333e-01 +2.0792431e-01 -3.2212639e-02 +2.2002341e+04
8.6879000e-01 +4.0000000e-01 +1.8016583e+01 -1.3309333e-01 +1.9760750e-02 +2.8173264e+00 +1.0873056e+00 +1.5059097e+00 +7.6886111e-01 +2.1049097e-01 -3.2522569e-02 +2.2354414e+04
8.7069100e-01 +4.0000000e-01 +1.7971417e+01 -1.3281500e-01 +2.3629667e-02 +2.8330972e+00 +1.0902569e+00 +1.5137986e+00 +7.7208333e-01 +2.1303056e-01 -3.2780833e-02 +2.2712139e+04
8.7257300e-01 +4.0000000e-01 +1.7926333e+01 -1.3244917e-01 +2.7475000e-02 +2.8486944e+00 +1.0931111e+00 +1.5215625e+00 +7.7525694e-01 +2.1546042e-01 -3.2989583e-02 +2.3075320e+04
8.7443600e-01 +4.0000000e-01 +1.7881333e+01 -1.3199917e-01 +3.1311250e-02 +2.8641667e+00 +1.0958819e+00 +1.5292569e+00 +7.7840278e-01 +2.1768681e-01 -3.3151389e-02 +2.3444012e+04
8.7628000e-01 +4.0000000e-01 +1.7836417e+01 -1.3147250e-01 +3.5148417e-02 +2.8795625e+00 +1.0985556e+00 +1.5369306e+00 +7.8152083e-01 +2.1964861e-01 -3.3272847e-02 +2.3819279e+04
8.7810500e-01 +4.0000000e-01 +1.7791667e+01 -1.3087750e-01 +3.8992000e-02 +2.8949236e+00 +1.1011389e+00 +1.5446319e+00 +7.8461806e-01 +2.2134167e-01 -3.3368958e-02 +2.4201080e+04
8.7991200e-01 +4.0000000e-01 +1.7747000e+01 -1.3022417e-01 +4.2846250e-02 +2.9102847e+00 +1.1036389e+00 +1.5523750e+00 +7.8768750e-01 +2.2279444e-01 -3.3460972e-02 +2.4587895e+04
8.8169900e-01 +4.0000000e-01 +1.7702417e+01 -1.2951750e-01 +4.6716750e-02 +2.9256319e+00 +1.1060556e+00 +1.5601667e+00 +7.9074306e-01 +2.2402847e-01 -3.3567014e-02 +2.4979247e+04
8.8346900e-01 +4.0000000e-01 +1.7658000e+01 -1.2876250e-01 +5.0612583e-02 +2.9409653e+00 +1.1084028e+00 +1.5679653e+00 +7.9378472e-01 +2.2504028e-01 -3.3697431e-02 +2.5377937e+04
8.8521900e-01 +4.0000000e-01 +1.7613667e+01 -1.2796167e-01 +5.4545500e-02 +2.9562986e+00 +1.1106944e+00 +1.5757292e+00 +7.9682639e-01 +2.2580833e-01 -3.3858472e-02 +2.5786324e+04
8.8695200e-01 +4.0000000e-01 +1.7569417e+01 -1.2711667e-01 +5.8523583e-02 +2.9716736e+00 +1.1129444e+00 +1.5834444e+00 +7.9986111e-01 +2.2630833e-01 -3.4056736e-02 +2.6203629e+04
8.8866600e-01 +4.0000000e-01 +1.7525250e+01 -1.2622917e-01 +6.2542333e-02 +2.9871042e+00 +1.1151458e+00 +1.5910833e+00 +8.0288889e-01 +2.2653194e-01 -3.4300694e-02 +2.6629307e+04
8.9036200e-01 +4.0000000e-01 +1.7481167e+01 -1.2530167e-01 +6.6584500e-02 +3.0025972e+00 +1.1173056e+00 +1.5986181e+00 +8.0589583e-01 +2.2650208e-01 -3.4596111e-02 +2.7063509e+04
8.9204000e-01 +4.0000000e-01 +1.7437083e+01 -1.2433500e-01 +7.0627667e-02 +3.0181389e+00 +1.1194097e+00 +1.6060556e+00 +8.0886806e-01 +2.2627222e-01 -3.4941181e-02 +2.7505119e+04
8.9370100e-01 +4.0000000e-01 +1.7393083e+01 -1.2333000e-01 +7.4654250e-02 +3.0337014e+00 +1.1214583e+00 +1.6133611e+00 +8.1181250e-01 +2.2590347e-01 -3.5324514e-02 +2.7953017e+04
8.9534300e-01 +4.0000000e-01 +1.7349083e+01 -1.2228583e-01 +7.8653750e-02 +3.0492014e+00 +1.1234375e+00 +1.6205347e+00 +8.1471528e-01 +2.2543681e-01 -3.5728542e-02 +2.8407733e+04
8.9696800e-01 +4.0000000e-01 +1.7305083e+01 -1.2120417e-01 +8.2620500e-02 +3.0645694e+00 +1.1253403e+00 +1.6275833e+00 +8.1756944e-01 +2.2489236e-01 -3.6135833e-02 +2.8871612e+04
8.9857600e-01 +4.0000000e-01 +1.7261167e+01 -1.2008333e-01 +8.6550000e-02 +3.0797778e+00 +1.1271736e+00 +1.6345208e+00 +8.2038194e-01 +2.2428333e-01 -3.6533819e-02 +2.9348051e+04
9.0016600e-01 +4.0000000e-01 +1.7217167e+01 -1.1892250e-01 +9.0440000e-02 +3.0948542e+00 +1.1289236e+00 +1.6413542e+00 +8.2315278e-01 +2.2361806e-01 -3.6916181e-02 +2.9839728e+04
9.0173800e-01 +4.0000000e-01 +1.7173167e+01 -1.1772000e-01 +9.4290000e-02 +3.1098472e+00 +1.1305833e+00 +1.6481111e+00 +8.2586806e-01 +2.2290486e-01 -3.7283611e-02 +3.0345413e+04
9.0329400e-01 +4.0000000e-01 +1.7129167e+01 -1.1647500e-01 +9.8103333e-02 +3.1248333e+00 +1.1321458e+00 +1.6548125e+00 +8.2852778e-01 +2.2215417e-01 -3.7640833e-02 +3.0861193e+04
9.0483300e-01 +4.0000000e-01 +1.7085167e+01 -1.1518667e-01 +1.0188083e-01 +3.1398958e+00 +1.1336181e+00 +1.6614444e+00 +8.3112500e-01 +2.2137708e-01 -3.7992569e-02 +3.1385434e+04
9.0635400e-01 +4.0000000e-01 +1.7041083e+01 -1.1385917e-01 +1.0562250e-01 +3.1550903e+00 +1.1349792e+00 +1.6680000e+00 +8.3365278e-01 +2.2056875e-01 -3.8338889e-02 +3.1918978e+04
9.0785900e-01 +4.0000000e-01 +1.6997000e+01 -1.1249500e-01 +1.0932417e-01 +3.1704792e+00 +1.1362431e+00 +1.6744722e+00 +8.3611806e-01 +2.1972083e-01 -3.8672361e-02 +3.2462394e+04
9.0934700e-01 +4.0000000e-01 +1.6952833e+01 -1.1110083e-01 +1.1298417e-01 +3.1861042e+00 +1.1374028e+00 +1.6808750e+00 +8.3853472e-01 +2.1883472e-01 -3.8979861e-02 +3.3015188e+04
9.1081900e-01 +4.0000000e-01 +1.6908667e+01 -1.0968083e-01 +1.1660417e-01 +3.2019653e+00 +1.1384653e+00 +1.6872292e+00 +8.4090278e-01 +2.1792153e-01 -3.9247569e-02 +3.3577616e+04
9.1227400e-01 +4.0000000e-01 +1.6864417e+01 -1.0823833e-01 +1.2019083e-01 +3.2180556e+00 +1.1394236e+00 +1.6935486e+00 +8.4322917e-01 +2.1698403e-01 -3.9463472e-02 +3.4150566e+04
9.1371300e-01 +4.0000000e-01 +1.6820167e+01 -1.0677583e-01 +1.2375167e-01 +3.2343333e+00 +1.1402847e+00 +1.6998542e+00 +8.4552083e-01 +2.1601250e-01 -3.9619514e-02 +3.4735338e+04
9.1513600e-01 +4.0000000e-01 +1.6775750e+01 -1.0529500e-01 +1.2729333e-01 +3.2507569e+00 +1.1410556e+00 +1.7061597e+00 +8.4777778e-01 +2.1500278e-01 -3.9714583e-02 +3.5334695e+04
9.1654300e-01 +4.0000000e-01 +1.6731333e+01 -1.0379417e-01 +1.3082167e-01 +3.2673056e+00 +1.1417361e+00 +1.7124722e+00 +8.5000000e-01 +2.1396528e-01 -3.9752986e-02 +3.5952376e+04
9.1793400e-01 +4.0000000e-01 +1.6686833e+01 -1.0227500e-01 +1.3433833e-01 +3.2840000e+00 +1.1423333e+00 +1.7188056e+00 +8.5216667e-01 +2.1291806e-01 -3.9740556e-02 +3.6590207e+04
9.1930900e-01 +4.0000000e-01 +1.6642250e+01 -1.0073833e-01 +1.3785000e-01 +3.3009028e+00 +1.1428333e+00 +1.7251944e+00 +8.5427778e-01 +2.1186806e-01 -3.9683542e-02 +3.7246875e+04
9.2066800e-01 +4.0000000e-01 +1.6597500e+01 -9.9184167e-02 +1.4135667e-01 +3.3180556e+00 +1.1432431e+00 +1.7316806e+00 +8.5632639e-01 +2.1080833e-01 -3.9590903e-02 +3.7920894e+04
9.2201200e-01 +4.0000000e-01 +1.6552750e+01 -9.7616667e-02 +1.4485417e-01 +3.3354653e+00 +1.1435486e+00 +1.7383056e+00 +8.5831250e-01 +2.0972708e-01 -3.9474583e-02 +3.8613981e+04
9.2334100e-01 +4.0000000e-01 +1.6507750e+01 -9.6039167e-02 +1.4833167e-01 +3.3531250e+00 +1.1437500e+00 +1.7450625e+00 +8.6022917e-01 +2.0861944e-01 -3.9346042e-02 +3.9328851e+04
9.2465400e-01 +4.0000000e-01 +1.6462750e+01 -9.4455000e-02 +1.5177750e-01 +3.3710417e+00 +1.1438333e+00 +1.7519444e+00 +8.6206944e-01 +2.0749931e-01 -3.9213819e-02 +4.0066440e+04
9.2595200e-01 +4.0000000e-01 +1.6417583e+01 -9.2870000e-02 +1.5518167e-01 +3.3892431e+00 +1.1437986e+00 +1.7589097e+00 +8.6383333e-01 +2.0639583e-01 -3.9081319e-02 +4.0827218e+04
9.2723500e-01 +4.0000000e-01 +1.6372250e+01 -9.1290000e-02 +1.5854167e-01 +3.4077778e+00 +1.1436458e+00 +1.7659236e+00 +8.6552083e-01 +2.0533611e-01 -3.8945694e-02 +4.1610897e+04
9.2850400e-01 +4.0000000e-01 +1.6326750e+01 -8.9720000e-02 +1.6185917e-01 +3.4266944e+00 +1.1433681e+00 +1.7729444e+00 +8.6713889e-01 +2.0434028e-01 -3.8800000e-02 +4.2415609e+04
9.2975700e-01 +4.0000000e-01 +1.6281167e+01 -8.8165000e-02 +1.6513583e-01 +3.4460556e+00 +1.1429792e+00 +1.7799653e+00 +8.6870139e-01 +2.0341806e-01 -3.8636597e-02 +4.3239007e+04
9.3099600e-01 +4.0000000e-01 +1.6235500e+01 -8.6627500e-02 +1.6837417e-01 +3.4659097e+00 +1.1424653e+00 +1.7869722e+00 +8.7022222e-01 +2.0256528e-01 -3.8450903e-02 +4.4079508e+04
9.3222000e-01 +4.0000000e-01 +1.6189583e+01 -8.5110833e-02 +1.7157667e-01 +3.4862569e+00 +1.1418403e+00 +1.7939861e+00 +8.7171528e-01 +2.0176111e-01 -3.8243264e-02 +4.4937201e+04
9.3343000e-01 +4.0000000e-01 +1.6143583e+01 -8.3617500e-02 +1.7474167e-01 +3.5071111e+00 +1.1410903e+00 +1.8010208e+00 +8.7320833e-01 +2.0098125e-01 -3.8017708e-02 +4.5813840e+04
9.3462600e-01 +4.0000000e-01 +1.6097333e+01 -8.2146833e-02 +1.7786583e-01 +3.5284792e+00 +1.1402292e+00 +1.8080625e+00 +8.7468750e-01 +2.0020556e-01 -3.7778472e-02 +4.6712300e+04
9.3580800e-01 +4.0000000e-01 +1.6050917e+01 -8.0699750e-02 +1.8094250e-01 +3.5503819e+00 +1.1392361e+00 +1.8151042e+00 +8.7617361e-01 +1.9943125e-01 -3.7527361e-02 +4.7636145e+04
9.3697600e-01 +4.0000000e-01 +1.6004250e+01 -7.9275667e-02 +1.8396917e-01 +3.5728264e+00 +1.1381111e+00 +1.8221042e+00 +8.7765278e-01 +1.9866806e-01 -3.7263750e-02 +4.8587089e+04
9.3813000e-01 +4.0000000e-01 +1.5957333e+01 -7.7873917e-02 +1.8694000e-01 +3.5958125e+00 +1.1368472e+00 +1.8290486e+00 +8.7912500e-01 +1.9792569e-01 -3.6985625e-02 +4.9564134e+04
9.3927000e-01 +4.0000000e-01 +1.5910167e+01 -7.6493583e-02 +1.8985417e-01 +3.6193542e+00 +1.1354375e+00 +1.8358958e+00 +8.8058333e-01 +1.9720069e-01 -3.6690069e-02 +5.0566299e+04
9.4039600e-01 +4.0000000e-01 +1.5862750e+01 -7.5133083e-02 +1.9271167e-01 +3.6434375e+00 +1.1338611e+00 +1.8426319e+00 +8.8204167e-01 +1.9647639e-01 -3.6374514e-02 +5.1594941e+04
9.4150900e-01 +4.0000000e-01 +1.5815083e+01 -7.3790333e-02 +1.9551167e-01 +3.6681111e+00 +1.1321111e+00 +1.8492083e+00 +8.8347917e-01 +1.9573264e-01 -3.6037153e-02 +5.2652067e+04
9.4260900e-01 +4.0000000e-01 +1.5767083e+01 -7.2462917e-02 +1.9825667e-01 +3.6934167e+00 +1.1301736e+00 +1.8556111e+00 +8.8491667e-01 +1.9495069e-01 -3.5677292e-02 +5.3739115e+04
9.4369600e-01 +4.0000000e-01 +1.5718750e+01 -7.1147833e-02 +2.0094333e-01 +3.7194306e+00 +1.1280208e+00 +1.8617917e+00 +8.8634028e-01 +1.9411181e-01 -3.5294722e-02 +5.4856021e+04
9.4476900e-01 +4.0000000e-01 +1.5670167e+01 -6.9841750e-02 +2.0356667e-01 +3.7462431e+00 +1.1256528e+00 +1.8677292e+00 +8.8775694e-01 +1.9319653e-01 -3.4889167e-02 +5.6002648e+04
9.4583000e-01 +4.0000000e-01 +1.5621250e+01 -6.8541333e-02 +2.0612000e-01 +3.7739167e+00 +1.1230417e+00 +1.8734236e+00 +8.8916667e-01 +1.9219583e-01 -3.4460208e-02 +5.7180105e+04
9.4687800e-01 +4.0000000e-01 +1.5572083e+01 -6.7243083e-02 +2.0859250e-01 +3.8025486e+00 +1.1201736e+00 +1.8788542e+00 +8.9056944e-01 +1.9112014e-01 -3.4006528e-02 +5.8391187e+04
9.4791300e-01 +4.0000000e-01 +1.5522583e+01 -6.5944333e-02 +2.1097667e-01 +3.8322083e+00 +1.1170347e+00 +1.8840417e+00 +8.9195139e-01 +1.8999722e-01 -3.3526111e-02 +5.9638053e+04
9.4893500e-01 +4.0000000e-01 +1.5472750e+01 -6.4643583e-02 +2.1326917e-01 +3.8629792e+00 +1.1136042e+00 +1.8890000e+00 +8.9330556e-01 +1.8886111e-01 -3.3016806e-02 +6.0920581e+04
9.4994500e-01 +4.0000000e-01 +1.5422500e+01 -6.3340667e-02 +2.1546833e-01 +3.8949375e+00 +1.1098611e+00 +1.8937431e+00 +8.9461806e-01 +1.8773819e-01 -3.2477639e-02 +6.2238306e+04
9.5094300e-01 +4.0000000e-01 +1.5371917e+01 -6.2036833e-02 +2.1757500e-01 +3.9281319e+00 +1.1057917e+00 +1.8982917e+00 +8.9586806e-01 +1.8664514e-01 -3.1909792e-02 +6.3591883e+04
9.5192800e-01 +4.0000000e-01 +1.5321000e+01 -6.0734417e-02 +2.1958917e-01 +3.9625903e+00 +1.1013750e+00 +1.9026458e+00 +8.9704167e-01 +1.8559097e-01 -3.1316806e-02 +6.4983696e+04
9.5290100e-01 +4.0000000e-01 +1.5269583e+01 -5.9436167e-02 +2.2151333e-01 +3.9983264e+00 +1.0966042e+00 +1.9068125e+00 +8.9813889e-01 +1.8458681e-01 -3.0704722e-02 +6.6417227e+04
9.5386300e-01 +4.0000000e-01 +1.5217667e+01 -5.8145000e-02 +2.2335083e-01 +4.0353681e+00 +1.0914583e+00 +1.9107847e+00 +8.9913194e-01 +1.8364514e-01 -3.0080764e-02 +6.7895260e+04
9.5481200e-01 +4.0000000e-01 +1.5165250e+01 -5.6863167e-02 +2.2510417e-01 +4.0737500e+00 +1.0859375e+00 +1.9145556e+00 +9.0002778e-01 +1.8278333e-01 -2.9452361e-02 +6.9418712e+04
9.5575000e-01 +4.0000000e-01 +1.5112250e+01 -5.5591917e-02 +2.2677667e-01 +4.1135000e+00 +1.0800139e+00 +1.9181181e+00 +9.0081944e-01 +1.8201597e-01 -2.8825556e-02 +7.0987995e+04
9.5667600e-01 +4.0000000e-01 +1.5058667e+01 -5.4331583e-02 +2.2837417e-01 +4.1546736e+00 +1.0736875e+00 +1.9214583e+00 +9.0150694e-01 +1.8135486e-01 -2.8204167e-02 +7.2604697e+04
9.5759100e-01 +4.0000000e-01 +1.5004500e+01 -5.3081833e-02 +2.2989833e-01 +4.1973056e+00 +1.0669375e+00 +1.9245625e+00 +9.0208333e-01 +1.8080625e-01 -2.7589653e-02 +7.4270890e+04
9.5849500e-01 +4.0000000e-01 +1.4949583e+01 -5.1841667e-02 +2.3135333e-01 +4.2414653e+00 +1.0597500e+00 +1.9274097e+00 +9.0255556e-01 +1.8036597e-01 -2.6983056e-02 +7.5990628e+04
9.5938700e-01 +4.0000000e-01 +1.4893917e+01 -5.0610417e-02 +2.3274083e-01 +4.2872153e+00 +1.0521181e+00 +1.9299792e+00 +9.0292361e-01 +1.8002361e-01 -2.6386389e-02 +7.7763348e+04
9.6026800e-01 +4.0000000e-01 +1.4837417e+01 -4.9387583e-02 +2.3406250e-01 +4.3346597e+00 +1.0440208e+00 +1.9322361e+00 +9.0318750e-01 +1.7975972e-01 -2.5803194e-02 +7.9589668e+04
9.6113800e-01 +4.0000000e-01 +1.4780167e+01 -4.8172667e-02 +2.3532083e-01 +4.3838889e+00 +1.0354444e+00 +1.9341597e+00 +9.0333333e-01 +1.7954861e-01 -2.5237917e-02 +8.1467525e+04
9.6199700e-01 +4.0000000e-01 +1.4721917e+01 -4.6966000e-02 +2.3651500e-01 +4.4349792e+00 +1.0263750e+00 +1.9357222e+00 +9.0336806e-01 +1.7935694e-01 -2.4694028e-02 +8.3398955e+04
9.6284500e-01 +4.0000000e-01 +1.4662833e+01 -4.5767833e-02 +2.3764333e-01 +4.4879931e+00 +1.0167986e+00 +1.9368958e+00 +9.0327083e-01 +1.7915069e-01 -2.4172500e-02 +8.5387464e+04
9.6368300e-01 +4.0000000e-01 +1.4602667e+01 -4.4578833e-02 +2.3870417e-01 +4.5429792e+00 +1.0067014e+00 +1.9376319e+00 +9.0303472e-01 +1.7890347e-01 -2.3671597e-02 +8.7435828e+04
9.6451000e-01 +4.0000000e-01 +1.4541500e+01 -4.3399750e-02 +2.3969583e-01 +4.5999792e+00 +9.9607639e-01 +1.9379097e+00 +9.0264583e-01 +1.7860347e-01 -2.3187639e-02 +8.9547576e+04
9.6532700e-01 +4.0000000e-01 +1.4479250e+01 -4.2231167e-02 +2.4061417e-01 +4.6590139e+00 +9.8491667e-01 +1.9376875e+00 +9.0209028e-01 +1.7825486e-01 -2.2715694e-02 +9.1724029e+04
9.6613400e-01 +4.0000000e-01 +1.4415833e+01 -4.1073417e-02 +2.4145500e-01 +4.7201181e+00 +9.7320833e-01 +1.9369444e+00 +9.0135417e-01 +1.7787708e-01 -2.2249306e-02 +9.3963205e+04
9.6693000e-01 +4.0000000e-01 +1.4351083e+01 -3.9926750e-02 +2.4221500e-01 +4.7833056e+00 +9.6095139e-01 +1.9356389e+00 +9.0043750e-01 +1.7749583e-01 -2.1780764e-02 +9.6269251e+04
9.6771600e-01 +4.0000000e-01 +1.4285083e+01 -3.8791083e-02 +2.4288667e-01 +4.8486042e+00 +9.4814583e-01 +1.9337569e+00 +8.9932639e-01 +1.7713681e-01 -2.1302153e-02 +9.8644297e+04
9.6849200e-01 +4.0000000e-01 +1.4217667e+01 -3.7666167e-02 +2.4346583e-01 +4.9160764e+00 +9.3477083e-01 +1.9312639e+00 +8.9802778e-01 +1.7682500e-01 -2.0805972e-02 +1.0109252e+05
9.6925900e-01 +4.0000000e-01 +1.4148667e+01 -3.6551833e-02 +2.4394833e-01 +4.9857708e+00 +9.2083333e-01 +1.9281458e+00 +8.9652778e-01 +1.7657917e-01 -2.0286319e-02 +1.0361600e+05
9.7001500e-01 +4.0000000e-01 +1.4078083e+01 -3.5447833e-02 +2.4432833e-01 +5.0577639e+00 +9.0631944e-01 +1.9243958e+00 +8.9484028e-01 +1.7640833e-01 -1.9738958e-02 +1.0621480e+05
9.7076200e-01 +4.0000000e-01 +1.4005833e+01 -3.4354083e-02 +2.4460250e-01 +5.1321042e+00 +8.9122917e-01 +1.9199931e+00 +8.9293750e-01 +1.7631528e-01 -1.9162014e-02 +1.0888959e+05
9.7150000e-01 +4.0000000e-01 +1.3931667e+01 -3.3270417e-02 +2.4476833e-01 +5.2088403e+00 +8.7556250e-01 +1.9149444e+00 +8.9083333e-01 +1.7629792e-01 -1.8555903e-02 +1.1163970e+05
9.7222800e-01 +4.0000000e-01 +1.3855583e+01 -3.2197083e-02 +2.4482500e-01 +5.2879861e+00 +8.5931250e-01 +1.9092431e+00 +8.8849306e-01 +1.7635069e-01 -1.7923194e-02 +1.1446517e+05
9.7294600e-01 +4.0000000e-01 +1.3777417e+01 -3.1134333e-02 +2.4477167e-01 +5.3695347e+00 +8.4247917e-01 +1.9028819e+00 +8.8590972e-01 +1.7646597e-01 -1.7268403e-02 +1.1736464e+05
9.7365600e-01 +4.0000000e-01 +1.3697000e+01 -3.0082583e-02 +2.4460750e-01 +5.4534653e+00 +8.2506250e-01 +1.8958681e+00 +8.8306250e-01 +1.7663542e-01 -1.6597639e-02 +1.2033953e+05
9.7435600e-01 +4.0000000e-01 +1.3614167e+01 -2.9042500e-02 +2.4433167e-01 +5.5397153e+00 +8.0706944e-01 +1.8881806e+00 +8.7992361e-01 +1.7684583e-01 -1.5917431e-02 +1.2339331e+05
9.7504800e-01 +4.0000000e-01 +1.3528833e+01 -2.8015000e-02 +2.4394333e-01 +5.6282153e+00 +7.8851389e-01 +1.8798056e+00 +8.7647917e-01 +1.7708403e-01 -1.5234028e-02 +1.2652742e+05
9.7573000e-01 +4.0000000e-01 +1.3440750e+01 -2.7000833e-02 +2.4344167e-01 +5.7188889e+00 +7.6939583e-01 +1.8707292e+00 +8.7270139e-01 +1.7733333e-01 -1.4552847e-02 +1.2974260e+05
9.7640400e-01 +4.0000000e-01 +1.3349750e+01 -2.6000750e-02 +2.4282333e-01 +5.8116389e+00 +7.4973611e-01 +1.8609236e+00 +8.6856250e-01 +1.7758125e-01 -1.3877778e-02 +1.3303673e+05
9.7706800e-01 +4.0000000e-01 +1.3255667e+01 -2.5015500e-02 +2.4208583e-01 +5.9063472e+00 +7.2954167e-01 +1.8503542e+00 +8.6404861e-01 +1.7781944e-01 -1.3211597e-02 +1.3640643e+05
9.7772500e-01 +4.0000000e-01 +1.3158333e+01 -2.4045583e-02 +2.4122417e-01 +6.0028681e+00 +7.0884028e-01 +1.8389792e+00 +8.5911806e-01 +1.7804653e-01 -1.2555625e-02 +1.3984613e+05
9.7837300e-01 +4.0000000e-01 +1.3057417e+01 -2.3091167e-02 +2.4023500e-01 +6.1010278e+00 +6.8765139e-01 +1.8267569e+00 +8.5375694e-01 +1.7826806e-01 -1.1909861e-02 +1.4335309e+05
9.7901200e-01 +4.0000000e-01 +1.2952750e+01 -2.2152000e-02 +2.3911083e-01 +6.2005694e+00 +6.6600208e-01 +1.8136389e+00 +8.4791667e-01 +1.7849236e-01 -1.1273125e-02 +1.4692113e+05
9.7964300e-01 +4.0000000e-01 +1.2844083e+01 -2.1227583e-02 +2.3784833e-01 +6.3012014e+00 +6.4392569e-01 +1.7995764e+00 +8.4156944e-01 +1.7872708e-01 -1.0643542e-02 +1.5054888e+05
9.8026600e-01 +4.0000000e-01 +1.2731167e+01 -2.0317250e-02 +2.3644250e-01 +6.4025694e+00 +6.2145694e-01 +1.7845139e+00 +8.3465278e-01 +1.7897431e-01 -1.0019375e-02 +1.5423151e+05
9.8088100e-01 +4.0000000e-01 +1.2613583e+01 -1.9420500e-02 +2.3489000e-01 +6.5042569e+00 +5.9863403e-01 +1.7683958e+00 +8.2713194e-01 +1.7923194e-01 -9.3995833e-03 +1.5796422e+05
9.8148700e-01 +4.0000000e-01 +1.2491167e+01 -1.8536583e-02 +2.3318833e-01 +6.6057639e+00 +5.7549931e-01 +1.7511528e+00 +8.1894444e-01 +1.7948750e-01 -8.7842361e-03 +1.6174082e+05
9.8208600e-01 +4.0000000e-01 +1.2363500e+01 -1.7665250e-02 +2.3133583e-01 +6.7065417e+00 +5.5209583e-01 +1.7327222e+00 +8.1004167e-01 +1.7972639e-01 -8.1737500e-03 +1.6555015e+05
9.8267700e-01 +4.0000000e-01 +1.2230250e+01 -1.6806500e-02 +2.2933000e-01 +6.8059167e+00 +5.2847083e-01 +1.7130347e+00 +8.0036111e-01 +1.7992847e-01 -7.5693056e-03 +1.6937979e+05
9.8326100e-01 +4.0000000e-01 +1.2091000e+01 -1.5960500e-02 +2.2716917e-01 +6.9031319e+00 +5.0467431e-01 +1.6920208e+00 +7.8984028e-01 +1.8007431e-01 -6.9718056e-03 +1.7321651e+05
9.8383600e-01 +4.0000000e-01 +1.1945417e+01 -1.5127833e-02 +2.2485167e-01 +6.9972917e+00 +4.8075764e-01 +1.6696250e+00 +7.7842361e-01 +1.8013819e-01 -6.3824375e-03 +1.7704443e+05
9.8440400e-01 +4.0000000e-01 +1.1793000e+01 -1.4309417e-02 +2.2237333e-01 +7.0874306e+00 +4.5677500e-01 +1.6457778e+00 +7.6602778e-01 +1.8009306e-01 -5.8022500e-03 +1.8084542e+05
9.8496500e-01 +4.0000000e-01 +1.1633333e+01 -1.3506250e-02 +2.1973250e-01 +7.1723611e+00 +4.3278264e-01 +1.6204306e+00 +7.5259722e-01 +1.7990486e-01 -5.2324583e-03 +1.8460000e+05
9.8551800e-01 +4.0000000e-01 +1.1465833e+01 -1.2719667e-02 +2.1692333e-01 +7.2507639e+00 +4.0883958e-01 +1.5935208e+00 +7.3805556e-01 +1.7954097e-01 -4.6743403e-03 +1.8828597e+05
9.8606400e-01 +4.0000000e-01 +1.1290167e+01 -1.1951000e-02 +2.1394083e-01 +7.3212500e+00 +3.8500764e-01 +1.5650000e+00 +7.2233333e-01 +1.7896667e-01 -4.1291667e-03 +1.9188030e+05
9.8660300e-01 +4.0000000e-01 +1.1105667e+01 -1.1201250e-02 +2.1077833e-01 +7.3821528e+00 +3.6134861e-01 +1.5348264e+00 +7.0534722e-01 +1.7815347e-01 -3.5981736e-03 +1.9535650e+05
9.8713400e-01 +4.0000000e-01 +1.0911750e+01 -1.0471750e-02 +2.0742833e-01 +7.4315278e+00 +3.3792778e-01 +1.5029583e+00 +6.8703542e-01 +1.7707569e-01 -3.0825764e-03 +1.9868742e+05
9.8765900e-01 +4.0000000e-01 +1.0708000e+01 -9.7634167e-03 +2.0388333e-01 +7.4675000e+00 +3.1481319e-01 +1.4693472e+00 +6.6732014e-01 +1.7571389e-01 -2.5836389e-03 +2.0184217e+05
9.8817700e-01 +4.0000000e-01 +1.0493667e+01 -9.0770833e-03 +2.0013417e-01 +7.4877778e+00 +2.9207361e-01 +1.4339583e+00 +6.4613750e-01 +1.7404861e-01 -2.1028472e-03 +2.0478586e+05
9.8868800e-01 +4.0000000e-01 +1.0268167e+01 -8.4133333e-03 +1.9617250e-01 +7.4899306e+00 +2.6977708e-01 +1.3967639e+00 +6.2342917e-01 +1.7206111e-01 -1.6421736e-03 +2.0748487e+05
9.8919200e-01 +4.0000000e-01 +1.0031000e+01 -7.7726750e-03 +1.9198833e-01 +7.4713889e+00 +2.4799514e-01 +1.3577431e+00 +5.9914722e-01 +1.6972569e-01 -1.2042847e-03 +2.0990410e+05
9.8968900e-01 +4.0000000e-01 +9.7813333e+00 -7.1555000e-03 +1.8757250e-01 +7.4293750e+00 +2.2679722e-01 +1.3168819e+00 +5.7326042e-01 +1.6701319e-01 -7.9263889e-04 +2.1201324e+05
9.9018000e-01 +4.0000000e-01 +9.5188333e+00 -6.5621167e-03 +1.8291583e-01 +7.3609722e+00 +2.0625139e-01 +1.2741944e+00 +5.4575764e-01 +1.6388819e-01 -4.1131597e-04 +2.1378668e+05
9.9066400e-01 +4.0000000e-01 +9.2427500e+00 -5.9928333e-03 +1.7800750e-01 +7.2632639e+00 +1.8642639e-01 +1.2296875e+00 +5.1665417e-01 +1.6030764e-01 -6.4811736e-05 +2.1520725e+05
9.9114200e-01 +4.0000000e-01 +8.9526667e+00 -5.4479083e-03 +1.7283750e-01 +7.1333333e+00 +1.6738542e-01 +1.1833889e+00 +4.8600139e-01 +1.5622431e-01 +2.4232014e-04 +2.1627417e+05
9.9161300e-01 +4.0000000e-01 +8.6480833e+00 -4.9276583e-03 +1.6739583e-01 +6.9682639e+00 +1.4919028e-01 +1.1353403e+00 +4.5388958e-01 +1.5158819e-01 +5.0576181e-04 +2.1700837e+05
9.9207900e-01 +4.0000000e-01 +8.3287000e+00 -4.4323833e-03 +1.6167167e-01 +6.7656042e+00 +1.3189931e-01 +1.0855972e+00 +4.2045694e-01 +1.4634653e-01 +7.2175694e-04 +2.1745949e+05
9.9253700e-01 +4.0000000e-01 +7.9941833e+00 -3.9623917e-03 +1.5565833e-01 +6.5232222e+00 +1.1556667e-01 +1.0341875e+00 +3.8589861e-01 +1.4045139e-01 +8.8746528e-04 +2.1771613e+05
9.9299000e-01 +4.0000000e-01 +7.6444583e+00 -3.5180000e-03 +1.4934583e-01 +6.2397014e+00 +1.0024028e-01 +9.8115278e-01 +3.5047014e-01 +1.3386111e-01 +1.0013819e-03 +2.1790836e+05
9.9343700e-01 +4.0000000e-01 +7.2795833e+00 -3.0995417e-03 +1.4272917e-01 +5.9145208e+00 +8.5964583e-02 +9.2653472e-01 +3.1449375e-01 +1.2654722e-01 +1.0637153e-03 +2.1821906e+05
9.9387800e-01 +4.0000000e-01 +6.8998083e+00 -2.7073583e-03 +1.3580500e-01 +5.5483611e+00 +7.2777778e-02 +8.7034722e-01 +2.7835903e-01 +1.1850139e-01 +1.0766528e-03 +2.1887559e+05
9.9431300e-01 +4.0000000e-01 +6.5056000e+00 -2.3417667e-03 +1.2857167e-01 +5.1433750e+00 +6.0710764e-02 +8.1259722e-01 +2.4252083e-01 +1.0974375e-01 +1.0444583e-03 +2.2014235e+05
9.9474200e-01 +4.0000000e-01 +6.0976833e+00 -2.0030750e-03 +1.2103417e-01 +4.7034375e+00 +4.9788472e-02 +7.5327083e-01 +2.0749028e-01 +1.0032708e-01 +9.7339583e-04 +2.2229865e+05
9.9516500e-01 +4.0000000e-01 +5.6770167e+00 -1.6915583e-03 +1.1320000e-01 +4.2343472e+00 +4.0027292e-02 +6.9237569e-01 +1.7382014e-01 +9.0343750e-02 +8.7145139e-04 +2.2560194e+05
9.9558300e-01 +4.0000000e-01 +5.2448417e+00 -1.4073833e-03 +1.0508250e-01 +3.7439028e+00 +3.1433958e-02 +6.2991458e-01 +1.4208403e-01 +7.9929167e-02 +7.4795833e-04 +2.3024601e+05
9.9599500e-01 +4.0000000e-01 +4.8026250e+00 -1.1506083e-03 +9.6700000e-02 +3.2418403e+00 +2.4004028e-02 +5.6593958e-01 +1.1284167e-01 +6.9262778e-02 +6.1305139e-04 +2.3630735e+05
9.9640100e-01 +4.0000000e-01 +4.3520500e+00 -9.2115833e-04 +8.8076667e-02 +2.7395347e+00 +1.7719514e-02 +5.0058125e-01 +8.6605556e-02 +5.8564931e-02 +4.7698958e-04 +2.4370288e+05
9.9680200e-01 +4.0000000e-01 +3.8949750e+00 -7.1878500e-04 +7.9241083e-02 +2.2494931e+00 +1.2545972e-02 +4.3410486e-01 +6.3795556e-02 +4.8089583e-02 +3.4928403e-04 +2.5216905e+05
9.9719800e-01 +4.0000000e-01 +3.4333667e+00 -5.4309833e-04 +7.0224583e-02 +1.7845764e+00 +8.4299306e-03 +3.6697847e-01 +4.4693958e-02 +3.8111181e-02 +2.3779028e-04 +2.6128566e+05
9.9758800e-01 +4.0000000e-01 +2.9692000e+00 -3.9355833e-04 +6.1061333e-02 +1.3571111e+00 +5.2954167e-03 +2.9995833e-01 +2.9408889e-02 +2.8905556e-02 +1.4784931e-04 +2.7056245e+05
9.9797300e-01 +4.0000000e-01 +2.5044000e+00 -2.6949083e-04 +5.1785667e-02 +9.7792361e-01 +3.0423403e-03 +2.3417917e-01 +1.7847639e-02 +2.0727083e-02 +8.1707639e-05 +2.7958507e+05
9.9835300e-01 +4.0000000e-01 +2.0407167e+00 -1.7011083e-04 +4.2430583e-02 +6.5551250e-01 +1.5453958e-03 +1.7125556e-01 +9.7111806e-03 +1.3784792e-02 +3.8384931e-05 +2.8821673e+05
9.9872800e-01 +4.0000000e-01 +1.5796500e+00 -9.4534167e-05 +3.3025500e-02 +3.9554236e-01 +6.5636597e-04 +1.1338611e-01 +4.5144028e-03 +8.2227083e-03 +1.4125694e-05 +2.9678553e+05
9.9909700e-01 +4.0000000e-01 +1.1224000e+00 -4.1801667e-05 +2.3595250e-02 +2.0085625e-01 +2.1088819e-04 +6.3452500e-02 +1.6326597e-03 +4.1096806e-03 +3.3991458e-06 +3.0623727e+05
9.9946200e-01 +4.0000000e-01 +6.6982583e-01 -1.0875250e-05 +1.4159000e-02 +7.1968056e-02 +4.1986250e-05 +2.5147014e-02 +3.6834861e-04 +1.4417847e-03 +2.8510417e-07 +3.1814078e+05
9.9982100e-01 +4.0000000e-01 +2.2244917e-01 +0.0000000e+00 +4.7308417e-03 +8.0088889e-03 +3.0960764e-06 +3.1357847e-03 +2.4294653e-05 +1.5567778e-04 -2.3438333e-08 +3.3322529e+05
1.0000000e+00 +4.0000000e-01 +0.0000000e+00 +0.0000000e+00 +0.0000000e+00 +0.0000000e+00 +0.0000000e+00 +0.0000000e+00 +0.0000000e+00 +0.0000000e+00 +0.0000000e+00 +3.3322431e+05
