#    y              z              <u>            <v>            <w>            <u'u'>         <v'v'>         <w'w'>         <u'v'>         <u'w'>         <v'w'>         <eps>         
#----------------------------------------------------------------------------------------------------------------------------------------------------------------------------------
0.0000000e+00 +3.0000000e-01 +0.0000000e+00 +0.0000000e+00 +0.0000000e+00 +0.0000000e+00 +0.0000000e+00 +0.0000000e+00 +0.0000000e+00 +0.0000000e+00 +0.0000000e+00 +3.5767153e+05
1.7900000e-04 +3.0000000e-01 +2.3263333e-01 +9.9935000e-06 +7.0207333e-03 +8.4605556e-03 +3.4226806e-06 +3.4922778e-03 -2.6312014e-05 +1.3460556e-04 -1.4791875e-07 +3.5767260e+05
5.3800000e-04 +3.0000000e-01 +7.0051250e-01 +3.6707250e-05 +2.0987667e-02 +7.6008333e-02 +4.6339028e-05 +2.7991181e-02 -3.9986111e-04 +1.2916389e-03 -3.0386250e-06 +3.4056453e+05
9.0300000e-04 +3.0000000e-01 +1.1738417e+00 +7.9614750e-05 +3.4937583e-02 +2.1209653e-01 +2.3241875e-04 +7.0596528e-02 -1.7752917e-03 +3.7811111e-03 -1.6104097e-05 +3.2706458e+05
1.2720000e-03 +3.0000000e-01 +1.6520500e+00 +1.3749750e-04 +4.8850250e-02 +4.1759722e-01 +7.2236806e-04 +1.2609375e-01 -4.9149306e-03 +7.7356944e-03 -5.0359028e-05 +3.1636160e+05
1.6470000e-03 +3.0000000e-01 +2.1342000e+00 +2.0910500e-04 +6.2699000e-02 +6.9185417e-01 +1.6984861e-03 +1.9036181e-01 -1.0582222e-02 +1.3211806e-02 -1.1833472e-04 +3.0670198e+05
2.0270000e-03 +3.0000000e-01 +2.6189750e+00 +2.9318667e-04 +7.6449500e-02 +1.0316458e+00 +3.3393611e-03 +2.6018125e-01 -1.9459167e-02 +2.0170278e-02 -2.3191806e-04 +2.9703568e+05
2.4120000e-03 +3.0000000e-01 +3.1047250e+00 +3.8850250e-04 +9.0060833e-02 +1.4306250e+00 +5.8051944e-03 +3.3309861e-01 -3.2070764e-02 +2.8471042e-02 -4.0033819e-04 +2.8700529e+05
2.8020000e-03 +3.0000000e-01 +3.5895333e+00 +4.9382833e-04 +1.0348750e-01 +1.8793472e+00 +9.2305556e-03 +4.0730764e-01 -4.8732222e-02 +3.7882569e-02 -6.2863194e-04 +2.7678694e+05
3.1980000e-03 +3.0000000e-01 +4.0713167e+00 +6.0796583e-04 +1.1668000e-01 +2.3658750e+00 +1.3722431e-02 +4.8153750e-01 -6.9526389e-02 +4.8105625e-02 -9.1680556e-04 +2.6686007e+05
3.5990000e-03 +3.0000000e-01 +4.5479250e+00 +7.2975250e-04 +1.2959000e-01 +2.8767222e+00 +1.9360764e-02 +5.5493681e-01 -9.4309722e-02 +5.8804375e-02 -1.2597361e-03 +2.5778133e+05
4.0050000e-03 +3.0000000e-01 +5.0172417e+00 +8.5807500e-04 +1.4217000e-01 +3.3979583e+00 +2.6201389e-02 +6.2697569e-01 -1.2274653e-01 +6.9638889e-02 -1.6477083e-03 +2.5000821e+05
4.4170000e-03 +3.0000000e-01 +5.4772750e+00 +9.9185833e-04 +1.5437750e-01 +3.9162153e+00 +3.4278958e-02 +6.9734722e-01 -1.5435000e-01 +8.0290972e-02 -2.0674444e-03 +2.4380132e+05
4.8350000e-03 +3.0000000e-01 +5.9262333e+00 +1.1300917e-03 +1.6617417e-01 +4.4195278e+00 +4.3610278e-02 +7.6589583e-01 -1.8853611e-01 +9.0488194e-02 -2.5033819e-03 +2.3920888e+05
5.2580000e-03 +3.0000000e-01 +6.3625750e+00 +1.2717833e-03 +1.7753000e-01 +4.8978333e+00 +5.4197153e-02 +8.3255556e-01 -2.2467153e-01 +1.0000833e-01 -2.9390208e-03 +2.3609460e+05
5.6870000e-03 +3.0000000e-01 +6.7850500e+00 +1.4159750e-03 +1.8842083e-01 +5.3432847e+00 +6.6028819e-02 +8.9731250e-01 -2.6211667e-01 +1.0868958e-01 -3.3581250e-03 +2.3420013e+05
6.1220000e-03 +3.0000000e-01 +7.1926500e+00 +1.5617083e-03 +1.9882917e-01 +5.7502361e+00 +7.9083333e-02 +9.6015278e-01 -3.0026181e-01 +1.1642153e-01 -3.7457361e-03 +2.3320556e+05
6.5630000e-03 +3.0000000e-01 +7.5847000e+00 +1.7080417e-03 +2.0874500e-01 +6.1151111e+00 +9.3330556e-02 +1.0210694e+00 -3.3854792e-01 +1.2314306e-01 -4.0889722e-03 +2.3278237e+05
7.0100000e-03 +3.0000000e-01 +7.9607333e+00 +1.8540250e-03 +2.1816417e-01 +6.4361597e+00 +1.0873056e-01 +1.0800556e+00 -3.7648681e-01 +1.2883472e-01 -4.3774861e-03 +2.3263361e+05
7.4630000e-03 +3.0000000e-01 +8.3205667e+00 +1.9987333e-03 +2.2708833e-01 +6.7131528e+00 +1.2523819e-01 +1.1370833e+00 -4.1366458e-01 +1.3350833e-01 -4.6037083e-03 +2.3251122e+05
7.9210000e-03 +3.0000000e-01 +8.6641667e+00 +2.1412500e-03 +2.3552167e-01 +6.9470833e+00 +1.4280069e-01 +1.1921111e+00 -4.4974653e-01 +1.3720347e-01 -4.7627292e-03 +2.3222824e+05
8.3870000e-03 +3.0000000e-01 +8.9917500e+00 +2.2807417e-03 +2.4347333e-01 +7.1397222e+00 +1.6135903e-01 +1.2450972e+00 -4.8447083e-01 +1.3997639e-01 -4.8520347e-03 +2.3165336e+05
8.8580000e-03 +3.0000000e-01 +9.3036667e+00 +2.4164333e-03 +2.5095500e-01 +7.2936111e+00 +1.8085278e-01 +1.2960139e+00 -5.1764653e-01 +1.4189792e-01 -4.8710486e-03 +2.3070500e+05
9.3360000e-03 +3.0000000e-01 +9.6002500e+00 +2.5476750e-03 +2.5797917e-01 +7.4117361e+00 +2.0121250e-01 +1.3448056e+00 -5.4914306e-01 +1.4304583e-01 -4.8206111e-03 +2.2934195e+05
9.8200000e-03 +3.0000000e-01 +9.8821667e+00 +2.6739417e-03 +2.6455917e-01 +7.4970833e+00 +2.2237014e-01 +1.3914514e+00 -5.7888264e-01 +1.4350208e-01 -4.7024583e-03 +2.2755444e+05
1.0311000e-02 +3.0000000e-01 +1.0149833e+01 +2.7948250e-03 +2.7071167e-01 +7.5528472e+00 +2.4425139e-01 +1.4359306e+00 -6.0683194e-01 +1.4334792e-01 -4.5188056e-03 +2.2535582e+05
1.0808000e-02 +3.0000000e-01 +1.0404000e+01 +2.9100333e-03 +2.7645167e-01 +7.5822222e+00 +2.6678194e-01 +1.4782292e+00 -6.3299444e-01 +1.4266458e-01 -4.2720903e-03 +2.2277438e+05
1.1312000e-02 +3.0000000e-01 +1.0645250e+01 +3.0194000e-03 +2.8179250e-01 +7.5882639e+00 +2.8988611e-01 +1.5183542e+00 -6.5740000e-01 +1.4152708e-01 -3.9649028e-03 +2.1984898e+05
1.1823000e-02 +3.0000000e-01 +1.0874333e+01 +3.1228500e-03 +2.8675167e-01 +7.5738194e+00 +3.1348681e-01 +1.5563194e+00 -6.8010000e-01 +1.4000764e-01 -3.6000000e-03 +2.1662520e+05
1.2341000e-02 +3.0000000e-01 +1.1091833e+01 +3.2204000e-03 +2.9134333e-01 +7.5415278e+00 +3.3750764e-01 +1.5921458e+00 -7.0115972e-01 +1.3817361e-01 -3.1802986e-03 +2.1314995e+05
1.2866000e-02 +3.0000000e-01 +1.1298500e+01 +3.3121000e-03 +2.9558250e-01 +7.4938889e+00 +3.6187292e-01 +1.6258681e+00 -7.2065972e-01 +1.3608542e-01 -2.7088958e-03 +2.0946935e+05
1.3397000e-02 +3.0000000e-01 +1.1494833e+01 +3.3980833e-03 +2.9948417e-01 +7.4331250e+00 +3.8650694e-01 +1.6575486e+00 -7.3868056e-01 +1.3379722e-01 -2.1890000e-03 +2.0562733e+05
1.3936000e-02 +3.0000000e-01 +1.1681583e+01 +3.4784833e-03 +3.0306333e-01 +7.3613889e+00 +4.1133542e-01 +1.6872361e+00 -7.5530556e-01 +1.3135764e-01 -1.6237778e-03 +2.0166031e+05
1.4482000e-02 +3.0000000e-01 +1.1859250e+01 +3.5534583e-03 +3.0633250e-01 +7.2803472e+00 +4.3628750e-01 +1.7150069e+00 -7.7061806e-01 +1.2880764e-01 -1.0162083e-03 +1.9759820e+05
1.5035000e-02 +3.0000000e-01 +1.2028417e+01 +3.6231667e-03 +3.0930750e-01 +7.1918056e+00 +4.6129167e-01 +1.7409306e+00 -7.8469444e-01 +1.2618333e-01 -3.6893333e-04 +1.9346680e+05
1.5596000e-02 +3.0000000e-01 +1.2189667e+01 +3.6877500e-03 +3.1200083e-01 +7.0972222e+00 +4.8628194e-01 +1.7650972e+00 -7.9762500e-01 +1.2351806e-01 +3.1557639e-04 +1.8928774e+05
1.6164000e-02 +3.0000000e-01 +1.2343500e+01 +3.7473250e-03 +3.1442583e-01 +6.9978472e+00 +5.1119306e-01 +1.7875833e+00 -8.0948611e-01 +1.2084167e-01 +1.0347222e-03 +1.8508044e+05
1.6739000e-02 +3.0000000e-01 +1.2490333e+01 +3.8019917e-03 +3.1659583e-01 +6.8949097e+00 +5.3596319e-01 +1.8084722e+00 -8.2034028e-01 +1.1818542e-01 +1.7854028e-03 +1.8086159e+05
1.7323000e-02 +3.0000000e-01 +1.2630667e+01 +3.8518000e-03 +3.1852333e-01 +6.7893403e+00 +5.6053403e-01 +1.8278403e+00 -8.3027083e-01 +1.1557569e-01 +2.5638472e-03 +1.7664791e+05
1.7914000e-02 +3.0000000e-01 +1.2764917e+01 +3.8967917e-03 +3.2022000e-01 +6.6820556e+00 +5.8484861e-01 +1.8457639e+00 -8.3934028e-01 +1.1303889e-01 +3.3655069e-03 +1.7245042e+05
1.8513000e-02 +3.0000000e-01 +1.2893500e+01 +3.9370167e-03 +3.2169667e-01 +6.5738333e+00 +6.0885556e-01 +1.8623056e+00 -8.4761111e-01 +1.1059444e-01 +4.1851458e-03 +1.6828094e+05
1.9119000e-02 +3.0000000e-01 +1.3016833e+01 +3.9725250e-03 +3.2296250e-01 +6.4653403e+00 +6.3250486e-01 +1.8775347e+00 -8.5514583e-01 +1.0825903e-01 +5.0169722e-03 +1.6414843e+05
1.9734000e-02 +3.0000000e-01 +1.3135167e+01 +4.0033833e-03 +3.2402750e-01 +6.3571458e+00 +6.5575208e-01 +1.8915069e+00 -8.6200000e-01 +1.0604097e-01 +5.8549097e-03 +1.6006470e+05
2.0357000e-02 +3.0000000e-01 +1.3248833e+01 +4.0297333e-03 +3.2489833e-01 +6.2497431e+00 +6.7855417e-01 +1.9042778e+00 -8.6822222e-01 +1.0394792e-01 +6.6930903e-03 +1.5603734e+05
2.0988000e-02 +3.0000000e-01 +1.3358083e+01 +4.0517250e-03 +3.2558167e-01 +6.1435069e+00 +7.0087500e-01 +1.9158958e+00 -8.7386111e-01 +1.0197986e-01 +7.5265972e-03 +1.5207671e+05
2.1627000e-02 +3.0000000e-01 +1.3463417e+01 +4.0696083e-03 +3.2608500e-01 +6.0387639e+00 +7.2268056e-01 +1.9264236e+00 -8.7895139e-01 +1.0013681e-01 +8.3520139e-03 +1.4819114e+05
2.2275000e-02 +3.0000000e-01 +1.3564917e+01 +4.0837083e-03 +3.2641417e-01 +5.9357500e+00 +7.4394444e-01 +1.9358889e+00 -8.8354167e-01 +9.8416667e-02 +9.1678472e-03 +1.4438891e+05
2.2932000e-02 +3.0000000e-01 +1.3662833e+01 +4.0945000e-03 +3.2657500e-01 +5.8346528e+00 +7.6464583e-01 +1.9443472e+00 -8.8765972e-01 +9.6818056e-02 +9.9742361e-03 +1.4067557e+05
2.3596000e-02 +3.0000000e-01 +1.3757500e+01 +4.1025917e-03 +3.2657417e-01 +5.7356319e+00 +7.8475694e-01 +1.9518333e+00 -8.9134028e-01 +9.5340278e-02 +1.0772569e-02 +1.3705379e+05
2.4270000e-02 +3.0000000e-01 +1.3849083e+01 +4.1087333e-03 +3.2641750e-01 +5.6387917e+00 +8.0427083e-01 +1.9583819e+00 -8.9461806e-01 +9.3977083e-02 +1.1564792e-02 +1.3352223e+05
2.4952000e-02 +3.0000000e-01 +1.3937750e+01 +4.1136417e-03 +3.2611167e-01 +5.5442361e+00 +8.2317361e-01 +1.9640417e+00 -8.9753472e-01 +9.2720139e-02 +1.2353264e-02 +1.3008012e+05
2.5644000e-02 +3.0000000e-01 +1.4023750e+01 +4.1180000e-03 +3.2565917e-01 +5.4520417e+00 +8.4145139e-01 +1.9688403e+00 -9.0010417e-01 +9.1552778e-02 +1.3140139e-02 +1.2672673e+05
2.6344000e-02 +3.0000000e-01 +1.4107250e+01 +4.1222750e-03 +3.2506583e-01 +5.3622500e+00 +8.5910417e-01 +1.9728125e+00 -9.0237500e-01 +9.0455556e-02 +1.3927292e-02 +1.2346132e+05
2.7054000e-02 +3.0000000e-01 +1.4188500e+01 +4.1267583e-03 +3.2433500e-01 +5.2749028e+00 +8.7611806e-01 +1.9760139e+00 -9.0436111e-01 +8.9409722e-02 +1.4716111e-02 +1.2028457e+05
2.7772000e-02 +3.0000000e-01 +1.4267500e+01 +4.1315250e-03 +3.2346917e-01 +5.1900278e+00 +8.9250000e-01 +1.9784792e+00 -9.0609028e-01 +8.8402778e-02 +1.5507361e-02 +1.1719505e+05
2.8500000e-02 +3.0000000e-01 +1.4344417e+01 +4.1364500e-03 +3.2247167e-01 +5.1076250e+00 +9.0825000e-01 +1.9802708e+00 -9.0759028e-01 +8.7431250e-02 +1.6300694e-02 +1.1419201e+05
2.9238000e-02 +3.0000000e-01 +1.4419500e+01 +4.1412083e-03 +3.2134333e-01 +5.0277153e+00 +9.2336806e-01 +1.9814375e+00 -9.0887500e-01 +8.6502778e-02 +1.7094861e-02 +1.1127200e+05
2.9985000e-02 +3.0000000e-01 +1.4492750e+01 +4.1452667e-03 +3.2008750e-01 +4.9502847e+00 +9.3785417e-01 +1.9820208e+00 -9.0996528e-01 +8.5633333e-02 +1.7887361e-02 +1.0843288e+05
3.0741000e-02 +3.0000000e-01 +1.4564417e+01 +4.1479083e-03 +3.1870667e-01 +4.8753194e+00 +9.5172222e-01 +1.9820764e+00 -9.1088194e-01 +8.4843056e-02 +1.8675069e-02 +1.0567186e+05
3.1508000e-02 +3.0000000e-01 +1.4634417e+01 +4.1482083e-03 +3.1720417e-01 +4.8028125e+00 +9.6497917e-01 +1.9816181e+00 -9.1162500e-01 +8.4151389e-02 +1.9455069e-02 +1.0298544e+05
3.2284000e-02 +3.0000000e-01 +1.4703083e+01 +4.1451250e-03 +3.1558083e-01 +4.7327569e+00 +9.7763194e-01 +1.9806736e+00 -9.1221528e-01 +8.3571528e-02 +2.0225000e-02 +1.0036806e+05
3.3070000e-02 +3.0000000e-01 +1.4770333e+01 +4.1374500e-03 +3.1384083e-01 +4.6651250e+00 +9.8968056e-01 +1.9792569e+00 -9.1265278e-01 +8.3111111e-02 +2.0982986e-02 +9.7818984e+04
3.3866000e-02 +3.0000000e-01 +1.4836250e+01 +4.1237833e-03 +3.1198417e-01 +4.5998889e+00 +1.0011319e+00 +1.9773681e+00 -9.1295139e-01 +8.2766667e-02 +2.1728056e-02 +9.5338194e+04
3.4673000e-02 +3.0000000e-01 +1.4901083e+01 +4.1024917e-03 +3.1001417e-01 +4.5369931e+00 +1.0119931e+00 +1.9749931e+00 -9.1310417e-01 +8.2525000e-02 +2.2459722e-02 +9.2927077e+04
3.5490000e-02 +3.0000000e-01 +1.4964750e+01 +4.0716500e-03 +3.0793167e-01 +4.4763750e+00 +1.0222639e+00 +1.9721250e+00 -9.1312500e-01 +8.2363889e-02 +2.3178611e-02 +9.0583537e+04
3.6317000e-02 +3.0000000e-01 +1.5027333e+01 +4.0291250e-03 +3.0574083e-01 +4.4179722e+00 +1.0319583e+00 +1.9687639e+00 -9.1300000e-01 +8.2260417e-02 +2.3886319e-02 +8.8307526e+04
3.7155000e-02 +3.0000000e-01 +1.5089000e+01 +3.9727750e-03 +3.0344417e-01 +4.3617014e+00 +1.0410764e+00 +1.9649028e+00 -9.1274306e-01 +8.2193056e-02 +2.4584931e-02 +8.6096959e+04
3.8003000e-02 +3.0000000e-01 +1.5149750e+01 +3.9007250e-03 +3.0104583e-01 +4.3074514e+00 +1.0496389e+00 +1.9605625e+00 -9.1234028e-01 +8.2148611e-02 +2.5276319e-02 +8.3951137e+04
3.8862000e-02 +3.0000000e-01 +1.5209583e+01 +3.8115750e-03 +2.9854917e-01 +4.2551111e+00 +1.0576528e+00 +1.9557431e+00 -9.1179167e-01 +8.2123611e-02 +2.5960833e-02 +8.1870086e+04
3.9732000e-02 +3.0000000e-01 +1.5268667e+01 +3.7045000e-03 +2.9595833e-01 +4.2045833e+00 +1.0651389e+00 +1.9504514e+00 -9.1110417e-01 +8.2118056e-02 +2.6637014e-02 +7.9853758e+04
4.0613000e-02 +3.0000000e-01 +1.5327000e+01 +3.5792417e-03 +2.9327583e-01 +4.1557431e+00 +1.0721181e+00 +1.9447083e+00 -9.1027083e-01 +8.2132639e-02 +2.7301667e-02 +7.7900790e+04
4.1505000e-02 +3.0000000e-01 +1.5384583e+01 +3.4359333e-03 +2.9050500e-01 +4.1084931e+00 +1.0785972e+00 +1.9385208e+00 -9.0929861e-01 +8.2168056e-02 +2.7950347e-02 +7.6011859e+04
4.2409000e-02 +3.0000000e-01 +1.5441500e+01 +3.2749000e-03 +2.8765250e-01 +4.0627222e+00 +1.0846042e+00 +1.9319167e+00 -9.0819444e-01 +8.2228472e-02 +2.8577431e-02 +7.4186968e+04
4.3324000e-02 +3.0000000e-01 +1.5497833e+01 +3.0963833e-03 +2.8472667e-01 +4.0183403e+00 +1.0901528e+00 +1.9249236e+00 -9.0697222e-01 +8.2322917e-02 +2.9177014e-02 +7.2425385e+04
4.4250000e-02 +3.0000000e-01 +1.5553667e+01 +2.9002750e-03 +2.8173583e-01 +3.9752708e+00 +1.0952639e+00 +1.9175694e+00 -9.0562500e-01 +8.2459722e-02 +2.9744028e-02 +7.0722979e+04
4.5188000e-02 +3.0000000e-01 +1.5608833e+01 +2.6860417e-03 +2.7868833e-01 +3.9334792e+00 +1.0999583e+00 +1.9098750e+00 -9.0417361e-01 +8.2650000e-02 +3.0276875e-02 +6.9074667e+04
4.6137000e-02 +3.0000000e-01 +1.5663583e+01 +2.4527083e-03 +2.7559167e-01 +3.8929306e+00 +1.1042569e+00 +1.9018889e+00 -9.0261111e-01 +8.2901389e-02 +3.0778264e-02 +6.7473192e+04
4.7099000e-02 +3.0000000e-01 +1.5717917e+01 +2.1988500e-03 +2.7245000e-01 +3.8535972e+00 +1.1081667e+00 +1.8936250e+00 -9.0095139e-01 +8.3219444e-02 +3.1255069e-02 +6.5912413e+04
4.8072000e-02 +3.0000000e-01 +1.5771750e+01 +1.9228167e-03 +2.6926667e-01 +3.8154722e+00 +1.1117222e+00 +1.8851319e+00 -8.9918750e-01 +8.3600000e-02 +3.1717500e-02 +6.4388417e+04
4.9057000e-02 +3.0000000e-01 +1.5825167e+01 +1.6230083e-03 +2.6604250e-01 +3.7785139e+00 +1.1149306e+00 +1.8764306e+00 -8.9732639e-01 +8.4035417e-02 +3.2177917e-02 +6.2900161e+04
5.0055000e-02 +3.0000000e-01 +1.5878167e+01 +1.2982000e-03 +2.6277583e-01 +3.7427014e+00 +1.1178125e+00 +1.8675625e+00 -8.9536806e-01 +8.4520139e-02 +3.2649097e-02 +6.1449175e+04
5.1065000e-02 +3.0000000e-01 +1.5930750e+01 +9.4786667e-04 +2.5946500e-01 +3.7080208e+00 +1.1203819e+00 +1.8585417e+00 -8.9332639e-01 +8.5054167e-02 +3.3142361e-02 +6.0037134e+04
5.2087000e-02 +3.0000000e-01 +1.5983000e+01 +5.7234917e-04 +2.5610917e-01 +3.6744514e+00 +1.1226528e+00 +1.8494028e+00 -8.9119444e-01 +8.5643056e-02 +3.3665764e-02 +5.8663707e+04
5.3122000e-02 +3.0000000e-01 +1.6034917e+01 +1.7280333e-04 +2.5270667e-01 +3.6419861e+00 +1.1246458e+00 +1.8401597e+00 -8.8898611e-01 +8.6295139e-02 +3.4222569e-02 +5.7327035e+04
5.4170000e-02 +3.0000000e-01 +1.6086583e+01 -2.4891750e-04 +2.4925667e-01 +3.6105625e+00 +1.1263611e+00 +1.8308333e+00 -8.8669444e-01 +8.7021528e-02 +3.4811944e-02 +5.6026981e+04
5.5231000e-02 +3.0000000e-01 +1.6137833e+01 -6.9043083e-04 +2.4575750e-01 +3.5801111e+00 +1.1278125e+00 +1.8214514e+00 -8.8432639e-01 +8.7830556e-02 +3.5430556e-02 +5.4764586e+04
5.6304000e-02 +3.0000000e-01 +1.6188917e+01 -1.1490417e-03 +2.4220917e-01 +3.5505417e+00 +1.1290069e+00 +1.8120347e+00 -8.8188194e-01 +8.8727778e-02 +3.6074722e-02 +5.3540321e+04
5.7391000e-02 +3.0000000e-01 +1.6239750e+01 -1.6221667e-03 +2.3861250e-01 +3.5217569e+00 +1.1299653e+00 +1.8026042e+00 -8.7936111e-01 +8.9713194e-02 +3.6740764e-02 +5.2353427e+04
5.8491000e-02 +3.0000000e-01 +1.6290333e+01 -2.1078750e-03 +2.3496917e-01 +3.4936806e+00 +1.1306875e+00 +1.7931736e+00 -8.7675694e-01 +9.0777778e-02 +3.7425278e-02 +5.1202486e+04
5.9604000e-02 +3.0000000e-01 +1.6340750e+01 -2.6052417e-03 +2.3128167e-01 +3.4662431e+00 +1.1311875e+00 +1.7837708e+00 -8.7406944e-01 +9.1911806e-02 +3.8125417e-02 +5.0085818e+04
6.0730000e-02 +3.0000000e-01 +1.6390917e+01 -3.1144417e-03 +2.2755667e-01 +3.4393958e+00 +1.1314653e+00 +1.7744028e+00 -8.7129167e-01 +9.3114583e-02 +3.8838333e-02 +4.9002728e+04
6.1870000e-02 +3.0000000e-01 +1.6440917e+01 -3.6363583e-03 +2.2379583e-01 +3.4130972e+00 +1.1315278e+00 +1.7650625e+00 -8.6842361e-01 +9.4396528e-02 +3.9562083e-02 +4.7952582e+04
6.3024000e-02 +3.0000000e-01 +1.6490750e+01 -4.1720083e-03 +2.1999750e-01 +3.3873333e+00 +1.1313819e+00 +1.7557431e+00 -8.6545833e-01 +9.5772222e-02 +4.0295903e-02 +4.6932667e+04
6.4192000e-02 +3.0000000e-01 +1.6540417e+01 -4.7221333e-03 +2.1615333e-01 +3.3620764e+00 +1.1310347e+00 +1.7464375e+00 -8.6240278e-01 +9.7243750e-02 +4.1038819e-02 +4.5938455e+04
6.5374000e-02 +3.0000000e-01 +1.6589917e+01 -5.2872583e-03 +2.1225583e-01 +3.3372986e+00 +1.1304931e+00 +1.7371458e+00 -8.5925000e-01 +9.8800000e-02 +4.1786250e-02 +4.4966201e+04
6.6570000e-02 +3.0000000e-01 +1.6639250e+01 -5.8679167e-03 +2.0829750e-01 +3.3129653e+00 +1.1297639e+00 +1.7278542e+00 -8.5599306e-01 +1.0041528e-01 +4.2526597e-02 +4.4015068e+04
6.7780000e-02 +3.0000000e-01 +1.6688500e+01 -6.4646917e-03 +2.0427667e-01 +3.2890417e+00 +1.1288472e+00 +1.7185347e+00 -8.5262500e-01 +1.0205903e-01 +4.3242639e-02 +4.3087280e+04
6.9004000e-02 +3.0000000e-01 +1.6737583e+01 -7.0779500e-03 +2.0019667e-01 +3.2654861e+00 +1.1277500e+00 +1.7091667e+00 -8.4914583e-01 +1.0370278e-01 +4.3917569e-02 +4.2185427e+04
7.0243000e-02 +3.0000000e-01 +1.6786500e+01 -7.7076917e-03 +1.9606000e-01 +3.2422569e+00 +1.1264722e+00 +1.6997153e+00 -8.4556944e-01 +1.0532292e-01 +4.4540625e-02 +4.1309321e+04
7.1496000e-02 +3.0000000e-01 +1.6835250e+01 -8.3535833e-03 +1.9186917e-01 +3.2193125e+00 +1.1250278e+00 +1.6901458e+00 -8.4189583e-01 +1.0688958e-01 +4.5109236e-02 +4.0457297e+04
7.2765000e-02 +3.0000000e-01 +1.6884000e+01 -9.0152500e-03 +1.8762500e-01 +3.1966389e+00 +1.1234097e+00 +1.6804583e+00 -8.3813194e-01 +1.0836597e-01 +4.5628889e-02 +3.9628645e+04
7.4048000e-02 +3.0000000e-01 +1.6932583e+01 -9.6926667e-03 +1.8332917e-01 +3.1742222e+00 +1.1216389e+00 +1.6706458e+00 -8.3429861e-01 +1.0971458e-01 +4.6109861e-02 +3.8822880e+04
7.5346000e-02 +3.0000000e-01 +1.6981083e+01 -1.0385750e-02 +1.7898333e-01 +3.1520833e+00 +1.1197083e+00 +1.6607153e+00 -8.3038194e-01 +1.1091875e-01 +4.6562500e-02 +3.8039139e+04
7.6659000e-02 +3.0000000e-01 +1.7029500e+01 -1.1094583e-02 +1.7458833e-01 +3.1302639e+00 +1.1176181e+00 +1.6507014e+00 -8.2639583e-01 +1.1198333e-01 +4.6993194e-02 +3.7276246e+04
7.7988000e-02 +3.0000000e-01 +1.7077833e+01 -1.1819750e-02 +1.7013583e-01 +3.1087500e+00 +1.1153750e+00 +1.6406597e+00 -8.2234028e-01 +1.1293056e-01 +4.7404583e-02 +3.6533424e+04
7.9332000e-02 +3.0000000e-01 +1.7126083e+01 -1.2562333e-02 +1.6561333e-01 +3.0875486e+00 +1.1129792e+00 +1.6306597e+00 -8.1820833e-01 +1.1379236e-01 +4.7797153e-02 +3.5809564e+04
8.0691000e-02 +3.0000000e-01 +1.7174250e+01 -1.3323667e-02 +1.6100583e-01 +3.0666528e+00 +1.1104236e+00 +1.6207361e+00 -8.1400694e-01 +1.1460833e-01 +4.8169583e-02 +3.5103628e+04
8.2066000e-02 +3.0000000e-01 +1.7222333e+01 -1.4105000e-02 +1.5629917e-01 +3.0460764e+00 +1.1077222e+00 +1.6109167e+00 -8.0973611e-01 +1.1541875e-01 +4.8518958e-02 +3.4414003e+04
8.3457000e-02 +3.0000000e-01 +1.7270333e+01 -1.4906833e-02 +1.5147917e-01 +3.0258264e+00 +1.1048750e+00 +1.6011736e+00 -8.0540278e-01 +1.1625556e-01 +4.8842153e-02 +3.3738410e+04
8.4864000e-02 +3.0000000e-01 +1.7318333e+01 -1.5729750e-02 +1.4653917e-01 +3.0059097e+00 +1.1018889e+00 +1.5914792e+00 -8.0100000e-01 +1.1714514e-01 +4.9136181e-02 +3.3075862e+04
8.6287000e-02 +3.0000000e-01 +1.7366167e+01 -1.6574500e-02 +1.4147667e-01 +2.9863264e+00 +1.0987639e+00 +1.5817917e+00 -7.9652778e-01 +1.1811181e-01 +4.9395347e-02 +3.2426850e+04
8.7726000e-02 +3.0000000e-01 +1.7413917e+01 -1.7441833e-02 +1.3629667e-01 +2.9670486e+00 +1.0955000e+00 +1.5720833e+00 -7.9199306e-01 +1.1917014e-01 +4.9607917e-02 +3.1793253e+04
8.9181000e-02 +3.0000000e-01 +1.7461667e+01 -1.8332500e-02 +1.3100917e-01 +2.9480486e+00 +1.0920972e+00 +1.5623403e+00 -7.8738194e-01 +1.2032083e-01 +4.9755625e-02 +3.1177049e+04
9.0653000e-02 +3.0000000e-01 +1.7509333e+01 -1.9247167e-02 +1.2562500e-01 +2.9292639e+00 +1.0885694e+00 +1.5525486e+00 -7.8270833e-01 +1.2154375e-01 +4.9819167e-02 +3.0578891e+04
9.2141000e-02 +3.0000000e-01 +1.7556917e+01 -2.0185750e-02 +1.2015917e-01 +2.9106250e+00 +1.0849236e+00 +1.5427292e+00 -7.7797917e-01 +1.2280694e-01 +4.9785000e-02 +2.9997007e+04
9.3646000e-02 +3.0000000e-01 +1.7604417e+01 -2.1148167e-02 +1.1463083e-01 +2.8920903e+00 +1.0811736e+00 +1.5328750e+00 -7.7320833e-01 +1.2407708e-01 +4.9648958e-02 +2.9428619e+04
9.5167000e-02 +3.0000000e-01 +1.7651833e+01 -2.2134500e-02 +1.0905583e-01 +2.8736319e+00 +1.0773333e+00 +1.5229931e+00 -7.6841667e-01 +1.2532986e-01 +4.9415069e-02 +2.8871849e+04
9.6706000e-02 +3.0000000e-01 +1.7699250e+01 -2.3144500e-02 +1.0344667e-01 +2.8552361e+00 +1.0734236e+00 +1.5130764e+00 -7.6361111e-01 +1.2655417e-01 +4.9092222e-02 +2.8326067e+04
9.8262000e-02 +3.0000000e-01 +1.7746583e+01 -2.4176500e-02 +9.7805833e-02 +2.8369028e+00 +1.0694653e+00 +1.5031042e+00 -7.5881944e-01 +1.2773889e-01 +4.8688125e-02 +2.7789487e+04
9.9834000e-02 +3.0000000e-01 +1.7793833e+01 -2.5227000e-02 +9.2129167e-02 +2.8185972e+00 +1.0654514e+00 +1.4930903e+00 -7.5402778e-01 +1.2886528e-01 +4.8205972e-02 +2.7260997e+04
1.0142400e-01 +3.0000000e-01 +1.7841000e+01 -2.6292000e-02 +8.6407500e-02 +2.8002778e+00 +1.0614167e+00 +1.4830278e+00 -7.4925000e-01 +1.2991389e-01 +4.7648750e-02 +2.6742227e+04
1.0303200e-01 +3.0000000e-01 +1.7888083e+01 -2.7368333e-02 +8.0637500e-02 +2.7819028e+00 +1.0573542e+00 +1.4729236e+00 -7.4447917e-01 +1.3087639e-01 +4.7026181e-02 +2.6235252e+04
1.0465700e-01 +3.0000000e-01 +1.7935083e+01 -2.8455167e-02 +7.4820083e-02 +2.7634861e+00 +1.0532639e+00 +1.4627986e+00 -7.3970833e-01 +1.3175972e-01 +4.6354514e-02 +2.5740184e+04
1.0629900e-01 +3.0000000e-01 +1.7982083e+01 -2.9553750e-02 +6.8966083e-02 +2.7450764e+00 +1.0491597e+00 +1.4526528e+00 -7.3495139e-01 +1.3260556e-01 +4.5646250e-02 +2.5255981e+04
1.0796000e-01 +3.0000000e-01 +1.8028917e+01 -3.0666250e-02 +6.3087333e-02 +2.7267292e+00 +1.0450347e+00 +1.4424931e+00 -7.3020833e-01 +1.3347847e-01 +4.4900625e-02 +2.4781165e+04
1.0963800e-01 +3.0000000e-01 +1.8075750e+01 -3.1796417e-02 +5.7192417e-02 +2.7085000e+00 +1.0408750e+00 +1.4323264e+00 -7.2548611e-01 +1.3442569e-01 +4.4106111e-02 +2.4313744e+04
1.1133400e-01 +3.0000000e-01 +1.8122417e+01 -3.2949333e-02 +5.1287000e-02 +2.6903819e+00 +1.0366875e+00 +1.4221806e+00 -7.2078472e-01 +1.3544931e-01 +4.3252500e-02 +2.3853153e+04
1.1304800e-01 +3.0000000e-01 +1.8169083e+01 -3.4131750e-02 +4.5376000e-02 +2.6723333e+00 +1.0324653e+00 +1.4120694e+00 -7.1611111e-01 +1.3652014e-01 +4.2335278e-02 +2.3401021e+04
1.1478100e-01 +3.0000000e-01 +1.8215583e+01 -3.5350000e-02 +3.9460500e-02 +2.6543125e+00 +1.0282014e+00 +1.4019931e+00 -7.1145833e-01 +1.3759514e-01 +4.1352917e-02 +2.2959732e+04
1.1653100e-01 +3.0000000e-01 +1.8262000e+01 -3.6609500e-02 +3.3539583e-02 +2.6362500e+00 +1.0238958e+00 +1.3919306e+00 -7.0681944e-01 +1.3861458e-01 +4.0309931e-02 +2.2530086e+04
1.1830100e-01 +3.0000000e-01 +1.8308417e+01 -3.7912583e-02 +2.7616917e-02 +2.6180972e+00 +1.0195556e+00 +1.3818750e+00 -7.0217361e-01 +1.3950694e-01 +3.9217569e-02 +2.2111261e+04
1.2008800e-01 +3.0000000e-01 +1.8354667e+01 -3.9258583e-02 +2.1702667e-02 +2.5998403e+00 +1.0151875e+00 +1.3717917e+00 -6.9750694e-01 +1.4021875e-01 +3.8085694e-02 +2.1701879e+04
1.2189500e-01 +3.0000000e-01 +1.8400833e+01 -4.0644500e-02 +1.5806417e-02 +2.5814583e+00 +1.0108125e+00 +1.3616319e+00 -6.9280833e-01 +1.4073125e-01 +3.6918819e-02 +2.1300632e+04
1.2372000e-01 +3.0000000e-01 +1.8446917e+01 -4.2067167e-02 +9.9308333e-03 +2.5629583e+00 +1.0064236e+00 +1.3513542e+00 -6.8806042e-01 +1.4105208e-01 +3.5721806e-02 +2.0906264e+04
1.2556400e-01 +3.0000000e-01 +1.8492833e+01 -4.3523917e-02 +4.0750083e-03 +2.5443403e+00 +1.0020139e+00 +1.3409097e+00 -6.8324861e-01 +1.4119722e-01 +3.4501736e-02 +2.0518133e+04
1.2742700e-01 +3.0000000e-01 +1.8538750e+01 -4.5012583e-02 -1.7610167e-03 +2.5255208e+00 +9.9759028e-01 +1.3303264e+00 -6.7834792e-01 +1.4117847e-01 +3.3262361e-02 +2.0138125e+04
1.2930900e-01 +3.0000000e-01 +1.8584500e+01 -4.6531417e-02 -7.5795333e-03 +2.5064306e+00 +9.9313194e-01 +1.3196528e+00 -6.7332500e-01 +1.4100139e-01 +3.2000139e-02 +1.9768764e+04
1.3121000e-01 +3.0000000e-01 +1.8630167e+01 -4.8079750e-02 -1.3387083e-02 +2.4870208e+00 +9.8865278e-01 +1.3089514e+00 -6.6814514e-01 +1.4066389e-01 +3.0711042e-02 +1.9410917e+04
1.3313000e-01 +3.0000000e-01 +1.8675750e+01 -4.9659083e-02 -1.9186417e-02 +2.4673125e+00 +9.8415278e-01 +1.2982708e+00 -6.6278542e-01 +1.4015764e-01 +2.9399653e-02 +1.9062121e+04
1.3507000e-01 +3.0000000e-01 +1.8721167e+01 -5.1272583e-02 -2.4967833e-02 +2.4473819e+00 +9.7965278e-01 +1.2876528e+00 -6.5723403e-01 +1.3947361e-01 +2.8078542e-02 +1.8718267e+04
1.3702900e-01 +3.0000000e-01 +1.8766500e+01 -5.2923000e-02 -3.0708750e-02 +2.4272986e+00 +9.7516667e-01 +1.2771389e+00 -6.5149306e-01 +1.3858264e-01 +2.6759653e-02 +1.8376331e+04
1.3900700e-01 +3.0000000e-01 +1.8811750e+01 -5.4609917e-02 -3.6382833e-02 +2.4070972e+00 +9.7069444e-01 +1.2667431e+00 -6.4557847e-01 +1.3743611e-01 +2.5446111e-02 +1.8036242e+04
1.4100500e-01 +3.0000000e-01 +1.8856833e+01 -5.6330417e-02 -4.1972667e-02 +2.3867569e+00 +9.6624306e-01 +1.2564444e+00 -6.3952569e-01 +1.3601875e-01 +2.4127014e-02 +1.7700754e+04
1.4302300e-01 +3.0000000e-01 +1.8901833e+01 -5.8080500e-02 -4.7481250e-02 +2.3662292e+00 +9.6181250e-01 +1.2461944e+00 -6.3337778e-01 +1.3438681e-01 +2.2772500e-02 +1.7373492e+04
1.4506100e-01 +3.0000000e-01 +1.8946583e+01 -5.9857417e-02 -5.2928333e-02 +2.3454514e+00 +9.5738889e-01 +1.2360069e+00 -6.2716944e-01 +1.3261528e-01 +2.1345972e-02 +1.7056464e+04
1.4711800e-01 +3.0000000e-01 +1.8991167e+01 -6.1659833e-02 -5.8331583e-02 +2.3244028e+00 +9.5297917e-01 +1.2258958e+00 -6.2092153e-01 +1.3074306e-01 +1.9818889e-02 +1.6748897e+04
1.4919600e-01 +3.0000000e-01 +1.9035500e+01 -6.3485667e-02 -6.3693250e-02 +2.3031250e+00 +9.4858333e-01 +1.2158889e+00 -6.1464931e-01 +1.2879514e-01 +1.8168750e-02 +1.6448547e+04
1.5129300e-01 +3.0000000e-01 +1.9079583e+01 -6.5330167e-02 -6.9003917e-02 +2.2816736e+00 +9.4420139e-01 +1.2059722e+00 -6.0835833e-01 +1.2681250e-01 +1.6380833e-02 +1.6154702e+04
1.5341000e-01 +3.0000000e-01 +1.9123500e+01 -6.7186750e-02 -7.4250000e-02 +2.2600625e+00 +9.3981944e-01 +1.1961319e+00 -6.0203819e-01 +1.2482083e-01 +1.4456667e-02 +1.5868232e+04
1.5554800e-01 +3.0000000e-01 +1.9167083e+01 -6.9048167e-02 -7.9416750e-02 +2.2383333e+00 +9.3543750e-01 +1.1863542e+00 -5.9566458e-01 +1.2282292e-01 +1.2411667e-02 +1.5589877e+04
1.5770600e-01 +3.0000000e-01 +1.9210333e+01 -7.0907083e-02 -8.4488333e-02 +2.2165347e+00 +9.3106250e-01 +1.1766319e+00 -5.8921458e-01 +1.2080278e-01 +1.0265417e-02 +1.5318628e+04
1.5988400e-01 +3.0000000e-01 +1.9253333e+01 -7.2756417e-02 -8.9449167e-02 +2.1947292e+00 +9.2668750e-01 +1.1669514e+00 -5.8268194e-01 +1.1873194e-01 +8.0305556e-03 +1.5053334e+04
1.6208200e-01 +3.0000000e-01 +1.9296000e+01 -7.4591167e-02 -9.4283333e-02 +2.1729583e+00 +9.2234028e-01 +1.1572917e+00 -5.7607361e-01 +1.1656250e-01 +5.7100486e-03 +1.4794858e+04
1.6430000e-01 +3.0000000e-01 +1.9338333e+01 -7.6410500e-02 -9.8980833e-02 +2.1512639e+00 +9.1800694e-01 +1.1476042e+00 -5.6940347e-01 +1.1424167e-01 +3.3082847e-03 +1.4544753e+04
1.6654000e-01 +3.0000000e-01 +1.9380417e+01 -7.8217917e-02 -1.0353667e-01 +2.1296875e+00 +9.1370833e-01 +1.1378819e+00 -5.6267778e-01 +1.1173125e-01 +8.3827083e-04 +1.4302754e+04
1.6879900e-01 +3.0000000e-01 +1.9422167e+01 -8.0018500e-02 -1.0796167e-01 +2.1082639e+00 +9.0945139e-01 +1.1281250e+00 -5.5589444e-01 +1.0900972e-01 -1.6767639e-03 +1.4067657e+04
1.7107900e-01 +3.0000000e-01 +1.9463750e+01 -8.1814750e-02 -1.1226750e-01 +2.0869722e+00 +9.0525000e-01 +1.1183819e+00 -5.4905417e-01 +1.0604861e-01 -4.2100208e-03 +1.3839056e+04
1.7338000e-01 +3.0000000e-01 +1.9505000e+01 -8.3605833e-02 -1.1646083e-01 +2.0657708e+00 +9.0113194e-01 +1.1087361e+00 -5.4216111e-01 +1.0283611e-01 -6.7438125e-03 +1.3615785e+04
1.7570100e-01 +3.0000000e-01 +1.9545917e+01 -8.5392500e-02 -1.2054917e-01 +2.0446458e+00 +8.9711806e-01 +1.0992222e+00 -5.3522986e-01 +9.9404861e-02 -9.2670139e-03 +1.3396468e+04
1.7804300e-01 +3.0000000e-01 +1.9586583e+01 -8.7177500e-02 -1.2454583e-01 +2.0235972e+00 +8.9322222e-01 +1.0898056e+00 -5.2827153e-01 +9.5815278e-02 -1.1765278e-02 +1.3181104e+04
1.8040600e-01 +3.0000000e-01 +1.9626917e+01 -8.8967500e-02 -1.2846000e-01 +2.0025903e+00 +8.8943750e-01 +1.0804514e+00 -5.2128958e-01 +9.2127778e-02 -1.4223056e-02 +1.2969483e+04
1.8278900e-01 +3.0000000e-01 +1.9666917e+01 -9.0768333e-02 -1.3229750e-01 +1.9816042e+00 +8.8575000e-01 +1.0711181e+00 -5.1428264e-01 +8.8380556e-02 -1.6633125e-02 +1.2761289e+04
1.8519300e-01 +3.0000000e-01 +1.9706583e+01 -9.2580833e-02 -1.3606333e-01 +1.9606181e+00 +8.8215972e-01 +1.0617847e+00 -5.0725347e-01 +8.4550694e-02 -1.8999236e-02 +1.2557251e+04
1.8761700e-01 +3.0000000e-01 +1.9745833e+01 -9.4400833e-02 -1.3975333e-01 +1.9396736e+00 +8.7864583e-01 +1.0524792e+00 -5.0021111e-01 +8.0581944e-02 -2.1335833e-02 +1.2357121e+04
1.9006300e-01 +3.0000000e-01 +1.9784750e+01 -9.6224167e-02 -1.4336250e-01 +1.9188472e+00 +8.7518750e-01 +1.0432778e+00 -4.9315208e-01 +7.6454167e-02 -2.3658819e-02 +1.2159862e+04
1.9252900e-01 +3.0000000e-01 +1.9823167e+01 -9.8046667e-02 -1.4689417e-01 +1.8982014e+00 +8.7177083e-01 +1.0342292e+00 -4.8605417e-01 +7.2170139e-02 -2.5974514e-02 +1.1965794e+04
1.9501600e-01 +3.0000000e-01 +1.9861333e+01 -9.9861667e-02 -1.5035583e-01 +1.8777361e+00 +8.6838194e-01 +1.0253542e+00 -4.7889931e-01 +6.7704236e-02 -2.8288056e-02 +1.1776253e+04
1.9752400e-01 +3.0000000e-01 +1.9899000e+01 -1.0166917e-01 -1.5374667e-01 +1.8573819e+00 +8.6502778e-01 +1.0166806e+00 -4.7168542e-01 +6.3037292e-02 -3.0612292e-02 +1.1592770e+04
2.0005300e-01 +3.0000000e-01 +1.9936333e+01 -1.0346750e-01 -1.5706000e-01 +1.8371250e+00 +8.6170139e-01 +1.0081597e+00 -4.6443542e-01 +5.8190069e-02 -3.2967708e-02 +1.1417327e+04
2.0260200e-01 +3.0000000e-01 +1.9973333e+01 -1.0525833e-01 -1.6028417e-01 +1.8170000e+00 +8.5841667e-01 +9.9969444e-01 -4.5718819e-01 +5.3195278e-02 -3.5375139e-02 +1.1250462e+04
2.0517200e-01 +3.0000000e-01 +2.0009833e+01 -1.0703833e-01 -1.6339583e-01 +1.7970764e+00 +8.5518750e-01 +9.9118750e-01 -4.4996667e-01 +4.8078264e-02 -3.7843125e-02 +1.1089883e+04
2.0776300e-01 +3.0000000e-01 +2.0046000e+01 -1.0880167e-01 -1.6636917e-01 +1.7773681e+00 +8.5204167e-01 +9.8264583e-01 -4.4276806e-01 +4.2856319e-02 -4.0358819e-02 +1.0934005e+04
2.1037500e-01 +3.0000000e-01 +2.0081667e+01 -1.1054083e-01 -1.6919167e-01 +1.7578264e+00 +8.4900694e-01 +9.7414583e-01 -4.3558472e-01 +3.7539653e-02 -4.2894792e-02 +1.0782819e+04
2.1300800e-01 +3.0000000e-01 +2.0116917e+01 -1.1225083e-01 -1.7186667e-01 +1.7384444e+00 +8.4608333e-01 +9.6581250e-01 -4.2840903e-01 +3.2126667e-02 -4.5422847e-02 +1.0636735e+04
2.1566100e-01 +3.0000000e-01 +2.0151667e+01 -1.1392833e-01 -1.7439083e-01 +1.7192569e+00 +8.4329861e-01 +9.5775694e-01 -4.2122639e-01 +2.6590764e-02 -4.7920764e-02 +1.0495157e+04
2.1833500e-01 +3.0000000e-01 +2.0186000e+01 -1.1557250e-01 -1.7673583e-01 +1.7003056e+00 +8.4064583e-01 +9.5003472e-01 -4.1402569e-01 +2.0887917e-02 -5.0368056e-02 +1.0355475e+04
2.2102900e-01 +3.0000000e-01 +2.0219917e+01 -1.1718167e-01 -1.7886750e-01 +1.6816042e+00 +8.3811111e-01 +9.4268056e-01 -4.0679792e-01 +1.4988403e-02 -5.2743194e-02 +1.0216000e+04
2.2374400e-01 +3.0000000e-01 +2.0253250e+01 -1.1875833e-01 -1.8076167e-01 +1.6631250e+00 +8.3569444e-01 +9.3570833e-01 -3.9953403e-01 +8.9015972e-03 -5.5034444e-02 +1.0077776e+04
2.2648000e-01 +3.0000000e-01 +2.0286167e+01 -1.2030167e-01 -1.8240500e-01 +1.6448889e+00 +8.3335417e-01 +9.2908333e-01 -3.9222222e-01 +2.6466944e-03 -5.7242083e-02 +9.9417817e+03
2.2923600e-01 +3.0000000e-01 +2.0318500e+01 -1.2181500e-01 -1.8378583e-01 +1.6269792e+00 +8.3107639e-01 +9.2274306e-01 -3.8484375e-01 -3.7636806e-03 -5.9372847e-02 +9.8090824e+03
2.3201300e-01 +3.0000000e-01 +2.0350250e+01 -1.2329667e-01 -1.8489750e-01 +1.6094653e+00 +8.2885417e-01 +9.1660417e-01 -3.7737569e-01 -1.0316875e-02 -6.1436458e-02 +9.6813265e+03
2.3481000e-01 +3.0000000e-01 +2.0381500e+01 -1.2474083e-01 -1.8573500e-01 +1.5924514e+00 +8.2669444e-01 +9.1061806e-01 -3.6980417e-01 -1.7022847e-02 -6.3433750e-02 +9.5589623e+03
2.3762700e-01 +3.0000000e-01 +2.0412083e+01 -1.2613750e-01 -1.8628833e-01 +1.5759931e+00 +8.2459722e-01 +9.0472222e-01 -3.6213056e-01 -2.3903611e-02 -6.5352847e-02 +9.4409163e+03
2.4046400e-01 +3.0000000e-01 +2.0442167e+01 -1.2747583e-01 -1.8654583e-01 +1.5600764e+00 +8.2257639e-01 +8.9883333e-01 -3.5436736e-01 -3.0946528e-02 -6.7183819e-02 +9.3276761e+03
2.4332200e-01 +3.0000000e-01 +2.0471583e+01 -1.2875167e-01 -1.8649500e-01 +1.5446667e+00 +8.2065278e-01 +8.9295833e-01 -3.4653333e-01 -3.8112569e-02 -6.8919861e-02 +9.2186932e+03
2.4620000e-01 +3.0000000e-01 +2.0500333e+01 -1.2996750e-01 -1.8612667e-01 +1.5297569e+00 +8.1881944e-01 +8.8717361e-01 -3.3863750e-01 -4.5368264e-02 -7.0539583e-02 +9.1112326e+03
2.4909800e-01 +3.0000000e-01 +2.0528500e+01 -1.3112667e-01 -1.8544000e-01 +1.5153264e+00 +8.1707639e-01 +8.8150694e-01 -3.3068542e-01 -5.2704514e-02 -7.2014583e-02 +9.0047407e+03
2.5201500e-01 +3.0000000e-01 +2.0555917e+01 -1.3223750e-01 -1.8444500e-01 +1.5012986e+00 +8.1542361e-01 +8.7594444e-01 -3.2268472e-01 -6.0151667e-02 -7.3336111e-02 +8.9012079e+03
2.5495300e-01 +3.0000000e-01 +2.0582750e+01 -1.3330333e-01 -1.8316167e-01 +1.4875903e+00 +8.1386111e-01 +8.7043056e-01 -3.1463819e-01 -6.7751111e-02 -7.4520833e-02 +8.8016867e+03
2.5791000e-01 +3.0000000e-01 +2.0608833e+01 -1.3433000e-01 -1.8162417e-01 +1.4742014e+00 +8.1237500e-01 +8.6489583e-01 -3.0653750e-01 -7.5517361e-02 -7.5592361e-02 +8.7075250e+03
2.6088700e-01 +3.0000000e-01 +2.0634250e+01 -1.3531833e-01 -1.7988667e-01 +1.4611806e+00 +8.1094444e-01 +8.5928472e-01 -2.9836875e-01 -8.3425000e-02 -7.6566667e-02 +8.6197921e+03
2.6388300e-01 +3.0000000e-01 +2.0659000e+01 -1.3626833e-01 -1.7799417e-01 +1.4485903e+00 +8.0956944e-01 +8.5363194e-01 -2.9012153e-01 -9.1413889e-02 -7.7446528e-02 +8.5377340e+03
2.6689900e-01 +3.0000000e-01 +2.0683000e+01 -1.3717917e-01 -1.7596083e-01 +1.4364792e+00 +8.0827778e-01 +8.4803472e-01 -2.8179028e-01 -9.9425000e-02 -7.8228472e-02 +8.4600973e+03
2.6993400e-01 +3.0000000e-01 +2.0706333e+01 -1.3804750e-01 -1.7376667e-01 +1.4248889e+00 +8.0708333e-01 +8.4264583e-01 -2.7336736e-01 -1.0745972e-01 -7.8913194e-02 +8.3858517e+03
2.7298800e-01 +3.0000000e-01 +2.0728917e+01 -1.3886833e-01 -1.7138750e-01 +1.4138958e+00 +8.0600694e-01 +8.3753472e-01 -2.6484028e-01 -1.1556528e-01 -7.9506944e-02 +8.3156464e+03
2.7606100e-01 +3.0000000e-01 +2.0750833e+01 -1.3963667e-01 -1.6879833e-01 +1.4035903e+00 +8.0504861e-01 +8.3265972e-01 -2.5621458e-01 -1.2378056e-01 -8.0012500e-02 +8.2513536e+03
2.7915300e-01 +3.0000000e-01 +2.0771917e+01 -1.4034000e-01 -1.6598583e-01 +1.3940208e+00 +8.0420833e-01 +8.2798611e-01 -2.4751458e-01 -1.3212431e-01 -8.0449306e-02 +8.1936323e+03
2.8226400e-01 +3.0000000e-01 +2.0792333e+01 -1.4095750e-01 -1.6295417e-01 +1.3852153e+00 +8.0347917e-01 +8.2352778e-01 -2.3876875e-01 -1.4059861e-01 -8.0850694e-02 +8.1412068e+03
2.8539300e-01 +3.0000000e-01 +2.0812083e+01 -1.4146750e-01 -1.5971417e-01 +1.3772153e+00 +8.0282639e-01 +8.1927083e-01 -2.3000069e-01 -1.4921181e-01 -8.1229167e-02 +8.0929184e+03
2.8854100e-01 +3.0000000e-01 +2.0831083e+01 -1.4185750e-01 -1.5627000e-01 +1.3700764e+00 +8.0225694e-01 +8.1515972e-01 -2.2124792e-01 -1.5798472e-01 -8.1583333e-02 +8.0480929e+03
2.9170600e-01 +3.0000000e-01 +2.0849417e+01 -1.4213083e-01 -1.5262417e-01 +1.3638194e+00 +8.0179861e-01 +8.1112500e-01 -2.1256042e-01 -1.6690486e-01 -8.1919444e-02 +8.0061823e+03
2.9489000e-01 +3.0000000e-01 +2.0866917e+01 -1.4229250e-01 -1.4879000e-01 +1.3583889e+00 +8.0147917e-01 +8.0718056e-01 -2.0397014e-01 -1.7593333e-01 -8.2227083e-02 +7.9662402e+03
2.9809200e-01 +3.0000000e-01 +2.0883750e+01 -1.4235000e-01 -1.4479667e-01 +1.3536875e+00 +8.0133333e-01 +8.0341667e-01 -1.9548611e-01 -1.8505833e-01 -8.2458333e-02 +7.9289653e+03
3.0131100e-01 +3.0000000e-01 +2.0899667e+01 -1.4231083e-01 -1.4066250e-01 +1.3496181e+00 +8.0136111e-01 +7.9993056e-01 -1.8710694e-01 -1.9427292e-01 -8.2563889e-02 +7.8935121e+03
3.0454800e-01 +3.0000000e-01 +2.0914833e+01 -1.4217917e-01 -1.3639500e-01 +1.3462153e+00 +8.0154861e-01 +7.9679861e-01 -1.7882778e-01 -2.0352361e-01 -8.2530556e-02 +7.8580199e+03
3.0780200e-01 +3.0000000e-01 +2.0929250e+01 -1.4194833e-01 -1.3200000e-01 +1.3435694e+00 +8.0187500e-01 +7.9398611e-01 -1.7064097e-01 -2.1271042e-01 -8.2358333e-02 +7.8224169e+03
3.1107400e-01 +3.0000000e-01 +2.0942833e+01 -1.4160250e-01 -1.2748750e-01 +1.3418125e+00 +8.0229861e-01 +7.9134722e-01 -1.6255903e-01 -2.2172014e-01 -8.2020139e-02 +7.7882437e+03
3.1436200e-01 +3.0000000e-01 +2.0955667e+01 -1.4112500e-01 -1.2286583e-01 +1.3411042e+00 +8.0277083e-01 +7.8868056e-01 -1.5462292e-01 -2.3049097e-01 -8.1472917e-02 +7.7574486e+03
3.1766700e-01 +3.0000000e-01 +2.0967667e+01 -1.4050833e-01 -1.1815167e-01 +1.3415208e+00 +8.0325694e-01 +7.8589583e-01 -1.4685972e-01 -2.3900139e-01 -8.0706944e-02 +7.7313612e+03
3.2098800e-01 +3.0000000e-01 +2.0978750e+01 -1.3975417e-01 -1.1336083e-01 +1.3429375e+00 +8.0375694e-01 +7.8301389e-01 -1.3927014e-01 -2.4725972e-01 -7.9782639e-02 +7.7105393e+03
3.2432600e-01 +3.0000000e-01 +2.0989083e+01 -1.3887250e-01 -1.0851083e-01 +1.3451667e+00 +8.0427778e-01 +7.8017361e-01 -1.3186042e-01 -2.5530625e-01 -7.8798611e-02 +7.6940721e+03
3.2768000e-01 +3.0000000e-01 +2.0998417e+01 -1.3787667e-01 -1.0362167e-01 +1.3480417e+00 +8.0484722e-01 +7.7749306e-01 -1.2464931e-01 -2.6316389e-01 -7.7824306e-02 +7.6799593e+03
3.3104900e-01 +3.0000000e-01 +2.1006917e+01 -1.3678750e-01 -9.8695000e-02 +1.3514306e+00 +8.0549306e-01 +7.7500694e-01 -1.1764861e-01 -2.7083889e-01 -7.6872917e-02 +7.6680501e+03
3.3443500e-01 +3.0000000e-01 +2.1014417e+01 -1.3561917e-01 -9.3707500e-02 +1.3552431e+00 +8.0625000e-01 +7.7269444e-01 -1.1084653e-01 -2.7839028e-01 -7.5938194e-02 +7.6590476e+03
3.3783500e-01 +3.0000000e-01 +2.1021000e+01 -1.3437583e-01 -8.8630000e-02 +1.3594722e+00 +8.0713889e-01 +7.7060417e-01 -1.0420417e-01 -2.8588333e-01 -7.5012500e-02 +7.6526034e+03
3.4125100e-01 +3.0000000e-01 +2.1026750e+01 -1.3305083e-01 -8.3464167e-02 +1.3641806e+00 +8.0816667e-01 +7.6878472e-01 -9.7690972e-02 -2.9331458e-01 -7.4081944e-02 +7.6487173e+03
3.4468100e-01 +3.0000000e-01 +2.1031583e+01 -1.3163083e-01 -7.8255667e-02 +1.3694792e+00 +8.0934028e-01 +7.6718750e-01 -9.1304861e-02 -3.0064792e-01 -7.3128472e-02 +7.6478894e+03
3.4812600e-01 +3.0000000e-01 +2.1035667e+01 -1.3009833e-01 -7.3053000e-02 +1.3754375e+00 +8.1064583e-01 +7.6569444e-01 -8.5068750e-02 -3.0785556e-01 -7.2118056e-02 +7.6495588e+03
3.5158500e-01 +3.0000000e-01 +2.1039000e+01 -1.2843500e-01 -6.7862667e-02 +1.3821736e+00 +8.1206250e-01 +7.6429167e-01 -7.9002083e-02 -3.1491736e-01 -7.1024306e-02 +7.6527723e+03
3.5505900e-01 +3.0000000e-01 +2.1041667e+01 -1.2663417e-01 -6.2653250e-02 +1.3897361e+00 +8.1359028e-01 +7.6304861e-01 -7.3129861e-02 -3.2182917e-01 -6.9849306e-02 +7.6577282e+03
3.5854600e-01 +3.0000000e-01 +2.1043667e+01 -1.2470833e-01 -5.7388083e-02 +1.3980208e+00 +8.1520139e-01 +7.6204167e-01 -6.7455347e-02 -3.2859375e-01 -6.8610069e-02 +7.6645023e+03
3.6204600e-01 +3.0000000e-01 +2.1044917e+01 -1.2267000e-01 -5.2040667e-02 +1.4068472e+00 +8.1690972e-01 +7.6127778e-01 -6.1942639e-02 -3.3525486e-01 -6.7316111e-02 +7.6732355e+03
3.6556000e-01 +3.0000000e-01 +2.1045667e+01 -1.2052750e-01 -4.6593750e-02 +1.4160972e+00 +8.1872222e-01 +7.6068056e-01 -5.6542778e-02 -3.4189653e-01 -6.5972083e-02 +7.6822594e+03
3.6908700e-01 +3.0000000e-01 +2.1045833e+01 -1.1828750e-01 -4.1034417e-02 +1.4256389e+00 +8.2061806e-01 +7.6022222e-01 -5.1237292e-02 -3.4858403e-01 -6.4593750e-02 +7.6914938e+03
3.7262600e-01 +3.0000000e-01 +2.1045500e+01 -1.1596417e-01 -3.5345583e-02 +1.4354375e+00 +8.2256944e-01 +7.5993056e-01 -4.6031181e-02 -3.5534653e-01 -6.3222986e-02 +7.7026732e+03
3.7617800e-01 +3.0000000e-01 +2.1044667e+01 -1.1357917e-01 -2.9518917e-02 +1.4454931e+00 +8.2452083e-01 +7.5983333e-01 -4.0930833e-02 -3.6221111e-01 -6.1902569e-02 +7.7171159e+03
3.7974200e-01 +3.0000000e-01 +2.1043417e+01 -1.1114667e-01 -2.3574417e-02 +1.4558264e+00 +8.2645139e-01 +7.5997222e-01 -3.5945903e-02 -3.6918889e-01 -6.0648819e-02 +7.7339871e+03
3.8331700e-01 +3.0000000e-01 +2.1041750e+01 -1.0867000e-01 -1.7539667e-02 +1.4665000e+00 +8.2836806e-01 +7.6034722e-01 -3.1098819e-02 -3.7623611e-01 -5.9462639e-02 +7.7516929e+03
3.8690400e-01 +3.0000000e-01 +2.1039583e+01 -1.0614500e-01 -1.1440833e-02 +1.4775000e+00 +8.3031250e-01 +7.6096528e-01 -2.6426250e-02 -3.8327431e-01 -5.8321806e-02 +7.7705045e+03
3.9050200e-01 +3.0000000e-01 +2.1037000e+01 -1.0355917e-01 -5.3177333e-03 +1.4887153e+00 +8.3231944e-01 +7.6179861e-01 -2.1990278e-02 -3.9023542e-01 -5.7171944e-02 +7.7918089e+03
3.9411100e-01 +3.0000000e-01 +2.1034000e+01 -1.0089917e-01 +7.5991750e-04 +1.5000139e+00 +8.3437500e-01 +7.6275694e-01 -1.7861736e-02 -3.9706875e-01 -5.5950556e-02 +7.8151928e+03
3.9773000e-01 +3.0000000e-01 +2.1030583e+01 -9.8153333e-02 +6.7127667e-03 +1.5113403e+00 +8.3647917e-01 +7.6373611e-01 -1.4075833e-02 -4.0364861e-01 -5.4619306e-02 +7.8396118e+03
4.0135900e-01 +3.0000000e-01 +2.1026917e+01 -9.5317500e-02 +1.2488083e-02 +1.5226806e+00 +8.3859722e-01 +7.6470139e-01 -1.0656250e-02 -4.0983611e-01 -5.3169861e-02 +7.8643691e+03
4.0499800e-01 +3.0000000e-01 +2.1022917e+01 -9.2385833e-02 +1.8053917e-02 +1.5339375e+00 +8.4070833e-01 +7.6565278e-01 -7.6406250e-03 -4.1559167e-01 -5.1585000e-02 +7.8890472e+03
4.0864600e-01 +3.0000000e-01 +2.1018583e+01 -8.9354167e-02 +2.3405417e-02 +1.5449514e+00 +8.4280556e-01 +7.6659028e-01 -5.0582014e-03 -4.2093472e-01 -4.9822361e-02 +7.9144096e+03
4.1230400e-01 +3.0000000e-01 +2.1013917e+01 -8.6226667e-02 +2.8593250e-02 +1.5555903e+00 +8.4488889e-01 +7.6750694e-01 -2.8908889e-03 -4.2591528e-01 -4.7874236e-02 +7.9411499e+03
4.1597000e-01 +3.0000000e-01 +2.1009000e+01 -8.3025167e-02 +3.3706333e-02 +1.5657917e+00 +8.4699306e-01 +7.6843056e-01 -1.0532014e-03 -4.3060139e-01 -4.5789375e-02 +7.9688517e+03
4.1964500e-01 +3.0000000e-01 +2.1003833e+01 -7.9763750e-02 +3.8794833e-02 +1.5755556e+00 +8.4912500e-01 +7.6938194e-01 +5.4734722e-04 -4.3499931e-01 -4.3640764e-02 +7.9981397e+03
4.2332800e-01 +3.0000000e-01 +2.0998583e+01 -7.6448917e-02 +4.3822250e-02 +1.5848819e+00 +8.5131944e-01 +7.7035417e-01 +1.9506597e-03 -4.3907917e-01 -4.1501875e-02 +8.0285278e+03
4.2701900e-01 +3.0000000e-01 +2.0993083e+01 -7.3075417e-02 +4.8711917e-02 +1.5938125e+00 +8.5359028e-01 +7.7134722e-01 +3.1697361e-03 -4.4283264e-01 -3.9419236e-02 +8.0568916e+03
4.3071600e-01 +3.0000000e-01 +2.0987667e+01 -6.9626917e-02 +5.3409250e-02 +1.6024306e+00 +8.5592361e-01 +7.7234722e-01 +4.2217431e-03 -4.4631181e-01 -3.7407500e-02 +8.0814953e+03
4.3442100e-01 +3.0000000e-01 +2.0982250e+01 -6.6096417e-02 +5.7905167e-02 +1.6107778e+00 +8.5826389e-01 +7.7328472e-01 +5.1189514e-03 -4.4957639e-01 -3.5462847e-02 +8.1053945e+03
4.3813300e-01 +3.0000000e-01 +2.0976833e+01 -6.2501583e-02 +6.2218667e-02 +1.6189375e+00 +8.6053472e-01 +7.7403472e-01 +5.8695347e-03 -4.5262986e-01 -3.3584236e-02 +8.1315759e+03
4.4185100e-01 +3.0000000e-01 +2.0971583e+01 -5.8859917e-02 +6.6366833e-02 +1.6270417e+00 +8.6268750e-01 +7.7451389e-01 +6.4785972e-03 -4.5546597e-01 -3.1791806e-02 +8.1620535e+03
4.4557400e-01 +3.0000000e-01 +2.0966333e+01 -5.5180167e-02 +7.0349333e-02 +1.6351111e+00 +8.6473611e-01 +7.7486806e-01 +6.9500000e-03 -4.5811736e-01 -3.0101944e-02 +8.1933556e+03
4.4930400e-01 +3.0000000e-01 +2.0961333e+01 -5.1467000e-02 +7.4135000e-02 +1.6430000e+00 +8.6670833e-01 +7.7523611e-01 +7.2908333e-03 -4.6065417e-01 -2.8482153e-02 +8.2199966e+03
4.5303800e-01 +3.0000000e-01 +2.0956500e+01 -4.7719083e-02 +7.7697000e-02 +1.6504722e+00 +8.6859722e-01 +7.7570139e-01 +7.4908333e-03 -4.6309097e-01 -2.6879931e-02 +8.2421856e+03
4.5677700e-01 +3.0000000e-01 +2.0952000e+01 -4.3927083e-02 +8.1054000e-02 +1.6573681e+00 +8.7035417e-01 +7.7631250e-01 +7.5438889e-03 -4.6543681e-01 -2.5260069e-02 +8.2633953e+03
4.6052100e-01 +3.0000000e-01 +2.0947917e+01 -4.0082667e-02 +8.4258333e-02 +1.6637014e+00 +8.7194444e-01 +7.7707639e-01 +7.4823611e-03 -4.6777292e-01 -2.3594236e-02 +8.2844599e+03
4.6426900e-01 +3.0000000e-01 +2.0944083e+01 -3.6184083e-02 +8.7341667e-02 +1.6695417e+00 +8.7336806e-01 +7.7788889e-01 +7.3172917e-03 -4.7014236e-01 -2.1840139e-02 +8.3042692e+03
4.6802000e-01 +3.0000000e-01 +2.0940583e+01 -3.2242333e-02 +9.0281667e-02 +1.6749931e+00 +8.7462500e-01 +7.7858333e-01 +7.0043056e-03 -4.7245347e-01 -1.9948333e-02 +8.3203932e+03
4.7177500e-01 +3.0000000e-01 +2.0937417e+01 -2.8275500e-02 +9.3022500e-02 +1.6800556e+00 +8.7575000e-01 +7.7908333e-01 +6.5078333e-03 -4.7459375e-01 -1.7866806e-02 +8.3321385e+03
4.7553200e-01 +3.0000000e-01 +2.0934500e+01 -2.4289833e-02 +9.5500000e-02 +1.6846806e+00 +8.7677083e-01 +7.7940972e-01 +5.8448333e-03 -4.7653750e-01 -1.5570764e-02 +8.3406863e+03
4.7929200e-01 +3.0000000e-01 +2.0932000e+01 -2.0275417e-02 +9.7652500e-02 +1.6889097e+00 +8.7770139e-01 +7.7961806e-01 +5.0583264e-03 -4.7833542e-01 -1.3107569e-02 +8.3453430e+03
4.8305400e-01 +3.0000000e-01 +2.0929917e+01 -1.6225167e-02 +9.9459167e-02 +1.6926250e+00 +8.7852778e-01 +7.7973611e-01 +4.1996875e-03 -4.8000347e-01 -1.0585208e-02 +8.3461092e+03
4.8681800e-01 +3.0000000e-01 +2.0928333e+01 -1.2155000e-02 +1.0092833e-01 +1.6954444e+00 +8.7923611e-01 +7.7991667e-01 +3.3130208e-03 -4.8141111e-01 -8.1015972e-03 +8.3444438e+03
4.9058400e-01 +3.0000000e-01 +2.0927167e+01 -8.0891167e-03 +1.0206000e-01 +1.6972569e+00 +8.7981250e-01 +7.8023611e-01 +2.4066667e-03 -4.8244931e-01 -5.7057986e-03 +8.3418748e+03
4.9435000e-01 +3.0000000e-01 +2.0926500e+01 -4.0386167e-03 +1.0285167e-01 +1.6982361e+00 +8.8022222e-01 +7.8059722e-01 +1.4689097e-03 -4.8314028e-01 -3.3939375e-03 +8.3389583e+03
4.9811700e-01 +3.0000000e-01 +2.0926167e+01 +0.0000000e+00 +1.0327167e-01 +1.6986458e+00 +8.8043056e-01 +7.8085417e-01 +4.9489167e-04 -4.8349931e-01 -1.1268472e-03 +8.3366667e+03
5.0188300e-01 +3.0000000e-01 +2.0926167e+01 +4.0386167e-03 +1.0327167e-01 +1.6986458e+00 +8.8043056e-01 +7.8085417e-01 -4.9489167e-04 -4.8349931e-01 +1.1268472e-03 +8.3366667e+03
5.0565000e-01 +3.0000000e-01 +2.0926500e+01 +8.0891167e-03 +1.0285167e-01 +1.6982361e+00 +8.8022222e-01 +7.8059722e-01 -1.4689097e-03 -4.8314028e-01 +3.3939375e-03 +8.3389583e+03
5.0941600e-01 +3.0000000e-01 +2.0927167e+01 +1.2155000e-02 +1.0206000e-01 +1.6972569e+00 +8.7981250e-01 +7.8023611e-01 -2.4066667e-03 -4.8244931e-01 +5.7057986e-03 +8.3418748e+03
5.1318200e-01 +3.0000000e-01 +2.0928333e+01 +1.6225167e-02 +1.0092833e-01 +1.6954444e+00 +8.7923611e-01 +7.7991667e-01 -3.3130208e-03 -4.8141111e-01 +8.1015972e-03 +8.3444438e+03
5.1694600e-01 +3.0000000e-01 +2.0929917e+01 +2.0275417e-02 +9.9459167e-02 +1.6926250e+00 +8.7852778e-01 +7.7973611e-01 -4.1996875e-03 -4.8000347e-01 +1.0585208e-02 +8.3461092e+03
5.2070800e-01 +3.0000000e-01 +2.0932000e+01 +2.4289833e-02 +9.7652500e-02 +1.6889097e+00 +8.7770139e-01 +7.7961806e-01 -5.0583264e-03 -4.7833542e-01 +1.3107569e-02 +8.3453430e+03
5.2446800e-01 +3.0000000e-01 +2.0934500e+01 +2.8275500e-02 +9.5500000e-02 +1.6846806e+00 +8.7677083e-01 +7.7940972e-01 -5.8448333e-03 -4.7653750e-01 +1.5570764e-02 +8.3406863e+03
5.2822500e-01 +3.0000000e-01 +2.0937417e+01 +3.2242333e-02 +9.3022500e-02 +1.6800556e+00 +8.7575000e-01 +7.7908333e-01 -6.5078333e-03 -4.7459375e-01 +1.7866806e-02 +8.3321385e+03
5.3198000e-01 +3.0000000e-01 +2.0940583e+01 +3.6184083e-02 +9.0281667e-02 +1.6749931e+00 +8.7462500e-01 +7.7858333e-01 -7.0043056e-03 -4.7245347e-01 +1.9948333e-02 +8.3203932e+03
5.3573100e-01 +3.0000000e-01 +2.0944083e+01 +4.0082667e-02 +8.7341667e-02 +1.6695417e+00 +8.7336806e-01 +7.7788889e-01 -7.3172917e-03 -4.7014236e-01 +2.1840139e-02 +8.3042692e+03
5.3947900e-01 +3.0000000e-01 +2.0947917e+01 +4.3927083e-02 +8.4258333e-02 +1.6637014e+00 +8.7194444e-01 +7.7707639e-01 -7.4823611e-03 -4.6777292e-01 +2.3594236e-02 +8.2844599e+03
5.4322300e-01 +3.0000000e-01 +2.0952000e+01 +4.7719083e-02 +8.1054000e-02 +1.6573681e+00 +8.7035417e-01 +7.7631250e-01 -7.5438889e-03 -4.6543681e-01 +2.5260069e-02 +8.2633953e+03
5.4696200e-01 +3.0000000e-01 +2.0956500e+01 +5.1467000e-02 +7.7697000e-02 +1.6504722e+00 +8.6859722e-01 +7.7570139e-01 -7.4908333e-03 -4.6309097e-01 +2.6879931e-02 +8.2421856e+03
5.5069600e-01 +3.0000000e-01 +2.0961333e+01 +5.5180167e-02 +7.4135000e-02 +1.6430000e+00 +8.6670833e-01 +7.7523611e-01 -7.2908333e-03 -4.6065417e-01 +2.8482153e-02 +8.2199966e+03
5.5442600e-01 +3.0000000e-01 +2.0966333e+01 +5.8859917e-02 +7.0349333e-02 +1.6351111e+00 +8.6473611e-01 +7.7486806e-01 -6.9500000e-03 -4.5811736e-01 +3.0101944e-02 +8.1933556e+03
5.5814900e-01 +3.0000000e-01 +2.0971583e+01 +6.2501583e-02 +6.6366833e-02 +1.6270417e+00 +8.6268750e-01 +7.7451389e-01 -6.4785972e-03 -4.5546597e-01 +3.1791806e-02 +8.1620535e+03
5.6186700e-01 +3.0000000e-01 +2.0976833e+01 +6.6096417e-02 +6.2218667e-02 +1.6189375e+00 +8.6053472e-01 +7.7403472e-01 -5.8695347e-03 -4.5262986e-01 +3.3584236e-02 +8.1315759e+03
5.6557900e-01 +3.0000000e-01 +2.0982250e+01 +6.9626917e-02 +5.7905167e-02 +1.6107778e+00 +8.5826389e-01 +7.7328472e-01 -5.1189514e-03 -4.4957639e-01 +3.5462847e-02 +8.1053945e+03
5.6928400e-01 +3.0000000e-01 +2.0987667e+01 +7.3075417e-02 +5.3409250e-02 +1.6024306e+00 +8.5592361e-01 +7.7234722e-01 -4.2217431e-03 -4.4631181e-01 +3.7407500e-02 +8.0814953e+03
5.7298100e-01 +3.0000000e-01 +2.0993083e+01 +7.6448917e-02 +4.8711917e-02 +1.5938125e+00 +8.5359028e-01 +7.7134722e-01 -3.1697361e-03 -4.4283264e-01 +3.9419236e-02 +8.0568916e+03
5.7667200e-01 +3.0000000e-01 +2.0998583e+01 +7.9763750e-02 +4.3822250e-02 +1.5848819e+00 +8.5131944e-01 +7.7035417e-01 -1.9506597e-03 -4.3907917e-01 +4.1501875e-02 +8.0285278e+03
5.8035500e-01 +3.0000000e-01 +2.1003833e+01 +8.3025167e-02 +3.8794833e-02 +1.5755556e+00 +8.4912500e-01 +7.6938194e-01 -5.4734722e-04 -4.3499931e-01 +4.3640764e-02 +7.9981397e+03
5.8403000e-01 +3.0000000e-01 +2.1009000e+01 +8.6226667e-02 +3.3706333e-02 +1.5657917e+00 +8.4699306e-01 +7.6843056e-01 +1.0532014e-03 -4.3060139e-01 +4.5789375e-02 +7.9688517e+03
5.8769600e-01 +3.0000000e-01 +2.1013917e+01 +8.9354167e-02 +2.8593250e-02 +1.5555903e+00 +8.4488889e-01 +7.6750694e-01 +2.8908889e-03 -4.2591528e-01 +4.7874236e-02 +7.9411499e+03
5.9135400e-01 +3.0000000e-01 +2.1018583e+01 +9.2385833e-02 +2.3405417e-02 +1.5449514e+00 +8.4280556e-01 +7.6659028e-01 +5.0582014e-03 -4.2093472e-01 +4.9822361e-02 +7.9144096e+03
5.9500200e-01 +3.0000000e-01 +2.1022917e+01 +9.5317500e-02 +1.8053917e-02 +1.5339375e+00 +8.4070833e-01 +7.6565278e-01 +7.6406250e-03 -4.1559167e-01 +5.1585000e-02 +7.8890472e+03
5.9864100e-01 +3.0000000e-01 +2.1026917e+01 +9.8153333e-02 +1.2488083e-02 +1.5226806e+00 +8.3859722e-01 +7.6470139e-01 +1.0656250e-02 -4.0983611e-01 +5.3169861e-02 +7.8643691e+03
6.0227000e-01 +3.0000000e-01 +2.1030583e+01 +1.0089917e-01 +6.7127667e-03 +1.5113403e+00 +8.3647917e-01 +7.6373611e-01 +1.4075833e-02 -4.0364861e-01 +5.4619306e-02 +7.8396118e+03
6.0588900e-01 +3.0000000e-01 +2.1034000e+01 +1.0355917e-01 +7.5991750e-04 +1.5000139e+00 +8.3437500e-01 +7.6275694e-01 +1.7861736e-02 -3.9706875e-01 +5.5950556e-02 +7.8151928e+03
6.0949800e-01 +3.0000000e-01 +2.1037000e+01 +1.0614500e-01 -5.3177333e-03 +1.4887153e+00 +8.3231944e-01 +7.6179861e-01 +2.1990278e-02 -3.9023542e-01 +5.7171944e-02 +7.7918089e+03
6.1309600e-01 +3.0000000e-01 +2.1039583e+01 +1.0867000e-01 -1.1440833e-02 +1.4775000e+00 +8.3031250e-01 +7.6096528e-01 +2.6426250e-02 -3.8327431e-01 +5.8321806e-02 +7.7705045e+03
6.1668300e-01 +3.0000000e-01 +2.1041750e+01 +1.1114667e-01 -1.7539667e-02 +1.4665000e+00 +8.2836806e-01 +7.6034722e-01 +3.1098819e-02 -3.7623611e-01 +5.9462639e-02 +7.7516929e+03
6.2025800e-01 +3.0000000e-01 +2.1043417e+01 +1.1357917e-01 -2.3574417e-02 +1.4558264e+00 +8.2645139e-01 +7.5997222e-01 +3.5945903e-02 -3.6918889e-01 +6.0648819e-02 +7.7339871e+03
6.2382200e-01 +3.0000000e-01 +2.1044667e+01 +1.1596417e-01 -2.9518917e-02 +1.4454931e+00 +8.2452083e-01 +7.5983333e-01 +4.0930833e-02 -3.6221111e-01 +6.1902569e-02 +7.7171159e+03
6.2737400e-01 +3.0000000e-01 +2.1045500e+01 +1.1828750e-01 -3.5345583e-02 +1.4354375e+00 +8.2256944e-01 +7.5993056e-01 +4.6031181e-02 -3.5534653e-01 +6.3222986e-02 +7.7026732e+03
6.3091300e-01 +3.0000000e-01 +2.1045833e+01 +1.2052750e-01 -4.1034417e-02 +1.4256389e+00 +8.2061806e-01 +7.6022222e-01 +5.1237292e-02 -3.4858403e-01 +6.4593750e-02 +7.6914938e+03
6.3444000e-01 +3.0000000e-01 +2.1045667e+01 +1.2267000e-01 -4.6593750e-02 +1.4160972e+00 +8.1872222e-01 +7.6068056e-01 +5.6542778e-02 -3.4189653e-01 +6.5972083e-02 +7.6822594e+03
6.3795400e-01 +3.0000000e-01 +2.1044917e+01 +1.2470833e-01 -5.2040667e-02 +1.4068472e+00 +8.1690972e-01 +7.6127778e-01 +6.1942639e-02 -3.3525486e-01 +6.7316111e-02 +7.6732355e+03
6.4145400e-01 +3.0000000e-01 +2.1043667e+01 +1.2663417e-01 -5.7388083e-02 +1.3980208e+00 +8.1520139e-01 +7.6204167e-01 +6.7455347e-02 -3.2859375e-01 +6.8610069e-02 +7.6645023e+03
6.4494100e-01 +3.0000000e-01 +2.1041667e+01 +1.2843500e-01 -6.2653250e-02 +1.3897361e+00 +8.1359028e-01 +7.6304861e-01 +7.3129861e-02 -3.2182917e-01 +6.9849306e-02 +7.6577282e+03
6.4841500e-01 +3.0000000e-01 +2.1039000e+01 +1.3009833e-01 -6.7862667e-02 +1.3821736e+00 +8.1206250e-01 +7.6429167e-01 +7.9002083e-02 -3.1491736e-01 +7.1024306e-02 +7.6527723e+03
6.5187400e-01 +3.0000000e-01 +2.1035667e+01 +1.3163083e-01 -7.3053000e-02 +1.3754375e+00 +8.1064583e-01 +7.6569444e-01 +8.5068750e-02 -3.0785556e-01 +7.2118056e-02 +7.6495588e+03
6.5531900e-01 +3.0000000e-01 +2.1031583e+01 +1.3305083e-01 -7.8255667e-02 +1.3694792e+00 +8.0934028e-01 +7.6718750e-01 +9.1304861e-02 -3.0064792e-01 +7.3128472e-02 +7.6478894e+03
6.5874900e-01 +3.0000000e-01 +2.1026750e+01 +1.3437583e-01 -8.3464167e-02 +1.3641806e+00 +8.0816667e-01 +7.6878472e-01 +9.7690972e-02 -2.9331458e-01 +7.4081944e-02 +7.6487173e+03
6.6216500e-01 +3.0000000e-01 +2.1021000e+01 +1.3561917e-01 -8.8630000e-02 +1.3594722e+00 +8.0713889e-01 +7.7060417e-01 +1.0420417e-01 -2.8588333e-01 +7.5012500e-02 +7.6526034e+03
6.6556500e-01 +3.0000000e-01 +2.1014417e+01 +1.3678750e-01 -9.3707500e-02 +1.3552431e+00 +8.0625000e-01 +7.7269444e-01 +1.1084653e-01 -2.7839028e-01 +7.5938194e-02 +7.6590476e+03
6.6895100e-01 +3.0000000e-01 +2.1006917e+01 +1.3787667e-01 -9.8695000e-02 +1.3514306e+00 +8.0549306e-01 +7.7500694e-01 +1.1764861e-01 -2.7083889e-01 +7.6872917e-02 +7.6680501e+03
6.7232000e-01 +3.0000000e-01 +2.0998417e+01 +1.3887250e-01 -1.0362167e-01 +1.3480417e+00 +8.0484722e-01 +7.7749306e-01 +1.2464931e-01 -2.6316389e-01 +7.7824306e-02 +7.6799593e+03
6.7567400e-01 +3.0000000e-01 +2.0989083e+01 +1.3975417e-01 -1.0851083e-01 +1.3451667e+00 +8.0427778e-01 +7.8017361e-01 +1.3186042e-01 -2.5530625e-01 +7.8798611e-02 +7.6940721e+03
6.7901200e-01 +3.0000000e-01 +2.0978750e+01 +1.4050833e-01 -1.1336083e-01 +1.3429375e+00 +8.0375694e-01 +7.8301389e-01 +1.3927014e-01 -2.4725972e-01 +7.9782639e-02 +7.7105393e+03
6.8233300e-01 +3.0000000e-01 +2.0967667e+01 +1.4112500e-01 -1.1815167e-01 +1.3415208e+00 +8.0325694e-01 +7.8589583e-01 +1.4685972e-01 -2.3900139e-01 +8.0706944e-02 +7.7313612e+03
6.8563800e-01 +3.0000000e-01 +2.0955667e+01 +1.4160250e-01 -1.2286583e-01 +1.3411042e+00 +8.0277083e-01 +7.8868056e-01 +1.5462292e-01 -2.3049097e-01 +8.1472917e-02 +7.7574486e+03
6.8892600e-01 +3.0000000e-01 +2.0942833e+01 +1.4194833e-01 -1.2748750e-01 +1.3418125e+00 +8.0229861e-01 +7.9134722e-01 +1.6255903e-01 -2.2172014e-01 +8.2020139e-02 +7.7882437e+03
6.9219800e-01 +3.0000000e-01 +2.0929250e+01 +1.4217917e-01 -1.3200000e-01 +1.3435694e+00 +8.0187500e-01 +7.9398611e-01 +1.7064097e-01 -2.1271042e-01 +8.2358333e-02 +7.8224169e+03
6.9545200e-01 +3.0000000e-01 +2.0914833e+01 +1.4231083e-01 -1.3639500e-01 +1.3462153e+00 +8.0154861e-01 +7.9679861e-01 +1.7882778e-01 -2.0352361e-01 +8.2530556e-02 +7.8580199e+03
6.9868900e-01 +3.0000000e-01 +2.0899667e+01 +1.4235000e-01 -1.4066250e-01 +1.3496181e+00 +8.0136111e-01 +7.9993056e-01 +1.8710694e-01 -1.9427292e-01 +8.2563889e-02 +7.8935121e+03
7.0190800e-01 +3.0000000e-01 +2.0883750e+01 +1.4229250e-01 -1.4479667e-01 +1.3536875e+00 +8.0133333e-01 +8.0341667e-01 +1.9548611e-01 -1.8505833e-01 +8.2458333e-02 +7.9289653e+03
7.0511000e-01 +3.0000000e-01 +2.0866917e+01 +1.4213083e-01 -1.4879000e-01 +1.3583889e+00 +8.0147917e-01 +8.0718056e-01 +2.0397014e-01 -1.7593333e-01 +8.2227083e-02 +7.9662402e+03
7.0829400e-01 +3.0000000e-01 +2.0849417e+01 +1.4185750e-01 -1.5262417e-01 +1.3638194e+00 +8.0179861e-01 +8.1112500e-01 +2.1256042e-01 -1.6690486e-01 +8.1919444e-02 +8.0061823e+03
7.1145900e-01 +3.0000000e-01 +2.0831083e+01 +1.4146750e-01 -1.5627000e-01 +1.3700764e+00 +8.0225694e-01 +8.1515972e-01 +2.2124792e-01 -1.5798472e-01 +8.1583333e-02 +8.0480929e+03
7.1460700e-01 +3.0000000e-01 +2.0812083e+01 +1.4095750e-01 -1.5971417e-01 +1.3772153e+00 +8.0282639e-01 +8.1927083e-01 +2.3000069e-01 -1.4921181e-01 +8.1229167e-02 +8.0929184e+03
7.1773600e-01 +3.0000000e-01 +2.0792333e+01 +1.4034000e-01 -1.6295417e-01 +1.3852153e+00 +8.0347917e-01 +8.2352778e-01 +2.3876875e-01 -1.4059861e-01 +8.0850694e-02 +8.1412068e+03
7.2084700e-01 +3.0000000e-01 +2.0771917e+01 +1.3963667e-01 -1.6598583e-01 +1.3940208e+00 +8.0420833e-01 +8.2798611e-01 +2.4751458e-01 -1.3212431e-01 +8.0449306e-02 +8.1936323e+03
7.2393900e-01 +3.0000000e-01 +2.0750833e+01 +1.3886833e-01 -1.6879833e-01 +1.4035903e+00 +8.0504861e-01 +8.3265972e-01 +2.5621458e-01 -1.2378056e-01 +8.0012500e-02 +8.2513536e+03
7.2701200e-01 +3.0000000e-01 +2.0728917e+01 +1.3804750e-01 -1.7138750e-01 +1.4138958e+00 +8.0600694e-01 +8.3753472e-01 +2.6484028e-01 -1.1556528e-01 +7.9506944e-02 +8.3156464e+03
7.3006600e-01 +3.0000000e-01 +2.0706333e+01 +1.3717917e-01 -1.7376667e-01 +1.4248889e+00 +8.0708333e-01 +8.4264583e-01 +2.7336736e-01 -1.0745972e-01 +7.8913194e-02 +8.3858517e+03
7.3310100e-01 +3.0000000e-01 +2.0683000e+01 +1.3626833e-01 -1.7596083e-01 +1.4364792e+00 +8.0827778e-01 +8.4803472e-01 +2.8179028e-01 -9.9425000e-02 +7.8228472e-02 +8.4600973e+03
7.3611700e-01 +3.0000000e-01 +2.0659000e+01 +1.3531833e-01 -1.7799417e-01 +1.4485903e+00 +8.0956944e-01 +8.5363194e-01 +2.9012153e-01 -9.1413889e-02 +7.7446528e-02 +8.5377340e+03
7.3911300e-01 +3.0000000e-01 +2.0634250e+01 +1.3433000e-01 -1.7988667e-01 +1.4611806e+00 +8.1094444e-01 +8.5928472e-01 +2.9836875e-01 -8.3425000e-02 +7.6566667e-02 +8.6197921e+03
7.4209000e-01 +3.0000000e-01 +2.0608833e+01 +1.3330333e-01 -1.8162417e-01 +1.4742014e+00 +8.1237500e-01 +8.6489583e-01 +3.0653750e-01 -7.5517361e-02 +7.5592361e-02 +8.7075250e+03
7.4504700e-01 +3.0000000e-01 +2.0582750e+01 +1.3223750e-01 -1.8316167e-01 +1.4875903e+00 +8.1386111e-01 +8.7043056e-01 +3.1463819e-01 -6.7751111e-02 +7.4520833e-02 +8.8016867e+03
7.4798500e-01 +3.0000000e-01 +2.0555917e+01 +1.3112667e-01 -1.8444500e-01 +1.5012986e+00 +8.1542361e-01 +8.7594444e-01 +3.2268472e-01 -6.0151667e-02 +7.3336111e-02 +8.9012079e+03
7.5090200e-01 +3.0000000e-01 +2.0528500e+01 +1.2996750e-01 -1.8544000e-01 +1.5153264e+00 +8.1707639e-01 +8.8150694e-01 +3.3068542e-01 -5.2704514e-02 +7.2014583e-02 +9.0047407e+03
7.5380000e-01 +3.0000000e-01 +2.0500333e+01 +1.2875167e-01 -1.8612667e-01 +1.5297569e+00 +8.1881944e-01 +8.8717361e-01 +3.3863750e-01 -4.5368264e-02 +7.0539583e-02 +9.1112326e+03
7.5667800e-01 +3.0000000e-01 +2.0471583e+01 +1.2747583e-01 -1.8649500e-01 +1.5446667e+00 +8.2065278e-01 +8.9295833e-01 +3.4653333e-01 -3.8112569e-02 +6.8919861e-02 +9.2186932e+03
7.5953600e-01 +3.0000000e-01 +2.0442167e+01 +1.2613750e-01 -1.8654583e-01 +1.5600764e+00 +8.2257639e-01 +8.9883333e-01 +3.5436736e-01 -3.0946528e-02 +6.7183819e-02 +9.3276761e+03
7.6237300e-01 +3.0000000e-01 +2.0412083e+01 +1.2474083e-01 -1.8628833e-01 +1.5759931e+00 +8.2459722e-01 +9.0472222e-01 +3.6213056e-01 -2.3903611e-02 +6.5352847e-02 +9.4409163e+03
7.6519000e-01 +3.0000000e-01 +2.0381500e+01 +1.2329667e-01 -1.8573500e-01 +1.5924514e+00 +8.2669444e-01 +9.1061806e-01 +3.6980417e-01 -1.7022847e-02 +6.3433750e-02 +9.5589623e+03
7.6798700e-01 +3.0000000e-01 +2.0350250e+01 +1.2181500e-01 -1.8489750e-01 +1.6094653e+00 +8.2885417e-01 +9.1660417e-01 +3.7737569e-01 -1.0316875e-02 +6.1436458e-02 +9.6813265e+03
7.7076400e-01 +3.0000000e-01 +2.0318500e+01 +1.2030167e-01 -1.8378583e-01 +1.6269792e+00 +8.3107639e-01 +9.2274306e-01 +3.8484375e-01 -3.7636806e-03 +5.9372847e-02 +9.8090824e+03
7.7352000e-01 +3.0000000e-01 +2.0286167e+01 +1.1875833e-01 -1.8240500e-01 +1.6448889e+00 +8.3335417e-01 +9.2908333e-01 +3.9222222e-01 +2.6466944e-03 +5.7242083e-02 +9.9417817e+03
7.7625600e-01 +3.0000000e-01 +2.0253250e+01 +1.1718167e-01 -1.8076167e-01 +1.6631250e+00 +8.3569444e-01 +9.3570833e-01 +3.9953403e-01 +8.9015972e-03 +5.5034444e-02 +1.0077776e+04
7.7897100e-01 +3.0000000e-01 +2.0219917e+01 +1.1557250e-01 -1.7886750e-01 +1.6816042e+00 +8.3811111e-01 +9.4268056e-01 +4.0679792e-01 +1.4988403e-02 +5.2743194e-02 +1.0216000e+04
7.8166500e-01 +3.0000000e-01 +2.0186000e+01 +1.1392833e-01 -1.7673583e-01 +1.7003056e+00 +8.4064583e-01 +9.5003472e-01 +4.1402569e-01 +2.0887917e-02 +5.0368056e-02 +1.0355475e+04
7.8433900e-01 +3.0000000e-01 +2.0151667e+01 +1.1225083e-01 -1.7439083e-01 +1.7192569e+00 +8.4329861e-01 +9.5775694e-01 +4.2122639e-01 +2.6590764e-02 +4.7920764e-02 +1.0495157e+04
7.8699200e-01 +3.0000000e-01 +2.0116917e+01 +1.1054083e-01 -1.7186667e-01 +1.7384444e+00 +8.4608333e-01 +9.6581250e-01 +4.2840903e-01 +3.2126667e-02 +4.5422847e-02 +1.0636735e+04
7.8962500e-01 +3.0000000e-01 +2.0081667e+01 +1.0880167e-01 -1.6919167e-01 +1.7578264e+00 +8.4900694e-01 +9.7414583e-01 +4.3558472e-01 +3.7539653e-02 +4.2894792e-02 +1.0782819e+04
7.9223700e-01 +3.0000000e-01 +2.0046000e+01 +1.0703833e-01 -1.6636917e-01 +1.7773681e+00 +8.5204167e-01 +9.8264583e-01 +4.4276806e-01 +4.2856319e-02 +4.0358819e-02 +1.0934005e+04
7.9482800e-01 +3.0000000e-01 +2.0009833e+01 +1.0525833e-01 -1.6339583e-01 +1.7970764e+00 +8.5518750e-01 +9.9118750e-01 +4.4996667e-01 +4.8078264e-02 +3.7843125e-02 +1.1089883e+04
7.9739800e-01 +3.0000000e-01 +1.9973333e+01 +1.0346750e-01 -1.6028417e-01 +1.8170000e+00 +8.5841667e-01 +9.9969444e-01 +4.5718819e-01 +5.3195278e-02 +3.5375139e-02 +1.1250462e+04
7.9994700e-01 +3.0000000e-01 +1.9936333e+01 +1.0166917e-01 -1.5706000e-01 +1.8371250e+00 +8.6170139e-01 +1.0081597e+00 +4.6443542e-01 +5.8190069e-02 +3.2967708e-02 +1.1417327e+04
8.0247600e-01 +3.0000000e-01 +1.9899000e+01 +9.9861667e-02 -1.5374667e-01 +1.8573819e+00 +8.6502778e-01 +1.0166806e+00 +4.7168542e-01 +6.3037292e-02 +3.0612292e-02 +1.1592770e+04
8.0498400e-01 +3.0000000e-01 +1.9861333e+01 +9.8046667e-02 -1.5035583e-01 +1.8777361e+00 +8.6838194e-01 +1.0253542e+00 +4.7889931e-01 +6.7704236e-02 +2.8288056e-02 +1.1776253e+04
8.0747100e-01 +3.0000000e-01 +1.9823167e+01 +9.6224167e-02 -1.4689417e-01 +1.8982014e+00 +8.7177083e-01 +1.0342292e+00 +4.8605417e-01 +7.2170139e-02 +2.5974514e-02 +1.1965794e+04
8.0993700e-01 +3.0000000e-01 +1.9784750e+01 +9.4400833e-02 -1.4336250e-01 +1.9188472e+00 +8.7518750e-01 +1.0432778e+00 +4.9315208e-01 +7.6454167e-02 +2.3658819e-02 +1.2159862e+04
8.1238300e-01 +3.0000000e-01 +1.9745833e+01 +9.2580833e-02 -1.3975333e-01 +1.9396736e+00 +8.7864583e-01 +1.0524792e+00 +5.0021111e-01 +8.0581944e-02 +2.1335833e-02 +1.2357121e+04
8.1480700e-01 +3.0000000e-01 +1.9706583e+01 +9.0768333e-02 -1.3606333e-01 +1.9606181e+00 +8.8215972e-01 +1.0617847e+00 +5.0725347e-01 +8.4550694e-02 +1.8999236e-02 +1.2557251e+04
8.1721100e-01 +3.0000000e-01 +1.9666917e+01 +8.8967500e-02 -1.3229750e-01 +1.9816042e+00 +8.8575000e-01 +1.0711181e+00 +5.1428264e-01 +8.8380556e-02 +1.6633125e-02 +1.2761289e+04
8.1959400e-01 +3.0000000e-01 +1.9626917e+01 +8.7177500e-02 -1.2846000e-01 +2.0025903e+00 +8.8943750e-01 +1.0804514e+00 +5.2128958e-01 +9.2127778e-02 +1.4223056e-02 +1.2969483e+04
8.2195700e-01 +3.0000000e-01 +1.9586583e+01 +8.5392500e-02 -1.2454583e-01 +2.0235972e+00 +8.9322222e-01 +1.0898056e+00 +5.2827153e-01 +9.5815278e-02 +1.1765278e-02 +1.3181104e+04
8.2429900e-01 +3.0000000e-01 +1.9545917e+01 +8.3605833e-02 -1.2054917e-01 +2.0446458e+00 +8.9711806e-01 +1.0992222e+00 +5.3522986e-01 +9.9404861e-02 +9.2670139e-03 +1.3396468e+04
8.2662000e-01 +3.0000000e-01 +1.9505000e+01 +8.1814750e-02 -1.1646083e-01 +2.0657708e+00 +9.0113194e-01 +1.1087361e+00 +5.4216111e-01 +1.0283611e-01 +6.7438125e-03 +1.3615785e+04
8.2892100e-01 +3.0000000e-01 +1.9463750e+01 +8.0018500e-02 -1.1226750e-01 +2.0869722e+00 +9.0525000e-01 +1.1183819e+00 +5.4905417e-01 +1.0604861e-01 +4.2100208e-03 +1.3839056e+04
8.3120100e-01 +3.0000000e-01 +1.9422167e+01 +7.8217917e-02 -1.0796167e-01 +2.1082639e+00 +9.0945139e-01 +1.1281250e+00 +5.5589444e-01 +1.0900972e-01 +1.6767639e-03 +1.4067657e+04
8.3346000e-01 +3.0000000e-01 +1.9380417e+01 +7.6410500e-02 -1.0353667e-01 +2.1296875e+00 +9.1370833e-01 +1.1378819e+00 +5.6267778e-01 +1.1173125e-01 -8.3827083e-04 +1.4302754e+04
8.3570000e-01 +3.0000000e-01 +1.9338333e+01 +7.4591167e-02 -9.8980833e-02 +2.1512639e+00 +9.1800694e-01 +1.1476042e+00 +5.6940347e-01 +1.1424167e-01 -3.3082847e-03 +1.4544753e+04
8.3791800e-01 +3.0000000e-01 +1.9296000e+01 +7.2756417e-02 -9.4283333e-02 +2.1729583e+00 +9.2234028e-01 +1.1572917e+00 +5.7607361e-01 +1.1656250e-01 -5.7100486e-03 +1.4794858e+04
8.4011600e-01 +3.0000000e-01 +1.9253333e+01 +7.0907083e-02 -8.9449167e-02 +2.1947292e+00 +9.2668750e-01 +1.1669514e+00 +5.8268194e-01 +1.1873194e-01 -8.0305556e-03 +1.5053334e+04
8.4229400e-01 +3.0000000e-01 +1.9210333e+01 +6.9048167e-02 -8.4488333e-02 +2.2165347e+00 +9.3106250e-01 +1.1766319e+00 +5.8921458e-01 +1.2080278e-01 -1.0265417e-02 +1.5318628e+04
8.4445200e-01 +3.0000000e-01 +1.9167083e+01 +6.7186750e-02 -7.9416750e-02 +2.2383333e+00 +9.3543750e-01 +1.1863542e+00 +5.9566458e-01 +1.2282292e-01 -1.2411667e-02 +1.5589877e+04
8.4659000e-01 +3.0000000e-01 +1.9123500e+01 +6.5330167e-02 -7.4250000e-02 +2.2600625e+00 +9.3981944e-01 +1.1961319e+00 +6.0203819e-01 +1.2482083e-01 -1.4456667e-02 +1.5868232e+04
8.4870700e-01 +3.0000000e-01 +1.9079583e+01 +6.3485667e-02 -6.9003917e-02 +2.2816736e+00 +9.4420139e-01 +1.2059722e+00 +6.0835833e-01 +1.2681250e-01 -1.6380833e-02 +1.6154702e+04
8.5080400e-01 +3.0000000e-01 +1.9035500e+01 +6.1659833e-02 -6.3693250e-02 +2.3031250e+00 +9.4858333e-01 +1.2158889e+00 +6.1464931e-01 +1.2879514e-01 -1.8168750e-02 +1.6448547e+04
8.5288200e-01 +3.0000000e-01 +1.8991167e+01 +5.9857417e-02 -5.8331583e-02 +2.3244028e+00 +9.5297917e-01 +1.2258958e+00 +6.2092153e-01 +1.3074306e-01 -1.9818889e-02 +1.6748897e+04
8.5493900e-01 +3.0000000e-01 +1.8946583e+01 +5.8080500e-02 -5.2928333e-02 +2.3454514e+00 +9.5738889e-01 +1.2360069e+00 +6.2716944e-01 +1.3261528e-01 -2.1345972e-02 +1.7056464e+04
8.5697700e-01 +3.0000000e-01 +1.8901833e+01 +5.6330417e-02 -4.7481250e-02 +2.3662292e+00 +9.6181250e-01 +1.2461944e+00 +6.3337778e-01 +1.3438681e-01 -2.2772500e-02 +1.7373492e+04
8.5899500e-01 +3.0000000e-01 +1.8856833e+01 +5.4609917e-02 -4.1972667e-02 +2.3867569e+00 +9.6624306e-01 +1.2564444e+00 +6.3952569e-01 +1.3601875e-01 -2.4127014e-02 +1.7700754e+04
8.6099300e-01 +3.0000000e-01 +1.8811750e+01 +5.2923000e-02 -3.6382833e-02 +2.4070972e+00 +9.7069444e-01 +1.2667431e+00 +6.4557847e-01 +1.3743611e-01 -2.5446111e-02 +1.8036242e+04
8.6297100e-01 +3.0000000e-01 +1.8766500e+01 +5.1272583e-02 -3.0708750e-02 +2.4272986e+00 +9.7516667e-01 +1.2771389e+00 +6.5149306e-01 +1.3858264e-01 -2.6759653e-02 +1.8376331e+04
8.6493000e-01 +3.0000000e-01 +1.8721167e+01 +4.9659083e-02 -2.4967833e-02 +2.4473819e+00 +9.7965278e-01 +1.2876528e+00 +6.5723403e-01 +1.3947361e-01 -2.8078542e-02 +1.8718267e+04
8.6687000e-01 +3.0000000e-01 +1.8675750e+01 +4.8079750e-02 -1.9186417e-02 +2.4673125e+00 +9.8415278e-01 +1.2982708e+00 +6.6278542e-01 +1.4015764e-01 -2.9399653e-02 +1.9062121e+04
8.6879000e-01 +3.0000000e-01 +1.8630167e+01 +4.6531417e-02 -1.3387083e-02 +2.4870208e+00 +9.8865278e-01 +1.3089514e+00 +6.6814514e-01 +1.4066389e-01 -3.0711042e-02 +1.9410917e+04
8.7069100e-01 +3.0000000e-01 +1.8584500e+01 +4.5012583e-02 -7.5795333e-03 +2.5064306e+00 +9.9313194e-01 +1.3196528e+00 +6.7332500e-01 +1.4100139e-01 -3.2000139e-02 +1.9768764e+04
8.7257300e-01 +3.0000000e-01 +1.8538750e+01 +4.3523917e-02 -1.7610167e-03 +2.5255208e+00 +9.9759028e-01 +1.3303264e+00 +6.7834792e-01 +1.4117847e-01 -3.3262361e-02 +2.0138125e+04
8.7443600e-01 +3.0000000e-01 +1.8492833e+01 +4.2067167e-02 +4.0750083e-03 +2.5443403e+00 +1.0020139e+00 +1.3409097e+00 +6.8324861e-01 +1.4119722e-01 -3.4501736e-02 +2.0518133e+04
8.7628000e-01 +3.0000000e-01 +1.8446917e+01 +4.0644500e-02 +9.9308333e-03 +2.5629583e+00 +1.0064236e+00 +1.3513542e+00 +6.8806042e-01 +1.4105208e-01 -3.5721806e-02 +2.0906264e+04
8.7810500e-01 +3.0000000e-01 +1.8400833e+01 +3.9258583e-02 +1.5806417e-02 +2.5814583e+00 +1.0108125e+00 +1.3616319e+00 +6.9280833e-01 +1.4073125e-01 -3.6918819e-02 +2.1300632e+04
8.7991200e-01 +3.0000000e-01 +1.8354667e+01 +3.7912583e-02 +2.1702667e-02 +2.5998403e+00 +1.0151875e+00 +1.3717917e+00 +6.9750694e-01 +1.4021875e-01 -3.8085694e-02 +2.1701879e+04
8.8169900e-01 +3.0000000e-01 +1.8308417e+01 +3.6609500e-02 +2.7616917e-02 +2.6180972e+00 +1.0195556e+00 +1.3818750e+00 +7.0217361e-01 +1.3950694e-01 -3.9217569e-02 +2.2111261e+04
8.8346900e-01 +3.0000000e-01 +1.8262000e+01 +3.5350000e-02 +3.3539583e-02 +2.6362500e+00 +1.0238958e+00 +1.3919306e+00 +7.0681944e-01 +1.3861458e-01 -4.0309931e-02 +2.2530086e+04
8.8521900e-01 +3.0000000e-01 +1.8215583e+01 +3.4131750e-02 +3.9460500e-02 +2.6543125e+00 +1.0282014e+00 +1.4019931e+00 +7.1145833e-01 +1.3759514e-01 -4.1352917e-02 +2.2959732e+04
8.8695200e-01 +3.0000000e-01 +1.8169083e+01 +3.2949333e-02 +4.5376000e-02 +2.6723333e+00 +1.0324653e+00 +1.4120694e+00 +7.1611111e-01 +1.3652014e-01 -4.2335278e-02 +2.3401021e+04
8.8866600e-01 +3.0000000e-01 +1.8122417e+01 +3.1796417e-02 +5.1287000e-02 +2.6903819e+00 +1.0366875e+00 +1.4221806e+00 +7.2078472e-01 +1.3544931e-01 -4.3252500e-02 +2.3853153e+04
8.9036200e-01 +3.0000000e-01 +1.8075750e+01 +3.0666250e-02 +5.7192417e-02 +2.7085000e+00 +1.0408750e+00 +1.4323264e+00 +7.2548611e-01 +1.3442569e-01 -4.4106111e-02 +2.4313744e+04
8.9204000e-01 +3.0000000e-01 +1.8028917e+01 +2.9553750e-02 +6.3087333e-02 +2.7267292e+00 +1.0450347e+00 +1.4424931e+00 +7.3020833e-01 +1.3347847e-01 -4.4900625e-02 +2.4781165e+04
8.9370100e-01 +3.0000000e-01 +1.7982083e+01 +2.8455167e-02 +6.8966083e-02 +2.7450764e+00 +1.0491597e+00 +1.4526528e+00 +7.3495139e-01 +1.3260556e-01 -4.5646250e-02 +2.5255981e+04
8.9534300e-01 +3.0000000e-01 +1.7935083e+01 +2.7368333e-02 +7.4820083e-02 +2.7634861e+00 +1.0532639e+00 +1.4627986e+00 +7.3970833e-01 +1.3175972e-01 -4.6354514e-02 +2.5740184e+04
8.9696800e-01 +3.0000000e-01 +1.7888083e+01 +2.6292000e-02 +8.0637500e-02 +2.7819028e+00 +1.0573542e+00 +1.4729236e+00 +7.4447917e-01 +1.3087639e-01 -4.7026181e-02 +2.6235252e+04
8.9857600e-01 +3.0000000e-01 +1.7841000e+01 +2.5227000e-02 +8.6407500e-02 +2.8002778e+00 +1.0614167e+00 +1.4830278e+00 +7.4925000e-01 +1.2991389e-01 -4.7648750e-02 +2.6742227e+04
9.0016600e-01 +3.0000000e-01 +1.7793833e+01 +2.4176500e-02 +9.2129167e-02 +2.8185972e+00 +1.0654514e+00 +1.4930903e+00 +7.5402778e-01 +1.2886528e-01 -4.8205972e-02 +2.7260997e+04
9.0173800e-01 +3.0000000e-01 +1.7746583e+01 +2.3144500e-02 +9.7805833e-02 +2.8369028e+00 +1.0694653e+00 +1.5031042e+00 +7.5881944e-01 +1.2773889e-01 -4.8688125e-02 +2.7789487e+04
9.0329400e-01 +3.0000000e-01 +1.7699250e+01 +2.2134500e-02 +1.0344667e-01 +2.8552361e+00 +1.0734236e+00 +1.5130764e+00 +7.6361111e-01 +1.2655417e-01 -4.9092222e-02 +2.8326067e+04
9.0483300e-01 +3.0000000e-01 +1.7651833e+01 +2.1148167e-02 +1.0905583e-01 +2.8736319e+00 +1.0773333e+00 +1.5229931e+00 +7.6841667e-01 +1.2532986e-01 -4.9415069e-02 +2.8871849e+04
9.0635400e-01 +3.0000000e-01 +1.7604417e+01 +2.0185750e-02 +1.1463083e-01 +2.8920903e+00 +1.0811736e+00 +1.5328750e+00 +7.7320833e-01 +1.2407708e-01 -4.9648958e-02 +2.9428619e+04
9.0785900e-01 +3.0000000e-01 +1.7556917e+01 +1.9247167e-02 +1.2015917e-01 +2.9106250e+00 +1.0849236e+00 +1.5427292e+00 +7.7797917e-01 +1.2280694e-01 -4.9785000e-02 +2.9997007e+04
9.0934700e-01 +3.0000000e-01 +1.7509333e+01 +1.8332500e-02 +1.2562500e-01 +2.9292639e+00 +1.0885694e+00 +1.5525486e+00 +7.8270833e-01 +1.2154375e-01 -4.9819167e-02 +3.0578891e+04
9.1081900e-01 +3.0000000e-01 +1.7461667e+01 +1.7441833e-02 +1.3100917e-01 +2.9480486e+00 +1.0920972e+00 +1.5623403e+00 +7.8738194e-01 +1.2032083e-01 -4.9755625e-02 +3.1177049e+04
9.1227400e-01 +3.0000000e-01 +1.7413917e+01 +1.6574500e-02 +1.3629667e-01 +2.9670486e+00 +1.0955000e+00 +1.5720833e+00 +7.9199306e-01 +1.1917014e-01 -4.9607917e-02 +3.1793253e+04
9.1371300e-01 +3.0000000e-01 +1.7366167e+01 +1.5729750e-02 +1.4147667e-01 +2.9863264e+00 +1.0987639e+00 +1.5817917e+00 +7.9652778e-01 +1.1811181e-01 -4.9395347e-02 +3.2426850e+04
9.1513600e-01 +3.0000000e-01 +1.7318333e+01 +1.4906833e-02 +1.4653917e-01 +3.0059097e+00 +1.1018889e+00 +1.5914792e+00 +8.0100000e-01 +1.1714514e-01 -4.9136181e-02 +3.3075862e+04
9.1654300e-01 +3.0000000e-01 +1.7270333e+01 +1.4105000e-02 +1.5147917e-01 +3.0258264e+00 +1.1048750e+00 +1.6011736e+00 +8.0540278e-01 +1.1625556e-01 -4.8842153e-02 +3.3738410e+04
9.1793400e-01 +3.0000000e-01 +1.7222333e+01 +1.3323667e-02 +1.5629917e-01 +3.0460764e+00 +1.1077222e+00 +1.6109167e+00 +8.0973611e-01 +1.1541875e-01 -4.8518958e-02 +3.4414003e+04
9.1930900e-01 +3.0000000e-01 +1.7174250e+01 +1.2562333e-02 +1.6100583e-01 +3.0666528e+00 +1.1104236e+00 +1.6207361e+00 +8.1400694e-01 +1.1460833e-01 -4.8169583e-02 +3.5103628e+04
9.2066800e-01 +3.0000000e-01 +1.7126083e+01 +1.1819750e-02 +1.6561333e-01 +3.0875486e+00 +1.1129792e+00 +1.6306597e+00 +8.1820833e-01 +1.1379236e-01 -4.7797153e-02 +3.5809564e+04
9.2201200e-01 +3.0000000e-01 +1.7077833e+01 +1.1094583e-02 +1.7013583e-01 +3.1087500e+00 +1.1153750e+00 +1.6406597e+00 +8.2234028e-01 +1.1293056e-01 -4.7404583e-02 +3.6533424e+04
9.2334100e-01 +3.0000000e-01 +1.7029500e+01 +1.0385750e-02 +1.7458833e-01 +3.1302639e+00 +1.1176181e+00 +1.6507014e+00 +8.2639583e-01 +1.1198333e-01 -4.6993194e-02 +3.7276246e+04
9.2465400e-01 +3.0000000e-01 +1.6981083e+01 +9.6926667e-03 +1.7898333e-01 +3.1520833e+00 +1.1197083e+00 +1.6607153e+00 +8.3038194e-01 +1.1091875e-01 -4.6562500e-02 +3.8039139e+04
9.2595200e-01 +3.0000000e-01 +1.6932583e+01 +9.0152500e-03 +1.8332917e-01 +3.1742222e+00 +1.1216389e+00 +1.6706458e+00 +8.3429861e-01 +1.0971458e-01 -4.6109861e-02 +3.8822880e+04
9.2723500e-01 +3.0000000e-01 +1.6884000e+01 +8.3535833e-03 +1.8762500e-01 +3.1966389e+00 +1.1234097e+00 +1.6804583e+00 +8.3813194e-01 +1.0836597e-01 -4.5628889e-02 +3.9628645e+04
9.2850400e-01 +3.0000000e-01 +1.6835250e+01 +7.7076917e-03 +1.9186917e-01 +3.2193125e+00 +1.1250278e+00 +1.6901458e+00 +8.4189583e-01 +1.0688958e-01 -4.5109236e-02 +4.0457297e+04
9.2975700e-01 +3.0000000e-01 +1.6786500e+01 +7.0779500e-03 +1.9606000e-01 +3.2422569e+00 +1.1264722e+00 +1.6997153e+00 +8.4556944e-01 +1.0532292e-01 -4.4540625e-02 +4.1309321e+04
9.3099600e-01 +3.0000000e-01 +1.6737583e+01 +6.4646917e-03 +2.0019667e-01 +3.2654861e+00 +1.1277500e+00 +1.7091667e+00 +8.4914583e-01 +1.0370278e-01 -4.3917569e-02 +4.2185427e+04
9.3222000e-01 +3.0000000e-01 +1.6688500e+01 +5.8679167e-03 +2.0427667e-01 +3.2890417e+00 +1.1288472e+00 +1.7185347e+00 +8.5262500e-01 +1.0205903e-01 -4.3242639e-02 +4.3087280e+04
9.3343000e-01 +3.0000000e-01 +1.6639250e+01 +5.2872583e-03 +2.0829750e-01 +3.3129653e+00 +1.1297639e+00 +1.7278542e+00 +8.5599306e-01 +1.0041528e-01 -4.2526597e-02 +4.4015068e+04
9.3462600e-01 +3.0000000e-01 +1.6589917e+01 +4.7221333e-03 +2.1225583e-01 +3.3372986e+00 +1.1304931e+00 +1.7371458e+00 +8.5925000e-01 +9.8800000e-02 -4.1786250e-02 +4.4966201e+04
9.3580800e-01 +3.0000000e-01 +1.6540417e+01 +4.1720083e-03 +2.1615333e-01 +3.3620764e+00 +1.1310347e+00 +1.7464375e+00 +8.6240278e-01 +9.7243750e-02 -4.1038819e-02 +4.5938455e+04
9.3697600e-01 +3.0000000e-01 +1.6490750e+01 +3.6363583e-03 +2.1999750e-01 +3.3873333e+00 +1.1313819e+00 +1.7557431e+00 +8.6545833e-01 +9.5772222e-02 -4.0295903e-02 +4.6932667e+04
9.3813000e-01 +3.0000000e-01 +1.6440917e+01 +3.1144417e-03 +2.2379583e-01 +3.4130972e+00 +1.1315278e+00 +1.7650625e+00 +8.6842361e-01 +9.4396528e-02 -3.9562083e-02 +4.7952582e+04
9.3927000e-01 +3.0000000e-01 +1.6390917e+01 +2.6052417e-03 +2.2755667e-01 +3.4393958e+00 +1.1314653e+00 +1.7744028e+00 +8.7129167e-01 +9.3114583e-02 -3.8838333e-02 +4.9002728e+04
9.4039600e-01 +3.0000000e-01 +1.6340750e+01 +2.1078750e-03 +2.3128167e-01 +3.4662431e+00 +1.1311875e+00 +1.7837708e+00 +8.7406944e-01 +9.1911806e-02 -3.8125417e-02 +5.0085818e+04
9.4150900e-01 +3.0000000e-01 +1.6290333e+01 +1.6221667e-03 +2.3496917e-01 +3.4936806e+00 +1.1306875e+00 +1.7931736e+00 +8.7675694e-01 +9.0777778e-02 -3.7425278e-02 +5.1202486e+04
9.4260900e-01 +3.0000000e-01 +1.6239750e+01 +1.1490417e-03 +2.3861250e-01 +3.5217569e+00 +1.1299653e+00 +1.8026042e+00 +8.7936111e-01 +8.9713194e-02 -3.6740764e-02 +5.2353427e+04
9.4369600e-01 +3.0000000e-01 +1.6188917e+01 +6.9043083e-04 +2.4220917e-01 +3.5505417e+00 +1.1290069e+00 +1.8120347e+00 +8.8188194e-01 +8.8727778e-02 -3.6074722e-02 +5.3540321e+04
9.4476900e-01 +3.0000000e-01 +1.6137833e+01 +2.4891750e-04 +2.4575750e-01 +3.5801111e+00 +1.1278125e+00 +1.8214514e+00 +8.8432639e-01 +8.7830556e-02 -3.5430556e-02 +5.4764586e+04
9.4583000e-01 +3.0000000e-01 +1.6086583e+01 -1.7280333e-04 +2.4925667e-01 +3.6105625e+00 +1.1263611e+00 +1.8308333e+00 +8.8669444e-01 +8.7021528e-02 -3.4811944e-02 +5.6026981e+04
9.4687800e-01 +3.0000000e-01 +1.6034917e+01 -5.7234917e-04 +2.5270667e-01 +3.6419861e+00 +1.1246458e+00 +1.8401597e+00 +8.8898611e-01 +8.6295139e-02 -3.4222569e-02 +5.7327035e+04
9.4791300e-01 +3.0000000e-01 +1.5983000e+01 -9.4786667e-04 +2.5610917e-01 +3.6744514e+00 +1.1226528e+00 +1.8494028e+00 +8.9119444e-01 +8.5643056e-02 -3.3665764e-02 +5.8663707e+04
9.4893500e-01 +3.0000000e-01 +1.5930750e+01 -1.2982000e-03 +2.5946500e-01 +3.7080208e+00 +1.1203819e+00 +1.8585417e+00 +8.9332639e-01 +8.5054167e-02 -3.3142361e-02 +6.0037134e+04
9.4994500e-01 +3.0000000e-01 +1.5878167e+01 -1.6230083e-03 +2.6277583e-01 +3.7427014e+00 +1.1178125e+00 +1.8675625e+00 +8.9536806e-01 +8.4520139e-02 -3.2649097e-02 +6.1449175e+04
9.5094300e-01 +3.0000000e-01 +1.5825167e+01 -1.9228167e-03 +2.6604250e-01 +3.7785139e+00 +1.1149306e+00 +1.8764306e+00 +8.9732639e-01 +8.4035417e-02 -3.2177917e-02 +6.2900161e+04
9.5192800e-01 +3.0000000e-01 +1.5771750e+01 -2.1988500e-03 +2.6926667e-01 +3.8154722e+00 +1.1117222e+00 +1.8851319e+00 +8.9918750e-01 +8.3600000e-02 -3.1717500e-02 +6.4388417e+04
9.5290100e-01 +3.0000000e-01 +1.5717917e+01 -2.4527083e-03 +2.7245000e-01 +3.8535972e+00 +1.1081667e+00 +1.8936250e+00 +9.0095139e-01 +8.3219444e-02 -3.1255069e-02 +6.5912413e+04
9.5386300e-01 +3.0000000e-01 +1.5663583e+01 -2.6860417e-03 +2.7559167e-01 +3.8929306e+00 +1.1042569e+00 +1.9018889e+00 +9.0261111e-01 +8.2901389e-02 -3.0778264e-02 +6.7473192e+04
9.5481200e-01 +3.0000000e-01 +1.5608833e+01 -2.9002750e-03 +2.7868833e-01 +3.9334792e+00 +1.0999583e+00 +1.9098750e+00 +9.0417361e-01 +8.2650000e-02 -3.0276875e-02 +6.9074667e+04
9.5575000e-01 +3.0000000e-01 +1.5553667e+01 -3.0963833e-03 +2.8173583e-01 +3.9752708e+00 +1.0952639e+00 +1.9175694e+00 +9.0562500e-01 +8.2459722e-02 -2.9744028e-02 +7.0722979e+04
9.5667600e-01 +3.0000000e-01 +1.5497833e+01 -3.2749000e-03 +2.8472667e-01 +4.0183403e+00 +1.0901528e+00 +1.9249236e+00 +9.0697222e-01 +8.2322917e-02 -2.9177014e-02 +7.2425385e+04
9.5759100e-01 +3.0000000e-01 +1.5441500e+01 -3.4359333e-03 +2.8765250e-01 +4.0627222e+00 +1.0846042e+00 +1.9319167e+00 +9.0819444e-01 +8.2228472e-02 -2.8577431e-02 +7.4186968e+04
9.5849500e-01 +3.0000000e-01 +1.5384583e+01 -3.5792417e-03 +2.9050500e-01 +4.1084931e+00 +1.0785972e+00 +1.9385208e+00 +9.0929861e-01 +8.2168056e-02 -2.7950347e-02 +7.6011859e+04
9.5938700e-01 +3.0000000e-01 +1.5327000e+01 -3.7045000e-03 +2.9327583e-01 +4.1557431e+00 +1.0721181e+00 +1.9447083e+00 +9.1027083e-01 +8.2132639e-02 -2.7301667e-02 +7.7900790e+04
9.6026800e-01 +3.0000000e-01 +1.5268667e+01 -3.8115750e-03 +2.9595833e-01 +4.2045833e+00 +1.0651389e+00 +1.9504514e+00 +9.1110417e-01 +8.2118056e-02 -2.6637014e-02 +7.9853758e+04
9.6113800e-01 +3.0000000e-01 +1.5209583e+01 -3.9007250e-03 +2.9854917e-01 +4.2551111e+00 +1.0576528e+00 +1.9557431e+00 +9.1179167e-01 +8.2123611e-02 -2.5960833e-02 +8.1870086e+04
9.6199700e-01 +3.0000000e-01 +1.5149750e+01 -3.9727750e-03 +3.0104583e-01 +4.3074514e+00 +1.0496389e+00 +1.9605625e+00 +9.1234028e-01 +8.2148611e-02 -2.5276319e-02 +8.3951137e+04
9.6284500e-01 +3.0000000e-01 +1.5089000e+01 -4.0291250e-03 +3.0344417e-01 +4.3617014e+00 +1.0410764e+00 +1.9649028e+00 +9.1274306e-01 +8.2193056e-02 -2.4584931e-02 +8.6096959e+04
9.6368300e-01 +3.0000000e-01 +1.5027333e+01 -4.0716500e-03 +3.0574083e-01 +4.4179722e+00 +1.0319583e+00 +1.9687639e+00 +9.1300000e-01 +8.2260417e-02 -2.3886319e-02 +8.8307526e+04
9.6451000e-01 +3.0000000e-01 +1.4964750e+01 -4.1024917e-03 +3.0793167e-01 +4.4763750e+00 +1.0222639e+00 +1.9721250e+00 +9.1312500e-01 +8.2363889e-02 -2.3178611e-02 +9.0583537e+04
9.6532700e-01 +3.0000000e-01 +1.4901083e+01 -4.1237833e-03 +3.1001417e-01 +4.5369931e+00 +1.0119931e+00 +1.9749931e+00 +9.1310417e-01 +8.2525000e-02 -2.2459722e-02 +9.2927077e+04
9.6613400e-01 +3.0000000e-01 +1.4836250e+01 -4.1374500e-03 +3.1198417e-01 +4.5998889e+00 +1.0011319e+00 +1.9773681e+00 +9.1295139e-01 +8.2766667e-02 -2.1728056e-02 +9.5338194e+04
9.6693000e-01 +3.0000000e-01 +1.4770333e+01 -4.1451250e-03 +3.1384083e-01 +4.6651250e+00 +9.8968056e-01 +1.9792569e+00 +9.1265278e-01 +8.3111111e-02 -2.0982986e-02 +9.7818984e+04
9.6771600e-01 +3.0000000e-01 +1.4703083e+01 -4.1482083e-03 +3.1558083e-01 +4.7327569e+00 +9.7763194e-01 +1.9806736e+00 +9.1221528e-01 +8.3571528e-02 -2.0225000e-02 +1.0036806e+05
9.6849200e-01 +3.0000000e-01 +1.4634417e+01 -4.1479083e-03 +3.1720417e-01 +4.8028125e+00 +9.6497917e-01 +1.9816181e+00 +9.1162500e-01 +8.4151389e-02 -1.9455069e-02 +1.0298544e+05
9.6925900e-01 +3.0000000e-01 +1.4564417e+01 -4.1452667e-03 +3.1870667e-01 +4.8753194e+00 +9.5172222e-01 +1.9820764e+00 +9.1088194e-01 +8.4843056e-02 -1.8675069e-02 +1.0567186e+05
9.7001500e-01 +3.0000000e-01 +1.4492750e+01 -4.1412083e-03 +3.2008750e-01 +4.9502847e+00 +9.3785417e-01 +1.9820208e+00 +9.0996528e-01 +8.5633333e-02 -1.7887361e-02 +1.0843288e+05
9.7076200e-01 +3.0000000e-01 +1.4419500e+01 -4.1364500e-03 +3.2134333e-01 +5.0277153e+00 +9.2336806e-01 +1.9814375e+00 +9.0887500e-01 +8.6502778e-02 -1.7094861e-02 +1.1127200e+05
9.7150000e-01 +3.0000000e-01 +1.4344417e+01 -4.1315250e-03 +3.2247167e-01 +5.1076250e+00 +9.0825000e-01 +1.9802708e+00 +9.0759028e-01 +8.7431250e-02 -1.6300694e-02 +1.1419201e+05
9.7222800e-01 +3.0000000e-01 +1.4267500e+01 -4.1267583e-03 +3.2346917e-01 +5.1900278e+00 +8.9250000e-01 +1.9784792e+00 +9.0609028e-01 +8.8402778e-02 -1.5507361e-02 +1.1719505e+05
9.7294600e-01 +3.0000000e-01 +1.4188500e+01 -4.1222750e-03 +3.2433500e-01 +5.2749028e+00 +8.7611806e-01 +1.9760139e+00 +9.0436111e-01 +8.9409722e-02 -1.4716111e-02 +1.2028457e+05
9.7365600e-01 +3.0000000e-01 +1.4107250e+01 -4.1180000e-03 +3.2506583e-01 +5.3622500e+00 +8.5910417e-01 +1.9728125e+00 +9.0237500e-01 +9.0455556e-02 -1.3927292e-02 +1.2346132e+05
9.7435600e-01 +3.0000000e-01 +1.4023750e+01 -4.1136417e-03 +3.2565917e-01 +5.4520417e+00 +8.4145139e-01 +1.9688403e+00 +9.0010417e-01 +9.1552778e-02 -1.3140139e-02 +1.2672673e+05
9.7504800e-01 +3.0000000e-01 +1.3937750e+01 -4.1087333e-03 +3.2611167e-01 +5.5442361e+00 +8.2317361e-01 +1.9640417e+00 +8.9753472e-01 +9.2720139e-02 -1.2353264e-02 +1.3008012e+05
9.7573000e-01 +3.0000000e-01 +1.3849083e+01 -4.1025917e-03 +3.2641750e-01 +5.6387917e+00 +8.0427083e-01 +1.9583819e+00 +8.9461806e-01 +9.3977083e-02 -1.1564792e-02 +1.3352223e+05
9.7640400e-01 +3.0000000e-01 +1.3757500e+01 -4.0945000e-03 +3.2657417e-01 +5.7356319e+00 +7.8475694e-01 +1.9518333e+00 +8.9134028e-01 +9.5340278e-02 -1.0772569e-02 +1.3705379e+05
9.7706800e-01 +3.0000000e-01 +1.3662833e+01 -4.0837083e-03 +3.2657500e-01 +5.8346528e+00 +7.6464583e-01 +1.9443472e+00 +8.8765972e-01 +9.6818056e-02 -9.9742361e-03 +1.4067557e+05
9.7772500e-01 +3.0000000e-01 +1.3564917e+01 -4.0696083e-03 +3.2641417e-01 +5.9357500e+00 +7.4394444e-01 +1.9358889e+00 +8.8354167e-01 +9.8416667e-02 -9.1678472e-03 +1.4438891e+05
9.7837300e-01 +3.0000000e-01 +1.3463417e+01 -4.0517250e-03 +3.2608500e-01 +6.0387639e+00 +7.2268056e-01 +1.9264236e+00 +8.7895139e-01 +1.0013681e-01 -8.3520139e-03 +1.4819114e+05
9.7901200e-01 +3.0000000e-01 +1.3358083e+01 -4.0297333e-03 +3.2558167e-01 +6.1435069e+00 +7.0087500e-01 +1.9158958e+00 +8.7386111e-01 +1.0197986e-01 -7.5265972e-03 +1.5207671e+05
9.7964300e-01 +3.0000000e-01 +1.3248833e+01 -4.0033833e-03 +3.2489833e-01 +6.2497431e+00 +6.7855417e-01 +1.9042778e+00 +8.6822222e-01 +1.0394792e-01 -6.6930903e-03 +1.5603734e+05
9.8026600e-01 +3.0000000e-01 +1.3135167e+01 -3.9725250e-03 +3.2402750e-01 +6.3571458e+00 +6.5575208e-01 +1.8915069e+00 +8.6200000e-01 +1.0604097e-01 -5.8549097e-03 +1.6006470e+05
9.8088100e-01 +3.0000000e-01 +1.3016833e+01 -3.9370167e-03 +3.2296250e-01 +6.4653403e+00 +6.3250486e-01 +1.8775347e+00 +8.5514583e-01 +1.0825903e-01 -5.0169722e-03 +1.6414843e+05
9.8148700e-01 +3.0000000e-01 +1.2893500e+01 -3.8967917e-03 +3.2169667e-01 +6.5738333e+00 +6.0885556e-01 +1.8623056e+00 +8.4761111e-01 +1.1059444e-01 -4.1851458e-03 +1.6828094e+05
9.8208600e-01 +3.0000000e-01 +1.2764917e+01 -3.8518000e-03 +3.2022000e-01 +6.6820556e+00 +5.8484861e-01 +1.8457639e+00 +8.3934028e-01 +1.1303889e-01 -3.3655069e-03 +1.7245042e+05
9.8267700e-01 +3.0000000e-01 +1.2630667e+01 -3.8019917e-03 +3.1852333e-01 +6.7893403e+00 +5.6053403e-01 +1.8278403e+00 +8.3027083e-01 +1.1557569e-01 -2.5638472e-03 +1.7664791e+05
9.8326100e-01 +3.0000000e-01 +1.2490333e+01 -3.7473250e-03 +3.1659583e-01 +6.8949097e+00 +5.3596319e-01 +1.8084722e+00 +8.2034028e-01 +1.1818542e-01 -1.7854028e-03 +1.8086159e+05
9.8383600e-01 +3.0000000e-01 +1.2343500e+01 -3.6877500e-03 +3.1442583e-01 +6.9978472e+00 +5.1119306e-01 +1.7875833e+00 +8.0948611e-01 +1.2084167e-01 -1.0347222e-03 +1.8508044e+05
9.8440400e-01 +3.0000000e-01 +1.2189667e+01 -3.6231667e-03 +3.1200083e-01 +7.0972222e+00 +4.8628194e-01 +1.7650972e+00 +7.9762500e-01 +1.2351806e-01 -3.1557639e-04 +1.8928774e+05
9.8496500e-01 +3.0000000e-01 +1.2028417e+01 -3.5534583e-03 +3.0930750e-01 +7.1918056e+00 +4.6129167e-01 +1.7409306e+00 +7.8469444e-01 +1.2618333e-01 +3.6893333e-04 +1.9346680e+05
9.8551800e-01 +3.0000000e-01 +1.1859250e+01 -3.4784833e-03 +3.0633250e-01 +7.2803472e+00 +4.3628750e-01 +1.7150069e+00 +7.7061806e-01 +1.2880764e-01 +1.0162083e-03 +1.9759820e+05
9.8606400e-01 +3.0000000e-01 +1.1681583e+01 -3.3980833e-03 +3.0306333e-01 +7.3613889e+00 +4.1133542e-01 +1.6872361e+00 +7.5530556e-01 +1.3135764e-01 +1.6237778e-03 +2.0166031e+05
9.8660300e-01 +3.0000000e-01 +1.1494833e+01 -3.3121000e-03 +2.9948417e-01 +7.4331250e+00 +3.8650694e-01 +1.6575486e+00 +7.3868056e-01 +1.3379722e-01 +2.1890000e-03 +2.0562733e+05
9.8713400e-01 +3.0000000e-01 +1.1298500e+01 -3.2204000e-03 +2.9558250e-01 +7.4938889e+00 +3.6187292e-01 +1.6258681e+00 +7.2065972e-01 +1.3608542e-01 +2.7088958e-03 +2.0946935e+05
9.8765900e-01 +3.0000000e-01 +1.1091833e+01 -3.1228500e-03 +2.9134333e-01 +7.5415278e+00 +3.3750764e-01 +1.5921458e+00 +7.0115972e-01 +1.3817361e-01 +3.1802986e-03 +2.1314995e+05
9.8817700e-01 +3.0000000e-01 +1.0874333e+01 -3.0194000e-03 +2.8675167e-01 +7.5738194e+00 +3.1348681e-01 +1.5563194e+00 +6.8010000e-01 +1.4000764e-01 +3.6000000e-03 +2.1662520e+05
9.8868800e-01 +3.0000000e-01 +1.0645250e+01 -2.9100333e-03 +2.8179250e-01 +7.5882639e+00 +2.8988611e-01 +1.5183542e+00 +6.5740000e-01 +1.4152708e-01 +3.9649028e-03 +2.1984898e+05
9.8919200e-01 +3.0000000e-01 +1.0404000e+01 -2.7948250e-03 +2.7645167e-01 +7.5822222e+00 +2.6678194e-01 +1.4782292e+00 +6.3299444e-01 +1.4266458e-01 +4.2720903e-03 +2.2277438e+05
9.8968900e-01 +3.0000000e-01 +1.0149833e+01 -2.6739417e-03 +2.7071167e-01 +7.5528472e+00 +2.4425139e-01 +1.4359306e+00 +6.0683194e-01 +1.4334792e-01 +4.5188056e-03 +2.2535582e+05
9.9018000e-01 +3.0000000e-01 +9.8821667e+00 -2.5476750e-03 +2.6455917e-01 +7.4970833e+00 +2.2237014e-01 +1.3914514e+00 +5.7888264e-01 +1.4350208e-01 +4.7024583e-03 +2.2755444e+05
9.9066400e-01 +3.0000000e-01 +9.6002500e+00 -2.4164333e-03 +2.5797917e-01 +7.4117361e+00 +2.0121250e-01 +1.3448056e+00 +5.4914306e-01 +1.4304583e-01 +4.8206111e-03 +2.2934195e+05
9.9114200e-01 +3.0000000e-01 +9.3036667e+00 -2.2807417e-03 +2.5095500e-01 +7.2936111e+00 +1.8085278e-01 +1.2960139e+00 +5.1764653e-01 +1.4189792e-01 +4.8710486e-03 +2.3070500e+05
9.9161300e-01 +3.0000000e-01 +8.9917500e+00 -2.1412500e-03 +2.4347333e-01 +7.1397222e+00 +1.6135903e-01 +1.2450972e+00 +4.8447083e-01 +1.3997639e-01 +4.8520347e-03 +2.3165336e+05
9.9207900e-01 +3.0000000e-01 +8.6641667e+00 -1.9987333e-03 +2.3552167e-01 +6.9470833e+00 +1.4280069e-01 +1.1921111e+00 +4.4974653e-01 +1.3720347e-01 +4.7627292e-03 +2.3222824e+05
9.9253700e-01 +3.0000000e-01 +8.3205667e+00 -1.8540250e-03 +2.2708833e-01 +6.7131528e+00 +1.2523819e-01 +1.1370833e+00 +4.1366458e-01 +1.3350833e-01 +4.6037083e-03 +2.3251122e+05
9.9299000e-01 +3.0000000e-01 +7.9607333e+00 -1.7080417e-03 +2.1816417e-01 +6.4361597e+00 +1.0873056e-01 +1.0800556e+00 +3.7648681e-01 +1.2883472e-01 +4.3774861e-03 +2.3263361e+05
9.9343700e-01 +3.0000000e-01 +7.5847000e+00 -1.5617083e-03 +2.0874500e-01 +6.1151111e+00 +9.3330556e-02 +1.0210694e+00 +3.3854792e-01 +1.2314306e-01 +4.0889722e-03 +2.3278237e+05
9.9387800e-01 +3.0000000e-01 +7.1926500e+00 -1.4159750e-03 +1.9882917e-01 +5.7502361e+00 +7.9083333e-02 +9.6015278e-01 +3.0026181e-01 +1.1642153e-01 +3.7457361e-03 +2.3320556e+05
9.9431300e-01 +3.0000000e-01 +6.7850500e+00 -1.2717833e-03 +1.8842083e-01 +5.3432847e+00 +6.6028819e-02 +8.9731250e-01 +2.6211667e-01 +1.0868958e-01 +3.3581250e-03 +2.3420013e+05
9.9474200e-01 +3.0000000e-01 +6.3625750e+00 -1.1300917e-03 +1.7753000e-01 +4.8978333e+00 +5.4197153e-02 +8.3255556e-01 +2.2467153e-01 +1.0000833e-01 +2.9390208e-03 +2.3609460e+05
9.9516500e-01 +3.0000000e-01 +5.9262333e+00 -9.9185833e-04 +1.6617417e-01 +4.4195278e+00 +4.3610278e-02 +7.6589583e-01 +1.8853611e-01 +9.0488194e-02 +2.5033819e-03 +2.3920888e+05
9.9558300e-01 +3.0000000e-01 +5.4772750e+00 -8.5807500e-04 +1.5437750e-01 +3.9162153e+00 +3.4278958e-02 +6.9734722e-01 +1.5435000e-01 +8.0290972e-02 +2.0674444e-03 +2.4380132e+05
9.9599500e-01 +3.0000000e-01 +5.0172417e+00 -7.2975250e-04 +1.4217000e-01 +3.3979583e+00 +2.6201389e-02 +6.2697569e-01 +1.2274653e-01 +6.9638889e-02 +1.6477083e-03 +2.5000821e+05
9.9640100e-01 +3.0000000e-01 +4.5479250e+00 -6.0796583e-04 +1.2959000e-01 +2.8767222e+00 +1.9360764e-02 +5.5493681e-01 +9.4309722e-02 +5.8804375e-02 +1.2597361e-03 +2.5778133e+05
9.9680200e-01 +3.0000000e-01 +4.0713167e+00 -4.9382833e-04 +1.1668000e-01 +2.3658750e+00 +1.3722431e-02 +4.8153750e-01 +6.9526389e-02 +4.8105625e-02 +9.1680556e-04 +2.6686007e+05
9.9719800e-01 +3.0000000e-01 +3.5895333e+00 -3.8850250e-04 +1.0348750e-01 +1.8793472e+00 +9.2305556e-03 +4.0730764e-01 +4.8732222e-02 +3.7882569e-02 +6.2863194e-04 +2.7678694e+05
9.9758800e-01 +3.0000000e-01 +3.1047250e+00 -2.9318667e-04 +9.0060833e-02 +1.4306250e+00 +5.8051944e-03 +3.3309861e-01 +3.2070764e-02 +2.8471042e-02 +4.0033819e-04 +2.8700529e+05
9.9797300e-01 +3.0000000e-01 +2.6189750e+00 -2.0910500e-04 +7.6449500e-02 +1.0316458e+00 +3.3393611e-03 +2.6018125e-01 +1.9459167e-02 +2.0170278e-02 +2.3191806e-04 +2.9703568e+05
9.9835300e-01 +3.0000000e-01 +2.1342000e+00 -1.3749750e-04 +6.2699000e-02 +6.9185417e-01 +1.6984861e-03 +1.9036181e-01 +1.0582222e-02 +1.3211806e-02 +1.1833472e-04 +3.0670198e+05
9.9872800e-01 +3.0000000e-01 +1.6520500e+00 -7.9614750e-05 +4.8850250e-02 +4.1759722e-01 +7.2236806e-04 +1.2609375e-01 +4.9149306e-03 +7.7356944e-03 +5.0359028e-05 +3.1636160e+05
9.9909700e-01 +3.0000000e-01 +1.1738417e+00 -3.6707250e-05 +3.4937583e-02 +2.1209653e-01 +2.3241875e-04 +7.0596528e-02 +1.7752917e-03 +3.7811111e-03 +1.6104097e-05 +3.2706458e+05
9.9946200e-01 +3.0000000e-01 +7.0051250e-01 -9.9935000e-06 +2.0987667e-02 +7.6008333e-02 +4.6339028e-05 +2.7991181e-02 +3.9986111e-04 +1.2916389e-03 +3.0386250e-06 +3.4056453e+05
9.9982100e-01 +3.0000000e-01 +2.3263333e-01 +0.0000000e+00 +7.0207333e-03 +8.4605556e-03 +3.4226806e-06 +3.4922778e-03 +2.6312014e-05 +1.3460556e-04 +1.4791875e-07 +3.5767260e+05
1.0000000e+00 +3.0000000e-01 +0.0000000e+00 +0.0000000e+00 +0.0000000e+00 +0.0000000e+00 +0.0000000e+00 +0.0000000e+00 +0.0000000e+00 +0.0000000e+00 +0.0000000e+00 +3.5767153e+05
