#    y              z              <u>            <v>            <w>            <u'u'>         <v'v'>         <w'w'>         <u'v'>         <u'w'>         <v'w'>         <eps>         
#----------------------------------------------------------------------------------------------------------------------------------------------------------------------------------
0.0000000e+00 +3.5000000e-01 +0.0000000e+00 +0.0000000e+00 +0.0000000e+00 +0.0000000e+00 +0.0000000e+00 +0.0000000e+00 +0.0000000e+00 +0.0000000e+00 +0.0000000e+00 +3.4826250e+05
1.7900000e-04 +3.5000000e-01 +2.2807833e-01 +7.2545250e-06 +5.8251833e-03 +8.3018750e-03 +3.3265486e-06 +3.3471944e-03 -2.5496528e-05 +1.7126250e-04 -1.4157361e-07 +3.4826353e+05
5.3800000e-04 +3.5000000e-01 +6.8678750e-01 +2.7889417e-05 +1.7458750e-02 +7.4590972e-02 +4.5037292e-05 +2.6813403e-02 -3.8728542e-04 +1.6000278e-03 -2.5909792e-06 +3.3198846e+05
9.0300000e-04 +3.5000000e-01 +1.1508333e+00 +6.3070667e-05 +2.9131917e-02 +2.0815556e-01 +2.2588681e-04 +6.7591250e-02 -1.7185833e-03 +4.5882014e-03 -1.3177639e-05 +3.1914201e+05
1.2720000e-03 +3.5000000e-01 +1.6196500e+00 +1.1350250e-04 +4.0828917e-02 +4.0985625e-01 +7.0204167e-04 +1.2066389e-01 -4.7553194e-03 +9.2212500e-03 -4.0353542e-05 +3.0893733e+05
1.6470000e-03 +3.5000000e-01 +2.0923500e+00 +1.7987917e-04 +5.2527083e-02 +6.7906250e-01 +1.6505833e-03 +1.8207014e-01 -1.0232847e-02 +1.5508264e-02 -9.3609722e-05 +2.9969167e+05
2.0270000e-03 +3.5000000e-01 +2.5676417e+00 +2.6289083e-04 +6.4196250e-02 +1.0126597e+00 +3.2448889e-03 +2.4872222e-01 -1.8807083e-02 +2.3366806e-02 -1.8168958e-04 +2.9040361e+05
2.4120000e-03 +3.5000000e-01 +3.0439417e+00 +3.6322000e-04 +7.5799667e-02 +1.4045139e+00 +5.6403403e-03 +3.1827083e-01 -3.0983264e-02 +3.2622292e-02 -3.1094236e-04 +2.8072901e+05
2.8020000e-03 +3.5000000e-01 +3.5194000e+00 +4.8152000e-04 +8.7295000e-02 +1.8455208e+00 +8.9674306e-03 +3.8899167e-01 -4.7067153e-02 +4.3019653e-02 -4.8416319e-04 +2.7083090e+05
3.1980000e-03 +3.5000000e-01 +3.9920000e+00 +6.1840333e-04 +9.8638333e-02 +2.3241389e+00 +1.3329583e-02 +4.5967431e-01 -6.7143819e-02 +5.4246528e-02 -7.0009028e-04 +2.6116451e+05
3.5990000e-03 +3.5000000e-01 +4.4596583e+00 +7.7442833e-04 +1.0978250e-01 +2.8272917e+00 +1.8804444e-02 +5.2951181e-01 -9.1084722e-02 +6.5960625e-02 -9.5351389e-04 +2.5226784e+05
4.0050000e-03 +3.5000000e-01 +4.9203333e+00 +9.5009167e-04 +1.2068250e-01 +3.3414583e+00 +2.5445903e-02 +5.9800347e-01 -1.1857569e-01 +7.7818056e-02 -1.2359236e-03 +2.4459293e+05
4.4170000e-03 +3.5000000e-01 +5.3720917e+00 +1.1458417e-03 +1.3129833e-01 +3.8536111e+00 +3.3287917e-02 +6.6486736e-01 -1.4916250e-01 +8.9496528e-02 -1.5364306e-03 +2.3840950e+05
4.8350000e-03 +3.5000000e-01 +5.8132000e+00 +1.3620500e-03 +1.4159250e-01 +4.3520208e+00 +4.2347014e-02 +7.2996528e-01 -1.8229306e-01 +1.0071667e-01 -1.8428472e-03 +2.3378322e+05
5.2580000e-03 +3.5000000e-01 +6.2421500e+00 +1.5990583e-03 +1.5153500e-01 +4.8268056e+00 +5.2625903e-02 +7.9325694e-01 -2.1736944e-01 +1.1125000e-01 -2.1426736e-03 +2.3060281e+05
5.6870000e-03 +3.5000000e-01 +6.6577083e+00 +1.8571583e-03 +1.6110083e-01 +5.2701806e+00 +6.4115278e-02 +8.5472917e-01 -2.5378611e-01 +1.2092569e-01 -2.4239306e-03 +2.2863147e+05
6.1220000e-03 +3.5000000e-01 +7.0589000e+00 +2.1366000e-03 +1.7027417e-01 +5.6765000e+00 +7.6795833e-02 +9.1441667e-01 -2.9096181e-01 +1.2962778e-01 -2.6757014e-03 +2.2756874e+05
6.5630000e-03 +3.5000000e-01 +7.4450250e+00 +2.4376000e-03 +1.7904333e-01 +6.0421319e+00 +9.0640972e-02 +9.7233333e-01 -3.2836458e-01 +1.3729444e-01 -2.8884444e-03 +2.2709994e+05
7.0100000e-03 +3.5000000e-01 +7.8156583e+00 +2.7603083e-03 +1.8740583e-01 +6.3652361e+00 +1.0561458e-01 +1.0285000e+00 -3.6552569e-01 +1.4390625e-01 -3.0541528e-03 +2.2693364e+05
7.4630000e-03 +3.5000000e-01 +8.1705667e+00 +3.1048000e-03 +1.9536167e-01 +6.6454375e+00 +1.2167639e-01 +1.0829167e+00 -4.0204722e-01 +1.4948264e-01 -3.1663611e-03 +2.2682659e+05
7.9210000e-03 +3.5000000e-01 +8.5097500e+00 +3.4710167e-03 +2.0291833e-01 +6.8835764e+00 +1.3877708e-01 +1.1355833e+00 -4.3760347e-01 +1.5407153e-01 -3.2201250e-03 +2.2658902e+05
8.3870000e-03 +3.5000000e-01 +8.8333333e+00 +3.8587417e-03 +2.1008500e-01 +7.0813194e+00 +1.5686389e-01 +1.1864861e+00 -4.7193889e-01 +1.5774236e-01 -3.2120069e-03 +2.2608745e+05
8.8580000e-03 +3.5000000e-01 +9.1416667e+00 +4.2675250e-03 +2.1687500e-01 +7.2411111e+00 +1.7587708e-01 +1.2355972e+00 -5.0486181e-01 +1.6057917e-01 -3.1401597e-03 +2.2523818e+05
9.3360000e-03 +3.5000000e-01 +9.4350833e+00 +4.6966917e-03 +2.2330333e-01 +7.3655556e+00 +1.9575417e-01 +1.2828889e+00 -5.3623958e-01 +1.6267083e-01 -3.0042986e-03 +2.2399856e+05
9.8200000e-03 +3.5000000e-01 +9.7140833e+00 +5.1453000e-03 +2.2938583e-01 +7.4576389e+00 +2.1642847e-01 +1.3283472e+00 -5.6598472e-01 +1.6410903e-01 -2.8057014e-03 +2.2235671e+05
1.0311000e-02 +3.5000000e-01 +9.9792500e+00 +5.6121583e-03 +2.3513750e-01 +7.5205556e+00 +2.3782778e-01 +1.3719444e+00 -5.9405278e-01 +1.6498056e-01 -2.5470069e-03 +2.2032523e+05
1.0808000e-02 +3.5000000e-01 +1.0231250e+01 +6.0958667e-03 +2.4057417e-01 +7.5571528e+00 +2.5988125e-01 +1.4136667e+00 -6.2043333e-01 +1.6536597e-01 -2.2318819e-03 +2.1792895e+05
1.1312000e-02 +3.5000000e-01 +1.0470583e+01 +6.5948917e-03 +2.4571083e-01 +7.5704861e+00 +2.8251389e-01 +1.4535069e+00 -6.4513958e-01 +1.6533681e-01 -1.8646111e-03 +2.1520182e+05
1.1823000e-02 +3.5000000e-01 +1.0698000e+01 +7.1076167e-03 +2.5056083e-01 +7.5633333e+00 +3.0565069e-01 +1.4914514e+00 -6.6820764e-01 +1.6495694e-01 -1.4496319e-03 +2.1218458e+05
1.2341000e-02 +3.5000000e-01 +1.0914000e+01 +7.6324583e-03 +2.5513583e-01 +7.5381944e+00 +3.2921597e-01 +1.5275278e+00 -6.8968681e-01 +1.6428333e-01 -9.9106250e-04 +2.0891855e+05
1.2866000e-02 +3.5000000e-01 +1.1119333e+01 +8.1678417e-03 +2.5944917e-01 +7.4975694e+00 +3.5313333e-01 +1.5617361e+00 -7.0963889e-01 +1.6336250e-01 -4.9227153e-04 +2.0544570e+05
1.3397000e-02 +3.5000000e-01 +1.1314583e+01 +8.7123333e-03 +2.6350917e-01 +7.4436111e+00 +3.7732847e-01 +1.5941111e+00 -7.2813194e-01 +1.6223542e-01 +4.4404583e-05 +2.0180580e+05
1.3936000e-02 +3.5000000e-01 +1.1500333e+01 +9.2645000e-03 +2.6732833e-01 +7.3784028e+00 +4.0172847e-01 +1.6246875e+00 -7.4523611e-01 +1.6093681e-01 +6.1782569e-04 +1.9803526e+05
1.4482000e-02 +3.5000000e-01 +1.1677167e+01 +9.8231667e-03 +2.7091500e-01 +7.3036111e+00 +4.2626111e-01 +1.6535069e+00 -7.6103472e-01 +1.5949306e-01 +1.2279583e-03 +1.9416402e+05
1.5035000e-02 +3.5000000e-01 +1.1845667e+01 +1.0387250e-02 +2.7427917e-01 +7.2210417e+00 +4.5085833e-01 +1.6806111e+00 -7.7559722e-01 +1.5793125e-01 +1.8755694e-03 +1.9021578e+05
1.5596000e-02 +3.5000000e-01 +1.2006250e+01 +1.0955750e-02 +2.7742917e-01 +7.1320139e+00 +4.7545486e-01 +1.7060486e+00 -7.8899306e-01 +1.5627500e-01 +2.5617014e-03 +1.8621219e+05
1.6164000e-02 +3.5000000e-01 +1.2159583e+01 +1.1528000e-02 +2.8037333e-01 +7.0379167e+00 +4.9998819e-01 +1.7298750e+00 -8.0130556e-01 +1.5455069e-01 +3.2872014e-03 +1.8217335e+05
1.6739000e-02 +3.5000000e-01 +1.2306000e+01 +1.2103417e-02 +2.8312000e-01 +6.9397986e+00 +5.2440000e-01 +1.7521458e+00 -8.1260417e-01 +1.5278472e-01 +4.0523333e-03 +1.7811805e+05
1.7323000e-02 +3.5000000e-01 +1.2445917e+01 +1.2681750e-02 +2.8567500e-01 +6.8387361e+00 +5.4863542e-01 +1.7729028e+00 -8.2294444e-01 +1.5100486e-01 +4.8565833e-03 +1.7406441e+05
1.7914000e-02 +3.5000000e-01 +1.2579917e+01 +1.3262833e-02 +2.8804167e-01 +6.7355764e+00 +5.7264236e-01 +1.7922083e+00 -8.3240278e-01 +1.4923819e-01 +5.6986528e-03 +1.7002971e+05
1.8513000e-02 +3.5000000e-01 +1.2708250e+01 +1.3846500e-02 +2.9022500e-01 +6.6310764e+00 +5.9637361e-01 +1.8101042e+00 -8.4104167e-01 +1.4751042e-01 +6.5766042e-03 +1.6602644e+05
1.9119000e-02 +3.5000000e-01 +1.2831333e+01 +1.4432583e-02 +2.9222750e-01 +6.5259028e+00 +6.1978472e-01 +1.8266528e+00 -8.4890972e-01 +1.4584722e-01 +7.4881250e-03 +1.6206428e+05
1.9734000e-02 +3.5000000e-01 +1.2949417e+01 +1.5021000e-02 +2.9405083e-01 +6.4206319e+00 +6.4283333e-01 +1.8419167e+00 -8.5607639e-01 +1.4427083e-01 +8.4306250e-03 +1.5815019e+05
2.0357000e-02 +3.5000000e-01 +1.3063000e+01 +1.5611500e-02 +2.9569583e-01 +6.3157569e+00 +6.6548264e-01 +1.8559583e+00 -8.6257639e-01 +1.4280069e-01 +9.4010417e-03 +1.5428826e+05
2.0988000e-02 +3.5000000e-01 +1.3172250e+01 +1.6204000e-02 +2.9716417e-01 +6.2117153e+00 +6.8769722e-01 +1.8688542e+00 -8.6846528e-01 +1.4145556e-01 +1.0395556e-02 +1.5048262e+05
2.1627000e-02 +3.5000000e-01 +1.3277417e+01 +1.6798333e-02 +2.9845667e-01 +6.1088681e+00 +7.0944444e-01 +1.8806597e+00 -8.7379167e-01 +1.4025000e-01 +1.1409097e-02 +1.4673533e+05
2.2275000e-02 +3.5000000e-01 +1.3378833e+01 +1.7394250e-02 +2.9957583e-01 +6.0075278e+00 +7.3069444e-01 +1.8914444e+00 -8.7859722e-01 +1.3919653e-01 +1.2435694e-02 +1.4305122e+05
2.2932000e-02 +3.5000000e-01 +1.3476750e+01 +1.7991667e-02 +3.0052417e-01 +5.9079583e+00 +7.5142361e-01 +1.9012708e+00 -8.8291667e-01 +1.3830000e-01 +1.3468681e-02 +1.3943440e+05
2.3596000e-02 +3.5000000e-01 +1.3571417e+01 +1.8590250e-02 +3.0130417e-01 +5.8103611e+00 +7.7161111e-01 +1.9101736e+00 -8.8679167e-01 +1.3755972e-01 +1.4501528e-02 +1.3588967e+05
2.4270000e-02 +3.5000000e-01 +1.3662917e+01 +1.9189917e-02 +3.0191750e-01 +5.7149097e+00 +7.9122917e-01 +1.9182014e+00 -8.9025694e-01 +1.3696944e-01 +1.5528611e-02 +1.3242259e+05
2.4952000e-02 +3.5000000e-01 +1.3751500e+01 +1.9790167e-02 +3.0237000e-01 +5.6217222e+00 +8.1027083e-01 +1.9253889e+00 -8.9334028e-01 +1.3651597e-01 +1.6546042e-02 +1.2903727e+05
2.5644000e-02 +3.5000000e-01 +1.3837417e+01 +2.0390583e-02 +3.0266583e-01 +5.5308819e+00 +8.2871528e-01 +1.9317639e+00 -8.9606944e-01 +1.3618125e-01 +1.7551736e-02 +1.2573925e+05
2.6344000e-02 +3.5000000e-01 +1.3920750e+01 +2.0990667e-02 +3.0281167e-01 +5.4424375e+00 +8.4656944e-01 +1.9373681e+00 -8.9847222e-01 +1.3594792e-01 +1.8545833e-02 +1.2253196e+05
2.7054000e-02 +3.5000000e-01 +1.4001667e+01 +2.1589750e-02 +3.0281417e-01 +5.3564097e+00 +8.6381250e-01 +1.9422361e+00 -9.0057639e-01 +1.3579792e-01 +1.9530347e-02 +1.1941679e+05
2.7772000e-02 +3.5000000e-01 +1.4080417e+01 +2.2187083e-02 +3.0268000e-01 +5.2728056e+00 +8.8044444e-01 +1.9463958e+00 -9.0241667e-01 +1.3571736e-01 +2.0509097e-02 +1.1639298e+05
2.8500000e-02 +3.5000000e-01 +1.4157083e+01 +2.2782083e-02 +3.0241667e-01 +5.1916181e+00 +8.9647222e-01 +1.9498750e+00 -9.0400000e-01 +1.3569583e-01 +2.1486250e-02 +1.1345777e+05
2.9238000e-02 +3.5000000e-01 +1.4231750e+01 +2.3374167e-02 +3.0203083e-01 +5.1128403e+00 +9.1189583e-01 +1.9526875e+00 -9.0536806e-01 +1.3572569e-01 +2.2465972e-02 +1.1060766e+05
2.9985000e-02 +3.5000000e-01 +1.4304583e+01 +2.3962667e-02 +3.0152750e-01 +5.0364792e+00 +9.2671528e-01 +1.9548611e+00 -9.0654167e-01 +1.3580417e-01 +2.3450972e-02 +1.0783914e+05
3.0741000e-02 +3.5000000e-01 +1.4375750e+01 +2.4547167e-02 +3.0091167e-01 +4.9625139e+00 +9.4093750e-01 +1.9564028e+00 -9.0752778e-01 +1.3592986e-01 +2.4442153e-02 +1.0514732e+05
3.1508000e-02 +3.5000000e-01 +1.4445250e+01 +2.5127417e-02 +3.0018667e-01 +4.8909236e+00 +9.5456944e-01 +1.9573403e+00 -9.0834722e-01 +1.3610347e-01 +2.5438333e-02 +1.0253012e+05
3.2284000e-02 +3.5000000e-01 +1.4513250e+01 +2.5703167e-02 +2.9935750e-01 +4.8216667e+00 +9.6761806e-01 +1.9576875e+00 -9.0901389e-01 +1.3632847e-01 +2.6436458e-02 +9.9985424e+04
3.3070000e-02 +3.5000000e-01 +1.4579917e+01 +2.6274417e-02 +2.9842667e-01 +4.7547014e+00 +9.8008333e-01 +1.9574792e+00 -9.0953472e-01 +1.3660556e-01 +2.7431597e-02 +9.7512526e+04
3.3866000e-02 +3.5000000e-01 +1.4645167e+01 +2.6841167e-02 +2.9739750e-01 +4.6899931e+00 +9.9197917e-01 +1.9567639e+00 -9.0991667e-01 +1.3693264e-01 +2.8417847e-02 +9.5109354e+04
3.4673000e-02 +3.5000000e-01 +1.4709250e+01 +2.7403000e-02 +2.9627333e-01 +4.6274861e+00 +1.0033056e+00 +1.9555764e+00 -9.1016667e-01 +1.3730347e-01 +2.9387986e-02 +9.2774459e+04
3.5490000e-02 +3.5000000e-01 +1.4772250e+01 +2.7959500e-02 +2.9505667e-01 +4.5671458e+00 +1.0140694e+00 +1.9539722e+00 -9.1028472e-01 +1.3771111e-01 +3.0335208e-02 +9.0503002e+04
3.6317000e-02 +3.5000000e-01 +1.4834083e+01 +2.8510250e-02 +2.9375000e-01 +4.5089375e+00 +1.0242708e+00 +1.9519861e+00 -9.1028472e-01 +1.3815208e-01 +3.1253403e-02 +8.8290790e+04
3.7155000e-02 +3.5000000e-01 +1.4895000e+01 +2.9054417e-02 +2.9235417e-01 +4.4527986e+00 +1.0339306e+00 +1.9496389e+00 -9.1015972e-01 +1.3862639e-01 +3.2138194e-02 +8.6135709e+04
3.8003000e-02 +3.5000000e-01 +1.4954917e+01 +2.9591417e-02 +2.9087000e-01 +4.3986528e+00 +1.0430486e+00 +1.9469444e+00 -9.0992361e-01 +1.3913958e-01 +3.2986042e-02 +8.4038412e+04
3.8862000e-02 +3.5000000e-01 +1.5013917e+01 +3.0120833e-02 +2.8930083e-01 +4.3464097e+00 +1.0516389e+00 +1.9438889e+00 -9.0956944e-01 +1.3970347e-01 +3.3794306e-02 +8.1999637e+04
3.9732000e-02 +3.5000000e-01 +1.5072167e+01 +3.0642667e-02 +2.8764500e-01 +4.2959514e+00 +1.0597222e+00 +1.9404653e+00 -9.0910417e-01 +1.4033333e-01 +3.4560556e-02 +8.0023481e+04
4.0613000e-02 +3.5000000e-01 +1.5129667e+01 +3.1157583e-02 +2.8590333e-01 +4.2471528e+00 +1.0673056e+00 +1.9366458e+00 -9.0852083e-01 +1.4104306e-01 +3.5283958e-02 +7.8109992e+04
4.1505000e-02 +3.5000000e-01 +1.5186333e+01 +3.1666750e-02 +2.8407250e-01 +4.1999167e+00 +1.0744167e+00 +1.9324375e+00 -9.0782639e-01 +1.4184236e-01 +3.5965625e-02 +7.6259150e+04
4.2409000e-02 +3.5000000e-01 +1.5242417e+01 +3.2171667e-02 +2.8214750e-01 +4.1541389e+00 +1.0810764e+00 +1.9278333e+00 -9.0702083e-01 +1.4273264e-01 +3.6609167e-02 +7.4467488e+04
4.3324000e-02 +3.5000000e-01 +1.5297833e+01 +3.2673417e-02 +2.8012583e-01 +4.1097153e+00 +1.0872917e+00 +1.9228333e+00 -9.0610417e-01 +1.4370833e-01 +3.7220347e-02 +7.2732909e+04
4.4250000e-02 +3.5000000e-01 +1.5352750e+01 +3.3172583e-02 +2.7800250e-01 +4.0665833e+00 +1.0930833e+00 +1.9174583e+00 -9.0507639e-01 +1.4475625e-01 +3.7805000e-02 +7.1053291e+04
4.5188000e-02 +3.5000000e-01 +1.5407000e+01 +3.3668917e-02 +2.7577833e-01 +4.0247014e+00 +1.0984722e+00 +1.9117083e+00 -9.0395833e-01 +1.4585764e-01 +3.8367292e-02 +6.9426097e+04
4.6137000e-02 +3.5000000e-01 +1.5460833e+01 +3.4161750e-02 +2.7345500e-01 +3.9840556e+00 +1.1034653e+00 +1.9056111e+00 -9.0275000e-01 +1.4698889e-01 +3.8909097e-02 +6.7849018e+04
4.7099000e-02 +3.5000000e-01 +1.5514167e+01 +3.4650250e-02 +2.7103833e-01 +3.9446736e+00 +1.1080833e+00 +1.8991736e+00 -9.0146528e-01 +1.4812708e-01 +3.9430486e-02 +6.6318865e+04
4.8072000e-02 +3.5000000e-01 +1.5567000e+01 +3.5134167e-02 +2.6853500e-01 +3.9065694e+00 +1.1123264e+00 +1.8924375e+00 -9.0011806e-01 +1.4925764e-01 +3.9930694e-02 +6.4831756e+04
4.9057000e-02 +3.5000000e-01 +1.5619417e+01 +3.5613750e-02 +2.6595417e-01 +3.8697708e+00 +1.1162292e+00 +1.8854167e+00 -8.9872222e-01 +1.5037639e-01 +4.0409444e-02 +6.3384477e+04
5.0055000e-02 +3.5000000e-01 +1.5671417e+01 +3.6089750e-02 +2.6330250e-01 +3.8342708e+00 +1.1197917e+00 +1.8781389e+00 -8.9727778e-01 +1.5148889e-01 +4.0867083e-02 +6.1975584e+04
5.1065000e-02 +3.5000000e-01 +1.5723083e+01 +3.6563667e-02 +2.6058500e-01 +3.8000347e+00 +1.1230347e+00 +1.8706458e+00 -8.9577778e-01 +1.5260694e-01 +4.1304097e-02 +6.0605483e+04
5.2087000e-02 +3.5000000e-01 +1.5774250e+01 +3.7037083e-02 +2.5780417e-01 +3.7670069e+00 +1.1259653e+00 +1.8629722e+00 -8.9422917e-01 +1.5375000e-01 +4.1720000e-02 +5.9274105e+04
5.3122000e-02 +3.5000000e-01 +1.5825167e+01 +3.7511167e-02 +2.5496000e-01 +3.7351181e+00 +1.1285972e+00 +1.8551667e+00 -8.9262500e-01 +1.5494444e-01 +4.2113472e-02 +5.7980767e+04
5.4170000e-02 +3.5000000e-01 +1.5875667e+01 +3.7986583e-02 +2.5205000e-01 +3.7042917e+00 +1.1309444e+00 +1.8472778e+00 -8.9095833e-01 +1.5621458e-01 +4.2482778e-02 +5.6724563e+04
5.5231000e-02 +3.5000000e-01 +1.5925917e+01 +3.8463000e-02 +2.4907167e-01 +3.6744514e+00 +1.1330139e+00 +1.8393611e+00 -8.8922917e-01 +1.5758056e-01 +4.2827014e-02 +5.5504301e+04
5.6304000e-02 +3.5000000e-01 +1.5975833e+01 +3.8939167e-02 +2.4602250e-01 +3.6455278e+00 +1.1348194e+00 +1.8314514e+00 -8.8743056e-01 +1.5905347e-01 +4.3145208e-02 +5.4318313e+04
5.7391000e-02 +3.5000000e-01 +1.6025417e+01 +3.9413250e-02 +2.4290167e-01 +3.6175000e+00 +1.1363681e+00 +1.8235694e+00 -8.8556250e-01 +1.6063750e-01 +4.3436458e-02 +5.3164732e+04
5.8491000e-02 +3.5000000e-01 +1.6074750e+01 +3.9882750e-02 +2.3971000e-01 +3.5903194e+00 +1.1376736e+00 +1.8157222e+00 -8.8363889e-01 +1.6232847e-01 +4.3700833e-02 +5.2042426e+04
5.9604000e-02 +3.5000000e-01 +1.6123833e+01 +4.0345583e-02 +2.3645000e-01 +3.5639583e+00 +1.1387500e+00 +1.8078750e+00 -8.8164583e-01 +1.6411528e-01 +4.3939653e-02 +5.0950496e+04
6.0730000e-02 +3.5000000e-01 +1.6172667e+01 +4.0800167e-02 +2.3312750e-01 +3.5383958e+00 +1.1395972e+00 +1.8000069e+00 -8.7960417e-01 +1.6597847e-01 +4.4155764e-02 +4.9888255e+04
6.1870000e-02 +3.5000000e-01 +1.6221250e+01 +4.1246750e-02 +2.2974833e-01 +3.5135833e+00 +1.1402431e+00 +1.7920903e+00 -8.7751389e-01 +1.6788889e-01 +4.4351667e-02 +4.8854456e+04
6.3024000e-02 +3.5000000e-01 +1.6269583e+01 +4.1686667e-02 +2.2632000e-01 +3.4894931e+00 +1.1406806e+00 +1.7841111e+00 -8.7538194e-01 +1.6981389e-01 +4.4527986e-02 +4.7847723e+04
6.4192000e-02 +3.5000000e-01 +1.6317750e+01 +4.2122083e-02 +2.2284750e-01 +3.4660833e+00 +1.1409375e+00 +1.7760556e+00 -8.7320139e-01 +1.7172500e-01 +4.4682986e-02 +4.6867718e+04
6.5374000e-02 +3.5000000e-01 +1.6365667e+01 +4.2555250e-02 +2.1933000e-01 +3.4433056e+00 +1.1410069e+00 +1.7679028e+00 -8.7098611e-01 +1.7360208e-01 +4.4813681e-02 +4.5914374e+04
6.6570000e-02 +3.5000000e-01 +1.6413500e+01 +4.2987583e-02 +2.1576583e-01 +3.4211528e+00 +1.1408958e+00 +1.7596667e+00 -8.6872222e-01 +1.7542569e-01 +4.4917500e-02 +4.4985438e+04
6.7780000e-02 +3.5000000e-01 +1.6461083e+01 +4.3419250e-02 +2.1214667e-01 +3.3995833e+00 +1.1406042e+00 +1.7513611e+00 -8.6640972e-01 +1.7718264e-01 +4.4994375e-02 +4.4077000e+04
6.9004000e-02 +3.5000000e-01 +1.6508500e+01 +4.3848500e-02 +2.0846750e-01 +3.3785625e+00 +1.1401389e+00 +1.7430347e+00 -8.6404861e-01 +1.7886319e-01 +4.5048403e-02 +4.3187654e+04
7.0243000e-02 +3.5000000e-01 +1.6555750e+01 +4.4272167e-02 +2.0472250e-01 +3.3580417e+00 +1.1395000e+00 +1.7347083e+00 -8.6163889e-01 +1.8046597e-01 +4.5086667e-02 +4.2319142e+04
7.1496000e-02 +3.5000000e-01 +1.6602833e+01 +4.4686083e-02 +2.0090750e-01 +3.3379722e+00 +1.1387014e+00 +1.7263889e+00 -8.5915972e-01 +1.8198750e-01 +4.5116181e-02 +4.1473770e+04
7.2765000e-02 +3.5000000e-01 +1.6649833e+01 +4.5086167e-02 +1.9702167e-01 +3.3183542e+00 +1.1377431e+00 +1.7180764e+00 -8.5661806e-01 +1.8342847e-01 +4.5140069e-02 +4.0652235e+04
7.4048000e-02 +3.5000000e-01 +1.6696583e+01 +4.5469083e-02 +1.9306333e-01 +3.2992014e+00 +1.1366319e+00 +1.7097431e+00 -8.5401389e-01 +1.8480278e-01 +4.5157083e-02 +3.9854801e+04
7.5346000e-02 +3.5000000e-01 +1.6743250e+01 +4.5833000e-02 +1.8903583e-01 +3.2805208e+00 +1.1353819e+00 +1.7013750e+00 -8.5136111e-01 +1.8613194e-01 +4.5163889e-02 +3.9081825e+04
7.6659000e-02 +3.5000000e-01 +1.6789833e+01 +4.6177500e-02 +1.8494167e-01 +3.2622847e+00 +1.1339931e+00 +1.6929653e+00 -8.4867361e-01 +1.8743750e-01 +4.5157431e-02 +3.8333522e+04
7.7988000e-02 +3.5000000e-01 +1.6836250e+01 +4.6503333e-02 +1.8078417e-01 +3.2444514e+00 +1.1324931e+00 +1.6845556e+00 -8.4596528e-01 +1.8874097e-01 +4.5136042e-02 +3.7607752e+04
7.9332000e-02 +3.5000000e-01 +1.6882500e+01 +4.6811833e-02 +1.7656583e-01 +3.2269792e+00 +1.1308889e+00 +1.6761736e+00 -8.4325000e-01 +1.9005972e-01 +4.5101597e-02 +3.6900145e+04
8.0691000e-02 +3.5000000e-01 +1.6928667e+01 +4.7104000e-02 +1.7229000e-01 +3.2098264e+00 +1.1292014e+00 +1.6678750e+00 -8.4054167e-01 +1.9139931e-01 +4.5062500e-02 +3.6207029e+04
8.2066000e-02 +3.5000000e-01 +1.6974750e+01 +4.7380500e-02 +1.6795667e-01 +3.1929583e+00 +1.1274375e+00 +1.6596875e+00 -8.3786111e-01 +1.9276042e-01 +4.5032778e-02 +3.5527489e+04
8.3457000e-02 +3.5000000e-01 +1.7020750e+01 +4.7640583e-02 +1.6356667e-01 +3.1763403e+00 +1.1256111e+00 +1.6516389e+00 -8.3519444e-01 +1.9413819e-01 +4.5027847e-02 +3.4862149e+04
8.4864000e-02 +3.5000000e-01 +1.7066667e+01 +4.7882250e-02 +1.5911667e-01 +3.1599236e+00 +1.1237292e+00 +1.6437500e+00 -8.3255556e-01 +1.9553472e-01 +4.5058403e-02 +3.4211572e+04
8.6287000e-02 +3.5000000e-01 +1.7112500e+01 +4.8102750e-02 +1.5460583e-01 +3.1436875e+00 +1.1217986e+00 +1.6360069e+00 -8.2991667e-01 +1.9695486e-01 +4.5127153e-02 +3.3575290e+04
8.7726000e-02 +3.5000000e-01 +1.7158250e+01 +4.8298500e-02 +1.5003083e-01 +3.1276250e+00 +1.1198194e+00 +1.6283958e+00 -8.2728472e-01 +1.9839375e-01 +4.5228750e-02 +3.2951854e+04
8.9181000e-02 +3.5000000e-01 +1.7203917e+01 +4.8465917e-02 +1.4538500e-01 +3.1117014e+00 +1.1177917e+00 +1.6208889e+00 -8.2463889e-01 +1.9983681e-01 +4.5350833e-02 +3.2341443e+04
9.0653000e-02 +3.5000000e-01 +1.7249583e+01 +4.8601833e-02 +1.4066083e-01 +3.0959028e+00 +1.1157153e+00 +1.6134375e+00 -8.2197222e-01 +2.0127292e-01 +4.5477569e-02 +3.1745990e+04
9.2141000e-02 +3.5000000e-01 +1.7295167e+01 +4.8703833e-02 +1.3585000e-01 +3.0801806e+00 +1.1135972e+00 +1.6060139e+00 -8.1927083e-01 +2.0270625e-01 +4.5596181e-02 +3.1166774e+04
9.3646000e-02 +3.5000000e-01 +1.7340750e+01 +4.8770833e-02 +1.3094583e-01 +3.0645069e+00 +1.1114375e+00 +1.5986042e+00 -8.1651389e-01 +2.0413819e-01 +4.5700694e-02 +3.0602665e+04
9.5167000e-02 +3.5000000e-01 +1.7386250e+01 +4.8803250e-02 +1.2595000e-01 +3.0488403e+00 +1.1092222e+00 +1.5911875e+00 -8.1369444e-01 +2.0556528e-01 +4.5787917e-02 +3.0052428e+04
9.6706000e-02 +3.5000000e-01 +1.7431750e+01 +4.8802417e-02 +1.2086500e-01 +3.0331736e+00 +1.1069583e+00 +1.5837639e+00 -8.1081250e-01 +2.0698194e-01 +4.5849444e-02 +2.9516830e+04
9.8262000e-02 +3.5000000e-01 +1.7477167e+01 +4.8770333e-02 +1.1569750e-01 +3.0175417e+00 +1.1046389e+00 +1.5763264e+00 -8.0786806e-01 +2.0838333e-01 +4.5868542e-02 +2.8995041e+04
9.9834000e-02 +3.5000000e-01 +1.7522583e+01 +4.8709083e-02 +1.1044917e-01 +3.0020278e+00 +1.1022431e+00 +1.5688750e+00 -8.0487500e-01 +2.0975625e-01 +4.5825556e-02 +2.8484131e+04
1.0142400e-01 +3.5000000e-01 +1.7568000e+01 +4.8620000e-02 +1.0512000e-01 +2.9867222e+00 +1.0997639e+00 +1.5613819e+00 -8.0182639e-01 +2.1106806e-01 +4.5706806e-02 +2.7982719e+04
1.0303200e-01 +3.5000000e-01 +1.7613417e+01 +4.8503167e-02 +9.9713333e-02 +2.9716597e+00 +1.0971875e+00 +1.5538125e+00 -7.9871528e-01 +2.1228542e-01 +4.5510000e-02 +2.7491486e+04
1.0465700e-01 +3.5000000e-01 +1.7658833e+01 +4.8357333e-02 +9.4239167e-02 +2.9568472e+00 +1.0945139e+00 +1.5461250e+00 -7.9553472e-01 +2.1339653e-01 +4.5243681e-02 +2.7010512e+04
1.0629900e-01 +3.5000000e-01 +1.7704167e+01 +4.8179917e-02 +8.8710833e-02 +2.9422083e+00 +1.0917361e+00 +1.5382778e+00 -7.9228472e-01 +2.1441528e-01 +4.4920139e-02 +2.6539522e+04
1.0796000e-01 +3.5000000e-01 +1.7749500e+01 +4.7967750e-02 +8.3148833e-02 +2.9276528e+00 +1.0888681e+00 +1.5302500e+00 -7.8897917e-01 +2.1535069e-01 +4.4549583e-02 +2.6077743e+04
1.0963800e-01 +3.5000000e-01 +1.7794833e+01 +4.7717417e-02 +7.7572083e-02 +2.9130556e+00 +1.0859167e+00 +1.5220556e+00 -7.8562500e-01 +2.1619028e-01 +4.4138958e-02 +2.5624159e+04
1.1133400e-01 +3.5000000e-01 +1.7840167e+01 +4.7426250e-02 +7.1999417e-02 +2.8983194e+00 +1.0828958e+00 +1.5137014e+00 -7.8222222e-01 +2.1690903e-01 +4.3693681e-02 +2.5178344e+04
1.1304800e-01 +3.5000000e-01 +1.7885417e+01 +4.7092250e-02 +6.6446250e-02 +2.8833889e+00 +1.0798194e+00 +1.5051736e+00 -7.7878472e-01 +2.1749028e-01 +4.3217917e-02 +2.4740647e+04
1.1478100e-01 +3.5000000e-01 +1.7930750e+01 +4.6713917e-02 +6.0921500e-02 +2.8682639e+00 +1.0766944e+00 +1.4964375e+00 -7.7529861e-01 +2.1793125e-01 +4.2711458e-02 +2.4311789e+04
1.1653100e-01 +3.5000000e-01 +1.7976000e+01 +4.6289750e-02 +5.5427500e-02 +2.8529514e+00 +1.0735208e+00 +1.4874653e+00 -7.7176389e-01 +2.1823264e-01 +4.2169514e-02 +2.3891901e+04
1.1830100e-01 +3.5000000e-01 +1.8021167e+01 +4.5819083e-02 +4.9960417e-02 +2.8374861e+00 +1.0703056e+00 +1.4782847e+00 -7.6819444e-01 +2.1838958e-01 +4.1586042e-02 +2.3480000e+04
1.2008800e-01 +3.5000000e-01 +1.8066333e+01 +4.5304833e-02 +4.4513333e-02 +2.8218889e+00 +1.0670417e+00 +1.4689583e+00 -7.6459028e-01 +2.1840139e-01 +4.0957292e-02 +2.3073837e+04
1.2189500e-01 +3.5000000e-01 +1.8111500e+01 +4.4753417e-02 +3.9081667e-02 +2.8062083e+00 +1.0637500e+00 +1.4595556e+00 -7.6097222e-01 +2.1828056e-01 +4.0283333e-02 +2.2671287e+04
1.2372000e-01 +3.5000000e-01 +1.8156667e+01 +4.4172250e-02 +3.3666917e-02 +2.7904653e+00 +1.0604167e+00 +1.4501458e+00 -7.5734028e-01 +2.1804028e-01 +3.9565347e-02 +2.2272973e+04
1.2556400e-01 +3.5000000e-01 +1.8201750e+01 +4.3564167e-02 +2.8276167e-02 +2.7746389e+00 +1.0570278e+00 +1.4407639e+00 -7.5369444e-01 +2.1768056e-01 +3.8799931e-02 +2.1881273e+04
1.2742700e-01 +3.5000000e-01 +1.8246750e+01 +4.2927667e-02 +2.2918500e-02 +2.7587014e+00 +1.0535833e+00 +1.4314375e+00 -7.5000694e-01 +2.1719028e-01 +3.7975347e-02 +2.1498658e+04
1.2930900e-01 +3.5000000e-01 +1.8291750e+01 +4.2261167e-02 +1.7603417e-02 +2.7426458e+00 +1.0500903e+00 +1.4221528e+00 -7.4626389e-01 +2.1655139e-01 +3.7077500e-02 +2.1127270e+04
1.3121000e-01 +3.5000000e-01 +1.8336667e+01 +4.1565167e-02 +1.2342000e-02 +2.7264931e+00 +1.0465486e+00 +1.4128819e+00 -7.4244444e-01 +2.1572083e-01 +3.6101667e-02 +2.0766961e+04
1.3313000e-01 +3.5000000e-01 +1.8381583e+01 +4.0841000e-02 +7.1464000e-03 +2.7102222e+00 +1.0429861e+00 +1.4035972e+00 -7.3852778e-01 +2.1464583e-01 +3.5053750e-02 +2.0414995e+04
1.3507000e-01 +3.5000000e-01 +1.8426417e+01 +4.0089917e-02 +2.0250750e-03 +2.6937708e+00 +1.0394097e+00 +1.3942847e+00 -7.3452083e-01 +2.1328264e-01 +3.3940833e-02 +2.0069412e+04
1.3702900e-01 +3.5000000e-01 +1.8471167e+01 +3.9312167e-02 -3.0192500e-03 +2.6770764e+00 +1.0358264e+00 +1.3849861e+00 -7.3041667e-01 +2.1161250e-01 +3.2763819e-02 +1.9730261e+04
1.3900700e-01 +3.5000000e-01 +1.8515917e+01 +3.8507500e-02 -7.9905250e-03 +2.6601111e+00 +1.0322431e+00 +1.3758056e+00 -7.2621528e-01 +2.0963611e-01 +3.1516806e-02 +1.9396572e+04
1.4100500e-01 +3.5000000e-01 +1.8560583e+01 +3.7676833e-02 -1.2901583e-02 +2.6428819e+00 +1.0286458e+00 +1.3668056e+00 -7.2191667e-01 +2.0737986e-01 +3.0198681e-02 +1.9067515e+04
1.4302300e-01 +3.5000000e-01 +1.8605250e+01 +3.6822083e-02 -1.7773667e-02 +2.6253889e+00 +1.0250139e+00 +1.3579583e+00 -7.1750694e-01 +2.0489792e-01 +2.8830694e-02 +1.8745551e+04
1.4506100e-01 +3.5000000e-01 +1.8649833e+01 +3.5944917e-02 -2.2631583e-02 +2.6076736e+00 +1.0213333e+00 +1.3491319e+00 -7.1301389e-01 +2.0223958e-01 +2.7457639e-02 +1.8434206e+04
1.4711800e-01 +3.5000000e-01 +1.8694500e+01 +3.5044250e-02 -2.7493250e-02 +2.5897500e+00 +1.0175972e+00 +1.3402222e+00 -7.0844444e-01 +1.9942361e-01 +2.6126319e-02 +1.8133318e+04
1.4919600e-01 +3.5000000e-01 +1.8739083e+01 +3.4115667e-02 -3.2362333e-02 +2.5716319e+00 +1.0138056e+00 +1.3311944e+00 -7.0381250e-01 +1.9646250e-01 +2.4868194e-02 +1.7838654e+04
1.5129300e-01 +3.5000000e-01 +1.8783667e+01 +3.3152750e-02 -3.7233417e-02 +2.5533542e+00 +1.0099722e+00 +1.3220833e+00 -6.9913889e-01 +1.9339792e-01 +2.3692500e-02 +1.7547505e+04
1.5341000e-01 +3.5000000e-01 +1.8828250e+01 +3.2148583e-02 -4.2094583e-02 +2.5349167e+00 +1.0060903e+00 +1.3129097e+00 -6.9442500e-01 +1.9029861e-01 +2.2586250e-02 +1.7260801e+04
1.5554800e-01 +3.5000000e-01 +1.8872750e+01 +3.1098250e-02 -4.6919417e-02 +2.5163125e+00 +1.0021528e+00 +1.3037361e+00 -6.8966944e-01 +1.8722639e-01 +2.1523542e-02 +1.6980606e+04
1.5770600e-01 +3.5000000e-01 +1.8917250e+01 +3.0000083e-02 -5.1666083e-02 +2.4975208e+00 +9.9814583e-01 +1.2945903e+00 -6.8486042e-01 +1.8420000e-01 +2.0469097e-02 +1.6708695e+04
1.5988400e-01 +3.5000000e-01 +1.8961750e+01 +2.8856583e-02 -5.6295667e-02 +2.4785208e+00 +9.9405556e-01 +1.2854792e+00 -6.7997431e-01 +1.8119792e-01 +1.9380069e-02 +1.6446221e+04
1.6208200e-01 +3.5000000e-01 +1.9006250e+01 +2.7673750e-02 -6.0789083e-02 +2.4592986e+00 +9.8988194e-01 +1.2764028e+00 -6.7499097e-01 +1.7816736e-01 +1.8219722e-02 +1.6190791e+04
1.6430000e-01 +3.5000000e-01 +1.9050750e+01 +2.6458833e-02 -6.5146833e-02 +2.4398750e+00 +9.8561806e-01 +1.2673125e+00 -6.6990347e-01 +1.7506667e-01 +1.6966875e-02 +1.5939009e+04
1.6654000e-01 +3.5000000e-01 +1.9095167e+01 +2.5216750e-02 -6.9379000e-02 +2.4202708e+00 +9.8126389e-01 +1.2581458e+00 -6.6471736e-01 +1.7190486e-01 +1.5610972e-02 +1.5690021e+04
1.6879900e-01 +3.5000000e-01 +1.9139500e+01 +2.3949083e-02 -7.3497167e-02 +2.4004931e+00 +9.7684028e-01 +1.2488403e+00 -6.5944861e-01 +1.6872778e-01 +1.4143125e-02 +1.5445255e+04
1.7107900e-01 +3.5000000e-01 +1.9183833e+01 +2.2654000e-02 -7.7511250e-02 +2.3805486e+00 +9.7237500e-01 +1.2393681e+00 -6.5412292e-01 +1.6556875e-01 +1.2550417e-02 +1.5205177e+04
1.7338000e-01 +3.5000000e-01 +1.9228083e+01 +2.1325083e-02 -8.1428333e-02 +2.3605000e+00 +9.6788889e-01 +1.2297431e+00 -6.4876667e-01 +1.6243542e-01 +1.0818333e-02 +1.4967062e+04
1.7570100e-01 +3.5000000e-01 +1.9272333e+01 +1.9954083e-02 -8.5261667e-02 +2.3404444e+00 +9.6340972e-01 +1.2199931e+00 -6.4337917e-01 +1.5930625e-01 +8.9397222e-03 +1.4728749e+04
1.7804300e-01 +3.5000000e-01 +1.9316500e+01 +1.8537500e-02 -8.9032500e-02 +2.3203750e+00 +9.5895139e-01 +1.2101389e+00 -6.3794514e-01 +1.5615764e-01 +6.9246736e-03 +1.4491665e+04
1.8040600e-01 +3.5000000e-01 +1.9360583e+01 +1.7078833e-02 -9.2760833e-02 +2.3002083e+00 +9.5452778e-01 +1.2001597e+00 -6.3246250e-01 +1.5302222e-01 +4.7971806e-03 +1.4258447e+04
1.8278900e-01 +3.5000000e-01 +1.9404583e+01 +1.5584333e-02 -9.6466667e-02 +2.2798264e+00 +9.5012500e-01 +1.1900764e+00 -6.2693819e-01 +1.4995069e-01 +2.5818889e-03 +1.4032841e+04
1.8519300e-01 +3.5000000e-01 +1.9448500e+01 +1.4056250e-02 -1.0016250e-01 +2.2591597e+00 +9.4572917e-01 +1.1798958e+00 -6.2137569e-01 +1.4695556e-01 +2.9244722e-04 +1.3816096e+04
1.8761700e-01 +3.5000000e-01 +1.9492333e+01 +1.2489750e-02 -1.0384333e-01 +2.2382431e+00 +9.4132639e-01 +1.1696667e+00 -6.1577083e-01 +1.4400764e-01 -2.0709444e-03 +1.3604817e+04
1.9006300e-01 +3.5000000e-01 +1.9536083e+01 +1.0877250e-02 -1.0748667e-01 +2.2171042e+00 +9.3690278e-01 +1.1594306e+00 -6.1011806e-01 +1.4107083e-01 -4.5069306e-03 +1.3396716e+04
1.9252900e-01 +3.5000000e-01 +1.9579833e+01 +9.2161667e-03 -1.1106833e-01 +2.1957569e+00 +9.3245833e-01 +1.1492083e+00 -6.0442361e-01 +1.3810208e-01 -6.9957639e-03 +1.3192476e+04
1.9501600e-01 +3.5000000e-01 +1.9623500e+01 +7.5100667e-03 -1.1457583e-01 +2.1741736e+00 +9.2798611e-01 +1.1390208e+00 -5.9870069e-01 +1.3504514e-01 -9.5037500e-03 +1.2990938e+04
1.9752400e-01 +3.5000000e-01 +1.9667000e+01 +5.7638167e-03 -1.1800000e-01 +2.1523264e+00 +9.2351389e-01 +1.1288750e+00 -5.9294861e-01 +1.3184306e-01 -1.2003681e-02 +1.2791002e+04
2.0005300e-01 +3.5000000e-01 +1.9710333e+01 +3.9792167e-03 -1.2133833e-01 +2.1301944e+00 +9.1904861e-01 +1.1188264e+00 -5.8715139e-01 +1.2844375e-01 -1.4483611e-02 +1.2592491e+04
2.0260200e-01 +3.5000000e-01 +1.9753500e+01 +2.1558250e-03 -1.2458583e-01 +2.1078125e+00 +9.1458333e-01 +1.1089444e+00 -5.8129097e-01 +1.2481250e-01 -1.6936458e-02 +1.2396141e+04
2.0517200e-01 +3.5000000e-01 +1.9796417e+01 +2.9076083e-04 -1.2772667e-01 +2.0853125e+00 +9.1009722e-01 +1.0992847e+00 -5.7535278e-01 +1.2091736e-01 -1.9354861e-02 +1.2203611e+04
2.0776300e-01 +3.5000000e-01 +1.9839167e+01 -1.6224833e-03 -1.3073750e-01 +2.0627986e+00 +9.0557639e-01 +1.0898264e+00 -5.6931597e-01 +1.1674375e-01 -2.1733681e-02 +1.2015463e+04
2.1037500e-01 +3.5000000e-01 +1.9881750e+01 -3.5913750e-03 -1.3360000e-01 +2.0403125e+00 +9.0099306e-01 +1.0804583e+00 -5.6314444e-01 +1.1230833e-01 -2.4070694e-02 +1.1831026e+04
2.1300800e-01 +3.5000000e-01 +1.9924167e+01 -5.6183833e-03 -1.3630500e-01 +2.0178333e+00 +8.9634722e-01 +1.0710347e+00 -5.5681111e-01 +1.0764722e-01 -2.6373333e-02 +1.1650890e+04
2.1566100e-01 +3.5000000e-01 +1.9966417e+01 -7.6985167e-03 -1.3884917e-01 +1.9953403e+00 +8.9165972e-01 +1.0614653e+00 -5.5029792e-01 +1.0281944e-01 -2.8658889e-02 +1.1475862e+04
2.1833500e-01 +3.5000000e-01 +2.0008417e+01 -9.8255000e-03 -1.4123417e-01 +1.9728750e+00 +8.8693750e-01 +1.0517986e+00 -5.4360069e-01 +9.7900000e-02 -3.0936875e-02 +1.1303005e+04
2.2102900e-01 +3.5000000e-01 +2.0050333e+01 -1.1998167e-02 -1.4345000e-01 +1.9505139e+00 +8.8218750e-01 +1.0421042e+00 -5.3672431e-01 +9.2911806e-02 -3.3196736e-02 +1.1131385e+04
2.2374400e-01 +3.5000000e-01 +2.0091917e+01 -1.4219917e-02 -1.4546833e-01 +1.9282708e+00 +8.7740278e-01 +1.0324583e+00 -5.2967569e-01 +8.7786111e-02 -3.5421111e-02 +1.0963765e+04
2.2648000e-01 +3.5000000e-01 +2.0133417e+01 -1.6493500e-02 -1.4725250e-01 +1.9060972e+00 +8.7259028e-01 +1.0228819e+00 -5.2245417e-01 +8.2455556e-02 -3.7601111e-02 +1.0800468e+04
2.2923600e-01 +3.5000000e-01 +2.0174583e+01 -1.8819667e-02 -1.4878583e-01 +1.8839514e+00 +8.6776389e-01 +1.0133958e+00 -5.1505833e-01 +7.6925000e-02 -3.9732222e-02 +1.0638674e+04
2.3201300e-01 +3.5000000e-01 +2.0215583e+01 -2.1196750e-02 -1.5008083e-01 +1.8617778e+00 +8.6293750e-01 +1.0039583e+00 -5.0748958e-01 +7.1214583e-02 -4.1807500e-02 +1.0478677e+04
2.3481000e-01 +3.5000000e-01 +2.0256333e+01 -2.3618000e-02 -1.5115833e-01 +1.8395417e+00 +8.5812500e-01 +9.9457639e-01 -4.9977083e-01 +6.5317917e-02 -4.3810972e-02 +1.0322797e+04
2.3762700e-01 +3.5000000e-01 +2.0296750e+01 -2.6070833e-02 -1.5202500e-01 +1.8172569e+00 +8.5334722e-01 +9.8529167e-01 -4.9194097e-01 +5.9215833e-02 -4.5715069e-02 +1.0170404e+04
2.4046400e-01 +3.5000000e-01 +2.0336917e+01 -2.8541750e-02 -1.5268667e-01 +1.7949306e+00 +8.4862500e-01 +9.7612500e-01 -4.8403125e-01 +5.2907361e-02 -4.7499514e-02 +1.0020593e+04
2.4332200e-01 +3.5000000e-01 +2.0376750e+01 -3.1022500e-02 -1.5314667e-01 +1.7725417e+00 +8.4395833e-01 +9.6705556e-01 -4.7604306e-01 +4.6417361e-02 -4.9160000e-02 +9.8747136e+03
2.4620000e-01 +3.5000000e-01 +2.0416333e+01 -3.3513917e-02 -1.5340167e-01 +1.7500764e+00 +8.3931944e-01 +9.5802083e-01 -4.6795903e-01 +3.9768958e-02 -5.0701319e-02 +9.7332689e+03
2.4909800e-01 +3.5000000e-01 +2.0455583e+01 -3.6022917e-02 -1.5344250e-01 +1.7275903e+00 +8.3468750e-01 +9.4893750e-01 -4.5976250e-01 +3.2966667e-02 -5.2141458e-02 +9.5957982e+03
2.5201500e-01 +3.5000000e-01 +2.0494500e+01 -3.8552917e-02 -1.5326917e-01 +1.7051250e+00 +8.3004167e-01 +9.3975694e-01 -4.5144583e-01 +2.6038889e-02 -5.3512778e-02 +9.4619245e+03
2.5495300e-01 +3.5000000e-01 +2.0533083e+01 -4.1093250e-02 -1.5289750e-01 +1.6826875e+00 +8.2539583e-01 +9.3045139e-01 -4.4301111e-01 +1.9066042e-02 -5.4854792e-02 +9.3294413e+03
2.5791000e-01 +3.5000000e-01 +2.0571333e+01 -4.3618833e-02 -1.5235333e-01 +1.6602639e+00 +8.2075694e-01 +9.2108333e-01 -4.3446875e-01 +1.2134861e-02 -5.6193819e-02 +9.1965286e+03
2.6088700e-01 +3.5000000e-01 +2.0609167e+01 -4.6107583e-02 -1.5165250e-01 +1.6378958e+00 +8.1615972e-01 +9.1177778e-01 -4.2583681e-01 +5.3016042e-03 -5.7537361e-02 +9.0626723e+03
2.6388300e-01 +3.5000000e-01 +2.0646417e+01 -4.8547333e-02 -1.5079667e-01 +1.6156944e+00 +8.1162500e-01 +9.0270139e-01 -4.1714028e-01 -1.4230000e-03 -5.8895347e-02 +8.9290415e+03
2.6689900e-01 +3.5000000e-01 +2.0683000e+01 -5.0927500e-02 -1.4978333e-01 +1.5937986e+00 +8.0714583e-01 +8.9391667e-01 -4.0838958e-01 -8.0889583e-03 -6.0286042e-02 +8.7978067e+03
2.6993400e-01 +3.5000000e-01 +2.0719000e+01 -5.3235250e-02 -1.4861167e-01 +1.5722708e+00 +8.0274306e-01 +8.8538889e-01 -3.9957639e-01 -1.4774375e-02 -6.1709097e-02 +8.6713091e+03
2.7298800e-01 +3.5000000e-01 +2.0754333e+01 -5.5458333e-02 -1.4728417e-01 +1.5510694e+00 +7.9840972e-01 +8.7703472e-01 -3.9068472e-01 -2.1522847e-02 -6.3128056e-02 +8.5502908e+03
2.7606100e-01 +3.5000000e-01 +2.0789250e+01 -5.7588333e-02 -1.4580583e-01 +1.5301042e+00 +7.9414583e-01 +8.6885417e-01 -3.8170278e-01 -2.8343403e-02 -6.4494097e-02 +8.4325506e+03
2.7915300e-01 +3.5000000e-01 +2.0823583e+01 -5.9622167e-02 -1.4418500e-01 +1.5093194e+00 +7.8995139e-01 +8.6089583e-01 -3.7262222e-01 -3.5225764e-02 -6.5780486e-02 +8.3172410e+03
2.8226400e-01 +3.5000000e-01 +2.0857500e+01 -6.1564167e-02 -1.4242833e-01 +1.4886528e+00 +7.8584028e-01 +8.5314583e-01 -3.6345000e-01 -4.2170139e-02 -6.6978403e-02 +8.2063910e+03
2.8539300e-01 +3.5000000e-01 +2.0891000e+01 -6.3424333e-02 -1.4053833e-01 +1.4680903e+00 +7.8182639e-01 +8.4551389e-01 -3.5420486e-01 -4.9211806e-02 -6.8073125e-02 +8.1005749e+03
2.8854100e-01 +3.5000000e-01 +2.0924083e+01 -6.5210583e-02 -1.3851083e-01 +1.4477222e+00 +7.7795139e-01 +8.3795833e-01 -3.4492292e-01 -5.6357708e-02 -6.9044167e-02 +7.9974654e+03
2.9170600e-01 +3.5000000e-01 +2.0956583e+01 -6.6923583e-02 -1.3634333e-01 +1.4277014e+00 +7.7421528e-01 +8.3047222e-01 -3.3564236e-01 -6.3543750e-02 -6.9882639e-02 +7.8954323e+03
2.9489000e-01 +3.5000000e-01 +2.0988417e+01 -6.8557917e-02 -1.3403333e-01 +1.4082361e+00 +7.7058333e-01 +8.2305556e-01 -3.2638403e-01 -7.0674306e-02 -7.0601389e-02 +7.7954842e+03
2.9809200e-01 +3.5000000e-01 +2.1019583e+01 -7.0105083e-02 -1.3157500e-01 +1.3895833e+00 +7.6702083e-01 +8.1570833e-01 -3.1714861e-01 -7.7684028e-02 -7.1217361e-02 +7.6990772e+03
3.0131100e-01 +3.5000000e-01 +2.1049833e+01 -7.1558917e-02 -1.2896333e-01 +1.3718750e+00 +7.6350000e-01 +8.0845833e-01 -3.0792361e-01 -8.4598611e-02 -7.1736806e-02 +7.6054747e+03
3.0454800e-01 +3.5000000e-01 +2.1079333e+01 -7.2917167e-02 -1.2620917e-01 +1.3550903e+00 +7.6003472e-01 +8.0137500e-01 -2.9870556e-01 -9.1502083e-02 -7.2168056e-02 +7.5136334e+03
3.0780200e-01 +3.5000000e-01 +2.1107917e+01 -7.4178750e-02 -1.2334083e-01 +1.3391667e+00 +7.5665278e-01 +7.9443750e-01 -2.8951736e-01 -9.8469444e-02 -7.2527083e-02 +7.4236293e+03
3.1107400e-01 +3.5000000e-01 +2.1135583e+01 -7.5345417e-02 -1.2039583e-01 +1.3240833e+00 +7.5335417e-01 +7.8761806e-01 -2.8038611e-01 -1.0551181e-01 -7.2811111e-02 +7.3366431e+03
3.1436200e-01 +3.5000000e-01 +2.1162333e+01 -7.6426500e-02 -1.1739250e-01 +1.3098889e+00 +7.5013194e-01 +7.8088889e-01 -2.7132292e-01 -1.1260139e-01 -7.3005556e-02 +7.2541406e+03
3.1766700e-01 +3.5000000e-01 +2.1188083e+01 -7.7432000e-02 -1.1432167e-01 +1.2966667e+00 +7.4697222e-01 +7.7427778e-01 -2.6231597e-01 -1.1970625e-01 -7.3127083e-02 +7.1754291e+03
3.2098800e-01 +3.5000000e-01 +2.1212833e+01 -7.8366417e-02 -1.1119250e-01 +1.2843681e+00 +7.4388194e-01 +7.6791667e-01 -2.5334792e-01 -1.2676806e-01 -7.3237500e-02 +7.0982834e+03
3.2432600e-01 +3.5000000e-01 +2.1236667e+01 -7.9228583e-02 -1.0804167e-01 +1.2728889e+00 +7.4086806e-01 +7.6181250e-01 -2.4442153e-01 -1.3368056e-01 -7.3391667e-02 +7.0230767e+03
3.2768000e-01 +3.5000000e-01 +2.1259583e+01 -8.0014583e-02 -1.0489167e-01 +1.2621389e+00 +7.3795833e-01 +7.5594444e-01 -2.3555000e-01 -1.4033403e-01 -7.3595833e-02 +6.9509745e+03
3.3104900e-01 +3.5000000e-01 +2.1281500e+01 -8.0716917e-02 -1.0173583e-01 +1.2521042e+00 +7.3515278e-01 +7.5029861e-01 -2.2672778e-01 -1.4667153e-01 -7.3824306e-02 +6.8817483e+03
3.3443500e-01 +3.5000000e-01 +2.1302583e+01 -8.1321500e-02 -9.8540833e-02 +1.2427847e+00 +7.3246528e-01 +7.4484028e-01 -2.1795069e-01 -1.5271319e-01 -7.4048611e-02 +6.8151864e+03
3.3783500e-01 +3.5000000e-01 +2.1322750e+01 -8.1811250e-02 -9.5259167e-02 +1.2341736e+00 +7.2986806e-01 +7.3948611e-01 -2.0923472e-01 -1.5856181e-01 -7.4251389e-02 +6.7525942e+03
3.4125100e-01 +3.5000000e-01 +2.1342083e+01 -8.2170833e-02 -9.1847500e-02 +1.2262569e+00 +7.2737500e-01 +7.3419444e-01 -2.0061042e-01 -1.6436458e-01 -7.4418056e-02 +6.6958618e+03
3.4468100e-01 +3.5000000e-01 +2.1360750e+01 -8.2388917e-02 -8.8284167e-02 +1.2190972e+00 +7.2501389e-01 +7.2905556e-01 -1.9212083e-01 -1.7020764e-01 -7.4513194e-02 +6.6443385e+03
3.4812600e-01 +3.5000000e-01 +2.1378667e+01 -8.2464167e-02 -8.4560000e-02 +1.2127778e+00 +7.2281250e-01 +7.2419444e-01 -1.8381944e-01 -1.7613958e-01 -7.4475000e-02 +6.5966198e+03
3.5158500e-01 +3.5000000e-01 +2.1395833e+01 -8.2400583e-02 -8.0685750e-02 +1.2074028e+00 +7.2081944e-01 +7.1965278e-01 -1.7574792e-01 -1.8224583e-01 -7.4245833e-02 +6.5536095e+03
3.5505900e-01 +3.5000000e-01 +2.1412250e+01 -8.2202500e-02 -7.6676917e-02 +1.2030208e+00 +7.1902083e-01 +7.1540278e-01 -1.6793125e-01 -1.8859653e-01 -7.3815972e-02 +6.5167168e+03
3.5854600e-01 +3.5000000e-01 +2.1427833e+01 -8.1879500e-02 -7.2537000e-02 +1.1995486e+00 +7.1740278e-01 +7.1145833e-01 -1.6037153e-01 -1.9520903e-01 -7.3222917e-02 +6.4847733e+03
3.6204600e-01 +3.5000000e-01 +2.1442583e+01 -8.1444417e-02 -6.8272000e-02 +1.1969097e+00 +7.1592361e-01 +7.0786806e-01 -1.5303958e-01 -2.0203889e-01 -7.2508333e-02 +6.4551193e+03
3.6556000e-01 +3.5000000e-01 +2.1456417e+01 -8.0903917e-02 -6.3907833e-02 +1.1950486e+00 +7.1454167e-01 +7.0464583e-01 -1.4588889e-01 -2.0900278e-01 -7.1686111e-02 +6.4263057e+03
3.6908700e-01 +3.5000000e-01 +2.1469333e+01 -8.0259167e-02 -5.9477333e-02 +1.1939444e+00 +7.1325000e-01 +7.0175694e-01 -1.3887153e-01 -2.1603750e-01 -7.0756250e-02 +6.3979244e+03
3.7262600e-01 +3.5000000e-01 +2.1481417e+01 -7.9514500e-02 -5.5008000e-02 +1.1936250e+00 +7.1203472e-01 +6.9912500e-01 -1.3196875e-01 -2.2304722e-01 -6.9736111e-02 +6.3704075e+03
3.7617800e-01 +3.5000000e-01 +2.1492667e+01 -7.8678167e-02 -5.0509917e-02 +1.1941042e+00 +7.1088889e-01 +6.9663889e-01 -1.2518681e-01 -2.2996181e-01 -6.8635069e-02 +6.3459924e+03
3.7974200e-01 +3.5000000e-01 +2.1503167e+01 -7.7755917e-02 -4.5950750e-02 +1.1953542e+00 +7.0981250e-01 +6.9414861e-01 -1.1855069e-01 -2.3677847e-01 -6.7473611e-02 +6.3257429e+03
3.8331700e-01 +3.5000000e-01 +2.1512917e+01 -7.6748833e-02 -4.1283583e-02 +1.1972708e+00 +7.0879167e-01 +6.9160417e-01 -1.1209028e-01 -2.4346528e-01 -6.6297014e-02 +6.3079803e+03
3.8690400e-01 +3.5000000e-01 +2.1522000e+01 -7.5655583e-02 -3.6508250e-02 +1.1997778e+00 +7.0782639e-01 +6.8904792e-01 -1.0583611e-01 -2.4996458e-01 -6.5146875e-02 +6.2911442e+03
3.9050200e-01 +3.5000000e-01 +2.1530333e+01 -7.4473667e-02 -3.1685167e-02 +1.2028333e+00 +7.0691667e-01 +6.8650764e-01 -9.9803472e-02 -2.5622500e-01 -6.4009028e-02 +6.2750897e+03
3.9411100e-01 +3.5000000e-01 +2.1538000e+01 -7.3201750e-02 -2.6896000e-02 +1.2064167e+00 +7.0607639e-01 +6.8402222e-01 -9.3988889e-02 -2.6219653e-01 -6.2811597e-02 +6.2600184e+03
3.9773000e-01 +3.5000000e-01 +2.1544917e+01 -7.1835167e-02 -2.2198583e-02 +1.2105556e+00 +7.0534028e-01 +6.8163681e-01 -8.8390972e-02 -2.6786042e-01 -6.1485139e-02 +6.2455198e+03
4.0135900e-01 +3.5000000e-01 +2.1551250e+01 -7.0364583e-02 -1.7623417e-02 +1.2152431e+00 +7.0470139e-01 +6.7937708e-01 -8.3018750e-02 -2.7324097e-01 -6.0006042e-02 +6.2309891e+03
4.0499800e-01 +3.5000000e-01 +2.1556833e+01 -6.8788000e-02 -1.3182250e-02 +1.2203056e+00 +7.0415278e-01 +6.7722778e-01 -7.7875694e-02 -2.7837569e-01 -5.8391944e-02 +6.2177730e+03
4.0864600e-01 +3.5000000e-01 +2.1561917e+01 -6.7116167e-02 -8.8646667e-03 +1.2254653e+00 +7.0366667e-01 +6.7518194e-01 -7.2950694e-02 -2.8327083e-01 -5.6672708e-02 +6.2080175e+03
4.1230400e-01 +3.5000000e-01 +2.1566417e+01 -6.5361083e-02 -4.6291750e-03 +1.2305903e+00 +7.0325000e-01 +6.7332917e-01 -6.8216875e-02 -2.8793889e-01 -5.4873472e-02 +6.2013548e+03
4.1597000e-01 +3.5000000e-01 +2.1570417e+01 -6.3524167e-02 -4.3748500e-04 +1.2357292e+00 +7.0288889e-01 +6.7181667e-01 -6.3647014e-02 -2.9244097e-01 -5.3023125e-02 +6.1945145e+03
4.1964500e-01 +3.5000000e-01 +2.1574083e+01 -6.1592917e-02 +3.7099667e-03 +1.2409722e+00 +7.0258333e-01 +6.7070208e-01 -5.9226389e-02 -2.9682986e-01 -5.1149583e-02 +6.1859968e+03
4.2332800e-01 +3.5000000e-01 +2.1577333e+01 -5.9546667e-02 +7.7642083e-03 +1.2463264e+00 +7.0230556e-01 +6.6988333e-01 -5.4967500e-02 -3.0107708e-01 -4.9264167e-02 +6.1786764e+03
4.2701900e-01 +3.5000000e-01 +2.1580333e+01 -5.7369500e-02 +1.1641167e-02 +1.2517292e+00 +7.0202083e-01 +6.6923750e-01 -5.0901667e-02 -3.0514097e-01 -4.7344028e-02 +6.1732197e+03
4.3071600e-01 +3.5000000e-01 +2.1582917e+01 -5.5056083e-02 +1.5271417e-02 +1.2570764e+00 +7.0171528e-01 +6.6865208e-01 -4.7059792e-02 -3.0901736e-01 -4.5342847e-02 +6.1685082e+03
4.3442100e-01 +3.5000000e-01 +2.1585083e+01 -5.2617500e-02 +1.8638417e-02 +1.2622639e+00 +7.0137500e-01 +6.6794375e-01 -4.3442222e-02 -3.1267847e-01 -4.3236875e-02 +6.1652711e+03
4.3813300e-01 +3.5000000e-01 +2.1586917e+01 -5.0071667e-02 +2.1780167e-02 +1.2672292e+00 +7.0102083e-01 +6.6697153e-01 -4.0021250e-02 -3.1607431e-01 -4.1014861e-02 +6.1646611e+03
4.4185100e-01 +3.5000000e-01 +2.1588500e+01 -4.7424750e-02 +2.4750333e-02 +1.2719028e+00 +7.0068750e-01 +6.6572083e-01 -3.6766319e-02 -3.1920694e-01 -3.8659722e-02 +6.1670672e+03
4.4557400e-01 +3.5000000e-01 +2.1589750e+01 -4.4673583e-02 +2.7590417e-02 +1.2762083e+00 +7.0043056e-01 +6.6428819e-01 -3.3654375e-02 -3.2212500e-01 -3.6171250e-02 +6.1719967e+03
4.4930400e-01 +3.5000000e-01 +2.1590833e+01 -4.1821917e-02 +3.0325667e-02 +1.2800972e+00 +7.0028472e-01 +6.6284514e-01 -3.0660625e-02 -3.2485764e-01 -3.3569861e-02 +6.1780263e+03
4.5303800e-01 +3.5000000e-01 +2.1591667e+01 -3.8891750e-02 +3.2958667e-02 +1.2836181e+00 +7.0027083e-01 +6.6155694e-01 -2.7764722e-02 -3.2739514e-01 -3.0888958e-02 +6.1840313e+03
4.5677700e-01 +3.5000000e-01 +2.1592333e+01 -3.5909500e-02 +3.5466250e-02 +1.2869583e+00 +7.0036111e-01 +6.6050694e-01 -2.4964236e-02 -3.2971319e-01 -2.8172569e-02 +6.1893733e+03
4.6052100e-01 +3.5000000e-01 +2.1592833e+01 -3.2885750e-02 +3.7834083e-02 +1.2903542e+00 +7.0052083e-01 +6.5971875e-01 -2.2273056e-02 -3.3183472e-01 -2.5461181e-02 +6.1927053e+03
4.6426900e-01 +3.5000000e-01 +2.1593250e+01 -2.9813833e-02 +4.0047000e-02 +1.2938403e+00 +7.0072222e-01 +6.5916319e-01 -1.9715486e-02 -3.3382083e-01 -2.2791042e-02 +6.1937567e+03
4.6802000e-01 +3.5000000e-01 +2.1593417e+01 -2.6686000e-02 +4.2053750e-02 +1.2973125e+00 +7.0092361e-01 +6.5877778e-01 -1.7319167e-02 -3.3570903e-01 -2.0182431e-02 +6.1945418e+03
4.7177500e-01 +3.5000000e-01 +2.1593500e+01 -2.3500833e-02 +4.3808417e-02 +1.3007222e+00 +7.0110417e-01 +6.5853264e-01 -1.5077917e-02 -3.3751736e-01 -1.7630208e-02 +6.1953318e+03
4.7553200e-01 +3.5000000e-01 +2.1593500e+01 -2.0260167e-02 +4.5314250e-02 +1.3040000e+00 +7.0122222e-01 +6.5838681e-01 -1.2944097e-02 -3.3928819e-01 -1.5125069e-02 +6.1957938e+03
4.7929200e-01 +3.5000000e-01 +2.1593333e+01 -1.6970667e-02 +4.6593750e-02 +1.3069931e+00 +7.0127778e-01 +6.5831944e-01 -1.0866736e-02 -3.4098958e-01 -1.2674861e-02 +6.1958933e+03
4.8305400e-01 +3.5000000e-01 +2.1593167e+01 -1.3641167e-02 +4.7653000e-02 +1.3095903e+00 +7.0127083e-01 +6.5833611e-01 -8.8215972e-03 -3.4251806e-01 -1.0291667e-02 +6.1957350e+03
4.8681800e-01 +3.5000000e-01 +2.1592917e+01 -1.0275833e-02 +4.8476417e-02 +1.3117639e+00 +7.0122222e-01 +6.5840972e-01 -6.8083194e-03 -3.4380556e-01 -7.9672917e-03 +6.1965412e+03
4.9058400e-01 +3.5000000e-01 +2.1592667e+01 -6.8765750e-03 +4.9070750e-02 +1.3135764e+00 +7.0114583e-01 +6.5854306e-01 -4.8269583e-03 -3.4482847e-01 -5.6748264e-03 +6.1969791e+03
4.9435000e-01 +3.5000000e-01 +2.1592417e+01 -3.4477917e-03 +4.9473000e-02 +1.3149514e+00 +7.0108333e-01 +6.5871875e-01 -2.8744375e-03 -3.4555556e-01 -3.3975972e-03 +6.1953819e+03
4.9811700e-01 +3.5000000e-01 +2.1592333e+01 +0.0000000e+00 +4.9688083e-02 +1.3157222e+00 +7.0104167e-01 +6.5883403e-01 -9.5280556e-04 -3.4593472e-01 -1.1313819e-03 +6.1936042e+03
5.0188300e-01 +3.5000000e-01 +2.1592333e+01 +3.4477917e-03 +4.9688083e-02 +1.3157222e+00 +7.0104167e-01 +6.5883403e-01 +9.5280556e-04 -3.4593472e-01 +1.1313819e-03 +6.1936042e+03
5.0565000e-01 +3.5000000e-01 +2.1592417e+01 +6.8765750e-03 +4.9473000e-02 +1.3149514e+00 +7.0108333e-01 +6.5871875e-01 +2.8744375e-03 -3.4555556e-01 +3.3975972e-03 +6.1953819e+03
5.0941600e-01 +3.5000000e-01 +2.1592667e+01 +1.0275833e-02 +4.9070750e-02 +1.3135764e+00 +7.0114583e-01 +6.5854306e-01 +4.8269583e-03 -3.4482847e-01 +5.6748264e-03 +6.1969791e+03
5.1318200e-01 +3.5000000e-01 +2.1592917e+01 +1.3641167e-02 +4.8476417e-02 +1.3117639e+00 +7.0122222e-01 +6.5840972e-01 +6.8083194e-03 -3.4380556e-01 +7.9672917e-03 +6.1965412e+03
5.1694600e-01 +3.5000000e-01 +2.1593167e+01 +1.6970667e-02 +4.7653000e-02 +1.3095903e+00 +7.0127083e-01 +6.5833611e-01 +8.8215972e-03 -3.4251806e-01 +1.0291667e-02 +6.1957350e+03
5.2070800e-01 +3.5000000e-01 +2.1593333e+01 +2.0260167e-02 +4.6593750e-02 +1.3069931e+00 +7.0127778e-01 +6.5831944e-01 +1.0866736e-02 -3.4098958e-01 +1.2674861e-02 +6.1958933e+03
5.2446800e-01 +3.5000000e-01 +2.1593500e+01 +2.3500833e-02 +4.5314250e-02 +1.3040000e+00 +7.0122222e-01 +6.5838681e-01 +1.2944097e-02 -3.3928819e-01 +1.5125069e-02 +6.1957938e+03
5.2822500e-01 +3.5000000e-01 +2.1593500e+01 +2.6686000e-02 +4.3808417e-02 +1.3007222e+00 +7.0110417e-01 +6.5853264e-01 +1.5077917e-02 -3.3751736e-01 +1.7630208e-02 +6.1953318e+03
5.3198000e-01 +3.5000000e-01 +2.1593417e+01 +2.9813833e-02 +4.2053750e-02 +1.2973125e+00 +7.0092361e-01 +6.5877778e-01 +1.7319167e-02 -3.3570903e-01 +2.0182431e-02 +6.1945418e+03
5.3573100e-01 +3.5000000e-01 +2.1593250e+01 +3.2885750e-02 +4.0047000e-02 +1.2938403e+00 +7.0072222e-01 +6.5916319e-01 +1.9715486e-02 -3.3382083e-01 +2.2791042e-02 +6.1937567e+03
5.3947900e-01 +3.5000000e-01 +2.1592833e+01 +3.5909500e-02 +3.7834083e-02 +1.2903542e+00 +7.0052083e-01 +6.5971875e-01 +2.2273056e-02 -3.3183472e-01 +2.5461181e-02 +6.1927053e+03
5.4322300e-01 +3.5000000e-01 +2.1592333e+01 +3.8891750e-02 +3.5466250e-02 +1.2869583e+00 +7.0036111e-01 +6.6050694e-01 +2.4964236e-02 -3.2971319e-01 +2.8172569e-02 +6.1893733e+03
5.4696200e-01 +3.5000000e-01 +2.1591667e+01 +4.1821917e-02 +3.2958667e-02 +1.2836181e+00 +7.0027083e-01 +6.6155694e-01 +2.7764722e-02 -3.2739514e-01 +3.0888958e-02 +6.1840313e+03
5.5069600e-01 +3.5000000e-01 +2.1590833e+01 +4.4673583e-02 +3.0325667e-02 +1.2800972e+00 +7.0028472e-01 +6.6284514e-01 +3.0660625e-02 -3.2485764e-01 +3.3569861e-02 +6.1780263e+03
5.5442600e-01 +3.5000000e-01 +2.1589750e+01 +4.7424750e-02 +2.7590417e-02 +1.2762083e+00 +7.0043056e-01 +6.6428819e-01 +3.3654375e-02 -3.2212500e-01 +3.6171250e-02 +6.1719967e+03
5.5814900e-01 +3.5000000e-01 +2.1588500e+01 +5.0071667e-02 +2.4750333e-02 +1.2719028e+00 +7.0068750e-01 +6.6572083e-01 +3.6766319e-02 -3.1920694e-01 +3.8659722e-02 +6.1670672e+03
5.6186700e-01 +3.5000000e-01 +2.1586917e+01 +5.2617500e-02 +2.1780167e-02 +1.2672292e+00 +7.0102083e-01 +6.6697153e-01 +4.0021250e-02 -3.1607431e-01 +4.1014861e-02 +6.1646611e+03
5.6557900e-01 +3.5000000e-01 +2.1585083e+01 +5.5056083e-02 +1.8638417e-02 +1.2622639e+00 +7.0137500e-01 +6.6794375e-01 +4.3442222e-02 -3.1267847e-01 +4.3236875e-02 +6.1652711e+03
5.6928400e-01 +3.5000000e-01 +2.1582917e+01 +5.7369500e-02 +1.5271417e-02 +1.2570764e+00 +7.0171528e-01 +6.6865208e-01 +4.7059792e-02 -3.0901736e-01 +4.5342847e-02 +6.1685082e+03
5.7298100e-01 +3.5000000e-01 +2.1580333e+01 +5.9546667e-02 +1.1641167e-02 +1.2517292e+00 +7.0202083e-01 +6.6923750e-01 +5.0901667e-02 -3.0514097e-01 +4.7344028e-02 +6.1732197e+03
5.7667200e-01 +3.5000000e-01 +2.1577333e+01 +6.1592917e-02 +7.7642083e-03 +1.2463264e+00 +7.0230556e-01 +6.6988333e-01 +5.4967500e-02 -3.0107708e-01 +4.9264167e-02 +6.1786764e+03
5.8035500e-01 +3.5000000e-01 +2.1574083e+01 +6.3524167e-02 +3.7099667e-03 +1.2409722e+00 +7.0258333e-01 +6.7070208e-01 +5.9226389e-02 -2.9682986e-01 +5.1149583e-02 +6.1859968e+03
5.8403000e-01 +3.5000000e-01 +2.1570417e+01 +6.5361083e-02 -4.3748500e-04 +1.2357292e+00 +7.0288889e-01 +6.7181667e-01 +6.3647014e-02 -2.9244097e-01 +5.3023125e-02 +6.1945145e+03
5.8769600e-01 +3.5000000e-01 +2.1566417e+01 +6.7116167e-02 -4.6291750e-03 +1.2305903e+00 +7.0325000e-01 +6.7332917e-01 +6.8216875e-02 -2.8793889e-01 +5.4873472e-02 +6.2013548e+03
5.9135400e-01 +3.5000000e-01 +2.1561917e+01 +6.8788000e-02 -8.8646667e-03 +1.2254653e+00 +7.0366667e-01 +6.7518194e-01 +7.2950694e-02 -2.8327083e-01 +5.6672708e-02 +6.2080175e+03
5.9500200e-01 +3.5000000e-01 +2.1556833e+01 +7.0364583e-02 -1.3182250e-02 +1.2203056e+00 +7.0415278e-01 +6.7722778e-01 +7.7875694e-02 -2.7837569e-01 +5.8391944e-02 +6.2177730e+03
5.9864100e-01 +3.5000000e-01 +2.1551250e+01 +7.1835167e-02 -1.7623417e-02 +1.2152431e+00 +7.0470139e-01 +6.7937708e-01 +8.3018750e-02 -2.7324097e-01 +6.0006042e-02 +6.2309891e+03
6.0227000e-01 +3.5000000e-01 +2.1544917e+01 +7.3201750e-02 -2.2198583e-02 +1.2105556e+00 +7.0534028e-01 +6.8163681e-01 +8.8390972e-02 -2.6786042e-01 +6.1485139e-02 +6.2455198e+03
6.0588900e-01 +3.5000000e-01 +2.1538000e+01 +7.4473667e-02 -2.6896000e-02 +1.2064167e+00 +7.0607639e-01 +6.8402222e-01 +9.3988889e-02 -2.6219653e-01 +6.2811597e-02 +6.2600184e+03
6.0949800e-01 +3.5000000e-01 +2.1530333e+01 +7.5655583e-02 -3.1685167e-02 +1.2028333e+00 +7.0691667e-01 +6.8650764e-01 +9.9803472e-02 -2.5622500e-01 +6.4009028e-02 +6.2750897e+03
6.1309600e-01 +3.5000000e-01 +2.1522000e+01 +7.6748833e-02 -3.6508250e-02 +1.1997778e+00 +7.0782639e-01 +6.8904792e-01 +1.0583611e-01 -2.4996458e-01 +6.5146875e-02 +6.2911442e+03
6.1668300e-01 +3.5000000e-01 +2.1512917e+01 +7.7755917e-02 -4.1283583e-02 +1.1972708e+00 +7.0879167e-01 +6.9160417e-01 +1.1209028e-01 -2.4346528e-01 +6.6297014e-02 +6.3079803e+03
6.2025800e-01 +3.5000000e-01 +2.1503167e+01 +7.8678167e-02 -4.5950750e-02 +1.1953542e+00 +7.0981250e-01 +6.9414861e-01 +1.1855069e-01 -2.3677847e-01 +6.7473611e-02 +6.3257429e+03
6.2382200e-01 +3.5000000e-01 +2.1492667e+01 +7.9514500e-02 -5.0509917e-02 +1.1941042e+00 +7.1088889e-01 +6.9663889e-01 +1.2518681e-01 -2.2996181e-01 +6.8635069e-02 +6.3459924e+03
6.2737400e-01 +3.5000000e-01 +2.1481417e+01 +8.0259167e-02 -5.5008000e-02 +1.1936250e+00 +7.1203472e-01 +6.9912500e-01 +1.3196875e-01 -2.2304722e-01 +6.9736111e-02 +6.3704075e+03
6.3091300e-01 +3.5000000e-01 +2.1469333e+01 +8.0903917e-02 -5.9477333e-02 +1.1939444e+00 +7.1325000e-01 +7.0175694e-01 +1.3887153e-01 -2.1603750e-01 +7.0756250e-02 +6.3979244e+03
6.3444000e-01 +3.5000000e-01 +2.1456417e+01 +8.1444417e-02 -6.3907833e-02 +1.1950486e+00 +7.1454167e-01 +7.0464583e-01 +1.4588889e-01 -2.0900278e-01 +7.1686111e-02 +6.4263057e+03
6.3795400e-01 +3.5000000e-01 +2.1442583e+01 +8.1879500e-02 -6.8272000e-02 +1.1969097e+00 +7.1592361e-01 +7.0786806e-01 +1.5303958e-01 -2.0203889e-01 +7.2508333e-02 +6.4551193e+03
6.4145400e-01 +3.5000000e-01 +2.1427833e+01 +8.2202500e-02 -7.2537000e-02 +1.1995486e+00 +7.1740278e-01 +7.1145833e-01 +1.6037153e-01 -1.9520903e-01 +7.3222917e-02 +6.4847733e+03
6.4494100e-01 +3.5000000e-01 +2.1412250e+01 +8.2400583e-02 -7.6676917e-02 +1.2030208e+00 +7.1902083e-01 +7.1540278e-01 +1.6793125e-01 -1.8859653e-01 +7.3815972e-02 +6.5167168e+03
6.4841500e-01 +3.5000000e-01 +2.1395833e+01 +8.2464167e-02 -8.0685750e-02 +1.2074028e+00 +7.2081944e-01 +7.1965278e-01 +1.7574792e-01 -1.8224583e-01 +7.4245833e-02 +6.5536095e+03
6.5187400e-01 +3.5000000e-01 +2.1378667e+01 +8.2388917e-02 -8.4560000e-02 +1.2127778e+00 +7.2281250e-01 +7.2419444e-01 +1.8381944e-01 -1.7613958e-01 +7.4475000e-02 +6.5966198e+03
6.5531900e-01 +3.5000000e-01 +2.1360750e+01 +8.2170833e-02 -8.8284167e-02 +1.2190972e+00 +7.2501389e-01 +7.2905556e-01 +1.9212083e-01 -1.7020764e-01 +7.4513194e-02 +6.6443385e+03
6.5874900e-01 +3.5000000e-01 +2.1342083e+01 +8.1811250e-02 -9.1847500e-02 +1.2262569e+00 +7.2737500e-01 +7.3419444e-01 +2.0061042e-01 -1.6436458e-01 +7.4418056e-02 +6.6958618e+03
6.6216500e-01 +3.5000000e-01 +2.1322750e+01 +8.1321500e-02 -9.5259167e-02 +1.2341736e+00 +7.2986806e-01 +7.3948611e-01 +2.0923472e-01 -1.5856181e-01 +7.4251389e-02 +6.7525942e+03
6.6556500e-01 +3.5000000e-01 +2.1302583e+01 +8.0716917e-02 -9.8540833e-02 +1.2427847e+00 +7.3246528e-01 +7.4484028e-01 +2.1795069e-01 -1.5271319e-01 +7.4048611e-02 +6.8151864e+03
6.6895100e-01 +3.5000000e-01 +2.1281500e+01 +8.0014583e-02 -1.0173583e-01 +1.2521042e+00 +7.3515278e-01 +7.5029861e-01 +2.2672778e-01 -1.4667153e-01 +7.3824306e-02 +6.8817483e+03
6.7232000e-01 +3.5000000e-01 +2.1259583e+01 +7.9228583e-02 -1.0489167e-01 +1.2621389e+00 +7.3795833e-01 +7.5594444e-01 +2.3555000e-01 -1.4033403e-01 +7.3595833e-02 +6.9509745e+03
6.7567400e-01 +3.5000000e-01 +2.1236667e+01 +7.8366417e-02 -1.0804167e-01 +1.2728889e+00 +7.4086806e-01 +7.6181250e-01 +2.4442153e-01 -1.3368056e-01 +7.3391667e-02 +7.0230767e+03
6.7901200e-01 +3.5000000e-01 +2.1212833e+01 +7.7432000e-02 -1.1119250e-01 +1.2843681e+00 +7.4388194e-01 +7.6791667e-01 +2.5334792e-01 -1.2676806e-01 +7.3237500e-02 +7.0982834e+03
6.8233300e-01 +3.5000000e-01 +2.1188083e+01 +7.6426500e-02 -1.1432167e-01 +1.2966667e+00 +7.4697222e-01 +7.7427778e-01 +2.6231597e-01 -1.1970625e-01 +7.3127083e-02 +7.1754291e+03
6.8563800e-01 +3.5000000e-01 +2.1162333e+01 +7.5345417e-02 -1.1739250e-01 +1.3098889e+00 +7.5013194e-01 +7.8088889e-01 +2.7132292e-01 -1.1260139e-01 +7.3005556e-02 +7.2541406e+03
6.8892600e-01 +3.5000000e-01 +2.1135583e+01 +7.4178750e-02 -1.2039583e-01 +1.3240833e+00 +7.5335417e-01 +7.8761806e-01 +2.8038611e-01 -1.0551181e-01 +7.2811111e-02 +7.3366431e+03
6.9219800e-01 +3.5000000e-01 +2.1107917e+01 +7.2917167e-02 -1.2334083e-01 +1.3391667e+00 +7.5665278e-01 +7.9443750e-01 +2.8951736e-01 -9.8469444e-02 +7.2527083e-02 +7.4236293e+03
6.9545200e-01 +3.5000000e-01 +2.1079333e+01 +7.1558917e-02 -1.2620917e-01 +1.3550903e+00 +7.6003472e-01 +8.0137500e-01 +2.9870556e-01 -9.1502083e-02 +7.2168056e-02 +7.5136334e+03
6.9868900e-01 +3.5000000e-01 +2.1049833e+01 +7.0105083e-02 -1.2896333e-01 +1.3718750e+00 +7.6350000e-01 +8.0845833e-01 +3.0792361e-01 -8.4598611e-02 +7.1736806e-02 +7.6054747e+03
7.0190800e-01 +3.5000000e-01 +2.1019583e+01 +6.8557917e-02 -1.3157500e-01 +1.3895833e+00 +7.6702083e-01 +8.1570833e-01 +3.1714861e-01 -7.7684028e-02 +7.1217361e-02 +7.6990772e+03
7.0511000e-01 +3.5000000e-01 +2.0988417e+01 +6.6923583e-02 -1.3403333e-01 +1.4082361e+00 +7.7058333e-01 +8.2305556e-01 +3.2638403e-01 -7.0674306e-02 +7.0601389e-02 +7.7954842e+03
7.0829400e-01 +3.5000000e-01 +2.0956583e+01 +6.5210583e-02 -1.3634333e-01 +1.4277014e+00 +7.7421528e-01 +8.3047222e-01 +3.3564236e-01 -6.3543750e-02 +6.9882639e-02 +7.8954323e+03
7.1145900e-01 +3.5000000e-01 +2.0924083e+01 +6.3424333e-02 -1.3851083e-01 +1.4477222e+00 +7.7795139e-01 +8.3795833e-01 +3.4492292e-01 -5.6357708e-02 +6.9044167e-02 +7.9974654e+03
7.1460700e-01 +3.5000000e-01 +2.0891000e+01 +6.1564167e-02 -1.4053833e-01 +1.4680903e+00 +7.8182639e-01 +8.4551389e-01 +3.5420486e-01 -4.9211806e-02 +6.8073125e-02 +8.1005749e+03
7.1773600e-01 +3.5000000e-01 +2.0857500e+01 +5.9622167e-02 -1.4242833e-01 +1.4886528e+00 +7.8584028e-01 +8.5314583e-01 +3.6345000e-01 -4.2170139e-02 +6.6978403e-02 +8.2063910e+03
7.2084700e-01 +3.5000000e-01 +2.0823583e+01 +5.7588333e-02 -1.4418500e-01 +1.5093194e+00 +7.8995139e-01 +8.6089583e-01 +3.7262222e-01 -3.5225764e-02 +6.5780486e-02 +8.3172410e+03
7.2393900e-01 +3.5000000e-01 +2.0789250e+01 +5.5458333e-02 -1.4580583e-01 +1.5301042e+00 +7.9414583e-01 +8.6885417e-01 +3.8170278e-01 -2.8343403e-02 +6.4494097e-02 +8.4325506e+03
7.2701200e-01 +3.5000000e-01 +2.0754333e+01 +5.3235250e-02 -1.4728417e-01 +1.5510694e+00 +7.9840972e-01 +8.7703472e-01 +3.9068472e-01 -2.1522847e-02 +6.3128056e-02 +8.5502908e+03
7.3006600e-01 +3.5000000e-01 +2.0719000e+01 +5.0927500e-02 -1.4861167e-01 +1.5722708e+00 +8.0274306e-01 +8.8538889e-01 +3.9957639e-01 -1.4774375e-02 +6.1709097e-02 +8.6713091e+03
7.3310100e-01 +3.5000000e-01 +2.0683000e+01 +4.8547333e-02 -1.4978333e-01 +1.5937986e+00 +8.0714583e-01 +8.9391667e-01 +4.0838958e-01 -8.0889583e-03 +6.0286042e-02 +8.7978067e+03
7.3611700e-01 +3.5000000e-01 +2.0646417e+01 +4.6107583e-02 -1.5079667e-01 +1.6156944e+00 +8.1162500e-01 +9.0270139e-01 +4.1714028e-01 -1.4230000e-03 +5.8895347e-02 +8.9290415e+03
7.3911300e-01 +3.5000000e-01 +2.0609167e+01 +4.3618833e-02 -1.5165250e-01 +1.6378958e+00 +8.1615972e-01 +9.1177778e-01 +4.2583681e-01 +5.3016042e-03 +5.7537361e-02 +9.0626723e+03
7.4209000e-01 +3.5000000e-01 +2.0571333e+01 +4.1093250e-02 -1.5235333e-01 +1.6602639e+00 +8.2075694e-01 +9.2108333e-01 +4.3446875e-01 +1.2134861e-02 +5.6193819e-02 +9.1965286e+03
7.4504700e-01 +3.5000000e-01 +2.0533083e+01 +3.8552917e-02 -1.5289750e-01 +1.6826875e+00 +8.2539583e-01 +9.3045139e-01 +4.4301111e-01 +1.9066042e-02 +5.4854792e-02 +9.3294413e+03
7.4798500e-01 +3.5000000e-01 +2.0494500e+01 +3.6022917e-02 -1.5326917e-01 +1.7051250e+00 +8.3004167e-01 +9.3975694e-01 +4.5144583e-01 +2.6038889e-02 +5.3512778e-02 +9.4619245e+03
7.5090200e-01 +3.5000000e-01 +2.0455583e+01 +3.3513917e-02 -1.5344250e-01 +1.7275903e+00 +8.3468750e-01 +9.4893750e-01 +4.5976250e-01 +3.2966667e-02 +5.2141458e-02 +9.5957982e+03
7.5380000e-01 +3.5000000e-01 +2.0416333e+01 +3.1022500e-02 -1.5340167e-01 +1.7500764e+00 +8.3931944e-01 +9.5802083e-01 +4.6795903e-01 +3.9768958e-02 +5.0701319e-02 +9.7332689e+03
7.5667800e-01 +3.5000000e-01 +2.0376750e+01 +2.8541750e-02 -1.5314667e-01 +1.7725417e+00 +8.4395833e-01 +9.6705556e-01 +4.7604306e-01 +4.6417361e-02 +4.9160000e-02 +9.8747136e+03
7.5953600e-01 +3.5000000e-01 +2.0336917e+01 +2.6070833e-02 -1.5268667e-01 +1.7949306e+00 +8.4862500e-01 +9.7612500e-01 +4.8403125e-01 +5.2907361e-02 +4.7499514e-02 +1.0020593e+04
7.6237300e-01 +3.5000000e-01 +2.0296750e+01 +2.3618000e-02 -1.5202500e-01 +1.8172569e+00 +8.5334722e-01 +9.8529167e-01 +4.9194097e-01 +5.9215833e-02 +4.5715069e-02 +1.0170404e+04
7.6519000e-01 +3.5000000e-01 +2.0256333e+01 +2.1196750e-02 -1.5115833e-01 +1.8395417e+00 +8.5812500e-01 +9.9457639e-01 +4.9977083e-01 +6.5317917e-02 +4.3810972e-02 +1.0322797e+04
7.6798700e-01 +3.5000000e-01 +2.0215583e+01 +1.8819667e-02 -1.5008083e-01 +1.8617778e+00 +8.6293750e-01 +1.0039583e+00 +5.0748958e-01 +7.1214583e-02 +4.1807500e-02 +1.0478677e+04
7.7076400e-01 +3.5000000e-01 +2.0174583e+01 +1.6493500e-02 -1.4878583e-01 +1.8839514e+00 +8.6776389e-01 +1.0133958e+00 +5.1505833e-01 +7.6925000e-02 +3.9732222e-02 +1.0638674e+04
7.7352000e-01 +3.5000000e-01 +2.0133417e+01 +1.4219917e-02 -1.4725250e-01 +1.9060972e+00 +8.7259028e-01 +1.0228819e+00 +5.2245417e-01 +8.2455556e-02 +3.7601111e-02 +1.0800468e+04
7.7625600e-01 +3.5000000e-01 +2.0091917e+01 +1.1998167e-02 -1.4546833e-01 +1.9282708e+00 +8.7740278e-01 +1.0324583e+00 +5.2967569e-01 +8.7786111e-02 +3.5421111e-02 +1.0963765e+04
7.7897100e-01 +3.5000000e-01 +2.0050333e+01 +9.8255000e-03 -1.4345000e-01 +1.9505139e+00 +8.8218750e-01 +1.0421042e+00 +5.3672431e-01 +9.2911806e-02 +3.3196736e-02 +1.1131385e+04
7.8166500e-01 +3.5000000e-01 +2.0008417e+01 +7.6985167e-03 -1.4123417e-01 +1.9728750e+00 +8.8693750e-01 +1.0517986e+00 +5.4360069e-01 +9.7900000e-02 +3.0936875e-02 +1.1303005e+04
7.8433900e-01 +3.5000000e-01 +1.9966417e+01 +5.6183833e-03 -1.3884917e-01 +1.9953403e+00 +8.9165972e-01 +1.0614653e+00 +5.5029792e-01 +1.0281944e-01 +2.8658889e-02 +1.1475862e+04
7.8699200e-01 +3.5000000e-01 +1.9924167e+01 +3.5913750e-03 -1.3630500e-01 +2.0178333e+00 +8.9634722e-01 +1.0710347e+00 +5.5681111e-01 +1.0764722e-01 +2.6373333e-02 +1.1650890e+04
7.8962500e-01 +3.5000000e-01 +1.9881750e+01 +1.6224833e-03 -1.3360000e-01 +2.0403125e+00 +9.0099306e-01 +1.0804583e+00 +5.6314444e-01 +1.1230833e-01 +2.4070694e-02 +1.1831026e+04
7.9223700e-01 +3.5000000e-01 +1.9839167e+01 -2.9076083e-04 -1.3073750e-01 +2.0627986e+00 +9.0557639e-01 +1.0898264e+00 +5.6931597e-01 +1.1674375e-01 +2.1733681e-02 +1.2015463e+04
7.9482800e-01 +3.5000000e-01 +1.9796417e+01 -2.1558250e-03 -1.2772667e-01 +2.0853125e+00 +9.1009722e-01 +1.0992847e+00 +5.7535278e-01 +1.2091736e-01 +1.9354861e-02 +1.2203611e+04
7.9739800e-01 +3.5000000e-01 +1.9753500e+01 -3.9792167e-03 -1.2458583e-01 +2.1078125e+00 +9.1458333e-01 +1.1089444e+00 +5.8129097e-01 +1.2481250e-01 +1.6936458e-02 +1.2396141e+04
7.9994700e-01 +3.5000000e-01 +1.9710333e+01 -5.7638167e-03 -1.2133833e-01 +2.1301944e+00 +9.1904861e-01 +1.1188264e+00 +5.8715139e-01 +1.2844375e-01 +1.4483611e-02 +1.2592491e+04
8.0247600e-01 +3.5000000e-01 +1.9667000e+01 -7.5100667e-03 -1.1800000e-01 +2.1523264e+00 +9.2351389e-01 +1.1288750e+00 +5.9294861e-01 +1.3184306e-01 +1.2003681e-02 +1.2791002e+04
8.0498400e-01 +3.5000000e-01 +1.9623500e+01 -9.2161667e-03 -1.1457583e-01 +2.1741736e+00 +9.2798611e-01 +1.1390208e+00 +5.9870069e-01 +1.3504514e-01 +9.5037500e-03 +1.2990938e+04
8.0747100e-01 +3.5000000e-01 +1.9579833e+01 -1.0877250e-02 -1.1106833e-01 +2.1957569e+00 +9.3245833e-01 +1.1492083e+00 +6.0442361e-01 +1.3810208e-01 +6.9957639e-03 +1.3192476e+04
8.0993700e-01 +3.5000000e-01 +1.9536083e+01 -1.2489750e-02 -1.0748667e-01 +2.2171042e+00 +9.3690278e-01 +1.1594306e+00 +6.1011806e-01 +1.4107083e-01 +4.5069306e-03 +1.3396716e+04
8.1238300e-01 +3.5000000e-01 +1.9492333e+01 -1.4056250e-02 -1.0384333e-01 +2.2382431e+00 +9.4132639e-01 +1.1696667e+00 +6.1577083e-01 +1.4400764e-01 +2.0709444e-03 +1.3604817e+04
8.1480700e-01 +3.5000000e-01 +1.9448500e+01 -1.5584333e-02 -1.0016250e-01 +2.2591597e+00 +9.4572917e-01 +1.1798958e+00 +6.2137569e-01 +1.4695556e-01 -2.9244722e-04 +1.3816096e+04
8.1721100e-01 +3.5000000e-01 +1.9404583e+01 -1.7078833e-02 -9.6466667e-02 +2.2798264e+00 +9.5012500e-01 +1.1900764e+00 +6.2693819e-01 +1.4995069e-01 -2.5818889e-03 +1.4032841e+04
8.1959400e-01 +3.5000000e-01 +1.9360583e+01 -1.8537500e-02 -9.2760833e-02 +2.3002083e+00 +9.5452778e-01 +1.2001597e+00 +6.3246250e-01 +1.5302222e-01 -4.7971806e-03 +1.4258447e+04
8.2195700e-01 +3.5000000e-01 +1.9316500e+01 -1.9954083e-02 -8.9032500e-02 +2.3203750e+00 +9.5895139e-01 +1.2101389e+00 +6.3794514e-01 +1.5615764e-01 -6.9246736e-03 +1.4491665e+04
8.2429900e-01 +3.5000000e-01 +1.9272333e+01 -2.1325083e-02 -8.5261667e-02 +2.3404444e+00 +9.6340972e-01 +1.2199931e+00 +6.4337917e-01 +1.5930625e-01 -8.9397222e-03 +1.4728749e+04
8.2662000e-01 +3.5000000e-01 +1.9228083e+01 -2.2654000e-02 -8.1428333e-02 +2.3605000e+00 +9.6788889e-01 +1.2297431e+00 +6.4876667e-01 +1.6243542e-01 -1.0818333e-02 +1.4967062e+04
8.2892100e-01 +3.5000000e-01 +1.9183833e+01 -2.3949083e-02 -7.7511250e-02 +2.3805486e+00 +9.7237500e-01 +1.2393681e+00 +6.5412292e-01 +1.6556875e-01 -1.2550417e-02 +1.5205177e+04
8.3120100e-01 +3.5000000e-01 +1.9139500e+01 -2.5216750e-02 -7.3497167e-02 +2.4004931e+00 +9.7684028e-01 +1.2488403e+00 +6.5944861e-01 +1.6872778e-01 -1.4143125e-02 +1.5445255e+04
8.3346000e-01 +3.5000000e-01 +1.9095167e+01 -2.6458833e-02 -6.9379000e-02 +2.4202708e+00 +9.8126389e-01 +1.2581458e+00 +6.6471736e-01 +1.7190486e-01 -1.5610972e-02 +1.5690021e+04
8.3570000e-01 +3.5000000e-01 +1.9050750e+01 -2.7673750e-02 -6.5146833e-02 +2.4398750e+00 +9.8561806e-01 +1.2673125e+00 +6.6990347e-01 +1.7506667e-01 -1.6966875e-02 +1.5939009e+04
8.3791800e-01 +3.5000000e-01 +1.9006250e+01 -2.8856583e-02 -6.0789083e-02 +2.4592986e+00 +9.8988194e-01 +1.2764028e+00 +6.7499097e-01 +1.7816736e-01 -1.8219722e-02 +1.6190791e+04
8.4011600e-01 +3.5000000e-01 +1.8961750e+01 -3.0000083e-02 -5.6295667e-02 +2.4785208e+00 +9.9405556e-01 +1.2854792e+00 +6.7997431e-01 +1.8119792e-01 -1.9380069e-02 +1.6446221e+04
8.4229400e-01 +3.5000000e-01 +1.8917250e+01 -3.1098250e-02 -5.1666083e-02 +2.4975208e+00 +9.9814583e-01 +1.2945903e+00 +6.8486042e-01 +1.8420000e-01 -2.0469097e-02 +1.6708695e+04
8.4445200e-01 +3.5000000e-01 +1.8872750e+01 -3.2148583e-02 -4.6919417e-02 +2.5163125e+00 +1.0021528e+00 +1.3037361e+00 +6.8966944e-01 +1.8722639e-01 -2.1523542e-02 +1.6980606e+04
8.4659000e-01 +3.5000000e-01 +1.8828250e+01 -3.3152750e-02 -4.2094583e-02 +2.5349167e+00 +1.0060903e+00 +1.3129097e+00 +6.9442500e-01 +1.9029861e-01 -2.2586250e-02 +1.7260801e+04
8.4870700e-01 +3.5000000e-01 +1.8783667e+01 -3.4115667e-02 -3.7233417e-02 +2.5533542e+00 +1.0099722e+00 +1.3220833e+00 +6.9913889e-01 +1.9339792e-01 -2.3692500e-02 +1.7547505e+04
8.5080400e-01 +3.5000000e-01 +1.8739083e+01 -3.5044250e-02 -3.2362333e-02 +2.5716319e+00 +1.0138056e+00 +1.3311944e+00 +7.0381250e-01 +1.9646250e-01 -2.4868194e-02 +1.7838654e+04
8.5288200e-01 +3.5000000e-01 +1.8694500e+01 -3.5944917e-02 -2.7493250e-02 +2.5897500e+00 +1.0175972e+00 +1.3402222e+00 +7.0844444e-01 +1.9942361e-01 -2.6126319e-02 +1.8133318e+04
8.5493900e-01 +3.5000000e-01 +1.8649833e+01 -3.6822083e-02 -2.2631583e-02 +2.6076736e+00 +1.0213333e+00 +1.3491319e+00 +7.1301389e-01 +2.0223958e-01 -2.7457639e-02 +1.8434206e+04
8.5697700e-01 +3.5000000e-01 +1.8605250e+01 -3.7676833e-02 -1.7773667e-02 +2.6253889e+00 +1.0250139e+00 +1.3579583e+00 +7.1750694e-01 +2.0489792e-01 -2.8830694e-02 +1.8745551e+04
8.5899500e-01 +3.5000000e-01 +1.8560583e+01 -3.8507500e-02 -1.2901583e-02 +2.6428819e+00 +1.0286458e+00 +1.3668056e+00 +7.2191667e-01 +2.0737986e-01 -3.0198681e-02 +1.9067515e+04
8.6099300e-01 +3.5000000e-01 +1.8515917e+01 -3.9312167e-02 -7.9905250e-03 +2.6601111e+00 +1.0322431e+00 +1.3758056e+00 +7.2621528e-01 +2.0963611e-01 -3.1516806e-02 +1.9396572e+04
8.6297100e-01 +3.5000000e-01 +1.8471167e+01 -4.0089917e-02 -3.0192500e-03 +2.6770764e+00 +1.0358264e+00 +1.3849861e+00 +7.3041667e-01 +2.1161250e-01 -3.2763819e-02 +1.9730261e+04
8.6493000e-01 +3.5000000e-01 +1.8426417e+01 -4.0841000e-02 +2.0250750e-03 +2.6937708e+00 +1.0394097e+00 +1.3942847e+00 +7.3452083e-01 +2.1328264e-01 -3.3940833e-02 +2.0069412e+04
8.6687000e-01 +3.5000000e-01 +1.8381583e+01 -4.1565167e-02 +7.1464000e-03 +2.7102222e+00 +1.0429861e+00 +1.4035972e+00 +7.3852778e-01 +2.1464583e-01 -3.5053750e-02 +2.0414995e+04
8.6879000e-01 +3.5000000e-01 +1.8336667e+01 -4.2261167e-02 +1.2342000e-02 +2.7264931e+00 +1.0465486e+00 +1.4128819e+00 +7.4244444e-01 +2.1572083e-01 -3.6101667e-02 +2.0766961e+04
8.7069100e-01 +3.5000000e-01 +1.8291750e+01 -4.2927667e-02 +1.7603417e-02 +2.7426458e+00 +1.0500903e+00 +1.4221528e+00 +7.4626389e-01 +2.1655139e-01 -3.7077500e-02 +2.1127270e+04
8.7257300e-01 +3.5000000e-01 +1.8246750e+01 -4.3564167e-02 +2.2918500e-02 +2.7587014e+00 +1.0535833e+00 +1.4314375e+00 +7.5000694e-01 +2.1719028e-01 -3.7975347e-02 +2.1498658e+04
8.7443600e-01 +3.5000000e-01 +1.8201750e+01 -4.4172250e-02 +2.8276167e-02 +2.7746389e+00 +1.0570278e+00 +1.4407639e+00 +7.5369444e-01 +2.1768056e-01 -3.8799931e-02 +2.1881273e+04
8.7628000e-01 +3.5000000e-01 +1.8156667e+01 -4.4753417e-02 +3.3666917e-02 +2.7904653e+00 +1.0604167e+00 +1.4501458e+00 +7.5734028e-01 +2.1804028e-01 -3.9565347e-02 +2.2272973e+04
8.7810500e-01 +3.5000000e-01 +1.8111500e+01 -4.5304833e-02 +3.9081667e-02 +2.8062083e+00 +1.0637500e+00 +1.4595556e+00 +7.6097222e-01 +2.1828056e-01 -4.0283333e-02 +2.2671287e+04
8.7991200e-01 +3.5000000e-01 +1.8066333e+01 -4.5819083e-02 +4.4513333e-02 +2.8218889e+00 +1.0670417e+00 +1.4689583e+00 +7.6459028e-01 +2.1840139e-01 -4.0957292e-02 +2.3073837e+04
8.8169900e-01 +3.5000000e-01 +1.8021167e+01 -4.6289750e-02 +4.9960417e-02 +2.8374861e+00 +1.0703056e+00 +1.4782847e+00 +7.6819444e-01 +2.1838958e-01 -4.1586042e-02 +2.3480000e+04
8.8346900e-01 +3.5000000e-01 +1.7976000e+01 -4.6713917e-02 +5.5427500e-02 +2.8529514e+00 +1.0735208e+00 +1.4874653e+00 +7.7176389e-01 +2.1823264e-01 -4.2169514e-02 +2.3891901e+04
8.8521900e-01 +3.5000000e-01 +1.7930750e+01 -4.7092250e-02 +6.0921500e-02 +2.8682639e+00 +1.0766944e+00 +1.4964375e+00 +7.7529861e-01 +2.1793125e-01 -4.2711458e-02 +2.4311789e+04
8.8695200e-01 +3.5000000e-01 +1.7885417e+01 -4.7426250e-02 +6.6446250e-02 +2.8833889e+00 +1.0798194e+00 +1.5051736e+00 +7.7878472e-01 +2.1749028e-01 -4.3217917e-02 +2.4740647e+04
8.8866600e-01 +3.5000000e-01 +1.7840167e+01 -4.7717417e-02 +7.1999417e-02 +2.8983194e+00 +1.0828958e+00 +1.5137014e+00 +7.8222222e-01 +2.1690903e-01 -4.3693681e-02 +2.5178344e+04
8.9036200e-01 +3.5000000e-01 +1.7794833e+01 -4.7967750e-02 +7.7572083e-02 +2.9130556e+00 +1.0859167e+00 +1.5220556e+00 +7.8562500e-01 +2.1619028e-01 -4.4138958e-02 +2.5624159e+04
8.9204000e-01 +3.5000000e-01 +1.7749500e+01 -4.8179917e-02 +8.3148833e-02 +2.9276528e+00 +1.0888681e+00 +1.5302500e+00 +7.8897917e-01 +2.1535069e-01 -4.4549583e-02 +2.6077743e+04
8.9370100e-01 +3.5000000e-01 +1.7704167e+01 -4.8357333e-02 +8.8710833e-02 +2.9422083e+00 +1.0917361e+00 +1.5382778e+00 +7.9228472e-01 +2.1441528e-01 -4.4920139e-02 +2.6539522e+04
8.9534300e-01 +3.5000000e-01 +1.7658833e+01 -4.8503167e-02 +9.4239167e-02 +2.9568472e+00 +1.0945139e+00 +1.5461250e+00 +7.9553472e-01 +2.1339653e-01 -4.5243681e-02 +2.7010512e+04
8.9696800e-01 +3.5000000e-01 +1.7613417e+01 -4.8620000e-02 +9.9713333e-02 +2.9716597e+00 +1.0971875e+00 +1.5538125e+00 +7.9871528e-01 +2.1228542e-01 -4.5510000e-02 +2.7491486e+04
8.9857600e-01 +3.5000000e-01 +1.7568000e+01 -4.8709083e-02 +1.0512000e-01 +2.9867222e+00 +1.0997639e+00 +1.5613819e+00 +8.0182639e-01 +2.1106806e-01 -4.5706806e-02 +2.7982719e+04
9.0016600e-01 +3.5000000e-01 +1.7522583e+01 -4.8770333e-02 +1.1044917e-01 +3.0020278e+00 +1.1022431e+00 +1.5688750e+00 +8.0487500e-01 +2.0975625e-01 -4.5825556e-02 +2.8484131e+04
9.0173800e-01 +3.5000000e-01 +1.7477167e+01 -4.8802417e-02 +1.1569750e-01 +3.0175417e+00 +1.1046389e+00 +1.5763264e+00 +8.0786806e-01 +2.0838333e-01 -4.5868542e-02 +2.8995041e+04
9.0329400e-01 +3.5000000e-01 +1.7431750e+01 -4.8803250e-02 +1.2086500e-01 +3.0331736e+00 +1.1069583e+00 +1.5837639e+00 +8.1081250e-01 +2.0698194e-01 -4.5849444e-02 +2.9516830e+04
9.0483300e-01 +3.5000000e-01 +1.7386250e+01 -4.8770833e-02 +1.2595000e-01 +3.0488403e+00 +1.1092222e+00 +1.5911875e+00 +8.1369444e-01 +2.0556528e-01 -4.5787917e-02 +3.0052428e+04
9.0635400e-01 +3.5000000e-01 +1.7340750e+01 -4.8703833e-02 +1.3094583e-01 +3.0645069e+00 +1.1114375e+00 +1.5986042e+00 +8.1651389e-01 +2.0413819e-01 -4.5700694e-02 +3.0602665e+04
9.0785900e-01 +3.5000000e-01 +1.7295167e+01 -4.8601833e-02 +1.3585000e-01 +3.0801806e+00 +1.1135972e+00 +1.6060139e+00 +8.1927083e-01 +2.0270625e-01 -4.5596181e-02 +3.1166774e+04
9.0934700e-01 +3.5000000e-01 +1.7249583e+01 -4.8465917e-02 +1.4066083e-01 +3.0959028e+00 +1.1157153e+00 +1.6134375e+00 +8.2197222e-01 +2.0127292e-01 -4.5477569e-02 +3.1745990e+04
9.1081900e-01 +3.5000000e-01 +1.7203917e+01 -4.8298500e-02 +1.4538500e-01 +3.1117014e+00 +1.1177917e+00 +1.6208889e+00 +8.2463889e-01 +1.9983681e-01 -4.5350833e-02 +3.2341443e+04
9.1227400e-01 +3.5000000e-01 +1.7158250e+01 -4.8102750e-02 +1.5003083e-01 +3.1276250e+00 +1.1198194e+00 +1.6283958e+00 +8.2728472e-01 +1.9839375e-01 -4.5228750e-02 +3.2951854e+04
9.1371300e-01 +3.5000000e-01 +1.7112500e+01 -4.7882250e-02 +1.5460583e-01 +3.1436875e+00 +1.1217986e+00 +1.6360069e+00 +8.2991667e-01 +1.9695486e-01 -4.5127153e-02 +3.3575290e+04
9.1513600e-01 +3.5000000e-01 +1.7066667e+01 -4.7640583e-02 +1.5911667e-01 +3.1599236e+00 +1.1237292e+00 +1.6437500e+00 +8.3255556e-01 +1.9553472e-01 -4.5058403e-02 +3.4211572e+04
9.1654300e-01 +3.5000000e-01 +1.7020750e+01 -4.7380500e-02 +1.6356667e-01 +3.1763403e+00 +1.1256111e+00 +1.6516389e+00 +8.3519444e-01 +1.9413819e-01 -4.5027847e-02 +3.4862149e+04
9.1793400e-01 +3.5000000e-01 +1.6974750e+01 -4.7104000e-02 +1.6795667e-01 +3.1929583e+00 +1.1274375e+00 +1.6596875e+00 +8.3786111e-01 +1.9276042e-01 -4.5032778e-02 +3.5527489e+04
9.1930900e-01 +3.5000000e-01 +1.6928667e+01 -4.6811833e-02 +1.7229000e-01 +3.2098264e+00 +1.1292014e+00 +1.6678750e+00 +8.4054167e-01 +1.9139931e-01 -4.5062500e-02 +3.6207029e+04
9.2066800e-01 +3.5000000e-01 +1.6882500e+01 -4.6503333e-02 +1.7656583e-01 +3.2269792e+00 +1.1308889e+00 +1.6761736e+00 +8.4325000e-01 +1.9005972e-01 -4.5101597e-02 +3.6900145e+04
9.2201200e-01 +3.5000000e-01 +1.6836250e+01 -4.6177500e-02 +1.8078417e-01 +3.2444514e+00 +1.1324931e+00 +1.6845556e+00 +8.4596528e-01 +1.8874097e-01 -4.5136042e-02 +3.7607752e+04
9.2334100e-01 +3.5000000e-01 +1.6789833e+01 -4.5833000e-02 +1.8494167e-01 +3.2622847e+00 +1.1339931e+00 +1.6929653e+00 +8.4867361e-01 +1.8743750e-01 -4.5157431e-02 +3.8333522e+04
9.2465400e-01 +3.5000000e-01 +1.6743250e+01 -4.5469083e-02 +1.8903583e-01 +3.2805208e+00 +1.1353819e+00 +1.7013750e+00 +8.5136111e-01 +1.8613194e-01 -4.5163889e-02 +3.9081825e+04
9.2595200e-01 +3.5000000e-01 +1.6696583e+01 -4.5086167e-02 +1.9306333e-01 +3.2992014e+00 +1.1366319e+00 +1.7097431e+00 +8.5401389e-01 +1.8480278e-01 -4.5157083e-02 +3.9854801e+04
9.2723500e-01 +3.5000000e-01 +1.6649833e+01 -4.4686083e-02 +1.9702167e-01 +3.3183542e+00 +1.1377431e+00 +1.7180764e+00 +8.5661806e-01 +1.8342847e-01 -4.5140069e-02 +4.0652235e+04
9.2850400e-01 +3.5000000e-01 +1.6602833e+01 -4.4272167e-02 +2.0090750e-01 +3.3379722e+00 +1.1387014e+00 +1.7263889e+00 +8.5915972e-01 +1.8198750e-01 -4.5116181e-02 +4.1473770e+04
9.2975700e-01 +3.5000000e-01 +1.6555750e+01 -4.3848500e-02 +2.0472250e-01 +3.3580417e+00 +1.1395000e+00 +1.7347083e+00 +8.6163889e-01 +1.8046597e-01 -4.5086667e-02 +4.2319142e+04
9.3099600e-01 +3.5000000e-01 +1.6508500e+01 -4.3419250e-02 +2.0846750e-01 +3.3785625e+00 +1.1401389e+00 +1.7430347e+00 +8.6404861e-01 +1.7886319e-01 -4.5048403e-02 +4.3187654e+04
9.3222000e-01 +3.5000000e-01 +1.6461083e+01 -4.2987583e-02 +2.1214667e-01 +3.3995833e+00 +1.1406042e+00 +1.7513611e+00 +8.6640972e-01 +1.7718264e-01 -4.4994375e-02 +4.4077000e+04
9.3343000e-01 +3.5000000e-01 +1.6413500e+01 -4.2555250e-02 +2.1576583e-01 +3.4211528e+00 +1.1408958e+00 +1.7596667e+00 +8.6872222e-01 +1.7542569e-01 -4.4917500e-02 +4.4985438e+04
9.3462600e-01 +3.5000000e-01 +1.6365667e+01 -4.2122083e-02 +2.1933000e-01 +3.4433056e+00 +1.1410069e+00 +1.7679028e+00 +8.7098611e-01 +1.7360208e-01 -4.4813681e-02 +4.5914374e+04
9.3580800e-01 +3.5000000e-01 +1.6317750e+01 -4.1686667e-02 +2.2284750e-01 +3.4660833e+00 +1.1409375e+00 +1.7760556e+00 +8.7320139e-01 +1.7172500e-01 -4.4682986e-02 +4.6867718e+04
9.3697600e-01 +3.5000000e-01 +1.6269583e+01 -4.1246750e-02 +2.2632000e-01 +3.4894931e+00 +1.1406806e+00 +1.7841111e+00 +8.7538194e-01 +1.6981389e-01 -4.4527986e-02 +4.7847723e+04
9.3813000e-01 +3.5000000e-01 +1.6221250e+01 -4.0800167e-02 +2.2974833e-01 +3.5135833e+00 +1.1402431e+00 +1.7920903e+00 +8.7751389e-01 +1.6788889e-01 -4.4351667e-02 +4.8854456e+04
9.3927000e-01 +3.5000000e-01 +1.6172667e+01 -4.0345583e-02 +2.3312750e-01 +3.5383958e+00 +1.1395972e+00 +1.8000069e+00 +8.7960417e-01 +1.6597847e-01 -4.4155764e-02 +4.9888255e+04
9.4039600e-01 +3.5000000e-01 +1.6123833e+01 -3.9882750e-02 +2.3645000e-01 +3.5639583e+00 +1.1387500e+00 +1.8078750e+00 +8.8164583e-01 +1.6411528e-01 -4.3939653e-02 +5.0950496e+04
9.4150900e-01 +3.5000000e-01 +1.6074750e+01 -3.9413250e-02 +2.3971000e-01 +3.5903194e+00 +1.1376736e+00 +1.8157222e+00 +8.8363889e-01 +1.6232847e-01 -4.3700833e-02 +5.2042426e+04
9.4260900e-01 +3.5000000e-01 +1.6025417e+01 -3.8939167e-02 +2.4290167e-01 +3.6175000e+00 +1.1363681e+00 +1.8235694e+00 +8.8556250e-01 +1.6063750e-01 -4.3436458e-02 +5.3164732e+04
9.4369600e-01 +3.5000000e-01 +1.5975833e+01 -3.8463000e-02 +2.4602250e-01 +3.6455278e+00 +1.1348194e+00 +1.8314514e+00 +8.8743056e-01 +1.5905347e-01 -4.3145208e-02 +5.4318313e+04
9.4476900e-01 +3.5000000e-01 +1.5925917e+01 -3.7986583e-02 +2.4907167e-01 +3.6744514e+00 +1.1330139e+00 +1.8393611e+00 +8.8922917e-01 +1.5758056e-01 -4.2827014e-02 +5.5504301e+04
9.4583000e-01 +3.5000000e-01 +1.5875667e+01 -3.7511167e-02 +2.5205000e-01 +3.7042917e+00 +1.1309444e+00 +1.8472778e+00 +8.9095833e-01 +1.5621458e-01 -4.2482778e-02 +5.6724563e+04
9.4687800e-01 +3.5000000e-01 +1.5825167e+01 -3.7037083e-02 +2.5496000e-01 +3.7351181e+00 +1.1285972e+00 +1.8551667e+00 +8.9262500e-01 +1.5494444e-01 -4.2113472e-02 +5.7980767e+04
9.4791300e-01 +3.5000000e-01 +1.5774250e+01 -3.6563667e-02 +2.5780417e-01 +3.7670069e+00 +1.1259653e+00 +1.8629722e+00 +8.9422917e-01 +1.5375000e-01 -4.1720000e-02 +5.9274105e+04
9.4893500e-01 +3.5000000e-01 +1.5723083e+01 -3.6089750e-02 +2.6058500e-01 +3.8000347e+00 +1.1230347e+00 +1.8706458e+00 +8.9577778e-01 +1.5260694e-01 -4.1304097e-02 +6.0605483e+04
9.4994500e-01 +3.5000000e-01 +1.5671417e+01 -3.5613750e-02 +2.6330250e-01 +3.8342708e+00 +1.1197917e+00 +1.8781389e+00 +8.9727778e-01 +1.5148889e-01 -4.0867083e-02 +6.1975584e+04
9.5094300e-01 +3.5000000e-01 +1.5619417e+01 -3.5134167e-02 +2.6595417e-01 +3.8697708e+00 +1.1162292e+00 +1.8854167e+00 +8.9872222e-01 +1.5037639e-01 -4.0409444e-02 +6.3384477e+04
9.5192800e-01 +3.5000000e-01 +1.5567000e+01 -3.4650250e-02 +2.6853500e-01 +3.9065694e+00 +1.1123264e+00 +1.8924375e+00 +9.0011806e-01 +1.4925764e-01 -3.9930694e-02 +6.4831756e+04
9.5290100e-01 +3.5000000e-01 +1.5514167e+01 -3.4161750e-02 +2.7103833e-01 +3.9446736e+00 +1.1080833e+00 +1.8991736e+00 +9.0146528e-01 +1.4812708e-01 -3.9430486e-02 +6.6318865e+04
9.5386300e-01 +3.5000000e-01 +1.5460833e+01 -3.3668917e-02 +2.7345500e-01 +3.9840556e+00 +1.1034653e+00 +1.9056111e+00 +9.0275000e-01 +1.4698889e-01 -3.8909097e-02 +6.7849018e+04
9.5481200e-01 +3.5000000e-01 +1.5407000e+01 -3.3172583e-02 +2.7577833e-01 +4.0247014e+00 +1.0984722e+00 +1.9117083e+00 +9.0395833e-01 +1.4585764e-01 -3.8367292e-02 +6.9426097e+04
9.5575000e-01 +3.5000000e-01 +1.5352750e+01 -3.2673417e-02 +2.7800250e-01 +4.0665833e+00 +1.0930833e+00 +1.9174583e+00 +9.0507639e-01 +1.4475625e-01 -3.7805000e-02 +7.1053291e+04
9.5667600e-01 +3.5000000e-01 +1.5297833e+01 -3.2171667e-02 +2.8012583e-01 +4.1097153e+00 +1.0872917e+00 +1.9228333e+00 +9.0610417e-01 +1.4370833e-01 -3.7220347e-02 +7.2732909e+04
9.5759100e-01 +3.5000000e-01 +1.5242417e+01 -3.1666750e-02 +2.8214750e-01 +4.1541389e+00 +1.0810764e+00 +1.9278333e+00 +9.0702083e-01 +1.4273264e-01 -3.6609167e-02 +7.4467488e+04
9.5849500e-01 +3.5000000e-01 +1.5186333e+01 -3.1157583e-02 +2.8407250e-01 +4.1999167e+00 +1.0744167e+00 +1.9324375e+00 +9.0782639e-01 +1.4184236e-01 -3.5965625e-02 +7.6259150e+04
9.5938700e-01 +3.5000000e-01 +1.5129667e+01 -3.0642667e-02 +2.8590333e-01 +4.2471528e+00 +1.0673056e+00 +1.9366458e+00 +9.0852083e-01 +1.4104306e-01 -3.5283958e-02 +7.8109992e+04
9.6026800e-01 +3.5000000e-01 +1.5072167e+01 -3.0120833e-02 +2.8764500e-01 +4.2959514e+00 +1.0597222e+00 +1.9404653e+00 +9.0910417e-01 +1.4033333e-01 -3.4560556e-02 +8.0023481e+04
9.6113800e-01 +3.5000000e-01 +1.5013917e+01 -2.9591417e-02 +2.8930083e-01 +4.3464097e+00 +1.0516389e+00 +1.9438889e+00 +9.0956944e-01 +1.3970347e-01 -3.3794306e-02 +8.1999637e+04
9.6199700e-01 +3.5000000e-01 +1.4954917e+01 -2.9054417e-02 +2.9087000e-01 +4.3986528e+00 +1.0430486e+00 +1.9469444e+00 +9.0992361e-01 +1.3913958e-01 -3.2986042e-02 +8.4038412e+04
9.6284500e-01 +3.5000000e-01 +1.4895000e+01 -2.8510250e-02 +2.9235417e-01 +4.4527986e+00 +1.0339306e+00 +1.9496389e+00 +9.1015972e-01 +1.3862639e-01 -3.2138194e-02 +8.6135709e+04
9.6368300e-01 +3.5000000e-01 +1.4834083e+01 -2.7959500e-02 +2.9375000e-01 +4.5089375e+00 +1.0242708e+00 +1.9519861e+00 +9.1028472e-01 +1.3815208e-01 -3.1253403e-02 +8.8290790e+04
9.6451000e-01 +3.5000000e-01 +1.4772250e+01 -2.7403000e-02 +2.9505667e-01 +4.5671458e+00 +1.0140694e+00 +1.9539722e+00 +9.1028472e-01 +1.3771111e-01 -3.0335208e-02 +9.0503002e+04
9.6532700e-01 +3.5000000e-01 +1.4709250e+01 -2.6841167e-02 +2.9627333e-01 +4.6274861e+00 +1.0033056e+00 +1.9555764e+00 +9.1016667e-01 +1.3730347e-01 -2.9387986e-02 +9.2774459e+04
9.6613400e-01 +3.5000000e-01 +1.4645167e+01 -2.6274417e-02 +2.9739750e-01 +4.6899931e+00 +9.9197917e-01 +1.9567639e+00 +9.0991667e-01 +1.3693264e-01 -2.8417847e-02 +9.5109354e+04
9.6693000e-01 +3.5000000e-01 +1.4579917e+01 -2.5703167e-02 +2.9842667e-01 +4.7547014e+00 +9.8008333e-01 +1.9574792e+00 +9.0953472e-01 +1.3660556e-01 -2.7431597e-02 +9.7512526e+04
9.6771600e-01 +3.5000000e-01 +1.4513250e+01 -2.5127417e-02 +2.9935750e-01 +4.8216667e+00 +9.6761806e-01 +1.9576875e+00 +9.0901389e-01 +1.3632847e-01 -2.6436458e-02 +9.9985424e+04
9.6849200e-01 +3.5000000e-01 +1.4445250e+01 -2.4547167e-02 +3.0018667e-01 +4.8909236e+00 +9.5456944e-01 +1.9573403e+00 +9.0834722e-01 +1.3610347e-01 -2.5438333e-02 +1.0253012e+05
9.6925900e-01 +3.5000000e-01 +1.4375750e+01 -2.3962667e-02 +3.0091167e-01 +4.9625139e+00 +9.4093750e-01 +1.9564028e+00 +9.0752778e-01 +1.3592986e-01 -2.4442153e-02 +1.0514732e+05
9.7001500e-01 +3.5000000e-01 +1.4304583e+01 -2.3374167e-02 +3.0152750e-01 +5.0364792e+00 +9.2671528e-01 +1.9548611e+00 +9.0654167e-01 +1.3580417e-01 -2.3450972e-02 +1.0783914e+05
9.7076200e-01 +3.5000000e-01 +1.4231750e+01 -2.2782083e-02 +3.0203083e-01 +5.1128403e+00 +9.1189583e-01 +1.9526875e+00 +9.0536806e-01 +1.3572569e-01 -2.2465972e-02 +1.1060766e+05
9.7150000e-01 +3.5000000e-01 +1.4157083e+01 -2.2187083e-02 +3.0241667e-01 +5.1916181e+00 +8.9647222e-01 +1.9498750e+00 +9.0400000e-01 +1.3569583e-01 -2.1486250e-02 +1.1345777e+05
9.7222800e-01 +3.5000000e-01 +1.4080417e+01 -2.1589750e-02 +3.0268000e-01 +5.2728056e+00 +8.8044444e-01 +1.9463958e+00 +9.0241667e-01 +1.3571736e-01 -2.0509097e-02 +1.1639298e+05
9.7294600e-01 +3.5000000e-01 +1.4001667e+01 -2.0990667e-02 +3.0281417e-01 +5.3564097e+00 +8.6381250e-01 +1.9422361e+00 +9.0057639e-01 +1.3579792e-01 -1.9530347e-02 +1.1941679e+05
9.7365600e-01 +3.5000000e-01 +1.3920750e+01 -2.0390583e-02 +3.0281167e-01 +5.4424375e+00 +8.4656944e-01 +1.9373681e+00 +8.9847222e-01 +1.3594792e-01 -1.8545833e-02 +1.2253196e+05
9.7435600e-01 +3.5000000e-01 +1.3837417e+01 -1.9790167e-02 +3.0266583e-01 +5.5308819e+00 +8.2871528e-01 +1.9317639e+00 +8.9606944e-01 +1.3618125e-01 -1.7551736e-02 +1.2573925e+05
9.7504800e-01 +3.5000000e-01 +1.3751500e+01 -1.9189917e-02 +3.0237000e-01 +5.6217222e+00 +8.1027083e-01 +1.9253889e+00 +8.9334028e-01 +1.3651597e-01 -1.6546042e-02 +1.2903727e+05
9.7573000e-01 +3.5000000e-01 +1.3662917e+01 -1.8590250e-02 +3.0191750e-01 +5.7149097e+00 +7.9122917e-01 +1.9182014e+00 +8.9025694e-01 +1.3696944e-01 -1.5528611e-02 +1.3242259e+05
9.7640400e-01 +3.5000000e-01 +1.3571417e+01 -1.7991667e-02 +3.0130417e-01 +5.8103611e+00 +7.7161111e-01 +1.9101736e+00 +8.8679167e-01 +1.3755972e-01 -1.4501528e-02 +1.3588967e+05
9.7706800e-01 +3.5000000e-01 +1.3476750e+01 -1.7394250e-02 +3.0052417e-01 +5.9079583e+00 +7.5142361e-01 +1.9012708e+00 +8.8291667e-01 +1.3830000e-01 -1.3468681e-02 +1.3943440e+05
9.7772500e-01 +3.5000000e-01 +1.3378833e+01 -1.6798333e-02 +2.9957583e-01 +6.0075278e+00 +7.3069444e-01 +1.8914444e+00 +8.7859722e-01 +1.3919653e-01 -1.2435694e-02 +1.4305122e+05
9.7837300e-01 +3.5000000e-01 +1.3277417e+01 -1.6204000e-02 +2.9845667e-01 +6.1088681e+00 +7.0944444e-01 +1.8806597e+00 +8.7379167e-01 +1.4025000e-01 -1.1409097e-02 +1.4673533e+05
9.7901200e-01 +3.5000000e-01 +1.3172250e+01 -1.5611500e-02 +2.9716417e-01 +6.2117153e+00 +6.8769722e-01 +1.8688542e+00 +8.6846528e-01 +1.4145556e-01 -1.0395556e-02 +1.5048262e+05
9.7964300e-01 +3.5000000e-01 +1.3063000e+01 -1.5021000e-02 +2.9569583e-01 +6.3157569e+00 +6.6548264e-01 +1.8559583e+00 +8.6257639e-01 +1.4280069e-01 -9.4010417e-03 +1.5428826e+05
9.8026600e-01 +3.5000000e-01 +1.2949417e+01 -1.4432583e-02 +2.9405083e-01 +6.4206319e+00 +6.4283333e-01 +1.8419167e+00 +8.5607639e-01 +1.4427083e-01 -8.4306250e-03 +1.5815019e+05
9.8088100e-01 +3.5000000e-01 +1.2831333e+01 -1.3846500e-02 +2.9222750e-01 +6.5259028e+00 +6.1978472e-01 +1.8266528e+00 +8.4890972e-01 +1.4584722e-01 -7.4881250e-03 +1.6206428e+05
9.8148700e-01 +3.5000000e-01 +1.2708250e+01 -1.3262833e-02 +2.9022500e-01 +6.6310764e+00 +5.9637361e-01 +1.8101042e+00 +8.4104167e-01 +1.4751042e-01 -6.5766042e-03 +1.6602644e+05
9.8208600e-01 +3.5000000e-01 +1.2579917e+01 -1.2681750e-02 +2.8804167e-01 +6.7355764e+00 +5.7264236e-01 +1.7922083e+00 +8.3240278e-01 +1.4923819e-01 -5.6986528e-03 +1.7002971e+05
9.8267700e-01 +3.5000000e-01 +1.2445917e+01 -1.2103417e-02 +2.8567500e-01 +6.8387361e+00 +5.4863542e-01 +1.7729028e+00 +8.2294444e-01 +1.5100486e-01 -4.8565833e-03 +1.7406441e+05
9.8326100e-01 +3.5000000e-01 +1.2306000e+01 -1.1528000e-02 +2.8312000e-01 +6.9397986e+00 +5.2440000e-01 +1.7521458e+00 +8.1260417e-01 +1.5278472e-01 -4.0523333e-03 +1.7811805e+05
9.8383600e-01 +3.5000000e-01 +1.2159583e+01 -1.0955750e-02 +2.8037333e-01 +7.0379167e+00 +4.9998819e-01 +1.7298750e+00 +8.0130556e-01 +1.5455069e-01 -3.2872014e-03 +1.8217335e+05
9.8440400e-01 +3.5000000e-01 +1.2006250e+01 -1.0387250e-02 +2.7742917e-01 +7.1320139e+00 +4.7545486e-01 +1.7060486e+00 +7.8899306e-01 +1.5627500e-01 -2.5617014e-03 +1.8621219e+05
9.8496500e-01 +3.5000000e-01 +1.1845667e+01 -9.8231667e-03 +2.7427917e-01 +7.2210417e+00 +4.5085833e-01 +1.6806111e+00 +7.7559722e-01 +1.5793125e-01 -1.8755694e-03 +1.9021578e+05
9.8551800e-01 +3.5000000e-01 +1.1677167e+01 -9.2645000e-03 +2.7091500e-01 +7.3036111e+00 +4.2626111e-01 +1.6535069e+00 +7.6103472e-01 +1.5949306e-01 -1.2279583e-03 +1.9416402e+05
9.8606400e-01 +3.5000000e-01 +1.1500333e+01 -8.7123333e-03 +2.6732833e-01 +7.3784028e+00 +4.0172847e-01 +1.6246875e+00 +7.4523611e-01 +1.6093681e-01 -6.1782569e-04 +1.9803526e+05
9.8660300e-01 +3.5000000e-01 +1.1314583e+01 -8.1678417e-03 +2.6350917e-01 +7.4436111e+00 +3.7732847e-01 +1.5941111e+00 +7.2813194e-01 +1.6223542e-01 -4.4404583e-05 +2.0180580e+05
9.8713400e-01 +3.5000000e-01 +1.1119333e+01 -7.6324583e-03 +2.5944917e-01 +7.4975694e+00 +3.5313333e-01 +1.5617361e+00 +7.0963889e-01 +1.6336250e-01 +4.9227153e-04 +2.0544570e+05
9.8765900e-01 +3.5000000e-01 +1.0914000e+01 -7.1076167e-03 +2.5513583e-01 +7.5381944e+00 +3.2921597e-01 +1.5275278e+00 +6.8968681e-01 +1.6428333e-01 +9.9106250e-04 +2.0891855e+05
9.8817700e-01 +3.5000000e-01 +1.0698000e+01 -6.5948917e-03 +2.5056083e-01 +7.5633333e+00 +3.0565069e-01 +1.4914514e+00 +6.6820764e-01 +1.6495694e-01 +1.4496319e-03 +2.1218458e+05
9.8868800e-01 +3.5000000e-01 +1.0470583e+01 -6.0958667e-03 +2.4571083e-01 +7.5704861e+00 +2.8251389e-01 +1.4535069e+00 +6.4513958e-01 +1.6533681e-01 +1.8646111e-03 +2.1520182e+05
9.8919200e-01 +3.5000000e-01 +1.0231250e+01 -5.6121583e-03 +2.4057417e-01 +7.5571528e+00 +2.5988125e-01 +1.4136667e+00 +6.2043333e-01 +1.6536597e-01 +2.2318819e-03 +2.1792895e+05
9.8968900e-01 +3.5000000e-01 +9.9792500e+00 -5.1453000e-03 +2.3513750e-01 +7.5205556e+00 +2.3782778e-01 +1.3719444e+00 +5.9405278e-01 +1.6498056e-01 +2.5470069e-03 +2.2032523e+05
9.9018000e-01 +3.5000000e-01 +9.7140833e+00 -4.6966917e-03 +2.2938583e-01 +7.4576389e+00 +2.1642847e-01 +1.3283472e+00 +5.6598472e-01 +1.6410903e-01 +2.8057014e-03 +2.2235671e+05
9.9066400e-01 +3.5000000e-01 +9.4350833e+00 -4.2675250e-03 +2.2330333e-01 +7.3655556e+00 +1.9575417e-01 +1.2828889e+00 +5.3623958e-01 +1.6267083e-01 +3.0042986e-03 +2.2399856e+05
9.9114200e-01 +3.5000000e-01 +9.1416667e+00 -3.8587417e-03 +2.1687500e-01 +7.2411111e+00 +1.7587708e-01 +1.2355972e+00 +5.0486181e-01 +1.6057917e-01 +3.1401597e-03 +2.2523818e+05
9.9161300e-01 +3.5000000e-01 +8.8333333e+00 -3.4710167e-03 +2.1008500e-01 +7.0813194e+00 +1.5686389e-01 +1.1864861e+00 +4.7193889e-01 +1.5774236e-01 +3.2120069e-03 +2.2608745e+05
9.9207900e-01 +3.5000000e-01 +8.5097500e+00 -3.1048000e-03 +2.0291833e-01 +6.8835764e+00 +1.3877708e-01 +1.1355833e+00 +4.3760347e-01 +1.5407153e-01 +3.2201250e-03 +2.2658902e+05
9.9253700e-01 +3.5000000e-01 +8.1705667e+00 -2.7603083e-03 +1.9536167e-01 +6.6454375e+00 +1.2167639e-01 +1.0829167e+00 +4.0204722e-01 +1.4948264e-01 +3.1663611e-03 +2.2682659e+05
9.9299000e-01 +3.5000000e-01 +7.8156583e+00 -2.4376000e-03 +1.8740583e-01 +6.3652361e+00 +1.0561458e-01 +1.0285000e+00 +3.6552569e-01 +1.4390625e-01 +3.0541528e-03 +2.2693364e+05
9.9343700e-01 +3.5000000e-01 +7.4450250e+00 -2.1366000e-03 +1.7904333e-01 +6.0421319e+00 +9.0640972e-02 +9.7233333e-01 +3.2836458e-01 +1.3729444e-01 +2.8884444e-03 +2.2709994e+05
9.9387800e-01 +3.5000000e-01 +7.0589000e+00 -1.8571583e-03 +1.7027417e-01 +5.6765000e+00 +7.6795833e-02 +9.1441667e-01 +2.9096181e-01 +1.2962778e-01 +2.6757014e-03 +2.2756874e+05
9.9431300e-01 +3.5000000e-01 +6.6577083e+00 -1.5990583e-03 +1.6110083e-01 +5.2701806e+00 +6.4115278e-02 +8.5472917e-01 +2.5378611e-01 +1.2092569e-01 +2.4239306e-03 +2.2863147e+05
9.9474200e-01 +3.5000000e-01 +6.2421500e+00 -1.3620500e-03 +1.5153500e-01 +4.8268056e+00 +5.2625903e-02 +7.9325694e-01 +2.1736944e-01 +1.1125000e-01 +2.1426736e-03 +2.3060281e+05
9.9516500e-01 +3.5000000e-01 +5.8132000e+00 -1.1458417e-03 +1.4159250e-01 +4.3520208e+00 +4.2347014e-02 +7.2996528e-01 +1.8229306e-01 +1.0071667e-01 +1.8428472e-03 +2.3378322e+05
9.9558300e-01 +3.5000000e-01 +5.3720917e+00 -9.5009167e-04 +1.3129833e-01 +3.8536111e+00 +3.3287917e-02 +6.6486736e-01 +1.4916250e-01 +8.9496528e-02 +1.5364306e-03 +2.3840950e+05
9.9599500e-01 +3.5000000e-01 +4.9203333e+00 -7.7442833e-04 +1.2068250e-01 +3.3414583e+00 +2.5445903e-02 +5.9800347e-01 +1.1857569e-01 +7.7818056e-02 +1.2359236e-03 +2.4459293e+05
9.9640100e-01 +3.5000000e-01 +4.4596583e+00 -6.1840333e-04 +1.0978250e-01 +2.8272917e+00 +1.8804444e-02 +5.2951181e-01 +9.1084722e-02 +6.5960625e-02 +9.5351389e-04 +2.5226784e+05
9.9680200e-01 +3.5000000e-01 +3.9920000e+00 -4.8152000e-04 +9.8638333e-02 +2.3241389e+00 +1.3329583e-02 +4.5967431e-01 +6.7143819e-02 +5.4246528e-02 +7.0009028e-04 +2.6116451e+05
9.9719800e-01 +3.5000000e-01 +3.5194000e+00 -3.6322000e-04 +8.7295000e-02 +1.8455208e+00 +8.9674306e-03 +3.8899167e-01 +4.7067153e-02 +4.3019653e-02 +4.8416319e-04 +2.7083090e+05
9.9758800e-01 +3.5000000e-01 +3.0439417e+00 -2.6289083e-04 +7.5799667e-02 +1.4045139e+00 +5.6403403e-03 +3.1827083e-01 +3.0983264e-02 +3.2622292e-02 +3.1094236e-04 +2.8072901e+05
9.9797300e-01 +3.5000000e-01 +2.5676417e+00 -1.7987917e-04 +6.4196250e-02 +1.0126597e+00 +3.2448889e-03 +2.4872222e-01 +1.8807083e-02 +2.3366806e-02 +1.8168958e-04 +2.9040361e+05
9.9835300e-01 +3.5000000e-01 +2.0923500e+00 -1.1350250e-04 +5.2527083e-02 +6.7906250e-01 +1.6505833e-03 +1.8207014e-01 +1.0232847e-02 +1.5508264e-02 +9.3609722e-05 +2.9969167e+05
9.9872800e-01 +3.5000000e-01 +1.6196500e+00 -6.3070667e-05 +4.0828917e-02 +4.0985625e-01 +7.0204167e-04 +1.2066389e-01 +4.7553194e-03 +9.2212500e-03 +4.0353542e-05 +3.0893733e+05
9.9909700e-01 +3.5000000e-01 +1.1508333e+00 -2.7889417e-05 +2.9131917e-02 +2.0815556e-01 +2.2588681e-04 +6.7591250e-02 +1.7185833e-03 +4.5882014e-03 +1.3177639e-05 +3.1914201e+05
9.9946200e-01 +3.5000000e-01 +6.8678750e-01 -7.2545250e-06 +1.7458750e-02 +7.4590972e-02 +4.5037292e-05 +2.6813403e-02 +3.8728542e-04 +1.6000278e-03 +2.5909792e-06 +3.3198846e+05
9.9982100e-01 +3.5000000e-01 +2.2807833e-01 +0.0000000e+00 +5.8251833e-03 +8.3018750e-03 +3.3265486e-06 +3.3471944e-03 +2.5496528e-05 +1.7126250e-04 +1.4157361e-07 +3.4826353e+05
1.0000000e+00 +3.5000000e-01 +0.0000000e+00 +0.0000000e+00 +0.0000000e+00 +0.0000000e+00 +0.0000000e+00 +0.0000000e+00 +0.0000000e+00 +0.0000000e+00 +0.0000000e+00 +3.4826250e+05
