#    y              z              <u>            <v>            <w>            <u'u'>         <v'v'>         <w'w'>         <u'v'>         <u'w'>         <v'w'>         <eps>         
#----------------------------------------------------------------------------------------------------------------------------------------------------------------------------------
0.0000000e+00 +4.5000000e-01 +0.0000000e+00 +0.0000000e+00 +0.0000000e+00 +0.0000000e+00 +0.0000000e+00 +0.0000000e+00 +0.0000000e+00 +0.0000000e+00 +0.0000000e+00 +3.1711667e+05
1.7900000e-04 +4.5000000e-01 +2.1530083e-01 +2.2506167e-05 +3.0369750e-03 +7.6478472e-03 +2.9694792e-06 +2.9652361e-03 -2.2824097e-05 +1.1475347e-04 +1.5958194e-07 +3.1711759e+05
5.3800000e-04 +4.5000000e-01 +6.4828583e-01 +8.5264167e-05 +9.0717500e-03 +6.8702986e-02 +4.0286458e-05 +2.3782014e-02 -3.4619444e-04 +1.0537917e-03 +1.7727014e-06 +3.0286175e+05
9.0300000e-04 +4.5000000e-01 +1.0862917e+00 +1.9035167e-04 +1.5090750e-02 +1.9169861e-01 +2.0241875e-04 +6.0017778e-02 -1.5344792e-03 +2.9839792e-03 +5.7774028e-06 +2.9163291e+05
1.2720000e-03 +4.5000000e-01 +1.5288250e+00 +3.3835167e-04 +2.1084167e-02 +3.7744444e-01 +6.3019792e-04 +1.0727222e-01 -4.2423889e-03 +5.9370972e-03 +1.1453611e-05 +2.8275327e+05
1.6470000e-03 +4.5000000e-01 +1.9751000e+00 +5.2973917e-04 +2.7039417e-02 +6.2547847e-01 +1.4841875e-03 +1.6207014e-01 -9.1245833e-03 +9.9080556e-03 +1.7138194e-05 +2.7474495e+05
2.0270000e-03 +4.5000000e-01 +2.4239917e+00 +7.6489917e-04 +3.2941083e-02 +9.3318750e-01 +2.9225556e-03 +2.2169792e-01 -1.6767708e-02 +1.4847917e-02 +2.1242569e-05 +2.6672059e+05
2.4120000e-03 +4.5000000e-01 +2.8741000e+00 +1.0440833e-03 +3.8771083e-02 +1.2953472e+00 +5.0880069e-03 +2.8408958e-01 -2.7629653e-02 +2.0664167e-02 +2.3057083e-05 +2.5835704e+05
2.8020000e-03 +4.5000000e-01 +3.3237833e+00 +1.3673833e-03 +4.4510083e-02 +1.7041111e+00 +8.1012500e-03 +3.4772361e-01 -4.1997500e-02 +2.7227639e-02 +2.3192917e-05 +2.4976412e+05
3.1980000e-03 +4.5000000e-01 +3.7712417e+00 +1.7346417e-03 +5.0138167e-02 +2.1494444e+00 +1.2058958e-02 +4.1152986e-01 -5.9969028e-02 +3.4383125e-02 +2.3630208e-05 +2.4130359e+05
3.5990000e-03 +4.5000000e-01 +4.2146250e+00 +2.1454667e-03 +5.5636333e-02 +2.6198889e+00 +1.7034306e-02 +4.7479514e-01 -8.1457639e-02 +4.1962292e-02 +2.7446806e-05 +2.3341933e+05
4.0050000e-03 +4.5000000e-01 +4.6520667e+00 +2.5991833e-03 +6.0986833e-02 +3.1033889e+00 +2.3079444e-02 +5.3707569e-01 -1.0621528e-01 +4.9796181e-02 +3.8357639e-05 +2.2649977e+05
4.4170000e-03 +4.5000000e-01 +5.0818250e+00 +3.0948333e-03 +6.6174333e-02 +3.5881597e+00 +3.0228125e-02 +5.9812361e-01 -1.3386528e-01 +5.7725694e-02 +6.0208194e-05 +2.2079955e+05
4.8350000e-03 +4.5000000e-01 +5.5022750e+00 +3.6312417e-03 +7.1186083e-02 +4.0633889e+00 +3.8498611e-02 +6.5781875e-01 -1.6394306e-01 +6.5609097e-02 +9.6540278e-05 +2.1641227e+05
5.2580000e-03 +4.5000000e-01 +5.9120083e+00 +4.2069750e-03 +7.6012500e-02 +4.5197222e+00 +4.7896319e-02 +7.1612500e-01 -1.9593542e-01 +7.3326389e-02 +1.5029167e-04 +2.1328300e+05
5.6870000e-03 +4.5000000e-01 +6.3098333e+00 +4.8204667e-03 +8.0646833e-02 +4.9495625e+00 +5.8415972e-02 +7.7303472e-01 -2.2931389e-01 +8.0780556e-02 +2.2362847e-04 +2.1124854e+05
6.1220000e-03 +4.5000000e-01 +6.6947917e+00 +5.4700333e-03 +8.5085833e-02 +5.3471736e+00 +7.0043750e-02 +8.2856944e-01 -2.6356181e-01 +8.7898611e-02 +3.1788889e-04 +2.1007917e+05
6.5630000e-03 +4.5000000e-01 +7.0661667e+00 +6.1539250e-03 +8.9327500e-02 +5.7085903e+00 +8.2756944e-02 +8.8273611e-01 -2.9820069e-01 +9.4627083e-02 +4.3360000e-04 +2.0952191e+05
7.0100000e-03 +4.5000000e-01 +7.4234750e+00 +6.8704250e-03 +9.3373333e-02 +6.0315000e+00 +9.6527778e-02 +9.3555556e-01 -3.3279931e-01 +1.0093333e-01 +5.7054375e-04 +2.0933243e+05
7.4630000e-03 +4.5000000e-01 +7.7664333e+00 +7.6179000e-03 +9.7227500e-02 +6.3149861e+00 +1.1132153e-01 +9.8700000e-01 -3.6698472e-01 +1.0680000e-01 +7.2786111e-04 +2.0929440e+05
7.9210000e-03 +4.5000000e-01 +8.0949333e+00 +8.3949167e-03 +1.0089250e-01 +6.5592917e+00 +1.2709931e-01 +1.0370625e+00 -4.0044514e-01 +1.1222222e-01 +9.0415278e-04 +2.0923249e+05
8.3870000e-03 +4.5000000e-01 +8.4090833e+00 +9.2001667e-03 +1.0437417e-01 +6.7655417e+00 +1.4381597e-01 +1.0857153e+00 -4.3292778e-01 +1.1720764e-01 +1.0976389e-03 +2.0901236e+05
8.8580000e-03 +4.5000000e-01 +8.7090000e+00 +1.0032833e-02 +1.0767750e-01 +6.9355556e+00 +1.6142361e-01 +1.1329097e+00 -4.6424028e-01 +1.2176875e-01 +1.3062778e-03 +2.0854119e+05
9.3360000e-03 +4.5000000e-01 +8.9950833e+00 +1.0892333e-02 +1.1080750e-01 +7.0715972e+00 +1.7986944e-01 +1.1786250e+00 -4.9423819e-01 +1.2592708e-01 +1.5280556e-03 +2.0776234e+05
9.8200000e-03 +4.5000000e-01 +9.2676667e+00 +1.1778333e-02 +1.1376917e-01 +7.1762500e+00 +1.9909583e-01 +1.2228056e+00 -5.2282639e-01 +1.2970417e-01 +1.7612917e-03 +2.0664787e+05
1.0311000e-02 +4.5000000e-01 +9.5272500e+00 +1.2690917e-02 +1.1656750e-01 +7.2522222e+00 +2.1904306e-01 +1.2654236e+00 -5.4994722e-01 +1.3312500e-01 +2.0050069e-03 +2.0519298e+05
1.0808000e-02 +4.5000000e-01 +9.7744167e+00 +1.3630333e-02 +1.1920583e-01 +7.3022917e+00 +2.3964792e-01 +1.3064514e+00 -5.7557569e-01 +1.3621528e-01 +2.2592708e-03 +2.0340784e+05
1.1312000e-02 +4.5000000e-01 +1.0009583e+01 +1.4596833e-02 +1.2168917e-01 +7.3291667e+00 +2.6084444e-01 +1.3458542e+00 -5.9971319e-01 +1.3899792e-01 +2.5252847e-03 +2.0131319e+05
1.1823000e-02 +4.5000000e-01 +1.0233333e+01 +1.5590833e-02 +1.2401917e-01 +7.3354861e+00 +2.8256597e-01 +1.3836250e+00 -6.2237986e-01 +1.4149444e-01 +2.8052361e-03 +1.9893656e+05
1.2341000e-02 +4.5000000e-01 +1.0446333e+01 +1.6612750e-02 +1.2620083e-01 +7.3237500e+00 +3.0474583e-01 +1.4197431e+00 -6.4361250e-01 +1.4372361e-01 +3.1018542e-03 +1.9630883e+05
1.2866000e-02 +4.5000000e-01 +1.0649000e+01 +1.7662833e-02 +1.2823667e-01 +7.2962500e+00 +3.2731528e-01 +1.4542153e+00 -6.6345764e-01 +1.4570139e-01 +3.4178958e-03 +1.9346226e+05
1.3397000e-02 +4.5000000e-01 +1.0842083e+01 +1.8741417e-02 +1.3013000e-01 +7.2551389e+00 +3.5020903e-01 +1.4870556e+00 -6.8196944e-01 +1.4744028e-01 +3.7557222e-03 +1.9042965e+05
1.3936000e-02 +4.5000000e-01 +1.1026000e+01 +1.9848500e-02 +1.3188417e-01 +7.2023611e+00 +3.7336181e-01 +1.5182847e+00 -6.9920833e-01 +1.4895000e-01 +4.1170694e-03 +1.8724535e+05
1.4482000e-02 +4.5000000e-01 +1.1201250e+01 +2.0984167e-02 +1.3350333e-01 +7.1396528e+00 +3.9670972e-01 +1.5479375e+00 -7.1523611e-01 +1.5024167e-01 +4.5028542e-03 +1.8394071e+05
1.5035000e-02 +4.5000000e-01 +1.1368417e+01 +2.2148500e-02 +1.3499250e-01 +7.0686111e+00 +4.2019236e-01 +1.5760556e+00 -7.3011806e-01 +1.5132292e-01 +4.9130556e-03 +1.8054290e+05
1.5596000e-02 +4.5000000e-01 +1.1527917e+01 +2.3341417e-02 +1.3635583e-01 +6.9905556e+00 +4.4375208e-01 +1.6027014e+00 -7.4391667e-01 +1.5220278e-01 +5.3467222e-03 +1.7707637e+05
1.6164000e-02 +4.5000000e-01 +1.1680333e+01 +2.4563000e-02 +1.3759750e-01 +6.9068681e+00 +4.6733264e-01 +1.6279236e+00 -7.5670139e-01 +1.5288958e-01 +5.8020764e-03 +1.7356125e+05
1.6739000e-02 +4.5000000e-01 +1.1825917e+01 +2.5813417e-02 +1.3872250e-01 +6.8185833e+00 +4.9088194e-01 +1.6517847e+00 -7.6854167e-01 +1.5339167e-01 +6.2769167e-03 +1.7001563e+05
1.7323000e-02 +4.5000000e-01 +1.1965250e+01 +2.7092917e-02 +1.3973583e-01 +6.7267222e+00 +5.1435069e-01 +1.6743542e+00 -7.7949306e-01 +1.5371944e-01 +6.7689236e-03 +1.6645490e+05
1.7914000e-02 +4.5000000e-01 +1.2098583e+01 +2.8401833e-02 +1.4064167e-01 +6.6321528e+00 +5.3769097e-01 +1.6956806e+00 -7.8963194e-01 +1.5388333e-01 +7.2759722e-03 +1.6289285e+05
1.8513000e-02 +4.5000000e-01 +1.2226417e+01 +2.9740583e-02 +1.4144417e-01 +6.5356597e+00 +5.6085903e-01 +1.7158264e+00 -7.9899306e-01 +1.5390069e-01 +7.7963889e-03 +1.5934202e+05
1.9119000e-02 +4.5000000e-01 +1.2349083e+01 +3.1109667e-02 +1.4214750e-01 +6.4379236e+00 +5.8381250e-01 +1.7348472e+00 -8.0765278e-01 +1.5379514e-01 +8.3287500e-03 +1.5581139e+05
1.9734000e-02 +4.5000000e-01 +1.2466833e+01 +3.2509667e-02 +1.4275667e-01 +6.3395347e+00 +6.0651111e-01 +1.7528194e+00 -8.1564583e-01 +1.5359792e-01 +8.8713194e-03 +1.5230793e+05
2.0357000e-02 +4.5000000e-01 +1.2580000e+01 +3.3941083e-02 +1.4327667e-01 +6.2410208e+00 +6.2891528e-01 +1.7697847e+00 -8.2302778e-01 +1.5334375e-01 +9.4219444e-03 +1.4883922e+05
2.0988000e-02 +4.5000000e-01 +1.2688917e+01 +3.5404500e-02 +1.4371167e-01 +6.1428333e+00 +6.5099028e-01 +1.7858125e+00 -8.2982639e-01 +1.5307222e-01 +9.9770833e-03 +1.4541010e+05
2.1627000e-02 +4.5000000e-01 +1.2793750e+01 +3.6900333e-02 +1.4406833e-01 +6.0453681e+00 +6.7270069e-01 +1.8009444e+00 -8.3609028e-01 +1.5281597e-01 +1.0532708e-02 +1.4202746e+05
2.2275000e-02 +4.5000000e-01 +1.2894833e+01 +3.8428917e-02 +1.4435000e-01 +5.9489514e+00 +6.9401528e-01 +1.8152222e+00 -8.4185417e-01 +1.5260000e-01 +1.1084236e-02 +1.3869409e+05
2.2932000e-02 +4.5000000e-01 +1.2992417e+01 +3.9990417e-02 +1.4456167e-01 +5.8538611e+00 +7.1490278e-01 +1.8286667e+00 -8.4713889e-01 +1.5243889e-01 +1.1627153e-02 +1.3541756e+05
2.3596000e-02 +4.5000000e-01 +1.3086667e+01 +4.1584917e-02 +1.4470667e-01 +5.7603264e+00 +7.3533333e-01 +1.8413056e+00 -8.5197917e-01 +1.5233472e-01 +1.2156875e-02 +1.3220337e+05
2.4270000e-02 +4.5000000e-01 +1.3177833e+01 +4.3212000e-02 +1.4478833e-01 +5.6685347e+00 +7.5529167e-01 +1.8531597e+00 -8.5640278e-01 +1.5228125e-01 +1.2669236e-02 +1.2905779e+05
2.4952000e-02 +4.5000000e-01 +1.3266000e+01 +4.4871333e-02 +1.4480667e-01 +5.5786250e+00 +7.7474306e-01 +1.8642292e+00 -8.6043056e-01 +1.5226528e-01 +1.3160625e-02 +1.2598286e+05
2.5644000e-02 +4.5000000e-01 +1.3351500e+01 +4.6562250e-02 +1.4476250e-01 +5.4907083e+00 +7.9368056e-01 +1.8745486e+00 -8.6408333e-01 +1.5226736e-01 +1.3628125e-02 +1.2298063e+05
2.6344000e-02 +4.5000000e-01 +1.3434417e+01 +4.8283917e-02 +1.4465583e-01 +5.4048750e+00 +8.1206944e-01 +1.8841181e+00 -8.6739583e-01 +1.5226458e-01 +1.4070208e-02 +1.2004966e+05
2.7054000e-02 +4.5000000e-01 +1.3514917e+01 +5.0035417e-02 +1.4448500e-01 +5.3211806e+00 +8.2991667e-01 +1.8929653e+00 -8.7037500e-01 +1.5223472e-01 +1.4486458e-02 +1.1718996e+05
2.7772000e-02 +4.5000000e-01 +1.3593167e+01 +5.1815917e-02 +1.4424917e-01 +5.2396667e+00 +8.4719444e-01 +1.9011181e+00 -8.7304167e-01 +1.5215903e-01 +1.4878125e-02 +1.1440214e+05
2.8500000e-02 +4.5000000e-01 +1.3669333e+01 +5.3624583e-02 +1.4394833e-01 +5.1603542e+00 +8.6389583e-01 +1.9085903e+00 -8.7543056e-01 +1.5202639e-01 +1.5247292e-02 +1.1168762e+05
2.9238000e-02 +4.5000000e-01 +1.3743417e+01 +5.5461000e-02 +1.4358167e-01 +5.0832569e+00 +8.8002778e-01 +1.9154167e+00 -8.7754167e-01 +1.5182986e-01 +1.5596597e-02 +1.0904636e+05
2.9985000e-02 +4.5000000e-01 +1.3815583e+01 +5.7325000e-02 +1.4315167e-01 +5.0084028e+00 +8.9557639e-01 +1.9216111e+00 -8.7940278e-01 +1.5156944e-01 +1.5928194e-02 +1.0647763e+05
3.0741000e-02 +4.5000000e-01 +1.3886083e+01 +5.9216500e-02 +1.4265833e-01 +4.9358056e+00 +9.1054167e-01 +1.9272292e+00 -8.8103472e-01 +1.5124514e-01 +1.6242917e-02 +1.0397585e+05
3.1508000e-02 +4.5000000e-01 +1.3954833e+01 +6.1135667e-02 +1.4210667e-01 +4.8654861e+00 +9.2493750e-01 +1.9322778e+00 -8.8245139e-01 +1.5086389e-01 +1.6539583e-02 +1.0153619e+05
3.2284000e-02 +4.5000000e-01 +1.4022083e+01 +6.3082500e-02 +1.4149833e-01 +4.7974444e+00 +9.3875694e-01 +1.9368056e+00 -8.8367361e-01 +1.5043542e-01 +1.6815347e-02 +9.9158569e+04
3.3070000e-02 +4.5000000e-01 +1.4087833e+01 +6.5056500e-02 +1.4083667e-01 +4.7316875e+00 +9.5201389e-01 +1.9408194e+00 -8.8470833e-01 +1.4997569e-01 +1.7066806e-02 +9.6843036e+04
3.3866000e-02 +4.5000000e-01 +1.4152167e+01 +6.7057083e-02 +1.4012333e-01 +4.6681736e+00 +9.6470139e-01 +1.9443333e+00 -8.8556944e-01 +1.4950347e-01 +1.7291528e-02 +9.4592334e+04
3.4673000e-02 +4.5000000e-01 +1.4215250e+01 +6.9083083e-02 +1.3936083e-01 +4.6068750e+00 +9.7684028e-01 +1.9473472e+00 -8.8628472e-01 +1.4904167e-01 +1.7488681e-02 +9.2406465e+04
3.5490000e-02 +4.5000000e-01 +1.4277083e+01 +7.1133333e-02 +1.3854833e-01 +4.5477500e+00 +9.8842361e-01 +1.9498542e+00 -8.8685417e-01 +1.4861458e-01 +1.7659444e-02 +9.0284016e+04
3.6317000e-02 +4.5000000e-01 +1.4337750e+01 +7.3206500e-02 +1.3768667e-01 +4.4907431e+00 +9.9946528e-01 +1.9518472e+00 -8.8728472e-01 +1.4824653e-01 +1.7807847e-02 +8.8222895e+04
3.7155000e-02 +4.5000000e-01 +1.4397417e+01 +7.5301250e-02 +1.3677417e-01 +4.4357847e+00 +1.0099722e+00 +1.9533125e+00 -8.8758333e-01 +1.4795625e-01 +1.7941111e-02 +8.6221684e+04
3.8003000e-02 +4.5000000e-01 +1.4456083e+01 +7.7416750e-02 +1.3581000e-01 +4.3827986e+00 +1.0199583e+00 +1.9542431e+00 -8.8775694e-01 +1.4775625e-01 +1.8068889e-02 +8.4278298e+04
3.8862000e-02 +4.5000000e-01 +1.4513750e+01 +7.9552000e-02 +1.3479250e-01 +4.3317014e+00 +1.0294306e+00 +1.9546458e+00 -8.8779861e-01 +1.4764792e-01 +1.8201875e-02 +8.2387887e+04
3.9732000e-02 +4.5000000e-01 +1.4570583e+01 +8.1706333e-02 +1.3372000e-01 +4.2824097e+00 +1.0384097e+00 +1.9545486e+00 -8.8770139e-01 +1.4762569e-01 +1.8349931e-02 +8.0549017e+04
4.0613000e-02 +4.5000000e-01 +1.4626583e+01 +8.3879167e-02 +1.3259500e-01 +4.2348472e+00 +1.0468958e+00 +1.9539722e+00 -8.8747917e-01 +1.4767639e-01 +1.8521042e-02 +7.8761695e+04
4.1505000e-02 +4.5000000e-01 +1.4681833e+01 +8.6069167e-02 +1.3141750e-01 +4.1889375e+00 +1.0549167e+00 +1.9529583e+00 -8.8713194e-01 +1.4778194e-01 +1.8720833e-02 +7.7025207e+04
4.2409000e-02 +4.5000000e-01 +1.4736333e+01 +8.8275000e-02 +1.3019083e-01 +4.1446458e+00 +1.0624722e+00 +1.9515486e+00 -8.8665972e-01 +1.4792361e-01 +1.8952361e-02 +7.5338863e+04
4.3324000e-02 +4.5000000e-01 +1.4790167e+01 +9.0495833e-02 +1.2892167e-01 +4.1019444e+00 +1.0695972e+00 +1.9497778e+00 -8.8608333e-01 +1.4808056e-01 +1.9216389e-02 +7.3700541e+04
4.4250000e-02 +4.5000000e-01 +1.4843417e+01 +9.2729167e-02 +1.2761417e-01 +4.0608403e+00 +1.0762917e+00 +1.9476667e+00 -8.8540972e-01 +1.4823819e-01 +1.9511667e-02 +7.2106111e+04
4.5188000e-02 +4.5000000e-01 +1.4896000e+01 +9.4973333e-02 +1.2627583e-01 +4.0213056e+00 +1.0825694e+00 +1.9452222e+00 -8.8465278e-01 +1.4838542e-01 +1.9834375e-02 +7.0554790e+04
4.6137000e-02 +4.5000000e-01 +1.4948000e+01 +9.7227500e-02 +1.2491167e-01 +3.9832986e+00 +1.0884653e+00 +1.9424514e+00 -8.8383333e-01 +1.4851944e-01 +2.0177222e-02 +6.9044581e+04
4.7099000e-02 +4.5000000e-01 +1.4999500e+01 +9.9488333e-02 +1.2352667e-01 +3.9467500e+00 +1.0939861e+00 +1.9393611e+00 -8.8295139e-01 +1.4864167e-01 +2.0529931e-02 +6.7575791e+04
4.8072000e-02 +4.5000000e-01 +1.5050417e+01 +1.0175750e-01 +1.2212417e-01 +3.9115556e+00 +1.0991458e+00 +1.9359792e+00 -8.8202083e-01 +1.4875903e-01 +2.0880347e-02 +6.6148192e+04
4.9057000e-02 +4.5000000e-01 +1.5100917e+01 +1.0403417e-01 +1.2070583e-01 +3.8776319e+00 +1.1039792e+00 +1.9323194e+00 -8.8103472e-01 +1.4887500e-01 +2.1217292e-02 +6.4760886e+04
5.0055000e-02 +4.5000000e-01 +1.5150917e+01 +1.0631917e-01 +1.1927083e-01 +3.8448889e+00 +1.1085000e+00 +1.9284306e+00 -8.8000694e-01 +1.4898125e-01 +2.1533472e-02 +6.3411534e+04
5.1065000e-02 +4.5000000e-01 +1.5200583e+01 +1.0861250e-01 +1.1782000e-01 +3.8132431e+00 +1.1127153e+00 +1.9243472e+00 -8.7893056e-01 +1.4906042e-01 +2.1827083e-02 +6.2098384e+04
5.2087000e-02 +4.5000000e-01 +1.5249833e+01 +1.1091417e-01 +1.1635500e-01 +3.7826458e+00 +1.1166528e+00 +1.9201042e+00 -8.7782639e-01 +1.4909583e-01 +2.2100069e-02 +6.0820672e+04
5.3122000e-02 +4.5000000e-01 +1.5298667e+01 +1.1322333e-01 +1.1487500e-01 +3.7530347e+00 +1.1203194e+00 +1.9157222e+00 -8.7668750e-01 +1.4909236e-01 +2.2355625e-02 +5.9577618e+04
5.4170000e-02 +4.5000000e-01 +1.5347250e+01 +1.1553833e-01 +1.1338000e-01 +3.7244028e+00 +1.1237222e+00 +1.9112014e+00 -8.7552778e-01 +1.4907361e-01 +2.2596042e-02 +5.8367336e+04
5.5231000e-02 +4.5000000e-01 +1.5395500e+01 +1.1785833e-01 +1.1186417e-01 +3.6967361e+00 +1.1268681e+00 +1.9065486e+00 -8.7434722e-01 +1.4906736e-01 +2.2823403e-02 +5.7188424e+04
5.6304000e-02 +4.5000000e-01 +1.5443417e+01 +1.2018083e-01 +1.1032333e-01 +3.6700208e+00 +1.1297639e+00 +1.9017500e+00 -8.7315278e-01 +1.4909236e-01 +2.3040625e-02 +5.6041633e+04
5.7391000e-02 +4.5000000e-01 +1.5491083e+01 +1.2250500e-01 +1.0875417e-01 +3.6442222e+00 +1.1324236e+00 +1.8967986e+00 -8.7195139e-01 +1.4914583e-01 +2.3251528e-02 +5.4928922e+04
5.8491000e-02 +4.5000000e-01 +1.5538417e+01 +1.2482917e-01 +1.0715500e-01 +3.6192986e+00 +1.1348472e+00 +1.8917083e+00 -8.7072917e-01 +1.4920694e-01 +2.3460208e-02 +5.3851415e+04
5.9604000e-02 +4.5000000e-01 +1.5585583e+01 +1.2715000e-01 +1.0552833e-01 +3.5952222e+00 +1.1370556e+00 +1.8864931e+00 -8.6949306e-01 +1.4924514e-01 +2.3668194e-02 +5.2807719e+04
6.0730000e-02 +4.5000000e-01 +1.5632500e+01 +1.2946583e-01 +1.0387833e-01 +3.5719375e+00 +1.1390556e+00 +1.8812083e+00 -8.6822917e-01 +1.4923819e-01 +2.3873125e-02 +5.1795416e+04
6.1870000e-02 +4.5000000e-01 +1.5679167e+01 +1.3177500e-01 +1.0220667e-01 +3.5493889e+00 +1.1408611e+00 +1.8758819e+00 -8.6693750e-01 +1.4917917e-01 +2.4067986e-02 +5.0812155e+04
6.3024000e-02 +4.5000000e-01 +1.5725667e+01 +1.3407250e-01 +1.0051000e-01 +3.5275139e+00 +1.1424722e+00 +1.8705486e+00 -8.6562500e-01 +1.4907569e-01 +2.4242153e-02 +4.9855502e+04
6.4192000e-02 +4.5000000e-01 +1.5772000e+01 +1.3635750e-01 +9.8784167e-02 +3.5062639e+00 +1.1439028e+00 +1.8652153e+00 -8.6429167e-01 +1.4894236e-01 +2.4383958e-02 +4.8922714e+04
6.5374000e-02 +4.5000000e-01 +1.5818250e+01 +1.3862833e-01 +9.7019167e-02 +3.4855833e+00 +1.1451667e+00 +1.8598889e+00 -8.6293750e-01 +1.4879653e-01 +2.4483194e-02 +4.8011073e+04
6.6570000e-02 +4.5000000e-01 +1.5864250e+01 +1.4088167e-01 +9.5207500e-02 +3.4654444e+00 +1.1462431e+00 +1.8545625e+00 -8.6158333e-01 +1.4865347e-01 +2.4532778e-02 +4.7119646e+04
6.7780000e-02 +4.5000000e-01 +1.5910167e+01 +1.4311667e-01 +9.3345000e-02 +3.4458194e+00 +1.1471528e+00 +1.8492153e+00 -8.6022222e-01 +1.4852431e-01 +2.4530069e-02 +4.6250011e+04
6.9004000e-02 +4.5000000e-01 +1.5955917e+01 +1.4533167e-01 +9.1435000e-02 +3.4266736e+00 +1.1478958e+00 +1.8438194e+00 -8.5886111e-01 +1.4841389e-01 +2.4475417e-02 +4.5404737e+04
7.0243000e-02 +4.5000000e-01 +1.6001583e+01 +1.4752667e-01 +8.9482500e-02 +3.4080208e+00 +1.1484653e+00 +1.8383403e+00 -8.5747917e-01 +1.4832431e-01 +2.4369444e-02 +4.4583984e+04
7.1496000e-02 +4.5000000e-01 +1.6047083e+01 +1.4970000e-01 +8.7495000e-02 +3.3898681e+00 +1.1488681e+00 +1.8327500e+00 -8.5609028e-01 +1.4825694e-01 +2.4211597e-02 +4.3784818e+04
7.2765000e-02 +4.5000000e-01 +1.6092500e+01 +1.5185417e-01 +8.5478333e-02 +3.3722292e+00 +1.1491250e+00 +1.8270208e+00 -8.5468056e-01 +1.4821250e-01 +2.3999514e-02 +4.3004529e+04
7.4048000e-02 +4.5000000e-01 +1.6137750e+01 +1.5399000e-01 +8.3436667e-02 +3.3550833e+00 +1.1492361e+00 +1.8211319e+00 -8.5325000e-01 +1.4818681e-01 +2.3730347e-02 +4.2241988e+04
7.5346000e-02 +4.5000000e-01 +1.6182833e+01 +1.5610750e-01 +8.1373750e-02 +3.3383889e+00 +1.1492083e+00 +1.8150625e+00 -8.5180556e-01 +1.4818125e-01 +2.3403958e-02 +4.1496091e+04
7.6659000e-02 +4.5000000e-01 +1.6227833e+01 +1.5820667e-01 +7.9293917e-02 +3.3220764e+00 +1.1490486e+00 +1.8088333e+00 -8.5032639e-01 +1.4820417e-01 +2.3024444e-02 +4.0766432e+04
7.7988000e-02 +4.5000000e-01 +1.6272667e+01 +1.6028333e-01 +7.7202500e-02 +3.3060625e+00 +1.1487639e+00 +1.8024444e+00 -8.4880556e-01 +1.4826944e-01 +2.2599514e-02 +4.0055065e+04
7.9332000e-02 +4.5000000e-01 +1.6317500e+01 +1.6233500e-01 +7.5106667e-02 +3.2902708e+00 +1.1483681e+00 +1.7959306e+00 -8.4722917e-01 +1.4838056e-01 +2.2139861e-02 +3.9363902e+04
8.0691000e-02 +4.5000000e-01 +1.6362167e+01 +1.6435583e-01 +7.3015500e-02 +3.2746875e+00 +1.1478542e+00 +1.7893125e+00 -8.4560417e-01 +1.4851944e-01 +2.1659167e-02 +3.8692069e+04
8.2066000e-02 +4.5000000e-01 +1.6406750e+01 +1.6634333e-01 +7.0937333e-02 +3.2593125e+00 +1.1472500e+00 +1.7826111e+00 -8.4393750e-01 +1.4865625e-01 +2.1172639e-02 +3.8036520e+04
8.3457000e-02 +4.5000000e-01 +1.6451250e+01 +1.6829500e-01 +6.8875500e-02 +3.2441528e+00 +1.1465625e+00 +1.7758819e+00 -8.4222222e-01 +1.4877083e-01 +2.0694514e-02 +3.7393422e+04
8.4864000e-02 +4.5000000e-01 +1.6495750e+01 +1.7020917e-01 +6.6827500e-02 +3.2292292e+00 +1.1458056e+00 +1.7691389e+00 -8.4047222e-01 +1.4885486e-01 +2.0238403e-02 +3.6760140e+04
8.6287000e-02 +4.5000000e-01 +1.6540250e+01 +1.7208583e-01 +6.4788417e-02 +3.2145625e+00 +1.1449861e+00 +1.7624028e+00 -8.3868056e-01 +1.4889097e-01 +1.9818125e-02 +3.6136232e+04
8.7726000e-02 +4.5000000e-01 +1.6584667e+01 +1.7392583e-01 +6.2755917e-02 +3.2001250e+00 +1.1441181e+00 +1.7556597e+00 -8.3686806e-01 +1.4885833e-01 +1.9446042e-02 +3.5524386e+04
8.9181000e-02 +4.5000000e-01 +1.6629167e+01 +1.7573000e-01 +6.0731417e-02 +3.1858889e+00 +1.1431944e+00 +1.7489097e+00 -8.3502083e-01 +1.4874097e-01 +1.9132431e-02 +3.4927426e+04
9.0653000e-02 +4.5000000e-01 +1.6673667e+01 +1.7749917e-01 +5.8718500e-02 +3.1718056e+00 +1.1422222e+00 +1.7421458e+00 -8.3314583e-01 +1.4853681e-01 +1.8887083e-02 +3.4345916e+04
9.2141000e-02 +4.5000000e-01 +1.6718083e+01 +1.7923250e-01 +5.6720250e-02 +3.1577917e+00 +1.1412153e+00 +1.7353889e+00 -8.3124306e-01 +1.4825486e-01 +1.8719236e-02 +3.3779041e+04
9.3646000e-02 +4.5000000e-01 +1.6762583e+01 +1.8092917e-01 +5.4736000e-02 +3.1437847e+00 +1.1401736e+00 +1.7286389e+00 -8.2930556e-01 +1.4791597e-01 +1.8633611e-02 +3.3225971e+04
9.5167000e-02 +4.5000000e-01 +1.6807000e+01 +1.8258583e-01 +5.2758000e-02 +3.1297222e+00 +1.1391042e+00 +1.7219167e+00 -8.2732639e-01 +1.4754167e-01 +1.8628750e-02 +3.2686253e+04
9.6706000e-02 +4.5000000e-01 +1.6851500e+01 +1.8420083e-01 +5.0774167e-02 +3.1155833e+00 +1.1380208e+00 +1.7152292e+00 -8.2529861e-01 +1.4714583e-01 +1.8699931e-02 +3.2158439e+04
9.8262000e-02 +4.5000000e-01 +1.6896000e+01 +1.8577167e-01 +4.8773833e-02 +3.1013750e+00 +1.1369028e+00 +1.7085833e+00 -8.2322222e-01 +1.4672778e-01 +1.8842431e-02 +3.1641943e+04
9.9834000e-02 +4.5000000e-01 +1.6940583e+01 +1.8729500e-01 +4.6753000e-02 +3.0871667e+00 +1.1357569e+00 +1.7019722e+00 -8.2109028e-01 +1.4628819e-01 +1.9049514e-02 +3.1138172e+04
1.0142400e-01 +4.5000000e-01 +1.6985167e+01 +1.8876667e-01 +4.4715417e-02 +3.0730417e+00 +1.1345556e+00 +1.6953819e+00 -8.1889583e-01 +1.4582222e-01 +1.9310833e-02 +3.0648561e+04
1.0303200e-01 +4.5000000e-01 +1.7029750e+01 +1.9017750e-01 +4.2669917e-02 +3.0590694e+00 +1.1332986e+00 +1.6887847e+00 -8.1662500e-01 +1.4530000e-01 +1.9613403e-02 +3.0172310e+04
1.0465700e-01 +4.5000000e-01 +1.7074500e+01 +1.9152167e-01 +4.0627333e-02 +3.0452639e+00 +1.1319653e+00 +1.6821736e+00 -8.1429167e-01 +1.4467014e-01 +1.9941181e-02 +2.9707955e+04
1.0629900e-01 +4.5000000e-01 +1.7119250e+01 +1.9279333e-01 +3.8597500e-02 +3.0316181e+00 +1.1305694e+00 +1.6755208e+00 -8.1190972e-01 +1.4389306e-01 +2.0271667e-02 +2.9253131e+04
1.0796000e-01 +4.5000000e-01 +1.7164167e+01 +1.9399000e-01 +3.6588000e-02 +3.0181111e+00 +1.1291042e+00 +1.6688194e+00 -8.0950000e-01 +1.4295347e-01 +2.0580833e-02 +2.8804196e+04
1.0963800e-01 +4.5000000e-01 +1.7209167e+01 +1.9511250e-01 +3.4606250e-02 +3.0047014e+00 +1.1275764e+00 +1.6620208e+00 -8.0707639e-01 +1.4185486e-01 +2.0852847e-02 +2.8359493e+04
1.1133400e-01 +4.5000000e-01 +1.7254250e+01 +1.9616167e-01 +3.2660583e-02 +2.9913542e+00 +1.1259861e+00 +1.6550556e+00 -8.0464583e-01 +1.4061319e-01 +2.1086181e-02 +2.7922011e+04
1.1304800e-01 +4.5000000e-01 +1.7299500e+01 +1.9713500e-01 +3.0757750e-02 +2.9780417e+00 +1.1243403e+00 +1.6478472e+00 -8.0218750e-01 +1.3925347e-01 +2.1289236e-02 +2.7495626e+04
1.1478100e-01 +4.5000000e-01 +1.7344750e+01 +1.9803417e-01 +2.8901417e-02 +2.9647222e+00 +1.1226250e+00 +1.6403611e+00 -7.9970833e-01 +1.3779375e-01 +2.1468819e-02 +2.7080926e+04
1.1653100e-01 +4.5000000e-01 +1.7390167e+01 +1.9885833e-01 +2.7089667e-02 +2.9513681e+00 +1.1208542e+00 +1.6326181e+00 -7.9718750e-01 +1.3622917e-01 +2.1622847e-02 +2.6675482e+04
1.1830100e-01 +4.5000000e-01 +1.7435667e+01 +1.9960917e-01 +2.5314917e-02 +2.9379444e+00 +1.1190208e+00 +1.6247083e+00 -7.9463194e-01 +1.3455278e-01 +2.1739722e-02 +2.6276103e+04
1.2008800e-01 +4.5000000e-01 +1.7481250e+01 +2.0029167e-01 +2.3567583e-02 +2.9244306e+00 +1.1171250e+00 +1.6167569e+00 -7.9202778e-01 +1.3278125e-01 +2.1804861e-02 +2.5880852e+04
1.2189500e-01 +4.5000000e-01 +1.7527000e+01 +2.0090917e-01 +2.1838417e-02 +2.9107917e+00 +1.1151736e+00 +1.6088194e+00 -7.8938889e-01 +1.3097292e-01 +2.1806458e-02 +2.5489959e+04
1.2372000e-01 +4.5000000e-01 +1.7572667e+01 +2.0146750e-01 +2.0117083e-02 +2.8969792e+00 +1.1131736e+00 +1.6009444e+00 -7.8670833e-01 +1.2921597e-01 +2.1741597e-02 +2.5104408e+04
1.2556400e-01 +4.5000000e-01 +1.7618500e+01 +2.0197083e-01 +1.8387500e-02 +2.8829583e+00 +1.1111181e+00 +1.5931597e+00 -7.8400694e-01 +1.2759514e-01 +2.1618264e-02 +2.4724739e+04
1.2742700e-01 +4.5000000e-01 +1.7664333e+01 +2.0242167e-01 +1.6629167e-02 +2.8687153e+00 +1.1090139e+00 +1.5854722e+00 -7.8129861e-01 +1.2615694e-01 +2.1455208e-02 +2.4351200e+04
1.2930900e-01 +4.5000000e-01 +1.7710333e+01 +2.0281917e-01 +1.4825250e-02 +2.8542500e+00 +1.1068472e+00 +1.5779028e+00 -7.7860417e-01 +1.2490417e-01 +2.1275347e-02 +2.3983655e+04
1.3121000e-01 +4.5000000e-01 +1.7756333e+01 +2.0316333e-01 +1.2969667e-02 +2.8395694e+00 +1.1046319e+00 +1.5704583e+00 -7.7593056e-01 +1.2381806e-01 +2.1094653e-02 +2.3621859e+04
1.3313000e-01 +4.5000000e-01 +1.7802417e+01 +2.0345500e-01 +1.1067250e-02 +2.8247014e+00 +1.1023611e+00 +1.5630972e+00 -7.7329167e-01 +1.2286458e-01 +2.0916250e-02 +2.3265783e+04
1.3507000e-01 +4.5000000e-01 +1.7848583e+01 +2.0369417e-01 +9.1287500e-03 +2.8097014e+00 +1.1000347e+00 +1.5557986e+00 -7.7068056e-01 +1.2201528e-01 +2.0733611e-02 +2.2914605e+04
1.3702900e-01 +4.5000000e-01 +1.7894833e+01 +2.0387917e-01 +7.1642917e-03 +2.7945903e+00 +1.0976597e+00 +1.5485139e+00 -7.6809028e-01 +1.2125556e-01 +2.0541250e-02 +2.2568947e+04
1.3900700e-01 +4.5000000e-01 +1.7941167e+01 +2.0400667e-01 +5.1804583e-03 +2.7793889e+00 +1.0952292e+00 +1.5412292e+00 -7.6552083e-01 +1.2057917e-01 +2.0340556e-02 +2.2229387e+04
1.4100500e-01 +4.5000000e-01 +1.7987583e+01 +2.0407583e-01 +3.1796833e-03 +2.7641597e+00 +1.0927292e+00 +1.5339444e+00 -7.6297222e-01 +1.1996389e-01 +2.0134583e-02 +2.1895255e+04
1.4302300e-01 +4.5000000e-01 +1.8034000e+01 +2.0408250e-01 +1.1607000e-03 +2.7489306e+00 +1.0901528e+00 +1.5266875e+00 -7.6045139e-01 +1.1934514e-01 +1.9924028e-02 +2.1565307e+04
1.4506100e-01 +4.5000000e-01 +1.8080583e+01 +2.0402750e-01 -8.7424167e-04 +2.7337292e+00 +1.0875069e+00 +1.5194583e+00 -7.5795139e-01 +1.1863542e-01 +1.9709236e-02 +2.1238991e+04
1.4711800e-01 +4.5000000e-01 +1.8127250e+01 +2.0390833e-01 -2.9092083e-03 +2.7186111e+00 +1.0847917e+00 +1.5121736e+00 -7.5545833e-01 +1.1777361e-01 +1.9483958e-02 +2.0916908e+04
1.4919600e-01 +4.5000000e-01 +1.8174000e+01 +2.0372500e-01 -4.9188250e-03 +2.7036319e+00 +1.0820069e+00 +1.5047500e+00 -7.5295139e-01 +1.1675486e-01 +1.9228611e-02 +2.0601235e+04
1.5129300e-01 +4.5000000e-01 +1.8220833e+01 +2.0347250e-01 -6.8869167e-03 +2.6887986e+00 +1.0791528e+00 +1.4971042e+00 -7.5040278e-01 +1.1561319e-01 +1.8915486e-02 +2.0293328e+04
1.5341000e-01 +4.5000000e-01 +1.8267833e+01 +2.0314500e-01 -8.8175833e-03 +2.6741319e+00 +1.0762153e+00 +1.4892361e+00 -7.4781250e-01 +1.1439306e-01 +1.8524931e-02 +1.9991172e+04
1.5554800e-01 +4.5000000e-01 +1.8314833e+01 +2.0273583e-01 -1.0725000e-02 +2.6596181e+00 +1.0732014e+00 +1.4811806e+00 -7.4516667e-01 +1.1310625e-01 +1.8059861e-02 +1.9692543e+04
1.5770600e-01 +4.5000000e-01 +1.8361833e+01 +2.0223917e-01 -1.2615083e-02 +2.6452292e+00 +1.0701111e+00 +1.4729444e+00 -7.4247222e-01 +1.1173958e-01 +1.7545486e-02 +1.9398200e+04
1.5988400e-01 +4.5000000e-01 +1.8409000e+01 +2.0165083e-01 -1.4480833e-02 +2.6309514e+00 +1.0669583e+00 +1.4645694e+00 -7.3971528e-01 +1.1029861e-01 +1.7012639e-02 +1.9109899e+04
1.6208200e-01 +4.5000000e-01 +1.8456250e+01 +2.0096583e-01 -1.6313250e-02 +2.6168194e+00 +1.0637431e+00 +1.4561181e+00 -7.3688889e-01 +1.0882153e-01 +1.6474653e-02 +1.8825477e+04
1.6430000e-01 +4.5000000e-01 +1.8503583e+01 +2.0017917e-01 -1.8113000e-02 +2.6028542e+00 +1.0604514e+00 +1.4475833e+00 -7.3399306e-01 +1.0733611e-01 +1.5919375e-02 +1.8540656e+04
1.6654000e-01 +4.5000000e-01 +1.8551167e+01 +1.9928500e-01 -1.9890750e-02 +2.5890069e+00 +1.0570764e+00 +1.4388889e+00 -7.3103472e-01 +1.0583542e-01 +1.5330417e-02 +1.8255276e+04
1.6879900e-01 +4.5000000e-01 +1.8598833e+01 +1.9828583e-01 -2.1662500e-02 +2.5751667e+00 +1.0535903e+00 +1.4299583e+00 -7.2803472e-01 +1.0431111e-01 +1.4710764e-02 +1.7973422e+04
1.7107900e-01 +4.5000000e-01 +1.8646667e+01 +1.9718417e-01 -2.3445500e-02 +2.5612361e+00 +1.0499722e+00 +1.4207361e+00 -7.2500694e-01 +1.0278472e-01 +1.4081875e-02 +1.7699497e+04
1.7338000e-01 +4.5000000e-01 +1.8694667e+01 +1.9598833e-01 -2.5247583e-02 +2.5471389e+00 +1.0462014e+00 +1.4112500e+00 -7.2193750e-01 +1.0126319e-01 +1.3476944e-02 +1.7434295e+04
1.7570100e-01 +4.5000000e-01 +1.8742750e+01 +1.9469917e-01 -2.7054833e-02 +2.5327986e+00 +1.0422778e+00 +1.4015417e+00 -7.1881944e-01 +9.9740278e-02 +1.2927222e-02 +1.7176345e+04
1.7804300e-01 +4.5000000e-01 +1.8790917e+01 +1.9331917e-01 -2.8836167e-02 +2.5180972e+00 +1.0382083e+00 +1.3916875e+00 -7.1561806e-01 +9.8248611e-02 +1.2444583e-02 +1.6924143e+04
1.8040600e-01 +4.5000000e-01 +1.8839250e+01 +1.9184500e-01 -3.0561583e-02 +2.5029722e+00 +1.0340069e+00 +1.3817917e+00 -7.1230556e-01 +9.6846528e-02 +1.2022014e-02 +1.6674736e+04
1.8278900e-01 +4.5000000e-01 +1.8887667e+01 +1.9027750e-01 -3.2215917e-02 +2.4873681e+00 +1.0296875e+00 +1.3719236e+00 -7.0886806e-01 +9.5591667e-02 +1.1641667e-02 +1.6425667e+04
1.8519300e-01 +4.5000000e-01 +1.8936333e+01 +1.8862083e-01 -3.3794333e-02 +2.4712847e+00 +1.0252639e+00 +1.3620347e+00 -7.0529861e-01 +9.4511806e-02 +1.1278472e-02 +1.6178348e+04
1.8761700e-01 +4.5000000e-01 +1.8985250e+01 +1.8687917e-01 -3.5287917e-02 +2.4547431e+00 +1.0207500e+00 +1.3520625e+00 -7.0159028e-01 +9.3614583e-02 +1.0901597e-02 +1.5934067e+04
1.9006300e-01 +4.5000000e-01 +1.9034333e+01 +1.8505667e-01 -3.6690083e-02 +2.4377847e+00 +1.0161597e+00 +1.3419931e+00 -6.9774306e-01 +9.2913194e-02 +1.0475417e-02 +1.5691679e+04
1.9252900e-01 +4.5000000e-01 +1.9083667e+01 +1.8315333e-01 -3.8017667e-02 +2.4205069e+00 +1.0115069e+00 +1.3318333e+00 -6.9374028e-01 +9.2372222e-02 +9.9638194e-03 +1.5451071e+04
1.9501600e-01 +4.5000000e-01 +1.9133167e+01 +1.8117083e-01 -3.9304667e-02 +2.4029653e+00 +1.0068056e+00 +1.3215972e+00 -6.8958889e-01 +9.1861111e-02 +9.3436806e-03 +1.5214701e+04
1.9752400e-01 +4.5000000e-01 +1.9182917e+01 +1.7911833e-01 -4.0580500e-02 +2.3852361e+00 +1.0020764e+00 +1.3113403e+00 -6.8531181e-01 +9.1238194e-02 +8.6161806e-03 +1.4981721e+04
2.0005300e-01 +4.5000000e-01 +1.9232750e+01 +1.7700833e-01 -4.1870167e-02 +2.3674375e+00 +9.9729861e-01 +1.3011250e+00 -6.8094583e-01 +9.0449306e-02 +7.7950000e-03 +1.4747655e+04
2.0260200e-01 +4.5000000e-01 +1.9282750e+01 +1.7484917e-01 -4.3195500e-02 +2.3496736e+00 +9.9246528e-01 +1.2909167e+00 -6.7651736e-01 +8.9513889e-02 +6.8975278e-03 +1.4510318e+04
2.0517200e-01 +4.5000000e-01 +1.9332833e+01 +1.7264500e-01 -4.4565667e-02 +2.3319653e+00 +9.8753472e-01 +1.2806250e+00 -6.7202014e-01 +8.8438194e-02 +5.9405764e-03 +1.4273217e+04
2.0776300e-01 +4.5000000e-01 +1.9382917e+01 +1.7039000e-01 -4.5966417e-02 +2.3142639e+00 +9.8246528e-01 +1.2701944e+00 -6.6742778e-01 +8.7166667e-02 +4.9380139e-03 +1.4042201e+04
2.1037500e-01 +4.5000000e-01 +1.9433000e+01 +1.6807333e-01 -4.7350167e-02 +2.2964444e+00 +9.7722917e-01 +1.2595903e+00 -6.6272986e-01 +8.5638194e-02 +3.9026250e-03 +1.3819657e+04
2.1300800e-01 +4.5000000e-01 +1.9483167e+01 +1.6568500e-01 -4.8650917e-02 +2.2784583e+00 +9.7183333e-01 +1.2487431e+00 -6.5793889e-01 +8.3856250e-02 +2.8437014e-03 +1.3606005e+04
2.1566100e-01 +4.5000000e-01 +1.9533333e+01 +1.6322583e-01 -4.9820917e-02 +2.2603333e+00 +9.6627083e-01 +1.2376250e+00 -6.5307361e-01 +8.1869444e-02 +1.7728681e-03 +1.3399560e+04
2.1833500e-01 +4.5000000e-01 +1.9583500e+01 +1.6069667e-01 -5.0840667e-02 +2.2421250e+00 +9.6059028e-01 +1.2262500e+00 -6.4814236e-01 +7.9733333e-02 +6.9152083e-04 +1.3194715e+04
2.2102900e-01 +4.5000000e-01 +1.9633833e+01 +1.5810167e-01 -5.1712583e-02 +2.2238472e+00 +9.5482639e-01 +1.2146250e+00 -6.4314306e-01 +7.7502083e-02 -4.2286736e-04 +1.2985556e+04
2.2374400e-01 +4.5000000e-01 +1.9684167e+01 +1.5543583e-01 -5.2461500e-02 +2.2054028e+00 +9.4902083e-01 +1.2028056e+00 -6.3806458e-01 +7.5209028e-02 -1.5930625e-03 +1.2772426e+04
2.2648000e-01 +4.5000000e-01 +1.9734583e+01 +1.5269583e-01 -5.3117583e-02 +2.1866875e+00 +9.4320833e-01 +1.1908333e+00 -6.3290208e-01 +7.2831944e-02 -2.8120764e-03 +1.2559164e+04
2.2923600e-01 +4.5000000e-01 +1.9785000e+01 +1.4988333e-01 -5.3699083e-02 +2.1677431e+00 +9.3738194e-01 +1.1787083e+00 -6.2765417e-01 +7.0334028e-02 -4.0486875e-03 +1.2347871e+04
2.3201300e-01 +4.5000000e-01 +1.9835500e+01 +1.4700417e-01 -5.4215917e-02 +2.1486250e+00 +9.3151389e-01 +1.1664306e+00 -6.2232014e-01 +6.7728403e-02 -5.2818889e-03 +1.2139636e+04
2.3481000e-01 +4.5000000e-01 +1.9886000e+01 +1.4406167e-01 -5.4670250e-02 +2.1293611e+00 +9.2556250e-01 +1.1540417e+00 -6.1690625e-01 +6.5085000e-02 -6.5126944e-03 +1.1933993e+04
2.3762700e-01 +4.5000000e-01 +1.9936500e+01 +1.4105417e-01 -5.5049750e-02 +2.1099097e+00 +9.1949306e-01 +1.1416042e+00 -6.1140556e-01 +6.2436181e-02 -7.7435417e-03 +1.1731220e+04
2.4046400e-01 +4.5000000e-01 +1.9987000e+01 +1.3797667e-01 -5.5327833e-02 +2.0901875e+00 +9.1324306e-01 +1.1291042e+00 -6.0579028e-01 +5.9758125e-02 -8.9756250e-03 +1.1535768e+04
2.4332200e-01 +4.5000000e-01 +2.0037500e+01 +1.3482333e-01 -5.5485250e-02 +2.0701667e+00 +9.0678472e-01 +1.1164722e+00 -6.0002639e-01 +5.7040417e-02 -1.0229583e-02 +1.1348207e+04
2.4620000e-01 +4.5000000e-01 +2.0088000e+01 +1.3159417e-01 -5.5529417e-02 +2.0498681e+00 +9.0011806e-01 +1.1036944e+00 -5.9410278e-01 +5.4274583e-02 -1.1523611e-02 +1.1166204e+04
2.4909800e-01 +4.5000000e-01 +2.0138500e+01 +1.2828833e-01 -5.5482500e-02 +2.0292500e+00 +8.9327083e-01 +1.0908125e+00 -5.8802292e-01 +5.1467292e-02 -1.2843125e-02 +1.0988007e+04
2.5201500e-01 +4.5000000e-01 +2.0189000e+01 +1.2491250e-01 -5.5358167e-02 +2.0083125e+00 +8.8627778e-01 +1.0778056e+00 -5.8178056e-01 +4.8656389e-02 -1.4146250e-02 +1.0812836e+04
2.5495300e-01 +4.5000000e-01 +2.0239500e+01 +1.2148500e-01 -5.5164417e-02 +1.9870833e+00 +8.7918750e-01 +1.0646528e+00 -5.7535972e-01 +4.5858889e-02 -1.5387431e-02 +1.0638439e+04
2.5791000e-01 +4.5000000e-01 +2.0290000e+01 +1.1803250e-01 -5.4912333e-02 +1.9655833e+00 +8.7204861e-01 +1.0512986e+00 -5.6873889e-01 +4.3059306e-02 -1.6535139e-02 +1.0463860e+04
2.6088700e-01 +4.5000000e-01 +2.0340500e+01 +1.1457750e-01 -5.4614083e-02 +1.9437153e+00 +8.6488194e-01 +1.0377083e+00 -5.6190556e-01 +4.0227222e-02 -1.7582153e-02 +1.0290348e+04
2.6388300e-01 +4.5000000e-01 +2.0390917e+01 +1.1113500e-01 -5.4288083e-02 +1.9213542e+00 +8.5772917e-01 +1.0238611e+00 -5.5486319e-01 +3.7327083e-02 -1.8540278e-02 +1.0117377e+04
2.6689900e-01 +4.5000000e-01 +2.0441417e+01 +1.0771750e-01 -5.3956333e-02 +1.8985208e+00 +8.5060417e-01 +1.0097847e+00 -5.4762778e-01 +3.4372292e-02 -1.9421944e-02 +9.9438456e+03
2.6993400e-01 +4.5000000e-01 +2.0491667e+01 +1.0433667e-01 -5.3623667e-02 +1.8753819e+00 +8.4350000e-01 +9.9560417e-01 -5.4019792e-01 +3.1444931e-02 -2.0236250e-02 +9.7688765e+03
2.7298800e-01 +4.5000000e-01 +2.0541833e+01 +1.0099583e-01 -5.3285250e-02 +1.8520625e+00 +8.3642361e-01 +9.8151389e-01 -5.3256528e-01 +2.8625000e-02 -2.1000694e-02 +9.5930127e+03
2.7606100e-01 +4.5000000e-01 +2.0591833e+01 +9.7698333e-02 -5.2955833e-02 +1.8286111e+00 +8.2936111e-01 +9.6765278e-01 -5.2473819e-01 +2.5950000e-02 -2.1747778e-02 +9.4177730e+03
2.7915300e-01 +4.5000000e-01 +2.0641500e+01 +9.4438333e-02 -5.2677583e-02 +1.8050069e+00 +8.2229167e-01 +9.5403472e-01 -5.1672292e-01 +2.3427083e-02 -2.2512708e-02 +9.2455678e+03
2.8226400e-01 +4.5000000e-01 +2.0690833e+01 +9.1203333e-02 -5.2496250e-02 +1.7811736e+00 +8.1519444e-01 +9.4056944e-01 -5.0852431e-01 +2.0992708e-02 -2.3310000e-02 +9.0794494e+03
2.8539300e-01 +4.5000000e-01 +2.0739917e+01 +8.7980000e-02 -5.2432250e-02 +1.7570903e+00 +8.0807639e-01 +9.2718750e-01 -5.0017153e-01 +1.8561667e-02 -2.4137083e-02 +8.9186147e+03
2.8854100e-01 +4.5000000e-01 +2.0788667e+01 +8.4760000e-02 -5.2464083e-02 +1.7328264e+00 +8.0094444e-01 +9.1385417e-01 -4.9171111e-01 +1.6082917e-02 -2.4992014e-02 +8.7607537e+03
2.9170600e-01 +4.5000000e-01 +2.0837083e+01 +8.1539500e-02 -5.2537833e-02 +1.7084028e+00 +7.9380556e-01 +9.0059028e-01 -4.8319861e-01 +1.3553611e-02 -2.5871389e-02 +8.6050042e+03
2.9489000e-01 +4.5000000e-01 +2.0885083e+01 +7.8317583e-02 -5.2600250e-02 +1.6838125e+00 +7.8667361e-01 +8.8747917e-01 -4.7467708e-01 +1.1050833e-02 -2.6772986e-02 +8.4493788e+03
2.9809200e-01 +4.5000000e-01 +2.0932583e+01 +7.5099500e-02 -5.2629667e-02 +1.6590903e+00 +7.7954861e-01 +8.7457639e-01 -4.6615903e-01 +8.6680556e-03 -2.7677083e-02 +8.2914055e+03
3.0131100e-01 +4.5000000e-01 +2.0979583e+01 +7.1897083e-02 -5.2631667e-02 +1.6342986e+00 +7.7242361e-01 +8.6189583e-01 -4.5763681e-01 +6.4072222e-03 -2.8531458e-02 +8.1327767e+03
3.0454800e-01 +4.5000000e-01 +2.1025833e+01 +6.8726250e-02 -5.2601917e-02 +1.6094167e+00 +7.6526389e-01 +8.4945139e-01 -4.4907847e-01 +4.1712986e-03 -2.9295139e-02 +7.9772157e+03
3.0780200e-01 +4.5000000e-01 +2.1071500e+01 +6.5597417e-02 -5.2522167e-02 +1.5843889e+00 +7.5806250e-01 +8.3725694e-01 -4.4044583e-01 +1.8800347e-03 -2.9978750e-02 +7.8261302e+03
3.1107400e-01 +4.5000000e-01 +2.1116500e+01 +6.2513083e-02 -5.2374167e-02 +1.5593056e+00 +7.5079861e-01 +8.2527083e-01 -4.3172431e-01 -4.6986528e-04 -3.0618264e-02 +7.6797876e+03
3.1436200e-01 +4.5000000e-01 +2.1160917e+01 +5.9475000e-02 -5.2143417e-02 +1.5342778e+00 +7.4345833e-01 +8.1349306e-01 -4.2290833e-01 -2.8431458e-03 -3.1226597e-02 +7.5368869e+03
3.1766700e-01 +4.5000000e-01 +2.1204750e+01 +5.6489000e-02 -5.1817083e-02 +1.5093819e+00 +7.3604167e-01 +8.0200000e-01 -4.1400486e-01 -5.2289514e-03 -3.1782708e-02 +7.3945295e+03
3.2098800e-01 +4.5000000e-01 +2.1248000e+01 +5.3555000e-02 -5.1383833e-02 +1.4846667e+00 +7.2852778e-01 +7.9080556e-01 -4.0502778e-01 -7.6202778e-03 -3.2255347e-02 +7.2523944e+03
3.2432600e-01 +4.5000000e-01 +2.1290667e+01 +5.0663250e-02 -5.0833333e-02 +1.4601181e+00 +7.2090278e-01 +7.7979861e-01 -3.9597153e-01 -1.0023542e-02 -3.2623611e-02 +7.1147991e+03
3.2768000e-01 +4.5000000e-01 +2.1332750e+01 +4.7798917e-02 -5.0159500e-02 +1.4357014e+00 +7.1316667e-01 +7.6889583e-01 -3.8682222e-01 -1.2477569e-02 -3.2876111e-02 +6.9830653e+03
3.3104900e-01 +4.5000000e-01 +2.1374083e+01 +4.4948583e-02 -4.9349750e-02 +1.4114167e+00 +7.0532639e-01 +7.5806944e-01 -3.7757292e-01 -1.5035625e-02 -3.3011806e-02 +6.8552181e+03
3.3443500e-01 +4.5000000e-01 +2.1414833e+01 +4.2100917e-02 -4.8386833e-02 +1.3872986e+00 +6.9744444e-01 +7.4728472e-01 -3.6823056e-01 -1.7710139e-02 -3.3061736e-02 +6.7302757e+03
3.3783500e-01 +4.5000000e-01 +2.1454917e+01 +3.9253167e-02 -4.7288500e-02 +1.3634097e+00 +6.8957292e-01 +7.3659722e-01 -3.5881944e-01 -2.0478542e-02 -3.3079514e-02 +6.6067848e+03
3.4125100e-01 +4.5000000e-01 +2.1494333e+01 +3.6422167e-02 -4.6105750e-02 +1.3397431e+00 +6.8178056e-01 +7.2609722e-01 -3.4937361e-01 -2.3289306e-02 -3.3100417e-02 +6.4827620e+03
3.4468100e-01 +4.5000000e-01 +2.1533000e+01 +3.3637417e-02 -4.4859417e-02 +1.3163125e+00 +6.7411319e-01 +7.1580556e-01 -3.3991736e-01 -2.6054514e-02 -3.3115694e-02 +6.3585165e+03
3.4812600e-01 +4.5000000e-01 +2.1570917e+01 +3.0927917e-02 -4.3515667e-02 +1.2931528e+00 +6.6659444e-01 +7.0568750e-01 -3.3045764e-01 -2.8728472e-02 -3.3097153e-02 +6.2370812e+03
3.5158500e-01 +4.5000000e-01 +2.1608000e+01 +2.8315917e-02 -4.2039000e-02 +1.2702708e+00 +6.5922986e-01 +6.9571528e-01 -3.2099306e-01 -3.1298611e-02 -3.3047222e-02 +6.1205382e+03
3.5505900e-01 +4.5000000e-01 +2.1644250e+01 +2.5813500e-02 -4.0432833e-02 +1.2476806e+00 +6.5201736e-01 +6.8592847e-01 -3.1151389e-01 -3.3741875e-02 -3.2992847e-02 +6.0097106e+03
3.5854600e-01 +4.5000000e-01 +2.1679667e+01 +2.3421083e-02 -3.8738417e-02 +1.2254792e+00 +6.4496319e-01 +6.7644375e-01 -3.0200903e-01 -3.6083333e-02 -3.2945903e-02 +5.9027640e+03
3.6204600e-01 +4.5000000e-01 +2.1714417e+01 +2.1133000e-02 -3.7022667e-02 +1.2037778e+00 +6.3808264e-01 +6.6736458e-01 -2.9249167e-01 -3.8403125e-02 -3.2905347e-02 +5.7967966e+03
3.6556000e-01 +4.5000000e-01 +2.1748333e+01 +1.8939083e-02 -3.5339917e-02 +1.1826181e+00 +6.3138819e-01 +6.5868819e-01 -2.8298194e-01 -4.0764444e-02 -3.2857361e-02 +5.6921779e+03
3.6908700e-01 +4.5000000e-01 +2.1781417e+01 +1.6824000e-02 -3.3705083e-02 +1.1618889e+00 +6.2488403e-01 +6.5035903e-01 -2.7349514e-01 -4.3202431e-02 -3.2774861e-02 +5.5910584e+03
3.7262600e-01 +4.5000000e-01 +2.1813750e+01 +1.4774833e-02 -3.2102833e-02 +1.1413958e+00 +6.1857917e-01 +6.4233472e-01 -2.6405486e-01 -4.5698472e-02 -3.2634097e-02 +5.4941560e+03
3.7617800e-01 +4.5000000e-01 +2.1845167e+01 +1.2792333e-02 -3.0516833e-02 +1.1210764e+00 +6.1248819e-01 +6.3458264e-01 -2.5468958e-01 -4.8171875e-02 -3.2431528e-02 +5.4009056e+03
3.7974200e-01 +4.5000000e-01 +2.1875667e+01 +1.0890333e-02 -2.8939583e-02 +1.1010903e+00 +6.0662917e-01 +6.2709306e-01 -2.4544236e-01 -5.0542986e-02 -3.2175417e-02 +5.3111101e+03
3.8331700e-01 +4.5000000e-01 +2.1905417e+01 +9.0867500e-03 -2.7378250e-02 +1.0816181e+00 +6.0101736e-01 +6.1986944e-01 -2.3635764e-01 -5.2792708e-02 -3.1868472e-02 +5.2246701e+03
3.8690400e-01 +4.5000000e-01 +2.1934167e+01 +7.4004750e-03 -2.5859917e-02 +1.0627361e+00 +5.9565139e-01 +6.1292361e-01 -2.2745417e-01 -5.4975278e-02 -3.1510625e-02 +5.1416251e+03
3.9050200e-01 +4.5000000e-01 +2.1962000e+01 +5.8511083e-03 -2.4417500e-02 +1.0445278e+00 +5.9050903e-01 +6.0624236e-01 -2.1873611e-01 -5.7187500e-02 -3.1090486e-02 +5.0622495e+03
3.9411100e-01 +4.5000000e-01 +2.1988833e+01 +4.4539417e-03 -2.3050833e-02 +1.0270903e+00 +5.8556042e-01 +5.9980486e-01 -2.1019236e-01 -5.9498681e-02 -3.0584514e-02 +4.9865722e+03
3.9773000e-01 +4.5000000e-01 +2.2014667e+01 +3.2113083e-03 -2.1718500e-02 +1.0104792e+00 +5.8077986e-01 +5.9361944e-01 -2.0179444e-01 -6.1906042e-02 -2.9984375e-02 +4.9143159e+03
4.0135900e-01 +4.5000000e-01 +2.2039333e+01 +2.1132583e-03 -2.0380833e-02 +9.9464583e-01 +5.7614722e-01 +5.8770139e-01 -1.9352014e-01 -6.4361875e-02 -2.9304653e-02 +4.8452533e+03
4.0499800e-01 +4.5000000e-01 +2.2063000e+01 +1.1418917e-03 -1.9029583e-02 +9.7951389e-01 +5.7165208e-01 +5.8204444e-01 -1.8534306e-01 -6.6830208e-02 -2.8579444e-02 +4.7797622e+03
4.0864600e-01 +4.5000000e-01 +2.2085667e+01 +2.7684500e-04 -1.7682833e-02 +9.6503472e-01 +5.6729375e-01 +5.7661181e-01 -1.7723681e-01 -6.9270208e-02 -2.7852292e-02 +4.7183383e+03
4.1230400e-01 +4.5000000e-01 +2.2107333e+01 -4.9874917e-04 -1.6358750e-02 +9.5128472e-01 +5.6307917e-01 +5.7136667e-01 -1.6919306e-01 -7.1662500e-02 -2.7141042e-02 +4.6601295e+03
4.1597000e-01 +4.5000000e-01 +2.2127917e+01 -1.1952833e-03 -1.5054417e-02 +9.3834722e-01 +5.5901389e-01 +5.6622917e-01 -1.6121667e-01 -7.4015278e-02 -2.6425347e-02 +4.6048119e+03
4.1964500e-01 +4.5000000e-01 +2.2147667e+01 -1.8209250e-03 -1.3757000e-02 +9.2622917e-01 +5.5509722e-01 +5.6110833e-01 -1.5330764e-01 -7.6330556e-02 -2.5674653e-02 +4.5535748e+03
4.2332800e-01 +4.5000000e-01 +2.2166500e+01 -2.3830333e-03 -1.2473083e-02 +9.1489583e-01 +5.5133403e-01 +5.5602847e-01 -1.4546181e-01 -7.8595833e-02 -2.4872014e-02 +4.5061423e+03
4.2701900e-01 +4.5000000e-01 +2.2184583e+01 -2.8824333e-03 -1.1221583e-02 +9.0428472e-01 +5.4773333e-01 +5.5113403e-01 -1.3768333e-01 -8.0802083e-02 -2.4014861e-02 +4.4610019e+03
4.3071600e-01 +4.5000000e-01 +2.2201750e+01 -3.3134250e-03 -1.0005500e-02 +8.9436111e-01 +5.4429097e-01 +5.4656250e-01 -1.2999306e-01 -8.2913889e-02 -2.3112500e-02 +4.4165996e+03
4.3442100e-01 +4.5000000e-01 +2.2218167e+01 -3.6663667e-03 -8.8190000e-03 +8.8509722e-01 +5.4097639e-01 +5.4235486e-01 -1.2240486e-01 -8.4875694e-02 -2.2179514e-02 +4.3733458e+03
4.3813300e-01 +4.5000000e-01 +2.2233750e+01 -3.9338500e-03 -7.6623583e-03 +8.7640972e-01 +5.3774792e-01 +5.3850347e-01 -1.1491528e-01 -8.6670139e-02 -2.1212083e-02 +4.3334567e+03
4.4185100e-01 +4.5000000e-01 +2.2248417e+01 -4.1145083e-03 -6.5344583e-03 +8.6820833e-01 +5.3458056e-01 +5.3496111e-01 -1.0751042e-01 -8.8346528e-02 -2.0192639e-02 +4.2977662e+03
4.4557400e-01 +4.5000000e-01 +2.2262167e+01 -4.2107250e-03 -5.4384167e-03 +8.6045139e-01 +5.3148750e-01 +5.3165486e-01 -1.0018611e-01 -8.9931250e-02 -1.9115972e-02 +4.2653025e+03
4.4930400e-01 +4.5000000e-01 +2.2275000e+01 -4.2256000e-03 -4.3981500e-03 +8.5315972e-01 +5.2850694e-01 +5.2853472e-01 -9.2947917e-02 -9.1379167e-02 -1.7990139e-02 +4.2342466e+03
4.5303800e-01 +4.5000000e-01 +2.2286917e+01 -4.1609167e-03 -3.4476167e-03 +8.4636806e-01 +5.2567639e-01 +5.2555417e-01 -8.5798611e-02 -9.2646528e-02 -1.6824167e-02 +4.2038697e+03
4.5677700e-01 +4.5000000e-01 +2.2297917e+01 -4.0166167e-03 -2.6020083e-03 +8.4011806e-01 +5.2302153e-01 +5.2263819e-01 -7.8729861e-02 -9.3729861e-02 -1.5623750e-02 +4.1755333e+03
4.6052100e-01 +4.5000000e-01 +2.2307917e+01 -3.8008417e-03 -1.8440583e-03 +8.3438889e-01 +5.2054931e-01 +5.1974861e-01 -7.1719444e-02 -9.4631250e-02 -1.4394722e-02 +4.1506749e+03
4.6426900e-01 +4.5000000e-01 +2.2316917e+01 -3.5334250e-03 -1.1433833e-03 +8.2915972e-01 +5.1825972e-01 +5.1693819e-01 -6.4751597e-02 -9.5363889e-02 -1.3152986e-02 +4.1297741e+03
4.6802000e-01 +4.5000000e-01 +2.2325000e+01 -3.2337333e-03 -4.8165833e-04 +8.2445139e-01 +5.1615764e-01 +5.1430069e-01 -5.7821250e-02 -9.5968056e-02 -1.1912361e-02 +4.1122477e+03
4.7177500e-01 +4.5000000e-01 +2.2332250e+01 -2.9112333e-03 +1.3729000e-04 +8.2031250e-01 +5.1426042e-01 +5.1192361e-01 -5.0921111e-02 -9.6452778e-02 -1.0672014e-02 +4.0972278e+03
4.7553200e-01 +4.5000000e-01 +2.2338417e+01 -2.5654917e-03 +6.8522833e-04 +8.1670139e-01 +5.1258472e-01 +5.0984028e-01 -4.4047361e-02 -9.6765278e-02 -9.4186806e-03 +4.0844854e+03
4.7929200e-01 +4.5000000e-01 +2.2343750e+01 -2.1920417e-03 +1.1282750e-03 +8.1355556e-01 +5.1114167e-01 +5.0802292e-01 -3.7201528e-02 -9.6891667e-02 -8.1330556e-03 +4.0737357e+03
4.8305400e-01 +4.5000000e-01 +2.2348000e+01 -1.7877167e-03 +1.4578083e-03 +8.1092361e-01 +5.0992847e-01 +5.0645486e-01 -3.0379722e-02 -9.6908333e-02 -6.7945833e-03 +4.0642082e+03
4.8681800e-01 +4.5000000e-01 +2.2351417e+01 -1.3555583e-03 +1.6902583e-03 +8.0884028e-01 +5.0893889e-01 +5.0514444e-01 -2.3580208e-02 -9.6901389e-02 -5.3818194e-03 +4.0558055e+03
4.9058400e-01 +4.5000000e-01 +2.2353833e+01 -9.0691667e-04 +1.8449917e-03 +8.0734722e-01 +5.0817014e-01 +5.0412083e-01 -1.6808194e-02 -9.6883333e-02 -3.8945972e-03 +4.0485625e+03
4.9435000e-01 +4.5000000e-01 +2.2355333e+01 -4.5365167e-04 +1.9393750e-03 +8.0637500e-01 +5.0763542e-01 +5.0342361e-01 -1.0065833e-02 -9.6844444e-02 -2.3562500e-03 +4.0431806e+03
4.9811700e-01 +4.5000000e-01 +2.2356167e+01 +0.0000000e+00 +1.9857500e-03 +8.0588194e-01 +5.0735972e-01 +5.0307222e-01 -3.3511875e-03 -9.6811111e-02 -7.8887500e-04 +4.0405694e+03
5.0188300e-01 +4.5000000e-01 +2.2356167e+01 +4.5365167e-04 +1.9857500e-03 +8.0588194e-01 +5.0735972e-01 +5.0307222e-01 +3.3511875e-03 -9.6811111e-02 +7.8887500e-04 +4.0405694e+03
5.0565000e-01 +4.5000000e-01 +2.2355333e+01 +9.0691667e-04 +1.9393750e-03 +8.0637500e-01 +5.0763542e-01 +5.0342361e-01 +1.0065833e-02 -9.6844444e-02 +2.3562500e-03 +4.0431806e+03
5.0941600e-01 +4.5000000e-01 +2.2353833e+01 +1.3555583e-03 +1.8449917e-03 +8.0734722e-01 +5.0817014e-01 +5.0412083e-01 +1.6808194e-02 -9.6883333e-02 +3.8945972e-03 +4.0485625e+03
5.1318200e-01 +4.5000000e-01 +2.2351417e+01 +1.7877167e-03 +1.6902583e-03 +8.0884028e-01 +5.0893889e-01 +5.0514444e-01 +2.3580208e-02 -9.6901389e-02 +5.3818194e-03 +4.0558055e+03
5.1694600e-01 +4.5000000e-01 +2.2348000e+01 +2.1920417e-03 +1.4578083e-03 +8.1092361e-01 +5.0992847e-01 +5.0645486e-01 +3.0379722e-02 -9.6908333e-02 +6.7945833e-03 +4.0642082e+03
5.2070800e-01 +4.5000000e-01 +2.2343750e+01 +2.5654917e-03 +1.1282750e-03 +8.1355556e-01 +5.1114167e-01 +5.0802292e-01 +3.7201528e-02 -9.6891667e-02 +8.1330556e-03 +4.0737357e+03
5.2446800e-01 +4.5000000e-01 +2.2338417e+01 +2.9112333e-03 +6.8522833e-04 +8.1670139e-01 +5.1258472e-01 +5.0984028e-01 +4.4047361e-02 -9.6765278e-02 +9.4186806e-03 +4.0844854e+03
5.2822500e-01 +4.5000000e-01 +2.2332250e+01 +3.2337333e-03 +1.3729000e-04 +8.2031250e-01 +5.1426042e-01 +5.1192361e-01 +5.0921111e-02 -9.6452778e-02 +1.0672014e-02 +4.0972278e+03
5.3198000e-01 +4.5000000e-01 +2.2325000e+01 +3.5334250e-03 -4.8165833e-04 +8.2445139e-01 +5.1615764e-01 +5.1430069e-01 +5.7821250e-02 -9.5968056e-02 +1.1912361e-02 +4.1122477e+03
5.3573100e-01 +4.5000000e-01 +2.2316917e+01 +3.8008417e-03 -1.1433833e-03 +8.2915972e-01 +5.1825972e-01 +5.1693819e-01 +6.4751597e-02 -9.5363889e-02 +1.3152986e-02 +4.1297741e+03
5.3947900e-01 +4.5000000e-01 +2.2307917e+01 +4.0166167e-03 -1.8440583e-03 +8.3438889e-01 +5.2054931e-01 +5.1974861e-01 +7.1719444e-02 -9.4631250e-02 +1.4394722e-02 +4.1506749e+03
5.4322300e-01 +4.5000000e-01 +2.2297917e+01 +4.1609167e-03 -2.6020083e-03 +8.4011806e-01 +5.2302153e-01 +5.2263819e-01 +7.8729861e-02 -9.3729861e-02 +1.5623750e-02 +4.1755333e+03
5.4696200e-01 +4.5000000e-01 +2.2286917e+01 +4.2256000e-03 -3.4476167e-03 +8.4636806e-01 +5.2567639e-01 +5.2555417e-01 +8.5798611e-02 -9.2646528e-02 +1.6824167e-02 +4.2038697e+03
5.5069600e-01 +4.5000000e-01 +2.2275000e+01 +4.2107250e-03 -4.3981500e-03 +8.5315972e-01 +5.2850694e-01 +5.2853472e-01 +9.2947917e-02 -9.1379167e-02 +1.7990139e-02 +4.2342466e+03
5.5442600e-01 +4.5000000e-01 +2.2262167e+01 +4.1145083e-03 -5.4384167e-03 +8.6045139e-01 +5.3148750e-01 +5.3165486e-01 +1.0018611e-01 -8.9931250e-02 +1.9115972e-02 +4.2653025e+03
5.5814900e-01 +4.5000000e-01 +2.2248417e+01 +3.9338500e-03 -6.5344583e-03 +8.6820833e-01 +5.3458056e-01 +5.3496111e-01 +1.0751042e-01 -8.8346528e-02 +2.0192639e-02 +4.2977662e+03
5.6186700e-01 +4.5000000e-01 +2.2233750e+01 +3.6663667e-03 -7.6623583e-03 +8.7640972e-01 +5.3774792e-01 +5.3850347e-01 +1.1491528e-01 -8.6670139e-02 +2.1212083e-02 +4.3334567e+03
5.6557900e-01 +4.5000000e-01 +2.2218167e+01 +3.3134250e-03 -8.8190000e-03 +8.8509722e-01 +5.4097639e-01 +5.4235486e-01 +1.2240486e-01 -8.4875694e-02 +2.2179514e-02 +4.3733458e+03
5.6928400e-01 +4.5000000e-01 +2.2201750e+01 +2.8824333e-03 -1.0005500e-02 +8.9436111e-01 +5.4429097e-01 +5.4656250e-01 +1.2999306e-01 -8.2913889e-02 +2.3112500e-02 +4.4165996e+03
5.7298100e-01 +4.5000000e-01 +2.2184583e+01 +2.3830333e-03 -1.1221583e-02 +9.0428472e-01 +5.4773333e-01 +5.5113403e-01 +1.3768333e-01 -8.0802083e-02 +2.4014861e-02 +4.4610019e+03
5.7667200e-01 +4.5000000e-01 +2.2166500e+01 +1.8209250e-03 -1.2473083e-02 +9.1489583e-01 +5.5133403e-01 +5.5602847e-01 +1.4546181e-01 -7.8595833e-02 +2.4872014e-02 +4.5061423e+03
5.8035500e-01 +4.5000000e-01 +2.2147667e+01 +1.1952833e-03 -1.3757000e-02 +9.2622917e-01 +5.5509722e-01 +5.6110833e-01 +1.5330764e-01 -7.6330556e-02 +2.5674653e-02 +4.5535748e+03
5.8403000e-01 +4.5000000e-01 +2.2127917e+01 +4.9874917e-04 -1.5054417e-02 +9.3834722e-01 +5.5901389e-01 +5.6622917e-01 +1.6121667e-01 -7.4015278e-02 +2.6425347e-02 +4.6048119e+03
5.8769600e-01 +4.5000000e-01 +2.2107333e+01 -2.7684500e-04 -1.6358750e-02 +9.5128472e-01 +5.6307917e-01 +5.7136667e-01 +1.6919306e-01 -7.1662500e-02 +2.7141042e-02 +4.6601295e+03
5.9135400e-01 +4.5000000e-01 +2.2085667e+01 -1.1418917e-03 -1.7682833e-02 +9.6503472e-01 +5.6729375e-01 +5.7661181e-01 +1.7723681e-01 -6.9270208e-02 +2.7852292e-02 +4.7183383e+03
5.9500200e-01 +4.5000000e-01 +2.2063000e+01 -2.1132583e-03 -1.9029583e-02 +9.7951389e-01 +5.7165208e-01 +5.8204444e-01 +1.8534306e-01 -6.6830208e-02 +2.8579444e-02 +4.7797622e+03
5.9864100e-01 +4.5000000e-01 +2.2039333e+01 -3.2113083e-03 -2.0380833e-02 +9.9464583e-01 +5.7614722e-01 +5.8770139e-01 +1.9352014e-01 -6.4361875e-02 +2.9304653e-02 +4.8452533e+03
6.0227000e-01 +4.5000000e-01 +2.2014667e+01 -4.4539417e-03 -2.1718500e-02 +1.0104792e+00 +5.8077986e-01 +5.9361944e-01 +2.0179444e-01 -6.1906042e-02 +2.9984375e-02 +4.9143159e+03
6.0588900e-01 +4.5000000e-01 +2.1988833e+01 -5.8511083e-03 -2.3050833e-02 +1.0270903e+00 +5.8556042e-01 +5.9980486e-01 +2.1019236e-01 -5.9498681e-02 +3.0584514e-02 +4.9865722e+03
6.0949800e-01 +4.5000000e-01 +2.1962000e+01 -7.4004750e-03 -2.4417500e-02 +1.0445278e+00 +5.9050903e-01 +6.0624236e-01 +2.1873611e-01 -5.7187500e-02 +3.1090486e-02 +5.0622495e+03
6.1309600e-01 +4.5000000e-01 +2.1934167e+01 -9.0867500e-03 -2.5859917e-02 +1.0627361e+00 +5.9565139e-01 +6.1292361e-01 +2.2745417e-01 -5.4975278e-02 +3.1510625e-02 +5.1416251e+03
6.1668300e-01 +4.5000000e-01 +2.1905417e+01 -1.0890333e-02 -2.7378250e-02 +1.0816181e+00 +6.0101736e-01 +6.1986944e-01 +2.3635764e-01 -5.2792708e-02 +3.1868472e-02 +5.2246701e+03
6.2025800e-01 +4.5000000e-01 +2.1875667e+01 -1.2792333e-02 -2.8939583e-02 +1.1010903e+00 +6.0662917e-01 +6.2709306e-01 +2.4544236e-01 -5.0542986e-02 +3.2175417e-02 +5.3111101e+03
6.2382200e-01 +4.5000000e-01 +2.1845167e+01 -1.4774833e-02 -3.0516833e-02 +1.1210764e+00 +6.1248819e-01 +6.3458264e-01 +2.5468958e-01 -4.8171875e-02 +3.2431528e-02 +5.4009056e+03
6.2737400e-01 +4.5000000e-01 +2.1813750e+01 -1.6824000e-02 -3.2102833e-02 +1.1413958e+00 +6.1857917e-01 +6.4233472e-01 +2.6405486e-01 -4.5698472e-02 +3.2634097e-02 +5.4941560e+03
6.3091300e-01 +4.5000000e-01 +2.1781417e+01 -1.8939083e-02 -3.3705083e-02 +1.1618889e+00 +6.2488403e-01 +6.5035903e-01 +2.7349514e-01 -4.3202431e-02 +3.2774861e-02 +5.5910584e+03
6.3444000e-01 +4.5000000e-01 +2.1748333e+01 -2.1133000e-02 -3.5339917e-02 +1.1826181e+00 +6.3138819e-01 +6.5868819e-01 +2.8298194e-01 -4.0764444e-02 +3.2857361e-02 +5.6921779e+03
6.3795400e-01 +4.5000000e-01 +2.1714417e+01 -2.3421083e-02 -3.7022667e-02 +1.2037778e+00 +6.3808264e-01 +6.6736458e-01 +2.9249167e-01 -3.8403125e-02 +3.2905347e-02 +5.7967966e+03
6.4145400e-01 +4.5000000e-01 +2.1679667e+01 -2.5813500e-02 -3.8738417e-02 +1.2254792e+00 +6.4496319e-01 +6.7644375e-01 +3.0200903e-01 -3.6083333e-02 +3.2945903e-02 +5.9027640e+03
6.4494100e-01 +4.5000000e-01 +2.1644250e+01 -2.8315917e-02 -4.0432833e-02 +1.2476806e+00 +6.5201736e-01 +6.8592847e-01 +3.1151389e-01 -3.3741875e-02 +3.2992847e-02 +6.0097106e+03
6.4841500e-01 +4.5000000e-01 +2.1608000e+01 -3.0927917e-02 -4.2039000e-02 +1.2702708e+00 +6.5922986e-01 +6.9571528e-01 +3.2099306e-01 -3.1298611e-02 +3.3047222e-02 +6.1205382e+03
6.5187400e-01 +4.5000000e-01 +2.1570917e+01 -3.3637417e-02 -4.3515667e-02 +1.2931528e+00 +6.6659444e-01 +7.0568750e-01 +3.3045764e-01 -2.8728472e-02 +3.3097153e-02 +6.2370812e+03
6.5531900e-01 +4.5000000e-01 +2.1533000e+01 -3.6422167e-02 -4.4859417e-02 +1.3163125e+00 +6.7411319e-01 +7.1580556e-01 +3.3991736e-01 -2.6054514e-02 +3.3115694e-02 +6.3585165e+03
6.5874900e-01 +4.5000000e-01 +2.1494333e+01 -3.9253167e-02 -4.6105750e-02 +1.3397431e+00 +6.8178056e-01 +7.2609722e-01 +3.4937361e-01 -2.3289306e-02 +3.3100417e-02 +6.4827620e+03
6.6216500e-01 +4.5000000e-01 +2.1454917e+01 -4.2100917e-02 -4.7288500e-02 +1.3634097e+00 +6.8957292e-01 +7.3659722e-01 +3.5881944e-01 -2.0478542e-02 +3.3079514e-02 +6.6067848e+03
6.6556500e-01 +4.5000000e-01 +2.1414833e+01 -4.4948583e-02 -4.8386833e-02 +1.3872986e+00 +6.9744444e-01 +7.4728472e-01 +3.6823056e-01 -1.7710139e-02 +3.3061736e-02 +6.7302757e+03
6.6895100e-01 +4.5000000e-01 +2.1374083e+01 -4.7798917e-02 -4.9349750e-02 +1.4114167e+00 +7.0532639e-01 +7.5806944e-01 +3.7757292e-01 -1.5035625e-02 +3.3011806e-02 +6.8552181e+03
6.7232000e-01 +4.5000000e-01 +2.1332750e+01 -5.0663250e-02 -5.0159500e-02 +1.4357014e+00 +7.1316667e-01 +7.6889583e-01 +3.8682222e-01 -1.2477569e-02 +3.2876111e-02 +6.9830653e+03
6.7567400e-01 +4.5000000e-01 +2.1290667e+01 -5.3555000e-02 -5.0833333e-02 +1.4601181e+00 +7.2090278e-01 +7.7979861e-01 +3.9597153e-01 -1.0023542e-02 +3.2623611e-02 +7.1147991e+03
6.7901200e-01 +4.5000000e-01 +2.1248000e+01 -5.6489000e-02 -5.1383833e-02 +1.4846667e+00 +7.2852778e-01 +7.9080556e-01 +4.0502778e-01 -7.6202778e-03 +3.2255347e-02 +7.2523944e+03
6.8233300e-01 +4.5000000e-01 +2.1204750e+01 -5.9475000e-02 -5.1817083e-02 +1.5093819e+00 +7.3604167e-01 +8.0200000e-01 +4.1400486e-01 -5.2289514e-03 +3.1782708e-02 +7.3945295e+03
6.8563800e-01 +4.5000000e-01 +2.1160917e+01 -6.2513083e-02 -5.2143417e-02 +1.5342778e+00 +7.4345833e-01 +8.1349306e-01 +4.2290833e-01 -2.8431458e-03 +3.1226597e-02 +7.5368869e+03
6.8892600e-01 +4.5000000e-01 +2.1116500e+01 -6.5597417e-02 -5.2374167e-02 +1.5593056e+00 +7.5079861e-01 +8.2527083e-01 +4.3172431e-01 -4.6986528e-04 +3.0618264e-02 +7.6797876e+03
6.9219800e-01 +4.5000000e-01 +2.1071500e+01 -6.8726250e-02 -5.2522167e-02 +1.5843889e+00 +7.5806250e-01 +8.3725694e-01 +4.4044583e-01 +1.8800347e-03 +2.9978750e-02 +7.8261302e+03
6.9545200e-01 +4.5000000e-01 +2.1025833e+01 -7.1897083e-02 -5.2601917e-02 +1.6094167e+00 +7.6526389e-01 +8.4945139e-01 +4.4907847e-01 +4.1712986e-03 +2.9295139e-02 +7.9772157e+03
6.9868900e-01 +4.5000000e-01 +2.0979583e+01 -7.5099500e-02 -5.2631667e-02 +1.6342986e+00 +7.7242361e-01 +8.6189583e-01 +4.5763681e-01 +6.4072222e-03 +2.8531458e-02 +8.1327767e+03
7.0190800e-01 +4.5000000e-01 +2.0932583e+01 -7.8317583e-02 -5.2629667e-02 +1.6590903e+00 +7.7954861e-01 +8.7457639e-01 +4.6615903e-01 +8.6680556e-03 +2.7677083e-02 +8.2914055e+03
7.0511000e-01 +4.5000000e-01 +2.0885083e+01 -8.1539500e-02 -5.2600250e-02 +1.6838125e+00 +7.8667361e-01 +8.8747917e-01 +4.7467708e-01 +1.1050833e-02 +2.6772986e-02 +8.4493788e+03
7.0829400e-01 +4.5000000e-01 +2.0837083e+01 -8.4760000e-02 -5.2537833e-02 +1.7084028e+00 +7.9380556e-01 +9.0059028e-01 +4.8319861e-01 +1.3553611e-02 +2.5871389e-02 +8.6050042e+03
7.1145900e-01 +4.5000000e-01 +2.0788667e+01 -8.7980000e-02 -5.2464083e-02 +1.7328264e+00 +8.0094444e-01 +9.1385417e-01 +4.9171111e-01 +1.6082917e-02 +2.4992014e-02 +8.7607537e+03
7.1460700e-01 +4.5000000e-01 +2.0739917e+01 -9.1203333e-02 -5.2432250e-02 +1.7570903e+00 +8.0807639e-01 +9.2718750e-01 +5.0017153e-01 +1.8561667e-02 +2.4137083e-02 +8.9186147e+03
7.1773600e-01 +4.5000000e-01 +2.0690833e+01 -9.4438333e-02 -5.2496250e-02 +1.7811736e+00 +8.1519444e-01 +9.4056944e-01 +5.0852431e-01 +2.0992708e-02 +2.3310000e-02 +9.0794494e+03
7.2084700e-01 +4.5000000e-01 +2.0641500e+01 -9.7698333e-02 -5.2677583e-02 +1.8050069e+00 +8.2229167e-01 +9.5403472e-01 +5.1672292e-01 +2.3427083e-02 +2.2512708e-02 +9.2455678e+03
7.2393900e-01 +4.5000000e-01 +2.0591833e+01 -1.0099583e-01 -5.2955833e-02 +1.8286111e+00 +8.2936111e-01 +9.6765278e-01 +5.2473819e-01 +2.5950000e-02 +2.1747778e-02 +9.4177730e+03
7.2701200e-01 +4.5000000e-01 +2.0541833e+01 -1.0433667e-01 -5.3285250e-02 +1.8520625e+00 +8.3642361e-01 +9.8151389e-01 +5.3256528e-01 +2.8625000e-02 +2.1000694e-02 +9.5930127e+03
7.3006600e-01 +4.5000000e-01 +2.0491667e+01 -1.0771750e-01 -5.3623667e-02 +1.8753819e+00 +8.4350000e-01 +9.9560417e-01 +5.4019792e-01 +3.1444931e-02 +2.0236250e-02 +9.7688765e+03
7.3310100e-01 +4.5000000e-01 +2.0441417e+01 -1.1113500e-01 -5.3956333e-02 +1.8985208e+00 +8.5060417e-01 +1.0097847e+00 +5.4762778e-01 +3.4372292e-02 +1.9421944e-02 +9.9438456e+03
7.3611700e-01 +4.5000000e-01 +2.0390917e+01 -1.1457750e-01 -5.4288083e-02 +1.9213542e+00 +8.5772917e-01 +1.0238611e+00 +5.5486319e-01 +3.7327083e-02 +1.8540278e-02 +1.0117377e+04
7.3911300e-01 +4.5000000e-01 +2.0340500e+01 -1.1803250e-01 -5.4614083e-02 +1.9437153e+00 +8.6488194e-01 +1.0377083e+00 +5.6190556e-01 +4.0227222e-02 +1.7582153e-02 +1.0290348e+04
7.4209000e-01 +4.5000000e-01 +2.0290000e+01 -1.2148500e-01 -5.4912333e-02 +1.9655833e+00 +8.7204861e-01 +1.0512986e+00 +5.6873889e-01 +4.3059306e-02 +1.6535139e-02 +1.0463860e+04
7.4504700e-01 +4.5000000e-01 +2.0239500e+01 -1.2491250e-01 -5.5164417e-02 +1.9870833e+00 +8.7918750e-01 +1.0646528e+00 +5.7535972e-01 +4.5858889e-02 +1.5387431e-02 +1.0638439e+04
7.4798500e-01 +4.5000000e-01 +2.0189000e+01 -1.2828833e-01 -5.5358167e-02 +2.0083125e+00 +8.8627778e-01 +1.0778056e+00 +5.8178056e-01 +4.8656389e-02 +1.4146250e-02 +1.0812836e+04
7.5090200e-01 +4.5000000e-01 +2.0138500e+01 -1.3159417e-01 -5.5482500e-02 +2.0292500e+00 +8.9327083e-01 +1.0908125e+00 +5.8802292e-01 +5.1467292e-02 +1.2843125e-02 +1.0988007e+04
7.5380000e-01 +4.5000000e-01 +2.0088000e+01 -1.3482333e-01 -5.5529417e-02 +2.0498681e+00 +9.0011806e-01 +1.1036944e+00 +5.9410278e-01 +5.4274583e-02 +1.1523611e-02 +1.1166204e+04
7.5667800e-01 +4.5000000e-01 +2.0037500e+01 -1.3797667e-01 -5.5485250e-02 +2.0701667e+00 +9.0678472e-01 +1.1164722e+00 +6.0002639e-01 +5.7040417e-02 +1.0229583e-02 +1.1348207e+04
7.5953600e-01 +4.5000000e-01 +1.9987000e+01 -1.4105417e-01 -5.5327833e-02 +2.0901875e+00 +9.1324306e-01 +1.1291042e+00 +6.0579028e-01 +5.9758125e-02 +8.9756250e-03 +1.1535768e+04
7.6237300e-01 +4.5000000e-01 +1.9936500e+01 -1.4406167e-01 -5.5049750e-02 +2.1099097e+00 +9.1949306e-01 +1.1416042e+00 +6.1140556e-01 +6.2436181e-02 +7.7435417e-03 +1.1731220e+04
7.6519000e-01 +4.5000000e-01 +1.9886000e+01 -1.4700417e-01 -5.4670250e-02 +2.1293611e+00 +9.2556250e-01 +1.1540417e+00 +6.1690625e-01 +6.5085000e-02 +6.5126944e-03 +1.1933993e+04
7.6798700e-01 +4.5000000e-01 +1.9835500e+01 -1.4988333e-01 -5.4215917e-02 +2.1486250e+00 +9.3151389e-01 +1.1664306e+00 +6.2232014e-01 +6.7728403e-02 +5.2818889e-03 +1.2139636e+04
7.7076400e-01 +4.5000000e-01 +1.9785000e+01 -1.5269583e-01 -5.3699083e-02 +2.1677431e+00 +9.3738194e-01 +1.1787083e+00 +6.2765417e-01 +7.0334028e-02 +4.0486875e-03 +1.2347871e+04
7.7352000e-01 +4.5000000e-01 +1.9734583e+01 -1.5543583e-01 -5.3117583e-02 +2.1866875e+00 +9.4320833e-01 +1.1908333e+00 +6.3290208e-01 +7.2831944e-02 +2.8120764e-03 +1.2559164e+04
7.7625600e-01 +4.5000000e-01 +1.9684167e+01 -1.5810167e-01 -5.2461500e-02 +2.2054028e+00 +9.4902083e-01 +1.2028056e+00 +6.3806458e-01 +7.5209028e-02 +1.5930625e-03 +1.2772426e+04
7.7897100e-01 +4.5000000e-01 +1.9633833e+01 -1.6069667e-01 -5.1712583e-02 +2.2238472e+00 +9.5482639e-01 +1.2146250e+00 +6.4314306e-01 +7.7502083e-02 +4.2286736e-04 +1.2985556e+04
7.8166500e-01 +4.5000000e-01 +1.9583500e+01 -1.6322583e-01 -5.0840667e-02 +2.2421250e+00 +9.6059028e-01 +1.2262500e+00 +6.4814236e-01 +7.9733333e-02 -6.9152083e-04 +1.3194715e+04
7.8433900e-01 +4.5000000e-01 +1.9533333e+01 -1.6568500e-01 -4.9820917e-02 +2.2603333e+00 +9.6627083e-01 +1.2376250e+00 +6.5307361e-01 +8.1869444e-02 -1.7728681e-03 +1.3399560e+04
7.8699200e-01 +4.5000000e-01 +1.9483167e+01 -1.6807333e-01 -4.8650917e-02 +2.2784583e+00 +9.7183333e-01 +1.2487431e+00 +6.5793889e-01 +8.3856250e-02 -2.8437014e-03 +1.3606005e+04
7.8962500e-01 +4.5000000e-01 +1.9433000e+01 -1.7039000e-01 -4.7350167e-02 +2.2964444e+00 +9.7722917e-01 +1.2595903e+00 +6.6272986e-01 +8.5638194e-02 -3.9026250e-03 +1.3819657e+04
7.9223700e-01 +4.5000000e-01 +1.9382917e+01 -1.7264500e-01 -4.5966417e-02 +2.3142639e+00 +9.8246528e-01 +1.2701944e+00 +6.6742778e-01 +8.7166667e-02 -4.9380139e-03 +1.4042201e+04
7.9482800e-01 +4.5000000e-01 +1.9332833e+01 -1.7484917e-01 -4.4565667e-02 +2.3319653e+00 +9.8753472e-01 +1.2806250e+00 +6.7202014e-01 +8.8438194e-02 -5.9405764e-03 +1.4273217e+04
7.9739800e-01 +4.5000000e-01 +1.9282750e+01 -1.7700833e-01 -4.3195500e-02 +2.3496736e+00 +9.9246528e-01 +1.2909167e+00 +6.7651736e-01 +8.9513889e-02 -6.8975278e-03 +1.4510318e+04
7.9994700e-01 +4.5000000e-01 +1.9232750e+01 -1.7911833e-01 -4.1870167e-02 +2.3674375e+00 +9.9729861e-01 +1.3011250e+00 +6.8094583e-01 +9.0449306e-02 -7.7950000e-03 +1.4747655e+04
8.0247600e-01 +4.5000000e-01 +1.9182917e+01 -1.8117083e-01 -4.0580500e-02 +2.3852361e+00 +1.0020764e+00 +1.3113403e+00 +6.8531181e-01 +9.1238194e-02 -8.6161806e-03 +1.4981721e+04
8.0498400e-01 +4.5000000e-01 +1.9133167e+01 -1.8315333e-01 -3.9304667e-02 +2.4029653e+00 +1.0068056e+00 +1.3215972e+00 +6.8958889e-01 +9.1861111e-02 -9.3436806e-03 +1.5214701e+04
8.0747100e-01 +4.5000000e-01 +1.9083667e+01 -1.8505667e-01 -3.8017667e-02 +2.4205069e+00 +1.0115069e+00 +1.3318333e+00 +6.9374028e-01 +9.2372222e-02 -9.9638194e-03 +1.5451071e+04
8.0993700e-01 +4.5000000e-01 +1.9034333e+01 -1.8687917e-01 -3.6690083e-02 +2.4377847e+00 +1.0161597e+00 +1.3419931e+00 +6.9774306e-01 +9.2913194e-02 -1.0475417e-02 +1.5691679e+04
8.1238300e-01 +4.5000000e-01 +1.8985250e+01 -1.8862083e-01 -3.5287917e-02 +2.4547431e+00 +1.0207500e+00 +1.3520625e+00 +7.0159028e-01 +9.3614583e-02 -1.0901597e-02 +1.5934067e+04
8.1480700e-01 +4.5000000e-01 +1.8936333e+01 -1.9027750e-01 -3.3794333e-02 +2.4712847e+00 +1.0252639e+00 +1.3620347e+00 +7.0529861e-01 +9.4511806e-02 -1.1278472e-02 +1.6178348e+04
8.1721100e-01 +4.5000000e-01 +1.8887667e+01 -1.9184500e-01 -3.2215917e-02 +2.4873681e+00 +1.0296875e+00 +1.3719236e+00 +7.0886806e-01 +9.5591667e-02 -1.1641667e-02 +1.6425667e+04
8.1959400e-01 +4.5000000e-01 +1.8839250e+01 -1.9331917e-01 -3.0561583e-02 +2.5029722e+00 +1.0340069e+00 +1.3817917e+00 +7.1230556e-01 +9.6846528e-02 -1.2022014e-02 +1.6674736e+04
8.2195700e-01 +4.5000000e-01 +1.8790917e+01 -1.9469917e-01 -2.8836167e-02 +2.5180972e+00 +1.0382083e+00 +1.3916875e+00 +7.1561806e-01 +9.8248611e-02 -1.2444583e-02 +1.6924143e+04
8.2429900e-01 +4.5000000e-01 +1.8742750e+01 -1.9598833e-01 -2.7054833e-02 +2.5327986e+00 +1.0422778e+00 +1.4015417e+00 +7.1881944e-01 +9.9740278e-02 -1.2927222e-02 +1.7176345e+04
8.2662000e-01 +4.5000000e-01 +1.8694667e+01 -1.9718417e-01 -2.5247583e-02 +2.5471389e+00 +1.0462014e+00 +1.4112500e+00 +7.2193750e-01 +1.0126319e-01 -1.3476944e-02 +1.7434295e+04
8.2892100e-01 +4.5000000e-01 +1.8646667e+01 -1.9828583e-01 -2.3445500e-02 +2.5612361e+00 +1.0499722e+00 +1.4207361e+00 +7.2500694e-01 +1.0278472e-01 -1.4081875e-02 +1.7699497e+04
8.3120100e-01 +4.5000000e-01 +1.8598833e+01 -1.9928500e-01 -2.1662500e-02 +2.5751667e+00 +1.0535903e+00 +1.4299583e+00 +7.2803472e-01 +1.0431111e-01 -1.4710764e-02 +1.7973422e+04
8.3346000e-01 +4.5000000e-01 +1.8551167e+01 -2.0017917e-01 -1.9890750e-02 +2.5890069e+00 +1.0570764e+00 +1.4388889e+00 +7.3103472e-01 +1.0583542e-01 -1.5330417e-02 +1.8255276e+04
8.3570000e-01 +4.5000000e-01 +1.8503583e+01 -2.0096583e-01 -1.8113000e-02 +2.6028542e+00 +1.0604514e+00 +1.4475833e+00 +7.3399306e-01 +1.0733611e-01 -1.5919375e-02 +1.8540656e+04
8.3791800e-01 +4.5000000e-01 +1.8456250e+01 -2.0165083e-01 -1.6313250e-02 +2.6168194e+00 +1.0637431e+00 +1.4561181e+00 +7.3688889e-01 +1.0882153e-01 -1.6474653e-02 +1.8825477e+04
8.4011600e-01 +4.5000000e-01 +1.8409000e+01 -2.0223917e-01 -1.4480833e-02 +2.6309514e+00 +1.0669583e+00 +1.4645694e+00 +7.3971528e-01 +1.1029861e-01 -1.7012639e-02 +1.9109899e+04
8.4229400e-01 +4.5000000e-01 +1.8361833e+01 -2.0273583e-01 -1.2615083e-02 +2.6452292e+00 +1.0701111e+00 +1.4729444e+00 +7.4247222e-01 +1.1173958e-01 -1.7545486e-02 +1.9398200e+04
8.4445200e-01 +4.5000000e-01 +1.8314833e+01 -2.0314500e-01 -1.0725000e-02 +2.6596181e+00 +1.0732014e+00 +1.4811806e+00 +7.4516667e-01 +1.1310625e-01 -1.8059861e-02 +1.9692543e+04
8.4659000e-01 +4.5000000e-01 +1.8267833e+01 -2.0347250e-01 -8.8175833e-03 +2.6741319e+00 +1.0762153e+00 +1.4892361e+00 +7.4781250e-01 +1.1439306e-01 -1.8524931e-02 +1.9991172e+04
8.4870700e-01 +4.5000000e-01 +1.8220833e+01 -2.0372500e-01 -6.8869167e-03 +2.6887986e+00 +1.0791528e+00 +1.4971042e+00 +7.5040278e-01 +1.1561319e-01 -1.8915486e-02 +2.0293328e+04
8.5080400e-01 +4.5000000e-01 +1.8174000e+01 -2.0390833e-01 -4.9188250e-03 +2.7036319e+00 +1.0820069e+00 +1.5047500e+00 +7.5295139e-01 +1.1675486e-01 -1.9228611e-02 +2.0601235e+04
8.5288200e-01 +4.5000000e-01 +1.8127250e+01 -2.0402750e-01 -2.9092083e-03 +2.7186111e+00 +1.0847917e+00 +1.5121736e+00 +7.5545833e-01 +1.1777361e-01 -1.9483958e-02 +2.0916908e+04
8.5493900e-01 +4.5000000e-01 +1.8080583e+01 -2.0408250e-01 -8.7424167e-04 +2.7337292e+00 +1.0875069e+00 +1.5194583e+00 +7.5795139e-01 +1.1863542e-01 -1.9709236e-02 +2.1238991e+04
8.5697700e-01 +4.5000000e-01 +1.8034000e+01 -2.0407583e-01 +1.1607000e-03 +2.7489306e+00 +1.0901528e+00 +1.5266875e+00 +7.6045139e-01 +1.1934514e-01 -1.9924028e-02 +2.1565307e+04
8.5899500e-01 +4.5000000e-01 +1.7987583e+01 -2.0400667e-01 +3.1796833e-03 +2.7641597e+00 +1.0927292e+00 +1.5339444e+00 +7.6297222e-01 +1.1996389e-01 -2.0134583e-02 +2.1895255e+04
8.6099300e-01 +4.5000000e-01 +1.7941167e+01 -2.0387917e-01 +5.1804583e-03 +2.7793889e+00 +1.0952292e+00 +1.5412292e+00 +7.6552083e-01 +1.2057917e-01 -2.0340556e-02 +2.2229387e+04
8.6297100e-01 +4.5000000e-01 +1.7894833e+01 -2.0369417e-01 +7.1642917e-03 +2.7945903e+00 +1.0976597e+00 +1.5485139e+00 +7.6809028e-01 +1.2125556e-01 -2.0541250e-02 +2.2568947e+04
8.6493000e-01 +4.5000000e-01 +1.7848583e+01 -2.0345500e-01 +9.1287500e-03 +2.8097014e+00 +1.1000347e+00 +1.5557986e+00 +7.7068056e-01 +1.2201528e-01 -2.0733611e-02 +2.2914605e+04
8.6687000e-01 +4.5000000e-01 +1.7802417e+01 -2.0316333e-01 +1.1067250e-02 +2.8247014e+00 +1.1023611e+00 +1.5630972e+00 +7.7329167e-01 +1.2286458e-01 -2.0916250e-02 +2.3265783e+04
8.6879000e-01 +4.5000000e-01 +1.7756333e+01 -2.0281917e-01 +1.2969667e-02 +2.8395694e+00 +1.1046319e+00 +1.5704583e+00 +7.7593056e-01 +1.2381806e-01 -2.1094653e-02 +2.3621859e+04
8.7069100e-01 +4.5000000e-01 +1.7710333e+01 -2.0242167e-01 +1.4825250e-02 +2.8542500e+00 +1.1068472e+00 +1.5779028e+00 +7.7860417e-01 +1.2490417e-01 -2.1275347e-02 +2.3983655e+04
8.7257300e-01 +4.5000000e-01 +1.7664333e+01 -2.0197083e-01 +1.6629167e-02 +2.8687153e+00 +1.1090139e+00 +1.5854722e+00 +7.8129861e-01 +1.2615694e-01 -2.1455208e-02 +2.4351200e+04
8.7443600e-01 +4.5000000e-01 +1.7618500e+01 -2.0146750e-01 +1.8387500e-02 +2.8829583e+00 +1.1111181e+00 +1.5931597e+00 +7.8400694e-01 +1.2759514e-01 -2.1618264e-02 +2.4724739e+04
8.7628000e-01 +4.5000000e-01 +1.7572667e+01 -2.0090917e-01 +2.0117083e-02 +2.8969792e+00 +1.1131736e+00 +1.6009444e+00 +7.8670833e-01 +1.2921597e-01 -2.1741597e-02 +2.5104408e+04
8.7810500e-01 +4.5000000e-01 +1.7527000e+01 -2.0029167e-01 +2.1838417e-02 +2.9107917e+00 +1.1151736e+00 +1.6088194e+00 +7.8938889e-01 +1.3097292e-01 -2.1806458e-02 +2.5489959e+04
8.7991200e-01 +4.5000000e-01 +1.7481250e+01 -1.9960917e-01 +2.3567583e-02 +2.9244306e+00 +1.1171250e+00 +1.6167569e+00 +7.9202778e-01 +1.3278125e-01 -2.1804861e-02 +2.5880852e+04
8.8169900e-01 +4.5000000e-01 +1.7435667e+01 -1.9885833e-01 +2.5314917e-02 +2.9379444e+00 +1.1190208e+00 +1.6247083e+00 +7.9463194e-01 +1.3455278e-01 -2.1739722e-02 +2.6276103e+04
8.8346900e-01 +4.5000000e-01 +1.7390167e+01 -1.9803417e-01 +2.7089667e-02 +2.9513681e+00 +1.1208542e+00 +1.6326181e+00 +7.9718750e-01 +1.3622917e-01 -2.1622847e-02 +2.6675482e+04
8.8521900e-01 +4.5000000e-01 +1.7344750e+01 -1.9713500e-01 +2.8901417e-02 +2.9647222e+00 +1.1226250e+00 +1.6403611e+00 +7.9970833e-01 +1.3779375e-01 -2.1468819e-02 +2.7080926e+04
8.8695200e-01 +4.5000000e-01 +1.7299500e+01 -1.9616167e-01 +3.0757750e-02 +2.9780417e+00 +1.1243403e+00 +1.6478472e+00 +8.0218750e-01 +1.3925347e-01 -2.1289236e-02 +2.7495626e+04
8.8866600e-01 +4.5000000e-01 +1.7254250e+01 -1.9511250e-01 +3.2660583e-02 +2.9913542e+00 +1.1259861e+00 +1.6550556e+00 +8.0464583e-01 +1.4061319e-01 -2.1086181e-02 +2.7922011e+04
8.9036200e-01 +4.5000000e-01 +1.7209167e+01 -1.9399000e-01 +3.4606250e-02 +3.0047014e+00 +1.1275764e+00 +1.6620208e+00 +8.0707639e-01 +1.4185486e-01 -2.0852847e-02 +2.8359493e+04
8.9204000e-01 +4.5000000e-01 +1.7164167e+01 -1.9279333e-01 +3.6588000e-02 +3.0181111e+00 +1.1291042e+00 +1.6688194e+00 +8.0950000e-01 +1.4295347e-01 -2.0580833e-02 +2.8804196e+04
8.9370100e-01 +4.5000000e-01 +1.7119250e+01 -1.9152167e-01 +3.8597500e-02 +3.0316181e+00 +1.1305694e+00 +1.6755208e+00 +8.1190972e-01 +1.4389306e-01 -2.0271667e-02 +2.9253131e+04
8.9534300e-01 +4.5000000e-01 +1.7074500e+01 -1.9017750e-01 +4.0627333e-02 +3.0452639e+00 +1.1319653e+00 +1.6821736e+00 +8.1429167e-01 +1.4467014e-01 -1.9941181e-02 +2.9707955e+04
8.9696800e-01 +4.5000000e-01 +1.7029750e+01 -1.8876667e-01 +4.2669917e-02 +3.0590694e+00 +1.1332986e+00 +1.6887847e+00 +8.1662500e-01 +1.4530000e-01 -1.9613403e-02 +3.0172310e+04
8.9857600e-01 +4.5000000e-01 +1.6985167e+01 -1.8729500e-01 +4.4715417e-02 +3.0730417e+00 +1.1345556e+00 +1.6953819e+00 +8.1889583e-01 +1.4582222e-01 -1.9310833e-02 +3.0648561e+04
9.0016600e-01 +4.5000000e-01 +1.6940583e+01 -1.8577167e-01 +4.6753000e-02 +3.0871667e+00 +1.1357569e+00 +1.7019722e+00 +8.2109028e-01 +1.4628819e-01 -1.9049514e-02 +3.1138172e+04
9.0173800e-01 +4.5000000e-01 +1.6896000e+01 -1.8420083e-01 +4.8773833e-02 +3.1013750e+00 +1.1369028e+00 +1.7085833e+00 +8.2322222e-01 +1.4672778e-01 -1.8842431e-02 +3.1641943e+04
9.0329400e-01 +4.5000000e-01 +1.6851500e+01 -1.8258583e-01 +5.0774167e-02 +3.1155833e+00 +1.1380208e+00 +1.7152292e+00 +8.2529861e-01 +1.4714583e-01 -1.8699931e-02 +3.2158439e+04
9.0483300e-01 +4.5000000e-01 +1.6807000e+01 -1.8092917e-01 +5.2758000e-02 +3.1297222e+00 +1.1391042e+00 +1.7219167e+00 +8.2732639e-01 +1.4754167e-01 -1.8628750e-02 +3.2686253e+04
9.0635400e-01 +4.5000000e-01 +1.6762583e+01 -1.7923250e-01 +5.4736000e-02 +3.1437847e+00 +1.1401736e+00 +1.7286389e+00 +8.2930556e-01 +1.4791597e-01 -1.8633611e-02 +3.3225971e+04
9.0785900e-01 +4.5000000e-01 +1.6718083e+01 -1.7749917e-01 +5.6720250e-02 +3.1577917e+00 +1.1412153e+00 +1.7353889e+00 +8.3124306e-01 +1.4825486e-01 -1.8719236e-02 +3.3779041e+04
9.0934700e-01 +4.5000000e-01 +1.6673667e+01 -1.7573000e-01 +5.8718500e-02 +3.1718056e+00 +1.1422222e+00 +1.7421458e+00 +8.3314583e-01 +1.4853681e-01 -1.8887083e-02 +3.4345916e+04
9.1081900e-01 +4.5000000e-01 +1.6629167e+01 -1.7392583e-01 +6.0731417e-02 +3.1858889e+00 +1.1431944e+00 +1.7489097e+00 +8.3502083e-01 +1.4874097e-01 -1.9132431e-02 +3.4927426e+04
9.1227400e-01 +4.5000000e-01 +1.6584667e+01 -1.7208583e-01 +6.2755917e-02 +3.2001250e+00 +1.1441181e+00 +1.7556597e+00 +8.3686806e-01 +1.4885833e-01 -1.9446042e-02 +3.5524386e+04
9.1371300e-01 +4.5000000e-01 +1.6540250e+01 -1.7020917e-01 +6.4788417e-02 +3.2145625e+00 +1.1449861e+00 +1.7624028e+00 +8.3868056e-01 +1.4889097e-01 -1.9818125e-02 +3.6136232e+04
9.1513600e-01 +4.5000000e-01 +1.6495750e+01 -1.6829500e-01 +6.6827500e-02 +3.2292292e+00 +1.1458056e+00 +1.7691389e+00 +8.4047222e-01 +1.4885486e-01 -2.0238403e-02 +3.6760140e+04
9.1654300e-01 +4.5000000e-01 +1.6451250e+01 -1.6634333e-01 +6.8875500e-02 +3.2441528e+00 +1.1465625e+00 +1.7758819e+00 +8.4222222e-01 +1.4877083e-01 -2.0694514e-02 +3.7393422e+04
9.1793400e-01 +4.5000000e-01 +1.6406750e+01 -1.6435583e-01 +7.0937333e-02 +3.2593125e+00 +1.1472500e+00 +1.7826111e+00 +8.4393750e-01 +1.4865625e-01 -2.1172639e-02 +3.8036520e+04
9.1930900e-01 +4.5000000e-01 +1.6362167e+01 -1.6233500e-01 +7.3015500e-02 +3.2746875e+00 +1.1478542e+00 +1.7893125e+00 +8.4560417e-01 +1.4851944e-01 -2.1659167e-02 +3.8692069e+04
9.2066800e-01 +4.5000000e-01 +1.6317500e+01 -1.6028333e-01 +7.5106667e-02 +3.2902708e+00 +1.1483681e+00 +1.7959306e+00 +8.4722917e-01 +1.4838056e-01 -2.2139861e-02 +3.9363902e+04
9.2201200e-01 +4.5000000e-01 +1.6272667e+01 -1.5820667e-01 +7.7202500e-02 +3.3060625e+00 +1.1487639e+00 +1.8024444e+00 +8.4880556e-01 +1.4826944e-01 -2.2599514e-02 +4.0055065e+04
9.2334100e-01 +4.5000000e-01 +1.6227833e+01 -1.5610750e-01 +7.9293917e-02 +3.3220764e+00 +1.1490486e+00 +1.8088333e+00 +8.5032639e-01 +1.4820417e-01 -2.3024444e-02 +4.0766432e+04
9.2465400e-01 +4.5000000e-01 +1.6182833e+01 -1.5399000e-01 +8.1373750e-02 +3.3383889e+00 +1.1492083e+00 +1.8150625e+00 +8.5180556e-01 +1.4818125e-01 -2.3403958e-02 +4.1496091e+04
9.2595200e-01 +4.5000000e-01 +1.6137750e+01 -1.5185417e-01 +8.3436667e-02 +3.3550833e+00 +1.1492361e+00 +1.8211319e+00 +8.5325000e-01 +1.4818681e-01 -2.3730347e-02 +4.2241988e+04
9.2723500e-01 +4.5000000e-01 +1.6092500e+01 -1.4970000e-01 +8.5478333e-02 +3.3722292e+00 +1.1491250e+00 +1.8270208e+00 +8.5468056e-01 +1.4821250e-01 -2.3999514e-02 +4.3004529e+04
9.2850400e-01 +4.5000000e-01 +1.6047083e+01 -1.4752667e-01 +8.7495000e-02 +3.3898681e+00 +1.1488681e+00 +1.8327500e+00 +8.5609028e-01 +1.4825694e-01 -2.4211597e-02 +4.3784818e+04
9.2975700e-01 +4.5000000e-01 +1.6001583e+01 -1.4533167e-01 +8.9482500e-02 +3.4080208e+00 +1.1484653e+00 +1.8383403e+00 +8.5747917e-01 +1.4832431e-01 -2.4369444e-02 +4.4583984e+04
9.3099600e-01 +4.5000000e-01 +1.5955917e+01 -1.4311667e-01 +9.1435000e-02 +3.4266736e+00 +1.1478958e+00 +1.8438194e+00 +8.5886111e-01 +1.4841389e-01 -2.4475417e-02 +4.5404737e+04
9.3222000e-01 +4.5000000e-01 +1.5910167e+01 -1.4088167e-01 +9.3345000e-02 +3.4458194e+00 +1.1471528e+00 +1.8492153e+00 +8.6022222e-01 +1.4852431e-01 -2.4530069e-02 +4.6250011e+04
9.3343000e-01 +4.5000000e-01 +1.5864250e+01 -1.3862833e-01 +9.5207500e-02 +3.4654444e+00 +1.1462431e+00 +1.8545625e+00 +8.6158333e-01 +1.4865347e-01 -2.4532778e-02 +4.7119646e+04
9.3462600e-01 +4.5000000e-01 +1.5818250e+01 -1.3635750e-01 +9.7019167e-02 +3.4855833e+00 +1.1451667e+00 +1.8598889e+00 +8.6293750e-01 +1.4879653e-01 -2.4483194e-02 +4.8011073e+04
9.3580800e-01 +4.5000000e-01 +1.5772000e+01 -1.3407250e-01 +9.8784167e-02 +3.5062639e+00 +1.1439028e+00 +1.8652153e+00 +8.6429167e-01 +1.4894236e-01 -2.4383958e-02 +4.8922714e+04
9.3697600e-01 +4.5000000e-01 +1.5725667e+01 -1.3177500e-01 +1.0051000e-01 +3.5275139e+00 +1.1424722e+00 +1.8705486e+00 +8.6562500e-01 +1.4907569e-01 -2.4242153e-02 +4.9855502e+04
9.3813000e-01 +4.5000000e-01 +1.5679167e+01 -1.2946583e-01 +1.0220667e-01 +3.5493889e+00 +1.1408611e+00 +1.8758819e+00 +8.6693750e-01 +1.4917917e-01 -2.4067986e-02 +5.0812155e+04
9.3927000e-01 +4.5000000e-01 +1.5632500e+01 -1.2715000e-01 +1.0387833e-01 +3.5719375e+00 +1.1390556e+00 +1.8812083e+00 +8.6822917e-01 +1.4923819e-01 -2.3873125e-02 +5.1795416e+04
9.4039600e-01 +4.5000000e-01 +1.5585583e+01 -1.2482917e-01 +1.0552833e-01 +3.5952222e+00 +1.1370556e+00 +1.8864931e+00 +8.6949306e-01 +1.4924514e-01 -2.3668194e-02 +5.2807719e+04
9.4150900e-01 +4.5000000e-01 +1.5538417e+01 -1.2250500e-01 +1.0715500e-01 +3.6192986e+00 +1.1348472e+00 +1.8917083e+00 +8.7072917e-01 +1.4920694e-01 -2.3460208e-02 +5.3851415e+04
9.4260900e-01 +4.5000000e-01 +1.5491083e+01 -1.2018083e-01 +1.0875417e-01 +3.6442222e+00 +1.1324236e+00 +1.8967986e+00 +8.7195139e-01 +1.4914583e-01 -2.3251528e-02 +5.4928922e+04
9.4369600e-01 +4.5000000e-01 +1.5443417e+01 -1.1785833e-01 +1.1032333e-01 +3.6700208e+00 +1.1297639e+00 +1.9017500e+00 +8.7315278e-01 +1.4909236e-01 -2.3040625e-02 +5.6041633e+04
9.4476900e-01 +4.5000000e-01 +1.5395500e+01 -1.1553833e-01 +1.1186417e-01 +3.6967361e+00 +1.1268681e+00 +1.9065486e+00 +8.7434722e-01 +1.4906736e-01 -2.2823403e-02 +5.7188424e+04
9.4583000e-01 +4.5000000e-01 +1.5347250e+01 -1.1322333e-01 +1.1338000e-01 +3.7244028e+00 +1.1237222e+00 +1.9112014e+00 +8.7552778e-01 +1.4907361e-01 -2.2596042e-02 +5.8367336e+04
9.4687800e-01 +4.5000000e-01 +1.5298667e+01 -1.1091417e-01 +1.1487500e-01 +3.7530347e+00 +1.1203194e+00 +1.9157222e+00 +8.7668750e-01 +1.4909236e-01 -2.2355625e-02 +5.9577618e+04
9.4791300e-01 +4.5000000e-01 +1.5249833e+01 -1.0861250e-01 +1.1635500e-01 +3.7826458e+00 +1.1166528e+00 +1.9201042e+00 +8.7782639e-01 +1.4909583e-01 -2.2100069e-02 +6.0820672e+04
9.4893500e-01 +4.5000000e-01 +1.5200583e+01 -1.0631917e-01 +1.1782000e-01 +3.8132431e+00 +1.1127153e+00 +1.9243472e+00 +8.7893056e-01 +1.4906042e-01 -2.1827083e-02 +6.2098384e+04
9.4994500e-01 +4.5000000e-01 +1.5150917e+01 -1.0403417e-01 +1.1927083e-01 +3.8448889e+00 +1.1085000e+00 +1.9284306e+00 +8.8000694e-01 +1.4898125e-01 -2.1533472e-02 +6.3411534e+04
9.5094300e-01 +4.5000000e-01 +1.5100917e+01 -1.0175750e-01 +1.2070583e-01 +3.8776319e+00 +1.1039792e+00 +1.9323194e+00 +8.8103472e-01 +1.4887500e-01 -2.1217292e-02 +6.4760886e+04
9.5192800e-01 +4.5000000e-01 +1.5050417e+01 -9.9488333e-02 +1.2212417e-01 +3.9115556e+00 +1.0991458e+00 +1.9359792e+00 +8.8202083e-01 +1.4875903e-01 -2.0880347e-02 +6.6148192e+04
9.5290100e-01 +4.5000000e-01 +1.4999500e+01 -9.7227500e-02 +1.2352667e-01 +3.9467500e+00 +1.0939861e+00 +1.9393611e+00 +8.8295139e-01 +1.4864167e-01 -2.0529931e-02 +6.7575791e+04
9.5386300e-01 +4.5000000e-01 +1.4948000e+01 -9.4973333e-02 +1.2491167e-01 +3.9832986e+00 +1.0884653e+00 +1.9424514e+00 +8.8383333e-01 +1.4851944e-01 -2.0177222e-02 +6.9044581e+04
9.5481200e-01 +4.5000000e-01 +1.4896000e+01 -9.2729167e-02 +1.2627583e-01 +4.0213056e+00 +1.0825694e+00 +1.9452222e+00 +8.8465278e-01 +1.4838542e-01 -1.9834375e-02 +7.0554790e+04
9.5575000e-01 +4.5000000e-01 +1.4843417e+01 -9.0495833e-02 +1.2761417e-01 +4.0608403e+00 +1.0762917e+00 +1.9476667e+00 +8.8540972e-01 +1.4823819e-01 -1.9511667e-02 +7.2106111e+04
9.5667600e-01 +4.5000000e-01 +1.4790167e+01 -8.8275000e-02 +1.2892167e-01 +4.1019444e+00 +1.0695972e+00 +1.9497778e+00 +8.8608333e-01 +1.4808056e-01 -1.9216389e-02 +7.3700541e+04
9.5759100e-01 +4.5000000e-01 +1.4736333e+01 -8.6069167e-02 +1.3019083e-01 +4.1446458e+00 +1.0624722e+00 +1.9515486e+00 +8.8665972e-01 +1.4792361e-01 -1.8952361e-02 +7.5338863e+04
9.5849500e-01 +4.5000000e-01 +1.4681833e+01 -8.3879167e-02 +1.3141750e-01 +4.1889375e+00 +1.0549167e+00 +1.9529583e+00 +8.8713194e-01 +1.4778194e-01 -1.8720833e-02 +7.7025207e+04
9.5938700e-01 +4.5000000e-01 +1.4626583e+01 -8.1706333e-02 +1.3259500e-01 +4.2348472e+00 +1.0468958e+00 +1.9539722e+00 +8.8747917e-01 +1.4767639e-01 -1.8521042e-02 +7.8761695e+04
9.6026800e-01 +4.5000000e-01 +1.4570583e+01 -7.9552000e-02 +1.3372000e-01 +4.2824097e+00 +1.0384097e+00 +1.9545486e+00 +8.8770139e-01 +1.4762569e-01 -1.8349931e-02 +8.0549017e+04
9.6113800e-01 +4.5000000e-01 +1.4513750e+01 -7.7416750e-02 +1.3479250e-01 +4.3317014e+00 +1.0294306e+00 +1.9546458e+00 +8.8779861e-01 +1.4764792e-01 -1.8201875e-02 +8.2387887e+04
9.6199700e-01 +4.5000000e-01 +1.4456083e+01 -7.5301250e-02 +1.3581000e-01 +4.3827986e+00 +1.0199583e+00 +1.9542431e+00 +8.8775694e-01 +1.4775625e-01 -1.8068889e-02 +8.4278298e+04
9.6284500e-01 +4.5000000e-01 +1.4397417e+01 -7.3206500e-02 +1.3677417e-01 +4.4357847e+00 +1.0099722e+00 +1.9533125e+00 +8.8758333e-01 +1.4795625e-01 -1.7941111e-02 +8.6221684e+04
9.6368300e-01 +4.5000000e-01 +1.4337750e+01 -7.1133333e-02 +1.3768667e-01 +4.4907431e+00 +9.9946528e-01 +1.9518472e+00 +8.8728472e-01 +1.4824653e-01 -1.7807847e-02 +8.8222895e+04
9.6451000e-01 +4.5000000e-01 +1.4277083e+01 -6.9083083e-02 +1.3854833e-01 +4.5477500e+00 +9.8842361e-01 +1.9498542e+00 +8.8685417e-01 +1.4861458e-01 -1.7659444e-02 +9.0284016e+04
9.6532700e-01 +4.5000000e-01 +1.4215250e+01 -6.7057083e-02 +1.3936083e-01 +4.6068750e+00 +9.7684028e-01 +1.9473472e+00 +8.8628472e-01 +1.4904167e-01 -1.7488681e-02 +9.2406465e+04
9.6613400e-01 +4.5000000e-01 +1.4152167e+01 -6.5056500e-02 +1.4012333e-01 +4.6681736e+00 +9.6470139e-01 +1.9443333e+00 +8.8556944e-01 +1.4950347e-01 -1.7291528e-02 +9.4592334e+04
9.6693000e-01 +4.5000000e-01 +1.4087833e+01 -6.3082500e-02 +1.4083667e-01 +4.7316875e+00 +9.5201389e-01 +1.9408194e+00 +8.8470833e-01 +1.4997569e-01 -1.7066806e-02 +9.6843036e+04
9.6771600e-01 +4.5000000e-01 +1.4022083e+01 -6.1135667e-02 +1.4149833e-01 +4.7974444e+00 +9.3875694e-01 +1.9368056e+00 +8.8367361e-01 +1.5043542e-01 -1.6815347e-02 +9.9158569e+04
9.6849200e-01 +4.5000000e-01 +1.3954833e+01 -5.9216500e-02 +1.4210667e-01 +4.8654861e+00 +9.2493750e-01 +1.9322778e+00 +8.8245139e-01 +1.5086389e-01 -1.6539583e-02 +1.0153619e+05
9.6925900e-01 +4.5000000e-01 +1.3886083e+01 -5.7325000e-02 +1.4265833e-01 +4.9358056e+00 +9.1054167e-01 +1.9272292e+00 +8.8103472e-01 +1.5124514e-01 -1.6242917e-02 +1.0397585e+05
9.7001500e-01 +4.5000000e-01 +1.3815583e+01 -5.5461000e-02 +1.4315167e-01 +5.0084028e+00 +8.9557639e-01 +1.9216111e+00 +8.7940278e-01 +1.5156944e-01 -1.5928194e-02 +1.0647763e+05
9.7076200e-01 +4.5000000e-01 +1.3743417e+01 -5.3624583e-02 +1.4358167e-01 +5.0832569e+00 +8.8002778e-01 +1.9154167e+00 +8.7754167e-01 +1.5182986e-01 -1.5596597e-02 +1.0904636e+05
9.7150000e-01 +4.5000000e-01 +1.3669333e+01 -5.1815917e-02 +1.4394833e-01 +5.1603542e+00 +8.6389583e-01 +1.9085903e+00 +8.7543056e-01 +1.5202639e-01 -1.5247292e-02 +1.1168762e+05
9.7222800e-01 +4.5000000e-01 +1.3593167e+01 -5.0035417e-02 +1.4424917e-01 +5.2396667e+00 +8.4719444e-01 +1.9011181e+00 +8.7304167e-01 +1.5215903e-01 -1.4878125e-02 +1.1440214e+05
9.7294600e-01 +4.5000000e-01 +1.3514917e+01 -4.8283917e-02 +1.4448500e-01 +5.3211806e+00 +8.2991667e-01 +1.8929653e+00 +8.7037500e-01 +1.5223472e-01 -1.4486458e-02 +1.1718996e+05
9.7365600e-01 +4.5000000e-01 +1.3434417e+01 -4.6562250e-02 +1.4465583e-01 +5.4048750e+00 +8.1206944e-01 +1.8841181e+00 +8.6739583e-01 +1.5226458e-01 -1.4070208e-02 +1.2004966e+05
9.7435600e-01 +4.5000000e-01 +1.3351500e+01 -4.4871333e-02 +1.4476250e-01 +5.4907083e+00 +7.9368056e-01 +1.8745486e+00 +8.6408333e-01 +1.5226736e-01 -1.3628125e-02 +1.2298063e+05
9.7504800e-01 +4.5000000e-01 +1.3266000e+01 -4.3212000e-02 +1.4480667e-01 +5.5786250e+00 +7.7474306e-01 +1.8642292e+00 +8.6043056e-01 +1.5226528e-01 -1.3160625e-02 +1.2598286e+05
9.7573000e-01 +4.5000000e-01 +1.3177833e+01 -4.1584917e-02 +1.4478833e-01 +5.6685347e+00 +7.5529167e-01 +1.8531597e+00 +8.5640278e-01 +1.5228125e-01 -1.2669236e-02 +1.2905779e+05
9.7640400e-01 +4.5000000e-01 +1.3086667e+01 -3.9990417e-02 +1.4470667e-01 +5.7603264e+00 +7.3533333e-01 +1.8413056e+00 +8.5197917e-01 +1.5233472e-01 -1.2156875e-02 +1.3220337e+05
9.7706800e-01 +4.5000000e-01 +1.2992417e+01 -3.8428917e-02 +1.4456167e-01 +5.8538611e+00 +7.1490278e-01 +1.8286667e+00 +8.4713889e-01 +1.5243889e-01 -1.1627153e-02 +1.3541756e+05
9.7772500e-01 +4.5000000e-01 +1.2894833e+01 -3.6900333e-02 +1.4435000e-01 +5.9489514e+00 +6.9401528e-01 +1.8152222e+00 +8.4185417e-01 +1.5260000e-01 -1.1084236e-02 +1.3869409e+05
9.7837300e-01 +4.5000000e-01 +1.2793750e+01 -3.5404500e-02 +1.4406833e-01 +6.0453681e+00 +6.7270069e-01 +1.8009444e+00 +8.3609028e-01 +1.5281597e-01 -1.0532708e-02 +1.4202746e+05
9.7901200e-01 +4.5000000e-01 +1.2688917e+01 -3.3941083e-02 +1.4371167e-01 +6.1428333e+00 +6.5099028e-01 +1.7858125e+00 +8.2982639e-01 +1.5307222e-01 -9.9770833e-03 +1.4541010e+05
9.7964300e-01 +4.5000000e-01 +1.2580000e+01 -3.2509667e-02 +1.4327667e-01 +6.2410208e+00 +6.2891528e-01 +1.7697847e+00 +8.2302778e-01 +1.5334375e-01 -9.4219444e-03 +1.4883922e+05
9.8026600e-01 +4.5000000e-01 +1.2466833e+01 -3.1109667e-02 +1.4275667e-01 +6.3395347e+00 +6.0651111e-01 +1.7528194e+00 +8.1564583e-01 +1.5359792e-01 -8.8713194e-03 +1.5230793e+05
9.8088100e-01 +4.5000000e-01 +1.2349083e+01 -2.9740583e-02 +1.4214750e-01 +6.4379236e+00 +5.8381250e-01 +1.7348472e+00 +8.0765278e-01 +1.5379514e-01 -8.3287500e-03 +1.5581139e+05
9.8148700e-01 +4.5000000e-01 +1.2226417e+01 -2.8401833e-02 +1.4144417e-01 +6.5356597e+00 +5.6085903e-01 +1.7158264e+00 +7.9899306e-01 +1.5390069e-01 -7.7963889e-03 +1.5934202e+05
9.8208600e-01 +4.5000000e-01 +1.2098583e+01 -2.7092917e-02 +1.4064167e-01 +6.6321528e+00 +5.3769097e-01 +1.6956806e+00 +7.8963194e-01 +1.5388333e-01 -7.2759722e-03 +1.6289285e+05
9.8267700e-01 +4.5000000e-01 +1.1965250e+01 -2.5813417e-02 +1.3973583e-01 +6.7267222e+00 +5.1435069e-01 +1.6743542e+00 +7.7949306e-01 +1.5371944e-01 -6.7689236e-03 +1.6645490e+05
9.8326100e-01 +4.5000000e-01 +1.1825917e+01 -2.4563000e-02 +1.3872250e-01 +6.8185833e+00 +4.9088194e-01 +1.6517847e+00 +7.6854167e-01 +1.5339167e-01 -6.2769167e-03 +1.7001563e+05
9.8383600e-01 +4.5000000e-01 +1.1680333e+01 -2.3341417e-02 +1.3759750e-01 +6.9068681e+00 +4.6733264e-01 +1.6279236e+00 +7.5670139e-01 +1.5288958e-01 -5.8020764e-03 +1.7356125e+05
9.8440400e-01 +4.5000000e-01 +1.1527917e+01 -2.2148500e-02 +1.3635583e-01 +6.9905556e+00 +4.4375208e-01 +1.6027014e+00 +7.4391667e-01 +1.5220278e-01 -5.3467222e-03 +1.7707637e+05
9.8496500e-01 +4.5000000e-01 +1.1368417e+01 -2.0984167e-02 +1.3499250e-01 +7.0686111e+00 +4.2019236e-01 +1.5760556e+00 +7.3011806e-01 +1.5132292e-01 -4.9130556e-03 +1.8054290e+05
9.8551800e-01 +4.5000000e-01 +1.1201250e+01 -1.9848500e-02 +1.3350333e-01 +7.1396528e+00 +3.9670972e-01 +1.5479375e+00 +7.1523611e-01 +1.5024167e-01 -4.5028542e-03 +1.8394071e+05
9.8606400e-01 +4.5000000e-01 +1.1026000e+01 -1.8741417e-02 +1.3188417e-01 +7.2023611e+00 +3.7336181e-01 +1.5182847e+00 +6.9920833e-01 +1.4895000e-01 -4.1170694e-03 +1.8724535e+05
9.8660300e-01 +4.5000000e-01 +1.0842083e+01 -1.7662833e-02 +1.3013000e-01 +7.2551389e+00 +3.5020903e-01 +1.4870556e+00 +6.8196944e-01 +1.4744028e-01 -3.7557222e-03 +1.9042965e+05
9.8713400e-01 +4.5000000e-01 +1.0649000e+01 -1.6612750e-02 +1.2823667e-01 +7.2962500e+00 +3.2731528e-01 +1.4542153e+00 +6.6345764e-01 +1.4570139e-01 -3.4178958e-03 +1.9346226e+05
9.8765900e-01 +4.5000000e-01 +1.0446333e+01 -1.5590833e-02 +1.2620083e-01 +7.3237500e+00 +3.0474583e-01 +1.4197431e+00 +6.4361250e-01 +1.4372361e-01 -3.1018542e-03 +1.9630883e+05
9.8817700e-01 +4.5000000e-01 +1.0233333e+01 -1.4596833e-02 +1.2401917e-01 +7.3354861e+00 +2.8256597e-01 +1.3836250e+00 +6.2237986e-01 +1.4149444e-01 -2.8052361e-03 +1.9893656e+05
9.8868800e-01 +4.5000000e-01 +1.0009583e+01 -1.3630333e-02 +1.2168917e-01 +7.3291667e+00 +2.6084444e-01 +1.3458542e+00 +5.9971319e-01 +1.3899792e-01 -2.5252847e-03 +2.0131319e+05
9.8919200e-01 +4.5000000e-01 +9.7744167e+00 -1.2690917e-02 +1.1920583e-01 +7.3022917e+00 +2.3964792e-01 +1.3064514e+00 +5.7557569e-01 +1.3621528e-01 -2.2592708e-03 +2.0340784e+05
9.8968900e-01 +4.5000000e-01 +9.5272500e+00 -1.1778333e-02 +1.1656750e-01 +7.2522222e+00 +2.1904306e-01 +1.2654236e+00 +5.4994722e-01 +1.3312500e-01 -2.0050069e-03 +2.0519298e+05
9.9018000e-01 +4.5000000e-01 +9.2676667e+00 -1.0892333e-02 +1.1376917e-01 +7.1762500e+00 +1.9909583e-01 +1.2228056e+00 +5.2282639e-01 +1.2970417e-01 -1.7612917e-03 +2.0664787e+05
9.9066400e-01 +4.5000000e-01 +8.9950833e+00 -1.0032833e-02 +1.1080750e-01 +7.0715972e+00 +1.7986944e-01 +1.1786250e+00 +4.9423819e-01 +1.2592708e-01 -1.5280556e-03 +2.0776234e+05
9.9114200e-01 +4.5000000e-01 +8.7090000e+00 -9.2001667e-03 +1.0767750e-01 +6.9355556e+00 +1.6142361e-01 +1.1329097e+00 +4.6424028e-01 +1.2176875e-01 -1.3062778e-03 +2.0854119e+05
9.9161300e-01 +4.5000000e-01 +8.4090833e+00 -8.3949167e-03 +1.0437417e-01 +6.7655417e+00 +1.4381597e-01 +1.0857153e+00 +4.3292778e-01 +1.1720764e-01 -1.0976389e-03 +2.0901236e+05
9.9207900e-01 +4.5000000e-01 +8.0949333e+00 -7.6179000e-03 +1.0089250e-01 +6.5592917e+00 +1.2709931e-01 +1.0370625e+00 +4.0044514e-01 +1.1222222e-01 -9.0415278e-04 +2.0923249e+05
9.9253700e-01 +4.5000000e-01 +7.7664333e+00 -6.8704250e-03 +9.7227500e-02 +6.3149861e+00 +1.1132153e-01 +9.8700000e-01 +3.6698472e-01 +1.0680000e-01 -7.2786111e-04 +2.0929440e+05
9.9299000e-01 +4.5000000e-01 +7.4234750e+00 -6.1539250e-03 +9.3373333e-02 +6.0315000e+00 +9.6527778e-02 +9.3555556e-01 +3.3279931e-01 +1.0093333e-01 -5.7054375e-04 +2.0933243e+05
9.9343700e-01 +4.5000000e-01 +7.0661667e+00 -5.4700333e-03 +8.9327500e-02 +5.7085903e+00 +8.2756944e-02 +8.8273611e-01 +2.9820069e-01 +9.4627083e-02 -4.3360000e-04 +2.0952191e+05
9.9387800e-01 +4.5000000e-01 +6.6947917e+00 -4.8204667e-03 +8.5085833e-02 +5.3471736e+00 +7.0043750e-02 +8.2856944e-01 +2.6356181e-01 +8.7898611e-02 -3.1788889e-04 +2.1007917e+05
9.9431300e-01 +4.5000000e-01 +6.3098333e+00 -4.2069750e-03 +8.0646833e-02 +4.9495625e+00 +5.8415972e-02 +7.7303472e-01 +2.2931389e-01 +8.0780556e-02 -2.2362847e-04 +2.1124854e+05
9.9474200e-01 +4.5000000e-01 +5.9120083e+00 -3.6312417e-03 +7.6012500e-02 +4.5197222e+00 +4.7896319e-02 +7.1612500e-01 +1.9593542e-01 +7.3326389e-02 -1.5029167e-04 +2.1328300e+05
9.9516500e-01 +4.5000000e-01 +5.5022750e+00 -3.0948333e-03 +7.1186083e-02 +4.0633889e+00 +3.8498611e-02 +6.5781875e-01 +1.6394306e-01 +6.5609097e-02 -9.6540278e-05 +2.1641227e+05
9.9558300e-01 +4.5000000e-01 +5.0818250e+00 -2.5991833e-03 +6.6174333e-02 +3.5881597e+00 +3.0228125e-02 +5.9812361e-01 +1.3386528e-01 +5.7725694e-02 -6.0208194e-05 +2.2079955e+05
9.9599500e-01 +4.5000000e-01 +4.6520667e+00 -2.1454667e-03 +6.0986833e-02 +3.1033889e+00 +2.3079444e-02 +5.3707569e-01 +1.0621528e-01 +4.9796181e-02 -3.8357639e-05 +2.2649977e+05
9.9640100e-01 +4.5000000e-01 +4.2146250e+00 -1.7346417e-03 +5.5636333e-02 +2.6198889e+00 +1.7034306e-02 +4.7479514e-01 +8.1457639e-02 +4.1962292e-02 -2.7446806e-05 +2.3341933e+05
9.9680200e-01 +4.5000000e-01 +3.7712417e+00 -1.3673833e-03 +5.0138167e-02 +2.1494444e+00 +1.2058958e-02 +4.1152986e-01 +5.9969028e-02 +3.4383125e-02 -2.3630208e-05 +2.4130359e+05
9.9719800e-01 +4.5000000e-01 +3.3237833e+00 -1.0440833e-03 +4.4510083e-02 +1.7041111e+00 +8.1012500e-03 +3.4772361e-01 +4.1997500e-02 +2.7227639e-02 -2.3192917e-05 +2.4976412e+05
9.9758800e-01 +4.5000000e-01 +2.8741000e+00 -7.6489917e-04 +3.8771083e-02 +1.2953472e+00 +5.0880069e-03 +2.8408958e-01 +2.7629653e-02 +2.0664167e-02 -2.3057083e-05 +2.5835704e+05
9.9797300e-01 +4.5000000e-01 +2.4239917e+00 -5.2973917e-04 +3.2941083e-02 +9.3318750e-01 +2.9225556e-03 +2.2169792e-01 +1.6767708e-02 +1.4847917e-02 -2.1242569e-05 +2.6672059e+05
9.9835300e-01 +4.5000000e-01 +1.9751000e+00 -3.3835167e-04 +2.7039417e-02 +6.2547847e-01 +1.4841875e-03 +1.6207014e-01 +9.1245833e-03 +9.9080556e-03 -1.7138194e-05 +2.7474495e+05
9.9872800e-01 +4.5000000e-01 +1.5288250e+00 -1.9035167e-04 +2.1084167e-02 +3.7744444e-01 +6.3019792e-04 +1.0727222e-01 +4.2423889e-03 +5.9370972e-03 -1.1453611e-05 +2.8275327e+05
9.9909700e-01 +4.5000000e-01 +1.0862917e+00 -8.5264167e-05 +1.5090750e-02 +1.9169861e-01 +2.0241875e-04 +6.0017778e-02 +1.5344792e-03 +2.9839792e-03 -5.7774028e-06 +2.9163291e+05
9.9946200e-01 +4.5000000e-01 +6.4828583e-01 -2.2506167e-05 +9.0717500e-03 +6.8702986e-02 +4.0286458e-05 +2.3782014e-02 +3.4619444e-04 +1.0537917e-03 -1.7727014e-06 +3.0286175e+05
9.9982100e-01 +4.5000000e-01 +2.1530083e-01 +0.0000000e+00 +3.0369750e-03 +7.6478472e-03 +2.9694792e-06 +2.9652361e-03 +2.2824097e-05 +1.1475347e-04 -1.5958194e-07 +3.1711759e+05
1.0000000e+00 +4.5000000e-01 +0.0000000e+00 +0.0000000e+00 +0.0000000e+00 +0.0000000e+00 +0.0000000e+00 +0.0000000e+00 +0.0000000e+00 +0.0000000e+00 +0.0000000e+00 +3.1711667e+05
