#    y              z              <u>            <v>            <w>            <u'u'>         <v'v'>         <w'w'>         <u'v'>         <u'w'>         <v'w'>         <eps>         
#----------------------------------------------------------------------------------------------------------------------------------------------------------------------------------
0.0000000e+00 +1.0000000e-01 +0.0000000e+00 +0.0000000e+00 +0.0000000e+00 +0.0000000e+00 +0.0000000e+00 +0.0000000e+00 +0.0000000e+00 +0.0000000e+00 +0.0000000e+00 +2.7565347e+05
1.7900000e-04 +1.0000000e-01 +2.0403083e-01 +4.4302333e-05 +9.8336667e-03 +6.4253472e-03 +2.4045486e-06 +2.7205903e-03 -1.8433056e-05 -2.6245764e-05 -1.3627083e-06 +2.7565430e+05
5.3800000e-04 +1.0000000e-01 +6.1432917e-01 +1.6403167e-04 +2.8978167e-02 +5.7664306e-02 +3.2823611e-05 +2.1920764e-02 -2.8148958e-04 -1.6642500e-04 -1.8306042e-05 +2.6168313e+05
9.0300000e-04 +1.0000000e-01 +1.0294000e+00 +3.5834833e-04 +4.7609750e-02 +1.6082083e-01 +1.6580278e-04 +5.5531667e-02 -1.2551181e-03 -3.0065903e-04 -7.2681944e-05 +2.5077154e+05
1.2720000e-03 +1.0000000e-01 +1.4488750e+00 +6.2323000e-04 +6.5701250e-02 +3.1668611e-01 +5.1896944e-04 +9.9601389e-02 -3.4916667e-03 -2.9204306e-04 -1.8112569e-04 +2.4246326e+05
1.6470000e-03 +1.0000000e-01 +1.8721083e+00 +9.5437500e-04 +8.3232583e-02 +5.2524097e-01 +1.2288681e-03 +1.5096111e-01 -7.5609028e-03 -2.1966042e-05 -3.5385139e-04 +2.3545551e+05
2.0270000e-03 +1.0000000e-01 +2.2982083e+00 +1.3473750e-03 +1.0018500e-01 +7.8493056e-01 +2.4329722e-03 +2.0709167e-01 -1.3996806e-02 +6.0083750e-04 -5.9585278e-04 +2.2887909e+05
2.4120000e-03 +1.0000000e-01 +2.7260250e+00 +1.7977750e-03 +1.1654167e-01 +1.0921806e+00 +4.2585000e-03 +2.6603056e-01 -2.3244792e-02 +1.6302708e-03 -9.0809028e-04 +2.2230971e+05
2.8020000e-03 +1.0000000e-01 +3.1541750e+00 +2.3011333e-03 +1.3228333e-01 +1.4412639e+00 +6.8162431e-03 +3.2629167e-01 -3.5619861e-02 +3.0751042e-03 -1.2884583e-03 +2.1568870e+05
3.1980000e-03 +1.0000000e-01 +3.5811333e+00 +2.8530583e-03 +1.4739417e-01 +1.8245139e+00 +1.0197917e-02 +3.8679167e-01 -5.1281875e-02 +4.8964097e-03 -1.7325278e-03 +2.0920658e+05
3.5990000e-03 +1.0000000e-01 +4.0052917e+00 +3.4492083e-03 +1.6185750e-01 +2.2328472e+00 +1.4475764e-02 +4.4677569e-01 -7.0229861e-02 +7.0117361e-03 -2.2339861e-03 +2.0317003e+05
4.0050000e-03 +1.0000000e-01 +4.4250083e+00 +4.0853083e-03 +1.7565500e-01 +2.6564097e+00 +1.9703889e-02 +5.0574861e-01 -9.2313889e-02 +9.3057639e-03 -2.7851111e-03 +1.9788023e+05
4.4170000e-03 +1.0000000e-01 +4.8387000e+00 +4.7571333e-03 +1.8877417e-01 +3.0852847e+00 +2.5919653e-02 +5.6340625e-01 -1.1725764e-01 +1.1644653e-02 -3.3770903e-03 +1.9355592e+05
4.8350000e-03 +1.0000000e-01 +5.2448833e+00 +5.4604833e-03 +2.0119833e-01 +3.5100972e+00 +3.3146319e-02 +6.1957986e-01 -1.4469236e-01 +1.3891597e-02 -4.0005764e-03 +1.9029634e+05
5.2580000e-03 +1.0000000e-01 +5.6422333e+00 +6.1911667e-03 +2.1291750e-01 +3.9224931e+00 +4.1395139e-02 +6.7418750e-01 -1.7418681e-01 +1.5920139e-02 -4.6461250e-03 +1.8807997e+05
5.6870000e-03 +1.0000000e-01 +6.0296000e+00 +6.9449250e-03 +2.2392083e-01 +4.3154375e+00 +5.0666806e-02 +7.2720139e-01 -2.0528056e-01 +1.7623819e-02 -5.3047361e-03 +1.8679076e+05
6.1220000e-03 +1.0000000e-01 +6.4060250e+00 +7.7174167e-03 +2.3420083e-01 +4.6833611e+00 +6.0953750e-02 +7.7861111e-01 -2.3750972e-01 +1.8921806e-02 -5.9682153e-03 +1.8625098e+05
6.5630000e-03 +1.0000000e-01 +6.7707583e+00 +8.5041667e-03 +2.4375167e-01 +5.0221597e+00 +7.2240972e-02 +8.2841667e-01 -2.7043125e-01 +1.9760556e-02 -6.6295139e-03 +1.8625263e+05
7.0100000e-03 +1.0000000e-01 +7.1232500e+00 +9.3006667e-03 +2.5256917e-01 +5.3291389e+00 +8.4506944e-02 +8.7661111e-01 -3.0363403e-01 +2.0112014e-02 -7.2828472e-03 +1.8658938e+05
7.4630000e-03 +1.0000000e-01 +7.4631167e+00 +1.0102167e-02 +2.6065167e-01 +5.6027986e+00 +9.7725000e-02 +9.2318056e-01 -3.3675278e-01 +1.9970208e-02 -7.9236806e-03 +1.8707177e+05
7.9210000e-03 +1.0000000e-01 +7.7901750e+00 +1.0903583e-02 +2.6800000e-01 +5.8427153e+00 +1.1186319e-01 +9.6809722e-01 -3.6947083e-01 +1.9346736e-02 -8.5487500e-03 +1.8754097e+05
8.3870000e-03 +1.0000000e-01 +8.1043500e+00 +1.1700083e-02 +2.7461583e-01 +6.0492708e+00 +1.2688611e-01 +1.0113194e+00 -4.0152431e-01 +1.8265972e-02 -9.1556250e-03 +1.8787493e+05
8.8580000e-03 +1.0000000e-01 +8.4057500e+00 +1.2486167e-02 +2.8050167e-01 +6.2235278e+00 +1.4275347e-01 +1.0528125e+00 -4.3269653e-01 +1.6760278e-02 -9.7427083e-03 +1.8798207e+05
9.3360000e-03 +1.0000000e-01 +8.6945000e+00 +1.3256583e-02 +2.8566167e-01 +6.3670000e+00 +1.5942083e-01 +1.0925278e+00 -4.6282014e-01 +1.4866250e-02 -1.0308681e-02 +1.8780629e+05
9.8200000e-03 +1.0000000e-01 +8.9708333e+00 +1.4005750e-02 +2.9010333e-01 +6.4815486e+00 +1.7684236e-01 +1.1304236e+00 -4.9176667e-01 +1.2621389e-02 -1.0852569e-02 +1.8731398e+05
1.0311000e-02 +1.0000000e-01 +9.2351667e+00 +1.4728000e-02 +2.9383333e-01 +6.5692083e+00 +1.9496875e-01 +1.1664653e+00 -5.1944583e-01 +1.0061250e-02 -1.1373264e-02 +1.8649541e+05
1.0808000e-02 +1.0000000e-01 +9.4879167e+00 +1.5417583e-02 +2.9686000e-01 +6.6321250e+00 +2.1374722e-01 +1.2006250e+00 -5.4579861e-01 +7.2177778e-03 -1.1869722e-02 +1.8535445e+05
1.1312000e-02 +1.0000000e-01 +9.7293333e+00 +1.6068667e-02 +2.9919583e-01 +6.6724722e+00 +2.3312569e-01 +1.2328819e+00 -5.7079097e-01 +4.1182569e-03 -1.2340972e-02 +1.8390904e+05
1.1823000e-02 +1.0000000e-01 +9.9600000e+00 +1.6675417e-02 +3.0085167e-01 +6.6923889e+00 +2.5304722e-01 +1.2632431e+00 -5.9441042e-01 +7.8571528e-04 -1.2786389e-02 +1.8218181e+05
1.2341000e-02 +1.0000000e-01 +1.0180333e+01 +1.7231917e-02 +3.0184167e-01 +6.6939306e+00 +2.7345625e-01 +1.2917083e+00 -6.1666181e-01 -2.7603750e-03 -1.3205972e-02 +1.8020160e+05
1.2866000e-02 +1.0000000e-01 +1.0390833e+01 +1.7732167e-02 +3.0218000e-01 +6.6790833e+00 +2.9429444e-01 +1.3183125e+00 -6.3756250e-01 -6.5021597e-03 -1.3600556e-02 +1.7799789e+05
1.3397000e-02 +1.0000000e-01 +1.0591833e+01 +1.8170500e-02 +3.0188250e-01 +6.6497014e+00 +3.1550417e-01 +1.3430833e+00 -6.5714236e-01 -1.0421042e-02 -1.3972222e-02 +1.7560004e+05
1.3936000e-02 +1.0000000e-01 +1.0784000e+01 +1.8540917e-02 +3.0096583e-01 +6.6075417e+00 +3.3702708e-01 +1.3660764e+00 -6.7543750e-01 -1.4495139e-02 -1.4324097e-02 +1.7303551e+05
1.4482000e-02 +1.0000000e-01 +1.0967667e+01 +1.8837917e-02 +2.9944583e-01 +6.5542361e+00 +3.5880417e-01 +1.3873472e+00 -6.9249028e-01 -1.8697708e-02 -1.4660833e-02 +1.7032940e+05
1.5035000e-02 +1.0000000e-01 +1.1143167e+01 +1.9055833e-02 +2.9733917e-01 +6.4913125e+00 +3.8077847e-01 +1.4069653e+00 -7.0834722e-01 -2.2997083e-02 -1.4987917e-02 +1.6750061e+05
1.5596000e-02 +1.0000000e-01 +1.1311167e+01 +1.9189417e-02 +2.9466333e-01 +6.4201736e+00 +4.0289306e-01 +1.4250139e+00 -7.2305556e-01 -2.7358819e-02 -1.5311944e-02 +1.6456668e+05
1.6164000e-02 +1.0000000e-01 +1.1471917e+01 +1.9233417e-02 +2.9143417e-01 +6.3421250e+00 +4.2509167e-01 +1.4415625e+00 -7.3666667e-01 -3.1749306e-02 -1.5640069e-02 +1.6154153e+05
1.6739000e-02 +1.0000000e-01 +1.1625750e+01 +1.9183083e-02 +2.8766833e-01 +6.2583264e+00 +4.4732083e-01 +1.4566875e+00 -7.4922917e-01 -3.6139722e-02 -1.5980139e-02 +1.5844052e+05
1.7323000e-02 +1.0000000e-01 +1.1773250e+01 +1.9033583e-02 +2.8338500e-01 +6.1698403e+00 +4.6952986e-01 +1.4704653e+00 -7.6078472e-01 -4.0508125e-02 -1.6340000e-02 +1.5527907e+05
1.7914000e-02 +1.0000000e-01 +1.1914583e+01 +1.8780667e-02 +2.7860167e-01 +6.0775833e+00 +4.9166944e-01 +1.4829722e+00 -7.7138194e-01 -4.4839236e-02 -1.6727500e-02 +1.5207310e+05
1.8513000e-02 +1.0000000e-01 +1.2050167e+01 +1.8420417e-02 +2.7333750e-01 +5.9823889e+00 +5.1369514e-01 +1.4942639e+00 -7.8106250e-01 -4.9122847e-02 -1.7150208e-02 +1.4883934e+05
1.9119000e-02 +1.0000000e-01 +1.2180333e+01 +1.7949000e-02 +2.6761417e-01 +5.8849722e+00 +5.3556250e-01 +1.5044236e+00 -7.8986111e-01 -5.3352083e-02 -1.7615347e-02 +1.4559098e+05
1.9734000e-02 +1.0000000e-01 +1.2305333e+01 +1.7363417e-02 +2.6145167e-01 +5.7859792e+00 +5.5723264e-01 +1.5134931e+00 -7.9783333e-01 -5.7522500e-02 -1.8129375e-02 +1.4233988e+05
2.0357000e-02 +1.0000000e-01 +1.2425583e+01 +1.6661000e-02 +2.5487500e-01 +5.6859514e+00 +5.7866806e-01 +1.5215417e+00 -8.0500000e-01 -6.1631806e-02 -1.8697986e-02 +1.3909574e+05
2.0988000e-02 +1.0000000e-01 +1.2541333e+01 +1.5839583e-02 +2.4790750e-01 +5.5853819e+00 +5.9983333e-01 +1.5286181e+00 -8.1140972e-01 -6.5678611e-02 -1.9325972e-02 +1.3586758e+05
2.1627000e-02 +1.0000000e-01 +1.2652750e+01 +1.4897667e-02 +2.4057417e-01 +5.4847153e+00 +6.2069653e-01 +1.5347569e+00 -8.1709722e-01 -6.9661111e-02 -2.0016944e-02 +1.3266302e+05
2.2275000e-02 +1.0000000e-01 +1.2760167e+01 +1.3834250e-02 +2.3290250e-01 +5.3843264e+00 +6.4122708e-01 +1.5400139e+00 -8.2209722e-01 -7.3575694e-02 -2.0773472e-02 +1.2949111e+05
2.2932000e-02 +1.0000000e-01 +1.2863917e+01 +1.2648917e-02 +2.2491833e-01 +5.2845556e+00 +6.6139514e-01 +1.5444167e+00 -8.2643750e-01 -7.7413194e-02 -2.1596528e-02 +1.2635946e+05
2.3596000e-02 +1.0000000e-01 +1.2964000e+01 +1.1341750e-02 +2.1665083e-01 +5.1857153e+00 +6.8117500e-01 +1.5480069e+00 -8.3015278e-01 -8.1161806e-02 -2.2485556e-02 +1.2327565e+05
2.4270000e-02 +1.0000000e-01 +1.3060917e+01 +9.9131667e-03 +2.0812583e-01 +5.0880764e+00 +7.0054167e-01 +1.5508264e+00 -8.3327083e-01 -8.4806250e-02 -2.3437917e-02 +1.2024318e+05
2.4952000e-02 +1.0000000e-01 +1.3154667e+01 +8.3638333e-03 +1.9937083e-01 +4.9918819e+00 +7.1946528e-01 +1.5529167e+00 -8.3582639e-01 -8.8335417e-02 -2.4448819e-02 +1.1726408e+05
2.5644000e-02 +1.0000000e-01 +1.3245500e+01 +6.6944750e-03 +1.9041333e-01 +4.8973403e+00 +7.3793056e-01 +1.5543472e+00 -8.3784028e-01 -9.1744444e-02 -2.5511181e-02 +1.1433974e+05
2.6344000e-02 +1.0000000e-01 +1.3333667e+01 +4.9058583e-03 +1.8127750e-01 +4.8046181e+00 +7.5590972e-01 +1.5551597e+00 -8.3934722e-01 -9.5036111e-02 -2.6616389e-02 +1.1147079e+05
2.7054000e-02 +1.0000000e-01 +1.3419333e+01 +2.9986500e-03 +1.7199083e-01 +4.7138472e+00 +7.7338889e-01 +1.5554236e+00 -8.4036111e-01 -9.8221528e-02 -2.7754653e-02 +1.0866070e+05
2.7772000e-02 +1.0000000e-01 +1.3502583e+01 +9.7345000e-04 +1.6257917e-01 +4.6251319e+00 +7.9034028e-01 +1.5551875e+00 -8.4090972e-01 -1.0131597e-01 -2.8916389e-02 +1.0590939e+05
2.8500000e-02 +1.0000000e-01 +1.3583667e+01 -1.1691167e-03 +1.5306917e-01 +4.5385486e+00 +8.0676389e-01 +1.5545139e+00 -8.4102083e-01 -1.0433542e-01 -3.0092917e-02 +1.0321965e+05
2.9238000e-02 +1.0000000e-01 +1.3662667e+01 -3.4282417e-03 +1.4348750e-01 +4.4541597e+00 +8.2263889e-01 +1.5534375e+00 -8.4070833e-01 -1.0729236e-01 -3.1277153e-02 +1.0059075e+05
2.9985000e-02 +1.0000000e-01 +1.3739750e+01 -5.8028583e-03 +1.3385917e-01 +4.3720000e+00 +8.3795833e-01 +1.5520000e+00 -8.4000000e-01 -1.1019306e-01 -3.2463403e-02 +9.8022638e+04
3.0741000e-02 +1.0000000e-01 +1.3815000e+01 -8.2914917e-03 +1.2420750e-01 +4.2920764e+00 +8.5271528e-01 +1.5502361e+00 -8.3891667e-01 -1.1303542e-01 -3.3647153e-02 +9.5513915e+04
3.1508000e-02 +1.0000000e-01 +1.3888583e+01 -1.0892250e-02 +1.1455750e-01 +4.2143750e+00 +8.6689583e-01 +1.5481667e+00 -8.3747222e-01 -1.1581389e-01 -3.4824444e-02 +9.3065941e+04
3.2284000e-02 +1.0000000e-01 +1.3960583e+01 -1.3602667e-02 +1.0492750e-01 +4.1388542e+00 +8.8052083e-01 +1.5458125e+00 -8.3568056e-01 -1.1852222e-01 -3.5991944e-02 +9.0681444e+04
3.3070000e-02 +1.0000000e-01 +1.4031167e+01 -1.6419833e-02 +9.5340000e-02 +4.0654861e+00 +8.9356944e-01 +1.5431736e+00 -8.3354861e-01 -1.2116319e-01 -3.7146875e-02 +8.8361791e+04
3.3866000e-02 +1.0000000e-01 +1.4100250e+01 -1.9340500e-02 +8.5812500e-02 +3.9942153e+00 +9.0606250e-01 +1.5402431e+00 -8.3109722e-01 -1.2374375e-01 -3.8287639e-02 +8.6107671e+04
3.4673000e-02 +1.0000000e-01 +1.4168083e+01 -2.2360583e-02 +7.6365167e-02 +3.9250208e+00 +9.1800000e-01 +1.5369931e+00 -8.2832639e-01 -1.2627431e-01 -3.9415556e-02 +8.3920418e+04
3.5490000e-02 +1.0000000e-01 +1.4234667e+01 -2.5475167e-02 +6.7015667e-02 +3.8578542e+00 +9.2938889e-01 +1.5334097e+00 -8.2524306e-01 -1.2875903e-01 -4.0535903e-02 +8.1800716e+04
3.6317000e-02 +1.0000000e-01 +1.4300083e+01 -2.8678917e-02 +5.7780083e-02 +3.7926944e+00 +9.4025000e-01 +1.5294722e+00 -8.2185417e-01 -1.3119861e-01 -4.1658542e-02 +7.9749251e+04
3.7155000e-02 +1.0000000e-01 +1.4364333e+01 -3.1965417e-02 +4.8671667e-02 +3.7294861e+00 +9.5058333e-01 +1.5251458e+00 -8.1815972e-01 -1.3359236e-01 -4.2796389e-02 +7.7766050e+04
3.8003000e-02 +1.0000000e-01 +1.4427583e+01 -3.5328083e-02 +3.9700417e-02 +3.6681875e+00 +9.6042361e-01 +1.5204444e+00 -8.1418750e-01 -1.3594375e-01 -4.3962639e-02 +7.5850346e+04
3.8862000e-02 +1.0000000e-01 +1.4489917e+01 -3.8759750e-02 +3.0874000e-02 +3.6087569e+00 +9.6977083e-01 +1.5153681e+00 -8.0992361e-01 -1.3826667e-01 -4.5168194e-02 +7.3998698e+04
3.9732000e-02 +1.0000000e-01 +1.4551250e+01 -4.2253167e-02 +2.2197833e-02 +3.5511597e+00 +9.7864583e-01 +1.5099306e+00 -8.0539583e-01 -1.4058056e-01 -4.6420347e-02 +7.2208347e+04
4.0613000e-02 +1.0000000e-01 +1.4611750e+01 -4.5801000e-02 +1.3676583e-02 +3.4953472e+00 +9.8707639e-01 +1.5041667e+00 -8.0059722e-01 -1.4291458e-01 -4.7723125e-02 +7.0477853e+04
4.1505000e-02 +1.0000000e-01 +1.4671500e+01 -4.9396167e-02 +5.3152667e-03 +3.4413056e+00 +9.9506250e-01 +1.4981181e+00 -7.9554167e-01 -1.4530278e-01 -4.9077292e-02 +6.8804689e+04
4.2409000e-02 +1.0000000e-01 +1.4730333e+01 -5.3031667e-02 -2.8803417e-03 +3.3890139e+00 +1.0026319e+00 +1.4918403e+00 -7.9023611e-01 -1.4777847e-01 -5.0481250e-02 +6.7183781e+04
4.3324000e-02 +1.0000000e-01 +1.4788583e+01 -5.6701250e-02 -1.0902750e-02 +3.3384444e+00 +1.0097986e+00 +1.4853681e+00 -7.8469444e-01 -1.5037639e-01 -5.1931319e-02 +6.5609583e+04
4.4250000e-02 +1.0000000e-01 +1.4846000e+01 -6.0398667e-02 -1.8743250e-02 +3.2895556e+00 +1.0165694e+00 +1.4787153e+00 -7.7890972e-01 -1.5312778e-01 -5.3421944e-02 +6.4079082e+04
4.5188000e-02 +1.0000000e-01 +1.4902833e+01 -6.4118000e-02 -2.6392917e-02 +3.2422708e+00 +1.0229653e+00 +1.4718750e+00 -7.7290972e-01 -1.5605556e-01 -5.4946667e-02 +6.2594121e+04
4.6137000e-02 +1.0000000e-01 +1.4959083e+01 -6.7853333e-02 -3.3843583e-02 +3.1964861e+00 +1.0289931e+00 +1.4648611e+00 -7.6669444e-01 -1.5917778e-01 -5.6498194e-02 +6.1158493e+04
4.7099000e-02 +1.0000000e-01 +1.5014750e+01 -7.1599000e-02 -4.1088250e-02 +3.1521250e+00 +1.0346667e+00 +1.4576597e+00 -7.6027778e-01 -1.6250625e-01 -5.8069167e-02 +5.9773243e+04
4.8072000e-02 +1.0000000e-01 +1.5069833e+01 -7.5349667e-02 -4.8122083e-02 +3.1091042e+00 +1.0399931e+00 +1.4502847e+00 -7.5366667e-01 -1.6604375e-01 -5.9652083e-02 +5.8434604e+04
4.9057000e-02 +1.0000000e-01 +1.5124333e+01 -7.9101000e-02 -5.4942083e-02 +3.0673750e+00 +1.0449931e+00 +1.4427569e+00 -7.4687500e-01 -1.6978194e-01 -6.1239028e-02 +5.7137299e+04
5.0055000e-02 +1.0000000e-01 +1.5178417e+01 -8.2849750e-02 -6.1547583e-02 +3.0269028e+00 +1.0496736e+00 +1.4350694e+00 -7.3990278e-01 -1.7369931e-01 -6.2820833e-02 +5.5878613e+04
5.1065000e-02 +1.0000000e-01 +1.5232000e+01 -8.6593333e-02 -6.7939750e-02 +2.9876389e+00 +1.0540417e+00 +1.4272014e+00 -7.3275694e-01 -1.7776458e-01 -6.4385625e-02 +5.4659026e+04
5.2087000e-02 +1.0000000e-01 +1.5285083e+01 -9.0330000e-02 -7.4121333e-02 +2.9495347e+00 +1.0581111e+00 +1.4191528e+00 -7.2544444e-01 -1.8194167e-01 -6.5921181e-02 +5.3481095e+04
5.3122000e-02 +1.0000000e-01 +1.5337750e+01 -9.4056667e-02 -8.0097083e-02 +2.9125486e+00 +1.0618819e+00 +1.4109236e+00 -7.1795833e-01 -1.8619514e-01 -6.7418819e-02 +5.2346349e+04
5.4170000e-02 +1.0000000e-01 +1.5389917e+01 -9.7769167e-02 -8.5874167e-02 +2.8766250e+00 +1.0653750e+00 +1.4025347e+00 -7.1030556e-01 -1.9050000e-01 -6.8876458e-02 +5.1253943e+04
5.5231000e-02 +1.0000000e-01 +1.5441667e+01 -1.0146083e-01 -9.1464167e-02 +2.8417431e+00 +1.0686042e+00 +1.3940069e+00 -7.0249306e-01 -1.9484375e-01 -7.0297222e-02 +5.0201139e+04
5.6304000e-02 +1.0000000e-01 +1.5493083e+01 -1.0512583e-01 -9.6875833e-02 +2.8078750e+00 +1.0715903e+00 +1.3853819e+00 -6.9452778e-01 -1.9922917e-01 -7.1684028e-02 +4.9184169e+04
5.7391000e-02 +1.0000000e-01 +1.5544000e+01 -1.0875417e-01 -1.0211917e-01 +2.7749861e+00 +1.0743472e+00 +1.3766875e+00 -6.8643194e-01 -2.0366597e-01 -7.3038194e-02 +4.8199542e+04
5.8491000e-02 +1.0000000e-01 +1.5594500e+01 -1.1234000e-01 -1.0719583e-01 +2.7430208e+00 +1.0769097e+00 +1.3679722e+00 -6.7820764e-01 -2.0817014e-01 -7.4356944e-02 +4.7245430e+04
5.9604000e-02 +1.0000000e-01 +1.5644583e+01 -1.1587667e-01 -1.1210000e-01 +2.7119444e+00 +1.0792917e+00 +1.3592431e+00 -6.6986042e-01 -2.1275972e-01 -7.5638194e-02 +4.6322884e+04
6.0730000e-02 +1.0000000e-01 +1.5694250e+01 -1.1935833e-01 -1.1682250e-01 +2.6817083e+00 +1.0815069e+00 +1.3505069e+00 -6.6139583e-01 -2.1744375e-01 -7.6884722e-02 +4.5433442e+04
6.1870000e-02 +1.0000000e-01 +1.5743417e+01 -1.2278083e-01 -1.2135250e-01 +2.6523194e+00 +1.0835833e+00 +1.3417500e+00 -6.5282014e-01 -2.2222361e-01 -7.8100000e-02 +4.4575453e+04
6.3024000e-02 +1.0000000e-01 +1.5792167e+01 -1.2614250e-01 -1.2568167e-01 +2.6237639e+00 +1.0855347e+00 +1.3329792e+00 -6.4414306e-01 -2.2709444e-01 -7.9292361e-02 +4.3745515e+04
6.4192000e-02 +1.0000000e-01 +1.5840500e+01 -1.2943917e-01 -1.2980583e-01 +2.5960417e+00 +1.0873750e+00 +1.3242014e+00 -6.3537639e-01 -2.3205972e-01 -8.0465278e-02 +4.2942245e+04
6.5374000e-02 +1.0000000e-01 +1.5888333e+01 -1.3267000e-01 -1.3372250e-01 +2.5691250e+00 +1.0891389e+00 +1.3154167e+00 -6.2653056e-01 -2.3713056e-01 -8.1622222e-02 +4.2166558e+04
6.6570000e-02 +1.0000000e-01 +1.5935750e+01 -1.3583083e-01 -1.3742917e-01 +2.5430069e+00 +1.0908264e+00 +1.3066389e+00 -6.1761250e-01 -2.4232222e-01 -8.2762500e-02 +4.1418566e+04
6.7780000e-02 +1.0000000e-01 +1.5982750e+01 -1.3891917e-01 -1.4092333e-01 +2.5176944e+00 +1.0924583e+00 +1.2978958e+00 -6.0862986e-01 -2.4764861e-01 -8.3886806e-02 +4.0695651e+04
6.9004000e-02 +1.0000000e-01 +1.6029250e+01 -1.4193000e-01 -1.4420667e-01 +2.4932153e+00 +1.0940417e+00 +1.2891944e+00 -5.9958958e-01 -2.5311250e-01 -8.4996528e-02 +3.9995295e+04
7.0243000e-02 +1.0000000e-01 +1.6075250e+01 -1.4485750e-01 -1.4728750e-01 +2.4695903e+00 +1.0955903e+00 +1.2805764e+00 -5.9049514e-01 -2.5870347e-01 -8.6093750e-02 +3.9317046e+04
7.1496000e-02 +1.0000000e-01 +1.6120750e+01 -1.4769500e-01 -1.5017917e-01 +2.4468333e+00 +1.0971111e+00 +1.2720417e+00 -5.8134722e-01 -2.6440000e-01 -8.7178472e-02 +3.8662660e+04
7.2765000e-02 +1.0000000e-01 +1.6165750e+01 -1.5043250e-01 -1.5289500e-01 +2.4249236e+00 +1.0986181e+00 +1.2636181e+00 -5.7214653e-01 -2.7018403e-01 -8.8239583e-02 +3.8035218e+04
7.4048000e-02 +1.0000000e-01 +1.6210250e+01 -1.5306417e-01 -1.5544667e-01 +2.4038472e+00 +1.1001181e+00 +1.2553194e+00 -5.6289653e-01 -2.7605764e-01 -8.9259722e-02 +3.7435506e+04
7.5346000e-02 +1.0000000e-01 +1.6254250e+01 -1.5558250e-01 -1.5784167e-01 +2.3836042e+00 +1.1016250e+00 +1.2471667e+00 -5.5360694e-01 -2.8204722e-01 -9.0226389e-02 +3.6861488e+04
7.6659000e-02 +1.0000000e-01 +1.6297750e+01 -1.5798250e-01 -1.6008250e-01 +2.3642083e+00 +1.1031389e+00 +1.2391736e+00 -5.4429236e-01 -2.8818403e-01 -9.1134028e-02 +3.6309122e+04
7.7988000e-02 +1.0000000e-01 +1.6340667e+01 -1.6025750e-01 -1.6217250e-01 +2.3456806e+00 +1.1046736e+00 +1.2313681e+00 -5.3497153e-01 -2.9448264e-01 -9.1985417e-02 +3.5774667e+04
7.9332000e-02 +1.0000000e-01 +1.6383167e+01 -1.6240167e-01 -1.6411583e-01 +2.3280000e+00 +1.1062292e+00 +1.2237431e+00 -5.2565486e-01 -3.0093611e-01 -9.2783333e-02 +3.5256868e+04
8.0691000e-02 +1.0000000e-01 +1.6425000e+01 -1.6441000e-01 -1.6591917e-01 +2.3111528e+00 +1.1078194e+00 +1.2162986e+00 -5.1635000e-01 -3.0752708e-01 -9.3526389e-02 +3.4756934e+04
8.2066000e-02 +1.0000000e-01 +1.6466333e+01 -1.6627500e-01 -1.6758667e-01 +2.2951181e+00 +1.1094306e+00 +1.2090069e+00 -5.0706111e-01 -3.1423611e-01 -9.4206250e-02 +3.4276249e+04
8.3457000e-02 +1.0000000e-01 +1.6507083e+01 -1.6799250e-01 -1.6912083e-01 +2.2799167e+00 +1.1110764e+00 +1.2018681e+00 -4.9779514e-01 -3.2103472e-01 -9.4808333e-02 +3.3814489e+04
8.4864000e-02 +1.0000000e-01 +1.6547167e+01 -1.6955667e-01 -1.7052250e-01 +2.2655625e+00 +1.1127361e+00 +1.1948819e+00 -4.8856389e-01 -3.2789028e-01 -9.5318056e-02 +3.3371086e+04
8.6287000e-02 +1.0000000e-01 +1.6586750e+01 -1.7096583e-01 -1.7179000e-01 +2.2520833e+00 +1.1144306e+00 +1.1880625e+00 -4.7938056e-01 -3.3476875e-01 -9.5721528e-02 +3.2946501e+04
8.7726000e-02 +1.0000000e-01 +1.6625667e+01 -1.7221833e-01 -1.7292000e-01 +2.2394931e+00 +1.1161458e+00 +1.1814028e+00 -4.7025694e-01 -3.4165347e-01 -9.6009722e-02 +3.2541853e+04
8.9181000e-02 +1.0000000e-01 +1.6664000e+01 -1.7331333e-01 -1.7390417e-01 +2.2277847e+00 +1.1179028e+00 +1.1748958e+00 -4.6120208e-01 -3.4855139e-01 -9.6178472e-02 +3.2156684e+04
9.0653000e-02 +1.0000000e-01 +1.6701750e+01 -1.7425083e-01 -1.7473500e-01 +2.2169722e+00 +1.1196944e+00 +1.1685278e+00 -4.5222083e-01 -3.5548194e-01 -9.6231250e-02 +3.1789004e+04
9.2141000e-02 +1.0000000e-01 +1.6738833e+01 -1.7503000e-01 -1.7540917e-01 +2.2070347e+00 +1.1215417e+00 +1.1622708e+00 -4.4331389e-01 -3.6245972e-01 -9.6186111e-02 +3.1438624e+04
9.3646000e-02 +1.0000000e-01 +1.6775333e+01 -1.7565167e-01 -1.7593000e-01 +2.1979444e+00 +1.1234444e+00 +1.1561181e+00 -4.3448194e-01 -3.6949444e-01 -9.6066667e-02 +3.1108254e+04
9.5167000e-02 +1.0000000e-01 +1.6811250e+01 -1.7611667e-01 -1.7630500e-01 +2.1896319e+00 +1.1254028e+00 +1.1500556e+00 -4.2572431e-01 -3.7659306e-01 -9.5893750e-02 +3.0799512e+04
9.6706000e-02 +1.0000000e-01 +1.6846500e+01 -1.7642917e-01 -1.7654167e-01 +2.1820625e+00 +1.1274306e+00 +1.1440833e+00 -4.1704167e-01 -3.8376042e-01 -9.5681944e-02 +3.0510514e+04
9.8262000e-02 +1.0000000e-01 +1.6881167e+01 -1.7659083e-01 -1.7664500e-01 +2.1752222e+00 +1.1295347e+00 +1.1382431e+00 -4.0843542e-01 -3.9099375e-01 -9.5438889e-02 +3.0236824e+04
9.9834000e-02 +1.0000000e-01 +1.6915167e+01 -1.7660667e-01 -1.7661667e-01 +2.1690833e+00 +1.1317431e+00 +1.1325556e+00 -3.9990833e-01 -3.9826944e-01 -9.5177083e-02 +2.9974101e+04
1.0142400e-01 +1.0000000e-01 +1.6948583e+01 -1.7647583e-01 -1.7645917e-01 +2.1636319e+00 +1.1340556e+00 +1.1270486e+00 -3.9145903e-01 -4.0555000e-01 -9.4906944e-02 +2.9719813e+04
1.0303200e-01 +1.0000000e-01 +1.6981333e+01 -1.7619917e-01 -1.7618417e-01 +2.1588472e+00 +1.1365000e+00 +1.1217153e+00 -3.8307917e-01 -4.1279514e-01 -9.4628472e-02 +2.9474447e+04
1.0465700e-01 +1.0000000e-01 +1.7013500e+01 -1.7577667e-01 -1.7580583e-01 +2.1547222e+00 +1.1390625e+00 +1.1165417e+00 -3.7475972e-01 -4.1998542e-01 -9.4330556e-02 +2.9238906e+04
1.0629900e-01 +1.0000000e-01 +1.7045167e+01 -1.7520833e-01 -1.7533917e-01 +2.1512569e+00 +1.1417431e+00 +1.1115208e+00 -3.6650000e-01 -4.2712222e-01 -9.3998611e-02 +2.9013191e+04
1.0796000e-01 +1.0000000e-01 +1.7076250e+01 -1.7449083e-01 -1.7479583e-01 +2.1484375e+00 +1.1445347e+00 +1.1066458e+00 -3.5831111e-01 -4.3422986e-01 -9.3620833e-02 +2.8798575e+04
1.0963800e-01 +1.0000000e-01 +1.7106750e+01 -1.7362333e-01 -1.7418667e-01 +2.1462500e+00 +1.1474167e+00 +1.1019306e+00 -3.5020764e-01 -4.4133125e-01 -9.3194444e-02 +2.8595746e+04
1.1133400e-01 +1.0000000e-01 +1.7136750e+01 -1.7260583e-01 -1.7352667e-01 +2.1447083e+00 +1.1503819e+00 +1.0973958e+00 -3.4219861e-01 -4.4843611e-01 -9.2713889e-02 +2.8404031e+04
1.1304800e-01 +1.0000000e-01 +1.7166250e+01 -1.7143750e-01 -1.7282417e-01 +2.1438472e+00 +1.1534167e+00 +1.0930903e+00 -3.3428889e-01 -4.5553611e-01 -9.2168056e-02 +2.8222240e+04
1.1478100e-01 +1.0000000e-01 +1.7195167e+01 -1.7012083e-01 -1.7207500e-01 +2.1437292e+00 +1.1565208e+00 +1.0890486e+00 -3.2647986e-01 -4.6262014e-01 -9.1535417e-02 +2.8049631e+04
1.1653100e-01 +1.0000000e-01 +1.7223500e+01 -1.6865500e-01 -1.7126333e-01 +2.1443889e+00 +1.1596944e+00 +1.0852569e+00 -3.1878056e-01 -4.6968750e-01 -9.0791667e-02 +2.7885838e+04
1.1830100e-01 +1.0000000e-01 +1.7251333e+01 -1.6703917e-01 -1.7037250e-01 +2.1458611e+00 +1.1629444e+00 +1.0816736e+00 -3.1120556e-01 -4.7674653e-01 -8.9922917e-02 +2.7730959e+04
1.2008800e-01 +1.0000000e-01 +1.7278583e+01 -1.6527333e-01 -1.6939667e-01 +2.1480764e+00 +1.1662708e+00 +1.0782222e+00 -3.0377222e-01 -4.8378750e-01 -8.8927778e-02 +2.7585887e+04
1.2189500e-01 +1.0000000e-01 +1.7305333e+01 -1.6335917e-01 -1.6834167e-01 +2.1508819e+00 +1.1696667e+00 +1.0748333e+00 -2.9648958e-01 -4.9076736e-01 -8.7809722e-02 +2.7453143e+04
1.2372000e-01 +1.0000000e-01 +1.7331500e+01 -1.6130250e-01 -1.6722250e-01 +2.1541319e+00 +1.1731319e+00 +1.0714306e+00 -2.8935069e-01 -4.9762708e-01 -8.6575000e-02 +2.7333791e+04
1.2556400e-01 +1.0000000e-01 +1.7357083e+01 -1.5911000e-01 -1.6605917e-01 +2.1577361e+00 +1.1766528e+00 +1.0679722e+00 -2.8233611e-01 -5.0432083e-01 -8.5241667e-02 +2.7224709e+04
1.2742700e-01 +1.0000000e-01 +1.7382167e+01 -1.5679083e-01 -1.6487083e-01 +2.1616875e+00 +1.1802361e+00 +1.0644861e+00 -2.7542569e-01 -5.1083681e-01 -8.3843056e-02 +2.7120465e+04
1.2930900e-01 +1.0000000e-01 +1.7406667e+01 -1.5435250e-01 -1.6367000e-01 +2.1659722e+00 +1.1838681e+00 +1.0610556e+00 -2.6860417e-01 -5.1719514e-01 -8.2413889e-02 +2.7016883e+04
1.3121000e-01 +1.0000000e-01 +1.7430583e+01 -1.5179750e-01 -1.6245833e-01 +2.1705694e+00 +1.1875486e+00 +1.0577639e+00 -2.6186250e-01 -5.2341667e-01 -8.0969444e-02 +2.6914636e+04
1.3313000e-01 +1.0000000e-01 +1.7454000e+01 -1.4912667e-01 -1.6122917e-01 +2.1754097e+00 +1.1912500e+00 +1.0546042e+00 -2.5519097e-01 -5.2949028e-01 -7.9504167e-02 +2.6817847e+04
1.3507000e-01 +1.0000000e-01 +1.7476833e+01 -1.4634083e-01 -1.5998000e-01 +2.1804167e+00 +1.1949653e+00 +1.0515833e+00 -2.4857569e-01 -5.3540764e-01 -7.7995833e-02 +2.6729388e+04
1.3702900e-01 +1.0000000e-01 +1.7499083e+01 -1.4344333e-01 -1.5870083e-01 +2.1855556e+00 +1.1986875e+00 +1.0487222e+00 -2.4200278e-01 -5.4119792e-01 -7.6422222e-02 +2.6651052e+04
1.3900700e-01 +1.0000000e-01 +1.7520833e+01 -1.4044000e-01 -1.5737667e-01 +2.1908819e+00 +1.2024167e+00 +1.0460208e+00 -2.3546458e-01 -5.4692153e-01 -7.4773611e-02 +2.6584124e+04
1.4100500e-01 +1.0000000e-01 +1.7542000e+01 -1.3733333e-01 -1.5599167e-01 +2.1964653e+00 +1.2061528e+00 +1.0434722e+00 -2.2896667e-01 -5.5263403e-01 -7.3062500e-02 +2.6527502e+04
1.4302300e-01 +1.0000000e-01 +1.7562667e+01 -1.3412000e-01 -1.5453833e-01 +2.2024097e+00 +1.2099236e+00 +1.0410764e+00 -2.2252917e-01 -5.5834167e-01 -7.1315278e-02 +2.6478165e+04
1.4506100e-01 +1.0000000e-01 +1.7582833e+01 -1.3079583e-01 -1.5301917e-01 +2.2087847e+00 +1.2137431e+00 +1.0388125e+00 -2.1618611e-01 -5.6400347e-01 -6.9556250e-02 +2.6434912e+04
1.4711800e-01 +1.0000000e-01 +1.7602500e+01 -1.2736083e-01 -1.5145833e-01 +2.2155347e+00 +1.2176250e+00 +1.0366597e+00 -2.0997153e-01 -5.6956042e-01 -6.7809167e-02 +2.6398335e+04
1.4919600e-01 +1.0000000e-01 +1.7621667e+01 -1.2382333e-01 -1.4989250e-01 +2.2226458e+00 +1.2215694e+00 +1.0346319e+00 -2.0388819e-01 -5.7497431e-01 -6.6094722e-02 +2.6366008e+04
1.5129300e-01 +1.0000000e-01 +1.7640333e+01 -1.2019667e-01 -1.4837083e-01 +2.2302153e+00 +1.2255694e+00 +1.0327500e+00 -1.9791181e-01 -5.8025486e-01 -6.4423750e-02 +2.6335782e+04
1.5341000e-01 +1.0000000e-01 +1.7658417e+01 -1.1649000e-01 -1.4692500e-01 +2.2383889e+00 +1.2296458e+00 +1.0310833e+00 -1.9201042e-01 -5.8547292e-01 -6.2789306e-02 +2.6306401e+04
1.5554800e-01 +1.0000000e-01 +1.7676083e+01 -1.1271250e-01 -1.4555083e-01 +2.2472361e+00 +1.2337986e+00 +1.0296944e+00 -1.8616528e-01 -5.9072778e-01 -6.1166319e-02 +2.6274500e+04
1.5770600e-01 +1.0000000e-01 +1.7693167e+01 -1.0886667e-01 -1.4421750e-01 +2.2567222e+00 +1.2380486e+00 +1.0286042e+00 -1.8036319e-01 -5.9608819e-01 -5.9524167e-02 +2.6237257e+04
1.5988400e-01 +1.0000000e-01 +1.7709833e+01 -1.0495417e-01 -1.4289083e-01 +2.2666875e+00 +1.2423958e+00 +1.0277500e+00 -1.7459097e-01 -6.0155625e-01 -5.7840139e-02 +2.6196186e+04
1.6208200e-01 +1.0000000e-01 +1.7725917e+01 -1.0097250e-01 -1.4155333e-01 +2.2769444e+00 +1.2468403e+00 +1.0270417e+00 -1.6882917e-01 -6.0709236e-01 -5.6102361e-02 +2.6155525e+04
1.6430000e-01 +1.0000000e-01 +1.7741500e+01 -9.6920000e-02 -1.4019833e-01 +2.2873125e+00 +1.2513542e+00 +1.0264375e+00 -1.6305764e-01 -6.1264861e-01 -5.4319236e-02 +2.6118787e+04
1.6654000e-01 +1.0000000e-01 +1.7756583e+01 -9.2797500e-02 -1.3882250e-01 +2.2976458e+00 +1.2559028e+00 +1.0259167e+00 -1.5727569e-01 -6.1815278e-01 -5.2506250e-02 +2.6087207e+04
1.6879900e-01 +1.0000000e-01 +1.7771250e+01 -8.8605000e-02 -1.3742750e-01 +2.3078542e+00 +1.2604444e+00 +1.0254306e+00 -1.5150278e-01 -6.2348681e-01 -5.0651250e-02 +2.6063102e+04
1.7107900e-01 +1.0000000e-01 +1.7785417e+01 -8.4345000e-02 -1.3601500e-01 +2.3178611e+00 +1.2649375e+00 +1.0249514e+00 -1.4578125e-01 -6.2857153e-01 -4.8720556e-02 +2.6048244e+04
1.7338000e-01 +1.0000000e-01 +1.7799083e+01 -8.0026417e-02 -1.3458417e-01 +2.3277222e+00 +1.2693681e+00 +1.0244861e+00 -1.4015833e-01 -6.3342917e-01 -4.6687569e-02 +2.6041285e+04
1.7570100e-01 +1.0000000e-01 +1.7812333e+01 -7.5655583e-02 -1.3313083e-01 +2.3375694e+00 +1.2737222e+00 +1.0240903e+00 -1.3465833e-01 -6.3810278e-01 -4.4538403e-02 +2.6038041e+04
1.7804300e-01 +1.0000000e-01 +1.7825000e+01 -7.1237500e-02 -1.3165833e-01 +2.3473819e+00 +1.2780208e+00 +1.0237847e+00 -1.2927569e-01 -6.4256875e-01 -4.2265000e-02 +2.6035860e+04
1.8040600e-01 +1.0000000e-01 +1.7837167e+01 -6.6776583e-02 -1.3019250e-01 +2.3570625e+00 +1.2822986e+00 +1.0235833e+00 -1.2398194e-01 -6.4678403e-01 -3.9877639e-02 +2.6033622e+04
1.8278900e-01 +1.0000000e-01 +1.7848750e+01 -6.2274083e-02 -1.2877000e-01 +2.3665764e+00 +1.2865694e+00 +1.0234444e+00 -1.1874514e-01 -6.5070833e-01 -3.7414167e-02 +2.6030408e+04
1.8519300e-01 +1.0000000e-01 +1.7859833e+01 -5.7730000e-02 -1.2741833e-01 +2.3758611e+00 +1.2908611e+00 +1.0233264e+00 -1.1353750e-01 -6.5430486e-01 -3.4913403e-02 +2.6030553e+04
1.8761700e-01 +1.0000000e-01 +1.7870333e+01 -5.3150500e-02 -1.2612750e-01 +2.3848681e+00 +1.2952083e+00 +1.0231806e+00 -1.0832153e-01 -6.5756042e-01 -3.2389861e-02 +2.6040016e+04
1.9006300e-01 +1.0000000e-01 +1.7880333e+01 -4.8553833e-02 -1.2484417e-01 +2.3937083e+00 +1.2996458e+00 +1.0230486e+00 -1.0306389e-01 -6.6051944e-01 -2.9845764e-02 +2.6055419e+04
1.9252900e-01 +1.0000000e-01 +1.7889667e+01 -4.3967250e-02 -1.2351167e-01 +2.4024931e+00 +1.3041944e+00 +1.0229167e+00 -9.7735417e-02 -6.6322986e-01 -2.7282222e-02 +2.6070590e+04
1.9501600e-01 +1.0000000e-01 +1.7898500e+01 -3.9417083e-02 -1.2209500e-01 +2.4112153e+00 +1.3088611e+00 +1.0227292e+00 -9.2307639e-02 -6.6569583e-01 -2.4693750e-02 +2.6085630e+04
1.9752400e-01 +1.0000000e-01 +1.7906667e+01 -3.4916917e-02 -1.2058000e-01 +2.4198889e+00 +1.3136111e+00 +1.0224167e+00 -8.6768056e-02 -6.6794097e-01 -2.2073542e-02 +2.6102147e+04
2.0005300e-01 +1.0000000e-01 +1.7914333e+01 -3.0460417e-02 -1.1895750e-01 +2.4286181e+00 +1.3184306e+00 +1.0219514e+00 -8.1115278e-02 -6.7002292e-01 -1.9422847e-02 +2.6121232e+04
2.0260200e-01 +1.0000000e-01 +1.7921500e+01 -2.6031167e-02 -1.1722333e-01 +2.4374583e+00 +1.3232708e+00 +1.0212778e+00 -7.5372917e-02 -6.7199583e-01 -1.6770347e-02 +2.6140648e+04
2.0517200e-01 +1.0000000e-01 +1.7928083e+01 -2.1621167e-02 -1.1537500e-01 +2.4464444e+00 +1.3280903e+00 +1.0204236e+00 -6.9568056e-02 -6.7389306e-01 -1.4180486e-02 +2.6156803e+04
2.0776300e-01 +1.0000000e-01 +1.7934083e+01 -1.7239833e-02 -1.1342167e-01 +2.4555417e+00 +1.3328681e+00 +1.0194514e+00 -6.3705000e-02 -6.7572292e-01 -1.1702986e-02 +2.6171479e+04
2.1037500e-01 +1.0000000e-01 +1.7939500e+01 -1.2904333e-02 -1.1139167e-01 +2.4647014e+00 +1.3375625e+00 +1.0184583e+00 -5.7793403e-02 -6.7751458e-01 -9.3500694e-03 +2.6189588e+04
2.1300800e-01 +1.0000000e-01 +1.7944333e+01 -8.6262500e-03 -1.0930750e-01 +2.4739375e+00 +1.3421597e+00 +1.0175903e+00 -5.1849167e-02 -6.7933264e-01 -7.1174306e-03 +2.6211584e+04
2.1566100e-01 +1.0000000e-01 +1.7948583e+01 -4.4046083e-03 -1.0718167e-01 +2.4833194e+00 +1.3466597e+00 +1.0170278e+00 -4.5863750e-02 -6.8123958e-01 -4.9856181e-03 +2.6235526e+04
2.1833500e-01 +1.0000000e-01 +1.7952250e+01 -2.2624917e-04 -1.0501000e-01 +2.4927847e+00 +1.3510903e+00 +1.0169028e+00 -3.9835972e-02 -6.8330208e-01 -2.9207431e-03 +2.6260597e+04
2.2102900e-01 +1.0000000e-01 +1.7955500e+01 +3.9267500e-03 -1.0280250e-01 +2.5020000e+00 +1.3555000e+00 +1.0171667e+00 -3.3794931e-02 -6.8550000e-01 -8.7934028e-04 +2.6286468e+04
2.2374400e-01 +1.0000000e-01 +1.7958333e+01 +8.0701750e-03 -1.0059250e-01 +2.5106528e+00 +1.3599028e+00 +1.0176597e+00 -2.7768611e-02 -6.8769028e-01 +1.1989167e-03 +2.6313904e+04
2.2648000e-01 +1.0000000e-01 +1.7960667e+01 +1.2208583e-02 -9.8420000e-02 +2.5187778e+00 +1.3643056e+00 +1.0182361e+00 -2.1798333e-02 -6.8973542e-01 +3.3697500e-03 +2.6344027e+04
2.2923600e-01 +1.0000000e-01 +1.7962500e+01 +1.6332667e-02 -9.6313333e-02 +2.5268264e+00 +1.3687014e+00 +1.0187778e+00 -1.5910000e-02 -6.9164167e-01 +5.6621389e-03 +2.6380083e+04
2.3201300e-01 +1.0000000e-01 +1.7963667e+01 +2.0428917e-02 -9.4290000e-02 +2.5353125e+00 +1.3730625e+00 +1.0193333e+00 -1.0056458e-02 -6.9353750e-01 +8.0551389e-03 +2.6417241e+04
2.3481000e-01 +1.0000000e-01 +1.7964000e+01 +2.4489083e-02 -9.2325833e-02 +2.5447083e+00 +1.3774028e+00 +1.0200764e+00 -4.1638264e-03 -6.9559028e-01 +1.0481806e-02 +2.6450090e+04
2.3762700e-01 +1.0000000e-01 +1.7963667e+01 +2.8506833e-02 -9.0374167e-02 +2.5552153e+00 +1.3817292e+00 +1.0210139e+00 +1.7956111e-03 -6.9786806e-01 +1.2872083e-02 +2.6484109e+04
2.4046400e-01 +1.0000000e-01 +1.7962583e+01 +3.2471333e-02 -8.8388333e-02 +2.5667569e+00 +1.3860903e+00 +1.0220556e+00 +7.8319444e-03 -7.0041667e-01 +1.5190208e-02 +2.6527090e+04
2.4332200e-01 +1.0000000e-01 +1.7960750e+01 +3.6367750e-02 -8.6346667e-02 +2.5791597e+00 +1.3905764e+00 +1.0231875e+00 +1.3955556e-02 -7.0322917e-01 +1.7429306e-02 +2.6574250e+04
2.4620000e-01 +1.0000000e-01 +1.7958083e+01 +4.0187250e-02 -8.4217500e-02 +2.5924167e+00 +1.3952639e+00 +1.0244792e+00 +2.0149792e-02 -7.0629167e-01 +1.9585069e-02 +2.6613540e+04
2.4909800e-01 +1.0000000e-01 +1.7954750e+01 +4.3937000e-02 -8.1942083e-02 +2.6064375e+00 +1.4001875e+00 +1.0259653e+00 +2.6411250e-02 -7.0966667e-01 +2.1652014e-02 +2.6646342e+04
2.5201500e-01 +1.0000000e-01 +1.7950500e+01 +4.7622333e-02 -7.9468250e-02 +2.6207361e+00 +1.4053264e+00 +1.0276875e+00 +3.2731319e-02 -7.1336111e-01 +2.3614792e-02 +2.6683490e+04
2.5495300e-01 +1.0000000e-01 +1.7945583e+01 +5.1233333e-02 -7.6766000e-02 +2.6350556e+00 +1.4106319e+00 +1.0296736e+00 +3.9103542e-02 -7.1724306e-01 +2.5488889e-02 +2.6729842e+04
2.5791000e-01 +1.0000000e-01 +1.7940000e+01 +5.4745917e-02 -7.3852333e-02 +2.6494306e+00 +1.4160417e+00 +1.0319097e+00 +4.5513333e-02 -7.2109722e-01 +2.7312014e-02 +2.6782388e+04
2.6088700e-01 +1.0000000e-01 +1.7933750e+01 +5.8143917e-02 -7.0787667e-02 +2.6637569e+00 +1.4215069e+00 +1.0343542e+00 +5.1938819e-02 -7.2481250e-01 +2.9101667e-02 +2.6841921e+04
2.6388300e-01 +1.0000000e-01 +1.7926917e+01 +6.1438000e-02 -6.7656250e-02 +2.6778125e+00 +1.4270278e+00 +1.0369722e+00 +5.8338750e-02 -7.2831250e-01 +3.0864167e-02 +2.6908074e+04
2.6689900e-01 +1.0000000e-01 +1.7919500e+01 +6.4651333e-02 -6.4541583e-02 +2.6914722e+00 +1.4325972e+00 +1.0395625e+00 +6.4629653e-02 -7.3135417e-01 +3.2600764e-02 +2.6975025e+04
2.6993400e-01 +1.0000000e-01 +1.7911417e+01 +6.7793083e-02 -6.1463083e-02 +2.7045764e+00 +1.4381528e+00 +1.0418611e+00 +7.0757639e-02 -7.3377083e-01 +3.4338125e-02 +2.7044866e+04
2.7298800e-01 +1.0000000e-01 +1.7902667e+01 +7.0854417e-02 -5.8316000e-02 +2.7171250e+00 +1.4436389e+00 +1.0438542e+00 +7.6743750e-02 -7.3574306e-01 +3.6104931e-02 +2.7121106e+04
2.7606100e-01 +1.0000000e-01 +1.7893250e+01 +7.3824167e-02 -5.4976417e-02 +2.7293056e+00 +1.4490556e+00 +1.0458194e+00 +8.2671528e-02 -7.3765972e-01 +3.7877222e-02 +2.7202481e+04
2.7915300e-01 +1.0000000e-01 +1.7883083e+01 +7.6682833e-02 -5.1423667e-02 +2.7412014e+00 +1.4544097e+00 +1.0479306e+00 +8.8597222e-02 -7.3969444e-01 +3.9607361e-02 +2.7286533e+04
2.8226400e-01 +1.0000000e-01 +1.7872167e+01 +7.9414750e-02 -4.7696500e-02 +2.7527014e+00 +1.4597500e+00 +1.0503056e+00 +9.4565278e-02 -7.4172917e-01 +4.1310625e-02 +2.7375903e+04
2.8539300e-01 +1.0000000e-01 +1.7860500e+01 +8.2012917e-02 -4.3834083e-02 +2.7637986e+00 +1.4651528e+00 +1.0530000e+00 +1.0061736e-01 -7.4372917e-01 +4.2987361e-02 +2.7463797e+04
2.8854100e-01 +1.0000000e-01 +1.7848167e+01 +8.4484167e-02 -3.9854417e-02 +2.7748681e+00 +1.4707083e+00 +1.0558611e+00 +1.0678472e-01 -7.4573611e-01 +4.4518611e-02 +2.7546513e+04
2.9170600e-01 +1.0000000e-01 +1.7835250e+01 +8.6850000e-02 -3.5772167e-02 +2.7862153e+00 +1.4764375e+00 +1.0586181e+00 +1.1302292e-01 -7.4778472e-01 +4.5827986e-02 +2.7625755e+04
2.9489000e-01 +1.0000000e-01 +1.7821667e+01 +8.9134167e-02 -3.1601583e-02 +2.7978819e+00 +1.4823403e+00 +1.0611389e+00 +1.1924583e-01 -7.4984028e-01 +4.6936319e-02 +2.7707219e+04
2.9809200e-01 +1.0000000e-01 +1.7807417e+01 +9.1336667e-02 -2.7342833e-02 +2.8097083e+00 +1.4883889e+00 +1.0635833e+00 +1.2539931e-01 -7.5203472e-01 +4.7817917e-02 +2.7798698e+04
3.0131100e-01 +1.0000000e-01 +1.7792750e+01 +9.3432500e-02 -2.3072417e-02 +2.8214931e+00 +1.4945486e+00 +1.0660278e+00 +1.3143194e-01 -7.5456250e-01 +4.8374722e-02 +2.7898202e+04
3.0454800e-01 +1.0000000e-01 +1.7777583e+01 +9.5394167e-02 -1.8884750e-02 +2.8335208e+00 +1.5007708e+00 +1.0683611e+00 +1.3731389e-01 -7.5735417e-01 +4.8615833e-02 +2.7998157e+04
3.0780200e-01 +1.0000000e-01 +1.7761917e+01 +9.7211667e-02 -1.4746333e-02 +2.8462014e+00 +1.5070208e+00 +1.0706250e+00 +1.4306875e-01 -7.6032639e-01 +4.8661528e-02 +2.8086436e+04
3.1107400e-01 +1.0000000e-01 +1.7745917e+01 +9.8894167e-02 -1.0556000e-02 +2.8591389e+00 +1.5132361e+00 +1.0729931e+00 +1.4871389e-01 -7.6340972e-01 +4.8539931e-02 +2.8167849e+04
3.1436200e-01 +1.0000000e-01 +1.7729417e+01 +1.0046167e-01 -6.2963083e-03 +2.8717778e+00 +1.5193125e+00 +1.0754236e+00 +1.5426597e-01 -7.6649306e-01 +4.8199653e-02 +2.8255997e+04
3.1766700e-01 +1.0000000e-01 +1.7712583e+01 +1.0193250e-01 -2.0013750e-03 +2.8838750e+00 +1.5251458e+00 +1.0777986e+00 +1.5977292e-01 -7.6954167e-01 +4.7667986e-02 +2.8353923e+04
3.2098800e-01 +1.0000000e-01 +1.7695250e+01 +1.0330500e-01 +2.3664000e-03 +2.8956458e+00 +1.5306319e+00 +1.0800556e+00 +1.6529514e-01 -7.7262500e-01 +4.7018542e-02 +2.8453966e+04
3.2432600e-01 +1.0000000e-01 +1.7677250e+01 +1.0456583e-01 +6.9357667e-03 +2.9073958e+00 +1.5357292e+00 +1.0824306e+00 +1.7091736e-01 -7.7597222e-01 +4.6356111e-02 +2.8541093e+04
3.2768000e-01 +1.0000000e-01 +1.7658667e+01 +1.0572917e-01 +1.1784417e-02 +2.9189583e+00 +1.5404792e+00 +1.0850833e+00 +1.7668264e-01 -7.7956944e-01 +4.5896319e-02 +2.8616723e+04
3.3104900e-01 +1.0000000e-01 +1.7639667e+01 +1.0681583e-01 +1.6906000e-02 +2.9304722e+00 +1.5449514e+00 +1.0877847e+00 +1.8251736e-01 -7.8315278e-01 +4.5834236e-02 +2.8690950e+04
3.3443500e-01 +1.0000000e-01 +1.7620250e+01 +1.0780000e-01 +2.2325000e-02 +2.9422431e+00 +1.5492153e+00 +1.0903611e+00 +1.8824931e-01 -7.8668750e-01 +4.6136875e-02 +2.8760014e+04
3.3783500e-01 +1.0000000e-01 +1.7600417e+01 +1.0862250e-01 +2.8037583e-02 +2.9543819e+00 +1.5533819e+00 +1.0928542e+00 +1.9370278e-01 -7.9040278e-01 +4.6556458e-02 +2.8826404e+04
3.4125100e-01 +1.0000000e-01 +1.7580250e+01 +1.0924333e-01 +3.3940083e-02 +2.9671111e+00 +1.5575208e+00 +1.0953958e+00 +1.9878542e-01 -7.9445833e-01 +4.6809375e-02 +2.8895547e+04
3.4468100e-01 +1.0000000e-01 +1.7559667e+01 +1.0966000e-01 +3.9855167e-02 +2.9803333e+00 +1.5616667e+00 +1.0980139e+00 +2.0346667e-01 -7.9859028e-01 +4.6722847e-02 +2.8969993e+04
3.4812600e-01 +1.0000000e-01 +1.7538750e+01 +1.0989167e-01 +4.5667250e-02 +2.9935347e+00 +1.5658194e+00 +1.1006181e+00 +2.0776736e-01 -8.0253472e-01 +4.6244444e-02 +2.9059811e+04
3.5158500e-01 +1.0000000e-01 +1.7517667e+01 +1.0995417e-01 +5.1327333e-02 +3.0062708e+00 +1.5700278e+00 +1.1031389e+00 +2.1169097e-01 -8.0626389e-01 +4.5448264e-02 +2.9154098e+04
3.5505900e-01 +1.0000000e-01 +1.7496333e+01 +1.0984000e-01 +5.6813083e-02 +3.0182986e+00 +1.5743472e+00 +1.1055903e+00 +2.1518125e-01 -8.0985417e-01 +4.4582431e-02 +2.9237809e+04
3.5854600e-01 +1.0000000e-01 +1.7475000e+01 +1.0953417e-01 +6.2130917e-02 +3.0292708e+00 +1.5787917e+00 +1.1081806e+00 +2.1825000e-01 -8.1312500e-01 +4.3863542e-02 +2.9313221e+04
3.6204600e-01 +1.0000000e-01 +1.7453583e+01 +1.0899667e-01 +6.7313667e-02 +3.0387708e+00 +1.5833889e+00 +1.1108542e+00 +2.2096944e-01 -8.1577083e-01 +4.3322639e-02 +2.9393922e+04
3.6556000e-01 +1.0000000e-01 +1.7432167e+01 +1.0817417e-01 +7.2409667e-02 +3.0468542e+00 +1.5881875e+00 +1.1133611e+00 +2.2334653e-01 -8.1770139e-01 +4.2855000e-02 +2.9488997e+04
3.6908700e-01 +1.0000000e-01 +1.7410583e+01 +1.0703750e-01 +7.7470667e-02 +3.0538056e+00 +1.5932639e+00 +1.1157083e+00 +2.2531736e-01 -8.1890278e-01 +4.2356181e-02 +2.9599282e+04
3.7262600e-01 +1.0000000e-01 +1.7388833e+01 +1.0562417e-01 +8.2488583e-02 +3.0597708e+00 +1.5986250e+00 +1.1178611e+00 +2.2680208e-01 -8.1940278e-01 +4.1869792e-02 +2.9716971e+04
3.7617800e-01 +1.0000000e-01 +1.7367000e+01 +1.0398333e-01 +8.7413333e-02 +3.0650278e+00 +1.6041597e+00 +1.1195417e+00 +2.2780139e-01 -8.1931944e-01 +4.1460972e-02 +2.9822785e+04
3.7974200e-01 +1.0000000e-01 +1.7345167e+01 +1.0213750e-01 +9.2210000e-02 +3.0696528e+00 +1.6097292e+00 +1.1207083e+00 +2.2839375e-01 -8.1909028e-01 +4.1047778e-02 +2.9915606e+04
3.8331700e-01 +1.0000000e-01 +1.7323333e+01 +1.0008583e-01 +9.6870000e-02 +3.0737083e+00 +1.6152847e+00 +1.1214931e+00 +2.2865347e-01 -8.1901389e-01 +4.0537639e-02 +3.0007644e+04
3.8690400e-01 +1.0000000e-01 +1.7301500e+01 +9.7848333e-02 +1.0148417e-01 +3.0776597e+00 +1.6208333e+00 +1.1222500e+00 +2.2861250e-01 -8.1919444e-01 +3.9873542e-02 +3.0106478e+04
3.9050200e-01 +1.0000000e-01 +1.7279667e+01 +9.5463333e-02 +1.0623750e-01 +3.0819306e+00 +1.6263611e+00 +1.1236597e+00 +2.2813889e-01 -8.1988889e-01 +3.9050139e-02 +3.0201282e+04
3.9411100e-01 +1.0000000e-01 +1.7257750e+01 +9.2966667e-02 +1.1122167e-01 +3.0862917e+00 +1.6318333e+00 +1.1257569e+00 +2.2702778e-01 -8.2104167e-01 +3.8172153e-02 +3.0291366e+04
3.9773000e-01 +1.0000000e-01 +1.7235667e+01 +9.0373333e-02 +1.1636417e-01 +3.0905486e+00 +1.6372500e+00 +1.1278264e+00 +2.2522639e-01 -8.2220833e-01 +3.7363056e-02 +3.0394372e+04
4.0135900e-01 +1.0000000e-01 +1.7213417e+01 +8.7685000e-02 +1.2157583e-01 +3.0949167e+00 +1.6426736e+00 +1.1292847e+00 +2.2276597e-01 -8.2325694e-01 +3.6585069e-02 +3.0500454e+04
4.0499800e-01 +1.0000000e-01 +1.7191083e+01 +8.4901667e-02 +1.2684167e-01 +3.0988681e+00 +1.6481875e+00 +1.1300556e+00 +2.1971875e-01 -8.2406944e-01 +3.5824514e-02 +3.0587479e+04
4.0864600e-01 +1.0000000e-01 +1.7168750e+01 +8.1997417e-02 +1.3217250e-01 +3.1016944e+00 +1.6537361e+00 +1.1303889e+00 +2.1622986e-01 -8.2440278e-01 +3.5092222e-02 +3.0663017e+04
4.1230400e-01 +1.0000000e-01 +1.7146667e+01 +7.8952750e-02 +1.3754500e-01 +3.1034583e+00 +1.6591597e+00 +1.1304861e+00 +2.1235000e-01 -8.2421528e-01 +3.4288403e-02 +3.0749563e+04
4.1597000e-01 +1.0000000e-01 +1.7124833e+01 +7.5793750e-02 +1.4289083e-01 +3.1043264e+00 +1.6643333e+00 +1.1305139e+00 +2.0803194e-01 -8.2365278e-01 +3.3354653e-02 +3.0854972e+04
4.1964500e-01 +1.0000000e-01 +1.7103333e+01 +7.2547417e-02 +1.4823667e-01 +3.1041319e+00 +1.6692569e+00 +1.1308125e+00 +2.0325069e-01 -8.2306250e-01 +3.2230972e-02 +3.0968913e+04
4.2332800e-01 +1.0000000e-01 +1.7082083e+01 +6.9236833e-02 +1.5361833e-01 +3.1026736e+00 +1.6739583e+00 +1.1315694e+00 +1.9806528e-01 -8.2271528e-01 +3.0920972e-02 +3.1085633e+04
4.2701900e-01 +1.0000000e-01 +1.7061167e+01 +6.5910500e-02 +1.5896583e-01 +3.1003819e+00 +1.6784583e+00 +1.1326181e+00 +1.9249583e-01 -8.2256250e-01 +2.9465139e-02 +3.1195342e+04
4.3071600e-01 +1.0000000e-01 +1.7040667e+01 +6.2625167e-02 +1.6420250e-01 +3.0981528e+00 +1.6827361e+00 +1.1335069e+00 +1.8645625e-01 -8.2245139e-01 +2.7856736e-02 +3.1304780e+04
4.3442100e-01 +1.0000000e-01 +1.7020583e+01 +5.9344000e-02 +1.6920917e-01 +3.0961806e+00 +1.6867708e+00 +1.1340833e+00 +1.7986944e-01 -8.2193750e-01 +2.6131875e-02 +3.1404786e+04
4.3813300e-01 +1.0000000e-01 +1.7001250e+01 +5.6001417e-02 +1.7388333e-01 +3.0939722e+00 +1.6905764e+00 +1.1345486e+00 +1.7270486e-01 -8.2095139e-01 +2.4358750e-02 +3.1489949e+04
4.4185100e-01 +1.0000000e-01 +1.6982667e+01 +5.2552750e-02 +1.7822333e-01 +3.0913125e+00 +1.6941806e+00 +1.1349792e+00 +1.6498125e-01 -8.2013889e-01 +2.2629722e-02 +3.1570896e+04
4.4557400e-01 +1.0000000e-01 +1.6965000e+01 +4.9000500e-02 +1.8226250e-01 +3.0886181e+00 +1.6975625e+00 +1.1351875e+00 +1.5671528e-01 -8.2000694e-01 +2.0988194e-02 +3.1658813e+04
4.4930400e-01 +1.0000000e-01 +1.6948167e+01 +4.5417750e-02 +1.8602500e-01 +3.0861111e+00 +1.7007292e+00 +1.1354792e+00 +1.4794792e-01 -8.2065972e-01 +1.9371667e-02 +3.1754053e+04
4.5303800e-01 +1.0000000e-01 +1.6932333e+01 +4.1852167e-02 +1.8960833e-01 +3.0838750e+00 +1.7037153e+00 +1.1362917e+00 +1.3878333e-01 -8.2173611e-01 +1.7789722e-02 +3.1854121e+04
4.5677700e-01 +1.0000000e-01 +1.6917333e+01 +3.8276167e-02 +1.9309583e-01 +3.0821667e+00 +1.7065556e+00 +1.1376319e+00 +1.2926806e-01 -8.2327778e-01 +1.6257292e-02 +3.1951800e+04
4.6052100e-01 +1.0000000e-01 +1.6903250e+01 +3.4663917e-02 +1.9650417e-01 +3.0813056e+00 +1.7093542e+00 +1.1396597e+00 +1.1949375e-01 -8.2532639e-01 +1.4736944e-02 +3.2034385e+04
4.6426900e-01 +1.0000000e-01 +1.6890000e+01 +3.1002000e-02 +1.9967583e-01 +3.0810764e+00 +1.7121875e+00 +1.1421389e+00 +1.0940694e-01 -8.2718056e-01 +1.3256181e-02 +3.2113269e+04
4.6802000e-01 +1.0000000e-01 +1.6877833e+01 +2.7327750e-02 +2.0237750e-01 +3.0804236e+00 +1.7150139e+00 +1.1445486e+00 +9.8924306e-02 -8.2834722e-01 +1.1872292e-02 +3.2203039e+04
4.7177500e-01 +1.0000000e-01 +1.6866750e+01 +2.3685583e-02 +2.0456667e-01 +3.0787847e+00 +1.7177222e+00 +1.1464792e+00 +8.8108333e-02 -8.2897222e-01 +1.0539861e-02 +3.2299878e+04
4.7553200e-01 +1.0000000e-01 +1.6856917e+01 +2.0106750e-02 +2.0647667e-01 +3.0767153e+00 +1.7202569e+00 +1.1480486e+00 +7.7074306e-02 -8.2942361e-01 +9.2020139e-03 +3.2389067e+04
4.7929200e-01 +1.0000000e-01 +1.6848083e+01 +1.6583417e-02 +2.0829167e-01 +3.0747153e+00 +1.7225694e+00 +1.1497778e+00 +6.5847917e-02 -8.3012500e-01 +7.7909722e-03 +3.2453735e+04
4.8305400e-01 +1.0000000e-01 +1.6840500e+01 +1.3104583e-02 +2.0996417e-01 +3.0729722e+00 +1.7246319e+00 +1.1517917e+00 +5.4391806e-02 -8.3104861e-01 +6.3291389e-03 +3.2490549e+04
4.8681800e-01 +1.0000000e-01 +1.6834250e+01 +9.6837500e-03 +2.1135083e-01 +3.0713819e+00 +1.7264375e+00 +1.1538681e+00 +4.2711806e-02 -8.3200694e-01 +4.7775833e-03 +3.2514789e+04
4.9058400e-01 +1.0000000e-01 +1.6829417e+01 +6.3682583e-03 +2.1241083e-01 +3.0698125e+00 +1.7279792e+00 +1.1555139e+00 +3.0822847e-02 -8.3269444e-01 +3.2094097e-03 +3.2525138e+04
4.9435000e-01 +1.0000000e-01 +1.6826167e+01 +3.1500083e-03 +2.1317833e-01 +3.0684306e+00 +1.7291250e+00 +1.1563472e+00 +1.8654167e-02 -8.3304167e-01 +1.7994861e-03 +3.2521944e+04
4.9811700e-01 +1.0000000e-01 +1.6824500e+01 +0.0000000e+00 +2.1361083e-01 +3.0675139e+00 +1.7297292e+00 +1.1564097e+00 +6.2438958e-03 -8.3325000e-01 +5.7251528e-04 +3.2523611e+04
5.0188300e-01 +1.0000000e-01 +1.6824500e+01 -3.1500083e-03 +2.1361083e-01 +3.0675139e+00 +1.7297292e+00 +1.1564097e+00 -6.2438958e-03 -8.3325000e-01 -5.7251528e-04 +3.2523611e+04
5.0565000e-01 +1.0000000e-01 +1.6826167e+01 -6.3682583e-03 +2.1317833e-01 +3.0684306e+00 +1.7291250e+00 +1.1563472e+00 -1.8654167e-02 -8.3304167e-01 -1.7994861e-03 +3.2521944e+04
5.0941600e-01 +1.0000000e-01 +1.6829417e+01 -9.6837500e-03 +2.1241083e-01 +3.0698125e+00 +1.7279792e+00 +1.1555139e+00 -3.0822847e-02 -8.3269444e-01 -3.2094097e-03 +3.2525138e+04
5.1318200e-01 +1.0000000e-01 +1.6834250e+01 -1.3104583e-02 +2.1135083e-01 +3.0713819e+00 +1.7264375e+00 +1.1538681e+00 -4.2711806e-02 -8.3200694e-01 -4.7775833e-03 +3.2514789e+04
5.1694600e-01 +1.0000000e-01 +1.6840500e+01 -1.6583417e-02 +2.0996417e-01 +3.0729722e+00 +1.7246319e+00 +1.1517917e+00 -5.4391806e-02 -8.3104861e-01 -6.3291389e-03 +3.2490549e+04
5.2070800e-01 +1.0000000e-01 +1.6848083e+01 -2.0106750e-02 +2.0829167e-01 +3.0747153e+00 +1.7225694e+00 +1.1497778e+00 -6.5847917e-02 -8.3012500e-01 -7.7909722e-03 +3.2453735e+04
5.2446800e-01 +1.0000000e-01 +1.6856917e+01 -2.3685583e-02 +2.0647667e-01 +3.0767153e+00 +1.7202569e+00 +1.1480486e+00 -7.7074306e-02 -8.2942361e-01 -9.2020139e-03 +3.2389067e+04
5.2822500e-01 +1.0000000e-01 +1.6866750e+01 -2.7327750e-02 +2.0456667e-01 +3.0787847e+00 +1.7177222e+00 +1.1464792e+00 -8.8108333e-02 -8.2897222e-01 -1.0539861e-02 +3.2299878e+04
5.3198000e-01 +1.0000000e-01 +1.6877833e+01 -3.1002000e-02 +2.0237750e-01 +3.0804236e+00 +1.7150139e+00 +1.1445486e+00 -9.8924306e-02 -8.2834722e-01 -1.1872292e-02 +3.2203039e+04
5.3573100e-01 +1.0000000e-01 +1.6890000e+01 -3.4663917e-02 +1.9967583e-01 +3.0810764e+00 +1.7121875e+00 +1.1421389e+00 -1.0940694e-01 -8.2718056e-01 -1.3256181e-02 +3.2113269e+04
5.3947900e-01 +1.0000000e-01 +1.6903250e+01 -3.8276167e-02 +1.9650417e-01 +3.0813056e+00 +1.7093542e+00 +1.1396597e+00 -1.1949375e-01 -8.2532639e-01 -1.4736944e-02 +3.2034385e+04
5.4322300e-01 +1.0000000e-01 +1.6917333e+01 -4.1852167e-02 +1.9309583e-01 +3.0821667e+00 +1.7065556e+00 +1.1376319e+00 -1.2926806e-01 -8.2327778e-01 -1.6257292e-02 +3.1951800e+04
5.4696200e-01 +1.0000000e-01 +1.6932333e+01 -4.5417750e-02 +1.8960833e-01 +3.0838750e+00 +1.7037153e+00 +1.1362917e+00 -1.3878333e-01 -8.2173611e-01 -1.7789722e-02 +3.1854121e+04
5.5069600e-01 +1.0000000e-01 +1.6948167e+01 -4.9000500e-02 +1.8602500e-01 +3.0861111e+00 +1.7007292e+00 +1.1354792e+00 -1.4794792e-01 -8.2065972e-01 -1.9371667e-02 +3.1754053e+04
5.5442600e-01 +1.0000000e-01 +1.6965000e+01 -5.2552750e-02 +1.8226250e-01 +3.0886181e+00 +1.6975625e+00 +1.1351875e+00 -1.5671528e-01 -8.2000694e-01 -2.0988194e-02 +3.1658813e+04
5.5814900e-01 +1.0000000e-01 +1.6982667e+01 -5.6001417e-02 +1.7822333e-01 +3.0913125e+00 +1.6941806e+00 +1.1349792e+00 -1.6498125e-01 -8.2013889e-01 -2.2629722e-02 +3.1570896e+04
5.6186700e-01 +1.0000000e-01 +1.7001250e+01 -5.9344000e-02 +1.7388333e-01 +3.0939722e+00 +1.6905764e+00 +1.1345486e+00 -1.7270486e-01 -8.2095139e-01 -2.4358750e-02 +3.1489949e+04
5.6557900e-01 +1.0000000e-01 +1.7020583e+01 -6.2625167e-02 +1.6920917e-01 +3.0961806e+00 +1.6867708e+00 +1.1340833e+00 -1.7986944e-01 -8.2193750e-01 -2.6131875e-02 +3.1404786e+04
5.6928400e-01 +1.0000000e-01 +1.7040667e+01 -6.5910500e-02 +1.6420250e-01 +3.0981528e+00 +1.6827361e+00 +1.1335069e+00 -1.8645625e-01 -8.2245139e-01 -2.7856736e-02 +3.1304780e+04
5.7298100e-01 +1.0000000e-01 +1.7061167e+01 -6.9236833e-02 +1.5896583e-01 +3.1003819e+00 +1.6784583e+00 +1.1326181e+00 -1.9249583e-01 -8.2256250e-01 -2.9465139e-02 +3.1195342e+04
5.7667200e-01 +1.0000000e-01 +1.7082083e+01 -7.2547417e-02 +1.5361833e-01 +3.1026736e+00 +1.6739583e+00 +1.1315694e+00 -1.9806528e-01 -8.2271528e-01 -3.0920972e-02 +3.1085633e+04
5.8035500e-01 +1.0000000e-01 +1.7103333e+01 -7.5793750e-02 +1.4823667e-01 +3.1041319e+00 +1.6692569e+00 +1.1308125e+00 -2.0325069e-01 -8.2306250e-01 -3.2230972e-02 +3.0968913e+04
5.8403000e-01 +1.0000000e-01 +1.7124833e+01 -7.8952750e-02 +1.4289083e-01 +3.1043264e+00 +1.6643333e+00 +1.1305139e+00 -2.0803194e-01 -8.2365278e-01 -3.3354653e-02 +3.0854972e+04
5.8769600e-01 +1.0000000e-01 +1.7146667e+01 -8.1997417e-02 +1.3754500e-01 +3.1034583e+00 +1.6591597e+00 +1.1304861e+00 -2.1235000e-01 -8.2421528e-01 -3.4288403e-02 +3.0749563e+04
5.9135400e-01 +1.0000000e-01 +1.7168750e+01 -8.4901667e-02 +1.3217250e-01 +3.1016944e+00 +1.6537361e+00 +1.1303889e+00 -2.1622986e-01 -8.2440278e-01 -3.5092222e-02 +3.0663017e+04
5.9500200e-01 +1.0000000e-01 +1.7191083e+01 -8.7685000e-02 +1.2684167e-01 +3.0988681e+00 +1.6481875e+00 +1.1300556e+00 -2.1971875e-01 -8.2406944e-01 -3.5824514e-02 +3.0587479e+04
5.9864100e-01 +1.0000000e-01 +1.7213417e+01 -9.0373333e-02 +1.2157583e-01 +3.0949167e+00 +1.6426736e+00 +1.1292847e+00 -2.2276597e-01 -8.2325694e-01 -3.6585069e-02 +3.0500454e+04
6.0227000e-01 +1.0000000e-01 +1.7235667e+01 -9.2966667e-02 +1.1636417e-01 +3.0905486e+00 +1.6372500e+00 +1.1278264e+00 -2.2522639e-01 -8.2220833e-01 -3.7363056e-02 +3.0394372e+04
6.0588900e-01 +1.0000000e-01 +1.7257750e+01 -9.5463333e-02 +1.1122167e-01 +3.0862917e+00 +1.6318333e+00 +1.1257569e+00 -2.2702778e-01 -8.2104167e-01 -3.8172153e-02 +3.0291366e+04
6.0949800e-01 +1.0000000e-01 +1.7279667e+01 -9.7848333e-02 +1.0623750e-01 +3.0819306e+00 +1.6263611e+00 +1.1236597e+00 -2.2813889e-01 -8.1988889e-01 -3.9050139e-02 +3.0201282e+04
6.1309600e-01 +1.0000000e-01 +1.7301500e+01 -1.0008583e-01 +1.0148417e-01 +3.0776597e+00 +1.6208333e+00 +1.1222500e+00 -2.2861250e-01 -8.1919444e-01 -3.9873542e-02 +3.0106478e+04
6.1668300e-01 +1.0000000e-01 +1.7323333e+01 -1.0213750e-01 +9.6870000e-02 +3.0737083e+00 +1.6152847e+00 +1.1214931e+00 -2.2865347e-01 -8.1901389e-01 -4.0537639e-02 +3.0007644e+04
6.2025800e-01 +1.0000000e-01 +1.7345167e+01 -1.0398333e-01 +9.2210000e-02 +3.0696528e+00 +1.6097292e+00 +1.1207083e+00 -2.2839375e-01 -8.1909028e-01 -4.1047778e-02 +2.9915606e+04
6.2382200e-01 +1.0000000e-01 +1.7367000e+01 -1.0562417e-01 +8.7413333e-02 +3.0650278e+00 +1.6041597e+00 +1.1195417e+00 -2.2780139e-01 -8.1931944e-01 -4.1460972e-02 +2.9822785e+04
6.2737400e-01 +1.0000000e-01 +1.7388833e+01 -1.0703750e-01 +8.2488583e-02 +3.0597708e+00 +1.5986250e+00 +1.1178611e+00 -2.2680208e-01 -8.1940278e-01 -4.1869792e-02 +2.9716971e+04
6.3091300e-01 +1.0000000e-01 +1.7410583e+01 -1.0817417e-01 +7.7470667e-02 +3.0538056e+00 +1.5932639e+00 +1.1157083e+00 -2.2531736e-01 -8.1890278e-01 -4.2356181e-02 +2.9599282e+04
6.3444000e-01 +1.0000000e-01 +1.7432167e+01 -1.0899667e-01 +7.2409667e-02 +3.0468542e+00 +1.5881875e+00 +1.1133611e+00 -2.2334653e-01 -8.1770139e-01 -4.2855000e-02 +2.9488997e+04
6.3795400e-01 +1.0000000e-01 +1.7453583e+01 -1.0953417e-01 +6.7313667e-02 +3.0387708e+00 +1.5833889e+00 +1.1108542e+00 -2.2096944e-01 -8.1577083e-01 -4.3322639e-02 +2.9393922e+04
6.4145400e-01 +1.0000000e-01 +1.7475000e+01 -1.0984000e-01 +6.2130917e-02 +3.0292708e+00 +1.5787917e+00 +1.1081806e+00 -2.1825000e-01 -8.1312500e-01 -4.3863542e-02 +2.9313221e+04
6.4494100e-01 +1.0000000e-01 +1.7496333e+01 -1.0995417e-01 +5.6813083e-02 +3.0182986e+00 +1.5743472e+00 +1.1055903e+00 -2.1518125e-01 -8.0985417e-01 -4.4582431e-02 +2.9237809e+04
6.4841500e-01 +1.0000000e-01 +1.7517667e+01 -1.0989167e-01 +5.1327333e-02 +3.0062708e+00 +1.5700278e+00 +1.1031389e+00 -2.1169097e-01 -8.0626389e-01 -4.5448264e-02 +2.9154098e+04
6.5187400e-01 +1.0000000e-01 +1.7538750e+01 -1.0966000e-01 +4.5667250e-02 +2.9935347e+00 +1.5658194e+00 +1.1006181e+00 -2.0776736e-01 -8.0253472e-01 -4.6244444e-02 +2.9059811e+04
6.5531900e-01 +1.0000000e-01 +1.7559667e+01 -1.0924333e-01 +3.9855167e-02 +2.9803333e+00 +1.5616667e+00 +1.0980139e+00 -2.0346667e-01 -7.9859028e-01 -4.6722847e-02 +2.8969993e+04
6.5874900e-01 +1.0000000e-01 +1.7580250e+01 -1.0862250e-01 +3.3940083e-02 +2.9671111e+00 +1.5575208e+00 +1.0953958e+00 -1.9878542e-01 -7.9445833e-01 -4.6809375e-02 +2.8895547e+04
6.6216500e-01 +1.0000000e-01 +1.7600417e+01 -1.0780000e-01 +2.8037583e-02 +2.9543819e+00 +1.5533819e+00 +1.0928542e+00 -1.9370278e-01 -7.9040278e-01 -4.6556458e-02 +2.8826404e+04
6.6556500e-01 +1.0000000e-01 +1.7620250e+01 -1.0681583e-01 +2.2325000e-02 +2.9422431e+00 +1.5492153e+00 +1.0903611e+00 -1.8824931e-01 -7.8668750e-01 -4.6136875e-02 +2.8760014e+04
6.6895100e-01 +1.0000000e-01 +1.7639667e+01 -1.0572917e-01 +1.6906000e-02 +2.9304722e+00 +1.5449514e+00 +1.0877847e+00 -1.8251736e-01 -7.8315278e-01 -4.5834236e-02 +2.8690950e+04
6.7232000e-01 +1.0000000e-01 +1.7658667e+01 -1.0456583e-01 +1.1784417e-02 +2.9189583e+00 +1.5404792e+00 +1.0850833e+00 -1.7668264e-01 -7.7956944e-01 -4.5896319e-02 +2.8616723e+04
6.7567400e-01 +1.0000000e-01 +1.7677250e+01 -1.0330500e-01 +6.9357667e-03 +2.9073958e+00 +1.5357292e+00 +1.0824306e+00 -1.7091736e-01 -7.7597222e-01 -4.6356111e-02 +2.8541093e+04
6.7901200e-01 +1.0000000e-01 +1.7695250e+01 -1.0193250e-01 +2.3664000e-03 +2.8956458e+00 +1.5306319e+00 +1.0800556e+00 -1.6529514e-01 -7.7262500e-01 -4.7018542e-02 +2.8453966e+04
6.8233300e-01 +1.0000000e-01 +1.7712583e+01 -1.0046167e-01 -2.0013750e-03 +2.8838750e+00 +1.5251458e+00 +1.0777986e+00 -1.5977292e-01 -7.6954167e-01 -4.7667986e-02 +2.8353923e+04
6.8563800e-01 +1.0000000e-01 +1.7729417e+01 -9.8894167e-02 -6.2963083e-03 +2.8717778e+00 +1.5193125e+00 +1.0754236e+00 -1.5426597e-01 -7.6649306e-01 -4.8199653e-02 +2.8255997e+04
6.8892600e-01 +1.0000000e-01 +1.7745917e+01 -9.7211667e-02 -1.0556000e-02 +2.8591389e+00 +1.5132361e+00 +1.0729931e+00 -1.4871389e-01 -7.6340972e-01 -4.8539931e-02 +2.8167849e+04
6.9219800e-01 +1.0000000e-01 +1.7761917e+01 -9.5394167e-02 -1.4746333e-02 +2.8462014e+00 +1.5070208e+00 +1.0706250e+00 -1.4306875e-01 -7.6032639e-01 -4.8661528e-02 +2.8086436e+04
6.9545200e-01 +1.0000000e-01 +1.7777583e+01 -9.3432500e-02 -1.8884750e-02 +2.8335208e+00 +1.5007708e+00 +1.0683611e+00 -1.3731389e-01 -7.5735417e-01 -4.8615833e-02 +2.7998157e+04
6.9868900e-01 +1.0000000e-01 +1.7792750e+01 -9.1336667e-02 -2.3072417e-02 +2.8214931e+00 +1.4945486e+00 +1.0660278e+00 -1.3143194e-01 -7.5456250e-01 -4.8374722e-02 +2.7898202e+04
7.0190800e-01 +1.0000000e-01 +1.7807417e+01 -8.9134167e-02 -2.7342833e-02 +2.8097083e+00 +1.4883889e+00 +1.0635833e+00 -1.2539931e-01 -7.5203472e-01 -4.7817917e-02 +2.7798698e+04
7.0511000e-01 +1.0000000e-01 +1.7821667e+01 -8.6850000e-02 -3.1601583e-02 +2.7978819e+00 +1.4823403e+00 +1.0611389e+00 -1.1924583e-01 -7.4984028e-01 -4.6936319e-02 +2.7707219e+04
7.0829400e-01 +1.0000000e-01 +1.7835250e+01 -8.4484167e-02 -3.5772167e-02 +2.7862153e+00 +1.4764375e+00 +1.0586181e+00 -1.1302292e-01 -7.4778472e-01 -4.5827986e-02 +2.7625755e+04
7.1145900e-01 +1.0000000e-01 +1.7848167e+01 -8.2012917e-02 -3.9854417e-02 +2.7748681e+00 +1.4707083e+00 +1.0558611e+00 -1.0678472e-01 -7.4573611e-01 -4.4518611e-02 +2.7546513e+04
7.1460700e-01 +1.0000000e-01 +1.7860500e+01 -7.9414750e-02 -4.3834083e-02 +2.7637986e+00 +1.4651528e+00 +1.0530000e+00 -1.0061736e-01 -7.4372917e-01 -4.2987361e-02 +2.7463797e+04
7.1773600e-01 +1.0000000e-01 +1.7872167e+01 -7.6682833e-02 -4.7696500e-02 +2.7527014e+00 +1.4597500e+00 +1.0503056e+00 -9.4565278e-02 -7.4172917e-01 -4.1310625e-02 +2.7375903e+04
7.2084700e-01 +1.0000000e-01 +1.7883083e+01 -7.3824167e-02 -5.1423667e-02 +2.7412014e+00 +1.4544097e+00 +1.0479306e+00 -8.8597222e-02 -7.3969444e-01 -3.9607361e-02 +2.7286533e+04
7.2393900e-01 +1.0000000e-01 +1.7893250e+01 -7.0854417e-02 -5.4976417e-02 +2.7293056e+00 +1.4490556e+00 +1.0458194e+00 -8.2671528e-02 -7.3765972e-01 -3.7877222e-02 +2.7202481e+04
7.2701200e-01 +1.0000000e-01 +1.7902667e+01 -6.7793083e-02 -5.8316000e-02 +2.7171250e+00 +1.4436389e+00 +1.0438542e+00 -7.6743750e-02 -7.3574306e-01 -3.6104931e-02 +2.7121106e+04
7.3006600e-01 +1.0000000e-01 +1.7911417e+01 -6.4651333e-02 -6.1463083e-02 +2.7045764e+00 +1.4381528e+00 +1.0418611e+00 -7.0757639e-02 -7.3377083e-01 -3.4338125e-02 +2.7044866e+04
7.3310100e-01 +1.0000000e-01 +1.7919500e+01 -6.1438000e-02 -6.4541583e-02 +2.6914722e+00 +1.4325972e+00 +1.0395625e+00 -6.4629653e-02 -7.3135417e-01 -3.2600764e-02 +2.6975025e+04
7.3611700e-01 +1.0000000e-01 +1.7926917e+01 -5.8143917e-02 -6.7656250e-02 +2.6778125e+00 +1.4270278e+00 +1.0369722e+00 -5.8338750e-02 -7.2831250e-01 -3.0864167e-02 +2.6908074e+04
7.3911300e-01 +1.0000000e-01 +1.7933750e+01 -5.4745917e-02 -7.0787667e-02 +2.6637569e+00 +1.4215069e+00 +1.0343542e+00 -5.1938819e-02 -7.2481250e-01 -2.9101667e-02 +2.6841921e+04
7.4209000e-01 +1.0000000e-01 +1.7940000e+01 -5.1233333e-02 -7.3852333e-02 +2.6494306e+00 +1.4160417e+00 +1.0319097e+00 -4.5513333e-02 -7.2109722e-01 -2.7312014e-02 +2.6782388e+04
7.4504700e-01 +1.0000000e-01 +1.7945583e+01 -4.7622333e-02 -7.6766000e-02 +2.6350556e+00 +1.4106319e+00 +1.0296736e+00 -3.9103542e-02 -7.1724306e-01 -2.5488889e-02 +2.6729842e+04
7.4798500e-01 +1.0000000e-01 +1.7950500e+01 -4.3937000e-02 -7.9468250e-02 +2.6207361e+00 +1.4053264e+00 +1.0276875e+00 -3.2731319e-02 -7.1336111e-01 -2.3614792e-02 +2.6683490e+04
7.5090200e-01 +1.0000000e-01 +1.7954750e+01 -4.0187250e-02 -8.1942083e-02 +2.6064375e+00 +1.4001875e+00 +1.0259653e+00 -2.6411250e-02 -7.0966667e-01 -2.1652014e-02 +2.6646342e+04
7.5380000e-01 +1.0000000e-01 +1.7958083e+01 -3.6367750e-02 -8.4217500e-02 +2.5924167e+00 +1.3952639e+00 +1.0244792e+00 -2.0149792e-02 -7.0629167e-01 -1.9585069e-02 +2.6613540e+04
7.5667800e-01 +1.0000000e-01 +1.7960750e+01 -3.2471333e-02 -8.6346667e-02 +2.5791597e+00 +1.3905764e+00 +1.0231875e+00 -1.3955556e-02 -7.0322917e-01 -1.7429306e-02 +2.6574250e+04
7.5953600e-01 +1.0000000e-01 +1.7962583e+01 -2.8506833e-02 -8.8388333e-02 +2.5667569e+00 +1.3860903e+00 +1.0220556e+00 -7.8319444e-03 -7.0041667e-01 -1.5190208e-02 +2.6527090e+04
7.6237300e-01 +1.0000000e-01 +1.7963667e+01 -2.4489083e-02 -9.0374167e-02 +2.5552153e+00 +1.3817292e+00 +1.0210139e+00 -1.7956111e-03 -6.9786806e-01 -1.2872083e-02 +2.6484109e+04
7.6519000e-01 +1.0000000e-01 +1.7964000e+01 -2.0428917e-02 -9.2325833e-02 +2.5447083e+00 +1.3774028e+00 +1.0200764e+00 +4.1638264e-03 -6.9559028e-01 -1.0481806e-02 +2.6450090e+04
7.6798700e-01 +1.0000000e-01 +1.7963667e+01 -1.6332667e-02 -9.4290000e-02 +2.5353125e+00 +1.3730625e+00 +1.0193333e+00 +1.0056458e-02 -6.9353750e-01 -8.0551389e-03 +2.6417241e+04
7.7076400e-01 +1.0000000e-01 +1.7962500e+01 -1.2208583e-02 -9.6313333e-02 +2.5268264e+00 +1.3687014e+00 +1.0187778e+00 +1.5910000e-02 -6.9164167e-01 -5.6621389e-03 +2.6380083e+04
7.7352000e-01 +1.0000000e-01 +1.7960667e+01 -8.0701750e-03 -9.8420000e-02 +2.5187778e+00 +1.3643056e+00 +1.0182361e+00 +2.1798333e-02 -6.8973542e-01 -3.3697500e-03 +2.6344027e+04
7.7625600e-01 +1.0000000e-01 +1.7958333e+01 -3.9267500e-03 -1.0059250e-01 +2.5106528e+00 +1.3599028e+00 +1.0176597e+00 +2.7768611e-02 -6.8769028e-01 -1.1989167e-03 +2.6313904e+04
7.7897100e-01 +1.0000000e-01 +1.7955500e+01 +2.2624917e-04 -1.0280250e-01 +2.5020000e+00 +1.3555000e+00 +1.0171667e+00 +3.3794931e-02 -6.8550000e-01 +8.7934028e-04 +2.6286468e+04
7.8166500e-01 +1.0000000e-01 +1.7952250e+01 +4.4046083e-03 -1.0501000e-01 +2.4927847e+00 +1.3510903e+00 +1.0169028e+00 +3.9835972e-02 -6.8330208e-01 +2.9207431e-03 +2.6260597e+04
7.8433900e-01 +1.0000000e-01 +1.7948583e+01 +8.6262500e-03 -1.0718167e-01 +2.4833194e+00 +1.3466597e+00 +1.0170278e+00 +4.5863750e-02 -6.8123958e-01 +4.9856181e-03 +2.6235526e+04
7.8699200e-01 +1.0000000e-01 +1.7944333e+01 +1.2904333e-02 -1.0930750e-01 +2.4739375e+00 +1.3421597e+00 +1.0175903e+00 +5.1849167e-02 -6.7933264e-01 +7.1174306e-03 +2.6211584e+04
7.8962500e-01 +1.0000000e-01 +1.7939500e+01 +1.7239833e-02 -1.1139167e-01 +2.4647014e+00 +1.3375625e+00 +1.0184583e+00 +5.7793403e-02 -6.7751458e-01 +9.3500694e-03 +2.6189588e+04
7.9223700e-01 +1.0000000e-01 +1.7934083e+01 +2.1621167e-02 -1.1342167e-01 +2.4555417e+00 +1.3328681e+00 +1.0194514e+00 +6.3705000e-02 -6.7572292e-01 +1.1702986e-02 +2.6171479e+04
7.9482800e-01 +1.0000000e-01 +1.7928083e+01 +2.6031167e-02 -1.1537500e-01 +2.4464444e+00 +1.3280903e+00 +1.0204236e+00 +6.9568056e-02 -6.7389306e-01 +1.4180486e-02 +2.6156803e+04
7.9739800e-01 +1.0000000e-01 +1.7921500e+01 +3.0460417e-02 -1.1722333e-01 +2.4374583e+00 +1.3232708e+00 +1.0212778e+00 +7.5372917e-02 -6.7199583e-01 +1.6770347e-02 +2.6140648e+04
7.9994700e-01 +1.0000000e-01 +1.7914333e+01 +3.4916917e-02 -1.1895750e-01 +2.4286181e+00 +1.3184306e+00 +1.0219514e+00 +8.1115278e-02 -6.7002292e-01 +1.9422847e-02 +2.6121232e+04
8.0247600e-01 +1.0000000e-01 +1.7906667e+01 +3.9417083e-02 -1.2058000e-01 +2.4198889e+00 +1.3136111e+00 +1.0224167e+00 +8.6768056e-02 -6.6794097e-01 +2.2073542e-02 +2.6102147e+04
8.0498400e-01 +1.0000000e-01 +1.7898500e+01 +4.3967250e-02 -1.2209500e-01 +2.4112153e+00 +1.3088611e+00 +1.0227292e+00 +9.2307639e-02 -6.6569583e-01 +2.4693750e-02 +2.6085630e+04
8.0747100e-01 +1.0000000e-01 +1.7889667e+01 +4.8553833e-02 -1.2351167e-01 +2.4024931e+00 +1.3041944e+00 +1.0229167e+00 +9.7735417e-02 -6.6322986e-01 +2.7282222e-02 +2.6070590e+04
8.0993700e-01 +1.0000000e-01 +1.7880333e+01 +5.3150500e-02 -1.2484417e-01 +2.3937083e+00 +1.2996458e+00 +1.0230486e+00 +1.0306389e-01 -6.6051944e-01 +2.9845764e-02 +2.6055419e+04
8.1238300e-01 +1.0000000e-01 +1.7870333e+01 +5.7730000e-02 -1.2612750e-01 +2.3848681e+00 +1.2952083e+00 +1.0231806e+00 +1.0832153e-01 -6.5756042e-01 +3.2389861e-02 +2.6040016e+04
8.1480700e-01 +1.0000000e-01 +1.7859833e+01 +6.2274083e-02 -1.2741833e-01 +2.3758611e+00 +1.2908611e+00 +1.0233264e+00 +1.1353750e-01 -6.5430486e-01 +3.4913403e-02 +2.6030553e+04
8.1721100e-01 +1.0000000e-01 +1.7848750e+01 +6.6776583e-02 -1.2877000e-01 +2.3665764e+00 +1.2865694e+00 +1.0234444e+00 +1.1874514e-01 -6.5070833e-01 +3.7414167e-02 +2.6030408e+04
8.1959400e-01 +1.0000000e-01 +1.7837167e+01 +7.1237500e-02 -1.3019250e-01 +2.3570625e+00 +1.2822986e+00 +1.0235833e+00 +1.2398194e-01 -6.4678403e-01 +3.9877639e-02 +2.6033622e+04
8.2195700e-01 +1.0000000e-01 +1.7825000e+01 +7.5655583e-02 -1.3165833e-01 +2.3473819e+00 +1.2780208e+00 +1.0237847e+00 +1.2927569e-01 -6.4256875e-01 +4.2265000e-02 +2.6035860e+04
8.2429900e-01 +1.0000000e-01 +1.7812333e+01 +8.0026417e-02 -1.3313083e-01 +2.3375694e+00 +1.2737222e+00 +1.0240903e+00 +1.3465833e-01 -6.3810278e-01 +4.4538403e-02 +2.6038041e+04
8.2662000e-01 +1.0000000e-01 +1.7799083e+01 +8.4345000e-02 -1.3458417e-01 +2.3277222e+00 +1.2693681e+00 +1.0244861e+00 +1.4015833e-01 -6.3342917e-01 +4.6687569e-02 +2.6041285e+04
8.2892100e-01 +1.0000000e-01 +1.7785417e+01 +8.8605000e-02 -1.3601500e-01 +2.3178611e+00 +1.2649375e+00 +1.0249514e+00 +1.4578125e-01 -6.2857153e-01 +4.8720556e-02 +2.6048244e+04
8.3120100e-01 +1.0000000e-01 +1.7771250e+01 +9.2797500e-02 -1.3742750e-01 +2.3078542e+00 +1.2604444e+00 +1.0254306e+00 +1.5150278e-01 -6.2348681e-01 +5.0651250e-02 +2.6063102e+04
8.3346000e-01 +1.0000000e-01 +1.7756583e+01 +9.6920000e-02 -1.3882250e-01 +2.2976458e+00 +1.2559028e+00 +1.0259167e+00 +1.5727569e-01 -6.1815278e-01 +5.2506250e-02 +2.6087207e+04
8.3570000e-01 +1.0000000e-01 +1.7741500e+01 +1.0097250e-01 -1.4019833e-01 +2.2873125e+00 +1.2513542e+00 +1.0264375e+00 +1.6305764e-01 -6.1264861e-01 +5.4319236e-02 +2.6118787e+04
8.3791800e-01 +1.0000000e-01 +1.7725917e+01 +1.0495417e-01 -1.4155333e-01 +2.2769444e+00 +1.2468403e+00 +1.0270417e+00 +1.6882917e-01 -6.0709236e-01 +5.6102361e-02 +2.6155525e+04
8.4011600e-01 +1.0000000e-01 +1.7709833e+01 +1.0886667e-01 -1.4289083e-01 +2.2666875e+00 +1.2423958e+00 +1.0277500e+00 +1.7459097e-01 -6.0155625e-01 +5.7840139e-02 +2.6196186e+04
8.4229400e-01 +1.0000000e-01 +1.7693167e+01 +1.1271250e-01 -1.4421750e-01 +2.2567222e+00 +1.2380486e+00 +1.0286042e+00 +1.8036319e-01 -5.9608819e-01 +5.9524167e-02 +2.6237257e+04
8.4445200e-01 +1.0000000e-01 +1.7676083e+01 +1.1649000e-01 -1.4555083e-01 +2.2472361e+00 +1.2337986e+00 +1.0296944e+00 +1.8616528e-01 -5.9072778e-01 +6.1166319e-02 +2.6274500e+04
8.4659000e-01 +1.0000000e-01 +1.7658417e+01 +1.2019667e-01 -1.4692500e-01 +2.2383889e+00 +1.2296458e+00 +1.0310833e+00 +1.9201042e-01 -5.8547292e-01 +6.2789306e-02 +2.6306401e+04
8.4870700e-01 +1.0000000e-01 +1.7640333e+01 +1.2382333e-01 -1.4837083e-01 +2.2302153e+00 +1.2255694e+00 +1.0327500e+00 +1.9791181e-01 -5.8025486e-01 +6.4423750e-02 +2.6335782e+04
8.5080400e-01 +1.0000000e-01 +1.7621667e+01 +1.2736083e-01 -1.4989250e-01 +2.2226458e+00 +1.2215694e+00 +1.0346319e+00 +2.0388819e-01 -5.7497431e-01 +6.6094722e-02 +2.6366008e+04
8.5288200e-01 +1.0000000e-01 +1.7602500e+01 +1.3079583e-01 -1.5145833e-01 +2.2155347e+00 +1.2176250e+00 +1.0366597e+00 +2.0997153e-01 -5.6956042e-01 +6.7809167e-02 +2.6398335e+04
8.5493900e-01 +1.0000000e-01 +1.7582833e+01 +1.3412000e-01 -1.5301917e-01 +2.2087847e+00 +1.2137431e+00 +1.0388125e+00 +2.1618611e-01 -5.6400347e-01 +6.9556250e-02 +2.6434912e+04
8.5697700e-01 +1.0000000e-01 +1.7562667e+01 +1.3733333e-01 -1.5453833e-01 +2.2024097e+00 +1.2099236e+00 +1.0410764e+00 +2.2252917e-01 -5.5834167e-01 +7.1315278e-02 +2.6478165e+04
8.5899500e-01 +1.0000000e-01 +1.7542000e+01 +1.4044000e-01 -1.5599167e-01 +2.1964653e+00 +1.2061528e+00 +1.0434722e+00 +2.2896667e-01 -5.5263403e-01 +7.3062500e-02 +2.6527502e+04
8.6099300e-01 +1.0000000e-01 +1.7520833e+01 +1.4344333e-01 -1.5737667e-01 +2.1908819e+00 +1.2024167e+00 +1.0460208e+00 +2.3546458e-01 -5.4692153e-01 +7.4773611e-02 +2.6584124e+04
8.6297100e-01 +1.0000000e-01 +1.7499083e+01 +1.4634083e-01 -1.5870083e-01 +2.1855556e+00 +1.1986875e+00 +1.0487222e+00 +2.4200278e-01 -5.4119792e-01 +7.6422222e-02 +2.6651052e+04
8.6493000e-01 +1.0000000e-01 +1.7476833e+01 +1.4912667e-01 -1.5998000e-01 +2.1804167e+00 +1.1949653e+00 +1.0515833e+00 +2.4857569e-01 -5.3540764e-01 +7.7995833e-02 +2.6729388e+04
8.6687000e-01 +1.0000000e-01 +1.7454000e+01 +1.5179750e-01 -1.6122917e-01 +2.1754097e+00 +1.1912500e+00 +1.0546042e+00 +2.5519097e-01 -5.2949028e-01 +7.9504167e-02 +2.6817847e+04
8.6879000e-01 +1.0000000e-01 +1.7430583e+01 +1.5435250e-01 -1.6245833e-01 +2.1705694e+00 +1.1875486e+00 +1.0577639e+00 +2.6186250e-01 -5.2341667e-01 +8.0969444e-02 +2.6914636e+04
8.7069100e-01 +1.0000000e-01 +1.7406667e+01 +1.5679083e-01 -1.6367000e-01 +2.1659722e+00 +1.1838681e+00 +1.0610556e+00 +2.6860417e-01 -5.1719514e-01 +8.2413889e-02 +2.7016883e+04
8.7257300e-01 +1.0000000e-01 +1.7382167e+01 +1.5911000e-01 -1.6487083e-01 +2.1616875e+00 +1.1802361e+00 +1.0644861e+00 +2.7542569e-01 -5.1083681e-01 +8.3843056e-02 +2.7120465e+04
8.7443600e-01 +1.0000000e-01 +1.7357083e+01 +1.6130250e-01 -1.6605917e-01 +2.1577361e+00 +1.1766528e+00 +1.0679722e+00 +2.8233611e-01 -5.0432083e-01 +8.5241667e-02 +2.7224709e+04
8.7628000e-01 +1.0000000e-01 +1.7331500e+01 +1.6335917e-01 -1.6722250e-01 +2.1541319e+00 +1.1731319e+00 +1.0714306e+00 +2.8935069e-01 -4.9762708e-01 +8.6575000e-02 +2.7333791e+04
8.7810500e-01 +1.0000000e-01 +1.7305333e+01 +1.6527333e-01 -1.6834167e-01 +2.1508819e+00 +1.1696667e+00 +1.0748333e+00 +2.9648958e-01 -4.9076736e-01 +8.7809722e-02 +2.7453143e+04
8.7991200e-01 +1.0000000e-01 +1.7278583e+01 +1.6703917e-01 -1.6939667e-01 +2.1480764e+00 +1.1662708e+00 +1.0782222e+00 +3.0377222e-01 -4.8378750e-01 +8.8927778e-02 +2.7585887e+04
8.8169900e-01 +1.0000000e-01 +1.7251333e+01 +1.6865500e-01 -1.7037250e-01 +2.1458611e+00 +1.1629444e+00 +1.0816736e+00 +3.1120556e-01 -4.7674653e-01 +8.9922917e-02 +2.7730959e+04
8.8346900e-01 +1.0000000e-01 +1.7223500e+01 +1.7012083e-01 -1.7126333e-01 +2.1443889e+00 +1.1596944e+00 +1.0852569e+00 +3.1878056e-01 -4.6968750e-01 +9.0791667e-02 +2.7885838e+04
8.8521900e-01 +1.0000000e-01 +1.7195167e+01 +1.7143750e-01 -1.7207500e-01 +2.1437292e+00 +1.1565208e+00 +1.0890486e+00 +3.2647986e-01 -4.6262014e-01 +9.1535417e-02 +2.8049631e+04
8.8695200e-01 +1.0000000e-01 +1.7166250e+01 +1.7260583e-01 -1.7282417e-01 +2.1438472e+00 +1.1534167e+00 +1.0930903e+00 +3.3428889e-01 -4.5553611e-01 +9.2168056e-02 +2.8222240e+04
8.8866600e-01 +1.0000000e-01 +1.7136750e+01 +1.7362333e-01 -1.7352667e-01 +2.1447083e+00 +1.1503819e+00 +1.0973958e+00 +3.4219861e-01 -4.4843611e-01 +9.2713889e-02 +2.8404031e+04
8.9036200e-01 +1.0000000e-01 +1.7106750e+01 +1.7449083e-01 -1.7418667e-01 +2.1462500e+00 +1.1474167e+00 +1.1019306e+00 +3.5020764e-01 -4.4133125e-01 +9.3194444e-02 +2.8595746e+04
8.9204000e-01 +1.0000000e-01 +1.7076250e+01 +1.7520833e-01 -1.7479583e-01 +2.1484375e+00 +1.1445347e+00 +1.1066458e+00 +3.5831111e-01 -4.3422986e-01 +9.3620833e-02 +2.8798575e+04
8.9370100e-01 +1.0000000e-01 +1.7045167e+01 +1.7577667e-01 -1.7533917e-01 +2.1512569e+00 +1.1417431e+00 +1.1115208e+00 +3.6650000e-01 -4.2712222e-01 +9.3998611e-02 +2.9013191e+04
8.9534300e-01 +1.0000000e-01 +1.7013500e+01 +1.7619917e-01 -1.7580583e-01 +2.1547222e+00 +1.1390625e+00 +1.1165417e+00 +3.7475972e-01 -4.1998542e-01 +9.4330556e-02 +2.9238906e+04
8.9696800e-01 +1.0000000e-01 +1.6981333e+01 +1.7647583e-01 -1.7618417e-01 +2.1588472e+00 +1.1365000e+00 +1.1217153e+00 +3.8307917e-01 -4.1279514e-01 +9.4628472e-02 +2.9474447e+04
8.9857600e-01 +1.0000000e-01 +1.6948583e+01 +1.7660667e-01 -1.7645917e-01 +2.1636319e+00 +1.1340556e+00 +1.1270486e+00 +3.9145903e-01 -4.0555000e-01 +9.4906944e-02 +2.9719813e+04
9.0016600e-01 +1.0000000e-01 +1.6915167e+01 +1.7659083e-01 -1.7661667e-01 +2.1690833e+00 +1.1317431e+00 +1.1325556e+00 +3.9990833e-01 -3.9826944e-01 +9.5177083e-02 +2.9974101e+04
9.0173800e-01 +1.0000000e-01 +1.6881167e+01 +1.7642917e-01 -1.7664500e-01 +2.1752222e+00 +1.1295347e+00 +1.1382431e+00 +4.0843542e-01 -3.9099375e-01 +9.5438889e-02 +3.0236824e+04
9.0329400e-01 +1.0000000e-01 +1.6846500e+01 +1.7611667e-01 -1.7654167e-01 +2.1820625e+00 +1.1274306e+00 +1.1440833e+00 +4.1704167e-01 -3.8376042e-01 +9.5681944e-02 +3.0510514e+04
9.0483300e-01 +1.0000000e-01 +1.6811250e+01 +1.7565167e-01 -1.7630500e-01 +2.1896319e+00 +1.1254028e+00 +1.1500556e+00 +4.2572431e-01 -3.7659306e-01 +9.5893750e-02 +3.0799512e+04
9.0635400e-01 +1.0000000e-01 +1.6775333e+01 +1.7503000e-01 -1.7593000e-01 +2.1979444e+00 +1.1234444e+00 +1.1561181e+00 +4.3448194e-01 -3.6949444e-01 +9.6066667e-02 +3.1108254e+04
9.0785900e-01 +1.0000000e-01 +1.6738833e+01 +1.7425083e-01 -1.7540917e-01 +2.2070347e+00 +1.1215417e+00 +1.1622708e+00 +4.4331389e-01 -3.6245972e-01 +9.6186111e-02 +3.1438624e+04
9.0934700e-01 +1.0000000e-01 +1.6701750e+01 +1.7331333e-01 -1.7473500e-01 +2.2169722e+00 +1.1196944e+00 +1.1685278e+00 +4.5222083e-01 -3.5548194e-01 +9.6231250e-02 +3.1789004e+04
9.1081900e-01 +1.0000000e-01 +1.6664000e+01 +1.7221833e-01 -1.7390417e-01 +2.2277847e+00 +1.1179028e+00 +1.1748958e+00 +4.6120208e-01 -3.4855139e-01 +9.6178472e-02 +3.2156684e+04
9.1227400e-01 +1.0000000e-01 +1.6625667e+01 +1.7096583e-01 -1.7292000e-01 +2.2394931e+00 +1.1161458e+00 +1.1814028e+00 +4.7025694e-01 -3.4165347e-01 +9.6009722e-02 +3.2541853e+04
9.1371300e-01 +1.0000000e-01 +1.6586750e+01 +1.6955667e-01 -1.7179000e-01 +2.2520833e+00 +1.1144306e+00 +1.1880625e+00 +4.7938056e-01 -3.3476875e-01 +9.5721528e-02 +3.2946501e+04
9.1513600e-01 +1.0000000e-01 +1.6547167e+01 +1.6799250e-01 -1.7052250e-01 +2.2655625e+00 +1.1127361e+00 +1.1948819e+00 +4.8856389e-01 -3.2789028e-01 +9.5318056e-02 +3.3371086e+04
9.1654300e-01 +1.0000000e-01 +1.6507083e+01 +1.6627500e-01 -1.6912083e-01 +2.2799167e+00 +1.1110764e+00 +1.2018681e+00 +4.9779514e-01 -3.2103472e-01 +9.4808333e-02 +3.3814489e+04
9.1793400e-01 +1.0000000e-01 +1.6466333e+01 +1.6441000e-01 -1.6758667e-01 +2.2951181e+00 +1.1094306e+00 +1.2090069e+00 +5.0706111e-01 -3.1423611e-01 +9.4206250e-02 +3.4276249e+04
9.1930900e-01 +1.0000000e-01 +1.6425000e+01 +1.6240167e-01 -1.6591917e-01 +2.3111528e+00 +1.1078194e+00 +1.2162986e+00 +5.1635000e-01 -3.0752708e-01 +9.3526389e-02 +3.4756934e+04
9.2066800e-01 +1.0000000e-01 +1.6383167e+01 +1.6025750e-01 -1.6411583e-01 +2.3280000e+00 +1.1062292e+00 +1.2237431e+00 +5.2565486e-01 -3.0093611e-01 +9.2783333e-02 +3.5256868e+04
9.2201200e-01 +1.0000000e-01 +1.6340667e+01 +1.5798250e-01 -1.6217250e-01 +2.3456806e+00 +1.1046736e+00 +1.2313681e+00 +5.3497153e-01 -2.9448264e-01 +9.1985417e-02 +3.5774667e+04
9.2334100e-01 +1.0000000e-01 +1.6297750e+01 +1.5558250e-01 -1.6008250e-01 +2.3642083e+00 +1.1031389e+00 +1.2391736e+00 +5.4429236e-01 -2.8818403e-01 +9.1134028e-02 +3.6309122e+04
9.2465400e-01 +1.0000000e-01 +1.6254250e+01 +1.5306417e-01 -1.5784167e-01 +2.3836042e+00 +1.1016250e+00 +1.2471667e+00 +5.5360694e-01 -2.8204722e-01 +9.0226389e-02 +3.6861488e+04
9.2595200e-01 +1.0000000e-01 +1.6210250e+01 +1.5043250e-01 -1.5544667e-01 +2.4038472e+00 +1.1001181e+00 +1.2553194e+00 +5.6289653e-01 -2.7605764e-01 +8.9259722e-02 +3.7435506e+04
9.2723500e-01 +1.0000000e-01 +1.6165750e+01 +1.4769500e-01 -1.5289500e-01 +2.4249236e+00 +1.0986181e+00 +1.2636181e+00 +5.7214653e-01 -2.7018403e-01 +8.8239583e-02 +3.8035218e+04
9.2850400e-01 +1.0000000e-01 +1.6120750e+01 +1.4485750e-01 -1.5017917e-01 +2.4468333e+00 +1.0971111e+00 +1.2720417e+00 +5.8134722e-01 -2.6440000e-01 +8.7178472e-02 +3.8662660e+04
9.2975700e-01 +1.0000000e-01 +1.6075250e+01 +1.4193000e-01 -1.4728750e-01 +2.4695903e+00 +1.0955903e+00 +1.2805764e+00 +5.9049514e-01 -2.5870347e-01 +8.6093750e-02 +3.9317046e+04
9.3099600e-01 +1.0000000e-01 +1.6029250e+01 +1.3891917e-01 -1.4420667e-01 +2.4932153e+00 +1.0940417e+00 +1.2891944e+00 +5.9958958e-01 -2.5311250e-01 +8.4996528e-02 +3.9995295e+04
9.3222000e-01 +1.0000000e-01 +1.5982750e+01 +1.3583083e-01 -1.4092333e-01 +2.5176944e+00 +1.0924583e+00 +1.2978958e+00 +6.0862986e-01 -2.4764861e-01 +8.3886806e-02 +4.0695651e+04
9.3343000e-01 +1.0000000e-01 +1.5935750e+01 +1.3267000e-01 -1.3742917e-01 +2.5430069e+00 +1.0908264e+00 +1.3066389e+00 +6.1761250e-01 -2.4232222e-01 +8.2762500e-02 +4.1418566e+04
9.3462600e-01 +1.0000000e-01 +1.5888333e+01 +1.2943917e-01 -1.3372250e-01 +2.5691250e+00 +1.0891389e+00 +1.3154167e+00 +6.2653056e-01 -2.3713056e-01 +8.1622222e-02 +4.2166558e+04
9.3580800e-01 +1.0000000e-01 +1.5840500e+01 +1.2614250e-01 -1.2980583e-01 +2.5960417e+00 +1.0873750e+00 +1.3242014e+00 +6.3537639e-01 -2.3205972e-01 +8.0465278e-02 +4.2942245e+04
9.3697600e-01 +1.0000000e-01 +1.5792167e+01 +1.2278083e-01 -1.2568167e-01 +2.6237639e+00 +1.0855347e+00 +1.3329792e+00 +6.4414306e-01 -2.2709444e-01 +7.9292361e-02 +4.3745515e+04
9.3813000e-01 +1.0000000e-01 +1.5743417e+01 +1.1935833e-01 -1.2135250e-01 +2.6523194e+00 +1.0835833e+00 +1.3417500e+00 +6.5282014e-01 -2.2222361e-01 +7.8100000e-02 +4.4575453e+04
9.3927000e-01 +1.0000000e-01 +1.5694250e+01 +1.1587667e-01 -1.1682250e-01 +2.6817083e+00 +1.0815069e+00 +1.3505069e+00 +6.6139583e-01 -2.1744375e-01 +7.6884722e-02 +4.5433442e+04
9.4039600e-01 +1.0000000e-01 +1.5644583e+01 +1.1234000e-01 -1.1210000e-01 +2.7119444e+00 +1.0792917e+00 +1.3592431e+00 +6.6986042e-01 -2.1275972e-01 +7.5638194e-02 +4.6322884e+04
9.4150900e-01 +1.0000000e-01 +1.5594500e+01 +1.0875417e-01 -1.0719583e-01 +2.7430208e+00 +1.0769097e+00 +1.3679722e+00 +6.7820764e-01 -2.0817014e-01 +7.4356944e-02 +4.7245430e+04
9.4260900e-01 +1.0000000e-01 +1.5544000e+01 +1.0512583e-01 -1.0211917e-01 +2.7749861e+00 +1.0743472e+00 +1.3766875e+00 +6.8643194e-01 -2.0366597e-01 +7.3038194e-02 +4.8199542e+04
9.4369600e-01 +1.0000000e-01 +1.5493083e+01 +1.0146083e-01 -9.6875833e-02 +2.8078750e+00 +1.0715903e+00 +1.3853819e+00 +6.9452778e-01 -1.9922917e-01 +7.1684028e-02 +4.9184169e+04
9.4476900e-01 +1.0000000e-01 +1.5441667e+01 +9.7769167e-02 -9.1464167e-02 +2.8417431e+00 +1.0686042e+00 +1.3940069e+00 +7.0249306e-01 -1.9484375e-01 +7.0297222e-02 +5.0201139e+04
9.4583000e-01 +1.0000000e-01 +1.5389917e+01 +9.4056667e-02 -8.5874167e-02 +2.8766250e+00 +1.0653750e+00 +1.4025347e+00 +7.1030556e-01 -1.9050000e-01 +6.8876458e-02 +5.1253943e+04
9.4687800e-01 +1.0000000e-01 +1.5337750e+01 +9.0330000e-02 -8.0097083e-02 +2.9125486e+00 +1.0618819e+00 +1.4109236e+00 +7.1795833e-01 -1.8619514e-01 +6.7418819e-02 +5.2346349e+04
9.4791300e-01 +1.0000000e-01 +1.5285083e+01 +8.6593333e-02 -7.4121333e-02 +2.9495347e+00 +1.0581111e+00 +1.4191528e+00 +7.2544444e-01 -1.8194167e-01 +6.5921181e-02 +5.3481095e+04
9.4893500e-01 +1.0000000e-01 +1.5232000e+01 +8.2849750e-02 -6.7939750e-02 +2.9876389e+00 +1.0540417e+00 +1.4272014e+00 +7.3275694e-01 -1.7776458e-01 +6.4385625e-02 +5.4659026e+04
9.4994500e-01 +1.0000000e-01 +1.5178417e+01 +7.9101000e-02 -6.1547583e-02 +3.0269028e+00 +1.0496736e+00 +1.4350694e+00 +7.3990278e-01 -1.7369931e-01 +6.2820833e-02 +5.5878613e+04
9.5094300e-01 +1.0000000e-01 +1.5124333e+01 +7.5349667e-02 -5.4942083e-02 +3.0673750e+00 +1.0449931e+00 +1.4427569e+00 +7.4687500e-01 -1.6978194e-01 +6.1239028e-02 +5.7137299e+04
9.5192800e-01 +1.0000000e-01 +1.5069833e+01 +7.1599000e-02 -4.8122083e-02 +3.1091042e+00 +1.0399931e+00 +1.4502847e+00 +7.5366667e-01 -1.6604375e-01 +5.9652083e-02 +5.8434604e+04
9.5290100e-01 +1.0000000e-01 +1.5014750e+01 +6.7853333e-02 -4.1088250e-02 +3.1521250e+00 +1.0346667e+00 +1.4576597e+00 +7.6027778e-01 -1.6250625e-01 +5.8069167e-02 +5.9773243e+04
9.5386300e-01 +1.0000000e-01 +1.4959083e+01 +6.4118000e-02 -3.3843583e-02 +3.1964861e+00 +1.0289931e+00 +1.4648611e+00 +7.6669444e-01 -1.5917778e-01 +5.6498194e-02 +6.1158493e+04
9.5481200e-01 +1.0000000e-01 +1.4902833e+01 +6.0398667e-02 -2.6392917e-02 +3.2422708e+00 +1.0229653e+00 +1.4718750e+00 +7.7290972e-01 -1.5605556e-01 +5.4946667e-02 +6.2594121e+04
9.5575000e-01 +1.0000000e-01 +1.4846000e+01 +5.6701250e-02 -1.8743250e-02 +3.2895556e+00 +1.0165694e+00 +1.4787153e+00 +7.7890972e-01 -1.5312778e-01 +5.3421944e-02 +6.4079082e+04
9.5667600e-01 +1.0000000e-01 +1.4788583e+01 +5.3031667e-02 -1.0902750e-02 +3.3384444e+00 +1.0097986e+00 +1.4853681e+00 +7.8469444e-01 -1.5037639e-01 +5.1931319e-02 +6.5609583e+04
9.5759100e-01 +1.0000000e-01 +1.4730333e+01 +4.9396167e-02 -2.8803417e-03 +3.3890139e+00 +1.0026319e+00 +1.4918403e+00 +7.9023611e-01 -1.4777847e-01 +5.0481250e-02 +6.7183781e+04
9.5849500e-01 +1.0000000e-01 +1.4671500e+01 +4.5801000e-02 +5.3152667e-03 +3.4413056e+00 +9.9506250e-01 +1.4981181e+00 +7.9554167e-01 -1.4530278e-01 +4.9077292e-02 +6.8804689e+04
9.5938700e-01 +1.0000000e-01 +1.4611750e+01 +4.2253167e-02 +1.3676583e-02 +3.4953472e+00 +9.8707639e-01 +1.5041667e+00 +8.0059722e-01 -1.4291458e-01 +4.7723125e-02 +7.0477853e+04
9.6026800e-01 +1.0000000e-01 +1.4551250e+01 +3.8759750e-02 +2.2197833e-02 +3.5511597e+00 +9.7864583e-01 +1.5099306e+00 +8.0539583e-01 -1.4058056e-01 +4.6420347e-02 +7.2208347e+04
9.6113800e-01 +1.0000000e-01 +1.4489917e+01 +3.5328083e-02 +3.0874000e-02 +3.6087569e+00 +9.6977083e-01 +1.5153681e+00 +8.0992361e-01 -1.3826667e-01 +4.5168194e-02 +7.3998698e+04
9.6199700e-01 +1.0000000e-01 +1.4427583e+01 +3.1965417e-02 +3.9700417e-02 +3.6681875e+00 +9.6042361e-01 +1.5204444e+00 +8.1418750e-01 -1.3594375e-01 +4.3962639e-02 +7.5850346e+04
9.6284500e-01 +1.0000000e-01 +1.4364333e+01 +2.8678917e-02 +4.8671667e-02 +3.7294861e+00 +9.5058333e-01 +1.5251458e+00 +8.1815972e-01 -1.3359236e-01 +4.2796389e-02 +7.7766050e+04
9.6368300e-01 +1.0000000e-01 +1.4300083e+01 +2.5475167e-02 +5.7780083e-02 +3.7926944e+00 +9.4025000e-01 +1.5294722e+00 +8.2185417e-01 -1.3119861e-01 +4.1658542e-02 +7.9749251e+04
9.6451000e-01 +1.0000000e-01 +1.4234667e+01 +2.2360583e-02 +6.7015667e-02 +3.8578542e+00 +9.2938889e-01 +1.5334097e+00 +8.2524306e-01 -1.2875903e-01 +4.0535903e-02 +8.1800716e+04
9.6532700e-01 +1.0000000e-01 +1.4168083e+01 +1.9340500e-02 +7.6365167e-02 +3.9250208e+00 +9.1800000e-01 +1.5369931e+00 +8.2832639e-01 -1.2627431e-01 +3.9415556e-02 +8.3920418e+04
9.6613400e-01 +1.0000000e-01 +1.4100250e+01 +1.6419833e-02 +8.5812500e-02 +3.9942153e+00 +9.0606250e-01 +1.5402431e+00 +8.3109722e-01 -1.2374375e-01 +3.8287639e-02 +8.6107671e+04
9.6693000e-01 +1.0000000e-01 +1.4031167e+01 +1.3602667e-02 +9.5340000e-02 +4.0654861e+00 +8.9356944e-01 +1.5431736e+00 +8.3354861e-01 -1.2116319e-01 +3.7146875e-02 +8.8361791e+04
9.6771600e-01 +1.0000000e-01 +1.3960583e+01 +1.0892250e-02 +1.0492750e-01 +4.1388542e+00 +8.8052083e-01 +1.5458125e+00 +8.3568056e-01 -1.1852222e-01 +3.5991944e-02 +9.0681444e+04
9.6849200e-01 +1.0000000e-01 +1.3888583e+01 +8.2914917e-03 +1.1455750e-01 +4.2143750e+00 +8.6689583e-01 +1.5481667e+00 +8.3747222e-01 -1.1581389e-01 +3.4824444e-02 +9.3065941e+04
9.6925900e-01 +1.0000000e-01 +1.3815000e+01 +5.8028583e-03 +1.2420750e-01 +4.2920764e+00 +8.5271528e-01 +1.5502361e+00 +8.3891667e-01 -1.1303542e-01 +3.3647153e-02 +9.5513915e+04
9.7001500e-01 +1.0000000e-01 +1.3739750e+01 +3.4282417e-03 +1.3385917e-01 +4.3720000e+00 +8.3795833e-01 +1.5520000e+00 +8.4000000e-01 -1.1019306e-01 +3.2463403e-02 +9.8022638e+04
9.7076200e-01 +1.0000000e-01 +1.3662667e+01 +1.1691167e-03 +1.4348750e-01 +4.4541597e+00 +8.2263889e-01 +1.5534375e+00 +8.4070833e-01 -1.0729236e-01 +3.1277153e-02 +1.0059075e+05
9.7150000e-01 +1.0000000e-01 +1.3583667e+01 -9.7345000e-04 +1.5306917e-01 +4.5385486e+00 +8.0676389e-01 +1.5545139e+00 +8.4102083e-01 -1.0433542e-01 +3.0092917e-02 +1.0321965e+05
9.7222800e-01 +1.0000000e-01 +1.3502583e+01 -2.9986500e-03 +1.6257917e-01 +4.6251319e+00 +7.9034028e-01 +1.5551875e+00 +8.4090972e-01 -1.0131597e-01 +2.8916389e-02 +1.0590939e+05
9.7294600e-01 +1.0000000e-01 +1.3419333e+01 -4.9058583e-03 +1.7199083e-01 +4.7138472e+00 +7.7338889e-01 +1.5554236e+00 +8.4036111e-01 -9.8221528e-02 +2.7754653e-02 +1.0866070e+05
9.7365600e-01 +1.0000000e-01 +1.3333667e+01 -6.6944750e-03 +1.8127750e-01 +4.8046181e+00 +7.5590972e-01 +1.5551597e+00 +8.3934722e-01 -9.5036111e-02 +2.6616389e-02 +1.1147079e+05
9.7435600e-01 +1.0000000e-01 +1.3245500e+01 -8.3638333e-03 +1.9041333e-01 +4.8973403e+00 +7.3793056e-01 +1.5543472e+00 +8.3784028e-01 -9.1744444e-02 +2.5511181e-02 +1.1433974e+05
9.7504800e-01 +1.0000000e-01 +1.3154667e+01 -9.9131667e-03 +1.9937083e-01 +4.9918819e+00 +7.1946528e-01 +1.5529167e+00 +8.3582639e-01 -8.8335417e-02 +2.4448819e-02 +1.1726408e+05
9.7573000e-01 +1.0000000e-01 +1.3060917e+01 -1.1341750e-02 +2.0812583e-01 +5.0880764e+00 +7.0054167e-01 +1.5508264e+00 +8.3327083e-01 -8.4806250e-02 +2.3437917e-02 +1.2024318e+05
9.7640400e-01 +1.0000000e-01 +1.2964000e+01 -1.2648917e-02 +2.1665083e-01 +5.1857153e+00 +6.8117500e-01 +1.5480069e+00 +8.3015278e-01 -8.1161806e-02 +2.2485556e-02 +1.2327565e+05
9.7706800e-01 +1.0000000e-01 +1.2863917e+01 -1.3834250e-02 +2.2491833e-01 +5.2845556e+00 +6.6139514e-01 +1.5444167e+00 +8.2643750e-01 -7.7413194e-02 +2.1596528e-02 +1.2635946e+05
9.7772500e-01 +1.0000000e-01 +1.2760167e+01 -1.4897667e-02 +2.3290250e-01 +5.3843264e+00 +6.4122708e-01 +1.5400139e+00 +8.2209722e-01 -7.3575694e-02 +2.0773472e-02 +1.2949111e+05
9.7837300e-01 +1.0000000e-01 +1.2652750e+01 -1.5839583e-02 +2.4057417e-01 +5.4847153e+00 +6.2069653e-01 +1.5347569e+00 +8.1709722e-01 -6.9661111e-02 +2.0016944e-02 +1.3266302e+05
9.7901200e-01 +1.0000000e-01 +1.2541333e+01 -1.6661000e-02 +2.4790750e-01 +5.5853819e+00 +5.9983333e-01 +1.5286181e+00 +8.1140972e-01 -6.5678611e-02 +1.9325972e-02 +1.3586758e+05
9.7964300e-01 +1.0000000e-01 +1.2425583e+01 -1.7363417e-02 +2.5487500e-01 +5.6859514e+00 +5.7866806e-01 +1.5215417e+00 +8.0500000e-01 -6.1631806e-02 +1.8697986e-02 +1.3909574e+05
9.8026600e-01 +1.0000000e-01 +1.2305333e+01 -1.7949000e-02 +2.6145167e-01 +5.7859792e+00 +5.5723264e-01 +1.5134931e+00 +7.9783333e-01 -5.7522500e-02 +1.8129375e-02 +1.4233988e+05
9.8088100e-01 +1.0000000e-01 +1.2180333e+01 -1.8420417e-02 +2.6761417e-01 +5.8849722e+00 +5.3556250e-01 +1.5044236e+00 +7.8986111e-01 -5.3352083e-02 +1.7615347e-02 +1.4559098e+05
9.8148700e-01 +1.0000000e-01 +1.2050167e+01 -1.8780667e-02 +2.7333750e-01 +5.9823889e+00 +5.1369514e-01 +1.4942639e+00 +7.8106250e-01 -4.9122847e-02 +1.7150208e-02 +1.4883934e+05
9.8208600e-01 +1.0000000e-01 +1.1914583e+01 -1.9033583e-02 +2.7860167e-01 +6.0775833e+00 +4.9166944e-01 +1.4829722e+00 +7.7138194e-01 -4.4839236e-02 +1.6727500e-02 +1.5207310e+05
9.8267700e-01 +1.0000000e-01 +1.1773250e+01 -1.9183083e-02 +2.8338500e-01 +6.1698403e+00 +4.6952986e-01 +1.4704653e+00 +7.6078472e-01 -4.0508125e-02 +1.6340000e-02 +1.5527907e+05
9.8326100e-01 +1.0000000e-01 +1.1625750e+01 -1.9233417e-02 +2.8766833e-01 +6.2583264e+00 +4.4732083e-01 +1.4566875e+00 +7.4922917e-01 -3.6139722e-02 +1.5980139e-02 +1.5844052e+05
9.8383600e-01 +1.0000000e-01 +1.1471917e+01 -1.9189417e-02 +2.9143417e-01 +6.3421250e+00 +4.2509167e-01 +1.4415625e+00 +7.3666667e-01 -3.1749306e-02 +1.5640069e-02 +1.6154153e+05
9.8440400e-01 +1.0000000e-01 +1.1311167e+01 -1.9055833e-02 +2.9466333e-01 +6.4201736e+00 +4.0289306e-01 +1.4250139e+00 +7.2305556e-01 -2.7358819e-02 +1.5311944e-02 +1.6456668e+05
9.8496500e-01 +1.0000000e-01 +1.1143167e+01 -1.8837917e-02 +2.9733917e-01 +6.4913125e+00 +3.8077847e-01 +1.4069653e+00 +7.0834722e-01 -2.2997083e-02 +1.4987917e-02 +1.6750061e+05
9.8551800e-01 +1.0000000e-01 +1.0967667e+01 -1.8540917e-02 +2.9944583e-01 +6.5542361e+00 +3.5880417e-01 +1.3873472e+00 +6.9249028e-01 -1.8697708e-02 +1.4660833e-02 +1.7032940e+05
9.8606400e-01 +1.0000000e-01 +1.0784000e+01 -1.8170500e-02 +3.0096583e-01 +6.6075417e+00 +3.3702708e-01 +1.3660764e+00 +6.7543750e-01 -1.4495139e-02 +1.4324097e-02 +1.7303551e+05
9.8660300e-01 +1.0000000e-01 +1.0591833e+01 -1.7732167e-02 +3.0188250e-01 +6.6497014e+00 +3.1550417e-01 +1.3430833e+00 +6.5714236e-01 -1.0421042e-02 +1.3972222e-02 +1.7560004e+05
9.8713400e-01 +1.0000000e-01 +1.0390833e+01 -1.7231917e-02 +3.0218000e-01 +6.6790833e+00 +2.9429444e-01 +1.3183125e+00 +6.3756250e-01 -6.5021597e-03 +1.3600556e-02 +1.7799789e+05
9.8765900e-01 +1.0000000e-01 +1.0180333e+01 -1.6675417e-02 +3.0184167e-01 +6.6939306e+00 +2.7345625e-01 +1.2917083e+00 +6.1666181e-01 -2.7603750e-03 +1.3205972e-02 +1.8020160e+05
9.8817700e-01 +1.0000000e-01 +9.9600000e+00 -1.6068667e-02 +3.0085167e-01 +6.6923889e+00 +2.5304722e-01 +1.2632431e+00 +5.9441042e-01 +7.8571528e-04 +1.2786389e-02 +1.8218181e+05
9.8868800e-01 +1.0000000e-01 +9.7293333e+00 -1.5417583e-02 +2.9919583e-01 +6.6724722e+00 +2.3312569e-01 +1.2328819e+00 +5.7079097e-01 +4.1182569e-03 +1.2340972e-02 +1.8390904e+05
9.8919200e-01 +1.0000000e-01 +9.4879167e+00 -1.4728000e-02 +2.9686000e-01 +6.6321250e+00 +2.1374722e-01 +1.2006250e+00 +5.4579861e-01 +7.2177778e-03 +1.1869722e-02 +1.8535445e+05
9.8968900e-01 +1.0000000e-01 +9.2351667e+00 -1.4005750e-02 +2.9383333e-01 +6.5692083e+00 +1.9496875e-01 +1.1664653e+00 +5.1944583e-01 +1.0061250e-02 +1.1373264e-02 +1.8649541e+05
9.9018000e-01 +1.0000000e-01 +8.9708333e+00 -1.3256583e-02 +2.9010333e-01 +6.4815486e+00 +1.7684236e-01 +1.1304236e+00 +4.9176667e-01 +1.2621389e-02 +1.0852569e-02 +1.8731398e+05
9.9066400e-01 +1.0000000e-01 +8.6945000e+00 -1.2486167e-02 +2.8566167e-01 +6.3670000e+00 +1.5942083e-01 +1.0925278e+00 +4.6282014e-01 +1.4866250e-02 +1.0308681e-02 +1.8780629e+05
9.9114200e-01 +1.0000000e-01 +8.4057500e+00 -1.1700083e-02 +2.8050167e-01 +6.2235278e+00 +1.4275347e-01 +1.0528125e+00 +4.3269653e-01 +1.6760278e-02 +9.7427083e-03 +1.8798207e+05
9.9161300e-01 +1.0000000e-01 +8.1043500e+00 -1.0903583e-02 +2.7461583e-01 +6.0492708e+00 +1.2688611e-01 +1.0113194e+00 +4.0152431e-01 +1.8265972e-02 +9.1556250e-03 +1.8787493e+05
9.9207900e-01 +1.0000000e-01 +7.7901750e+00 -1.0102167e-02 +2.6800000e-01 +5.8427153e+00 +1.1186319e-01 +9.6809722e-01 +3.6947083e-01 +1.9346736e-02 +8.5487500e-03 +1.8754097e+05
9.9253700e-01 +1.0000000e-01 +7.4631167e+00 -9.3006667e-03 +2.6065167e-01 +5.6027986e+00 +9.7725000e-02 +9.2318056e-01 +3.3675278e-01 +1.9970208e-02 +7.9236806e-03 +1.8707177e+05
9.9299000e-01 +1.0000000e-01 +7.1232500e+00 -8.5041667e-03 +2.5256917e-01 +5.3291389e+00 +8.4506944e-02 +8.7661111e-01 +3.0363403e-01 +2.0112014e-02 +7.2828472e-03 +1.8658938e+05
9.9343700e-01 +1.0000000e-01 +6.7707583e+00 -7.7174167e-03 +2.4375167e-01 +5.0221597e+00 +7.2240972e-02 +8.2841667e-01 +2.7043125e-01 +1.9760556e-02 +6.6295139e-03 +1.8625263e+05
9.9387800e-01 +1.0000000e-01 +6.4060250e+00 -6.9449250e-03 +2.3420083e-01 +4.6833611e+00 +6.0953750e-02 +7.7861111e-01 +2.3750972e-01 +1.8921806e-02 +5.9682153e-03 +1.8625098e+05
9.9431300e-01 +1.0000000e-01 +6.0296000e+00 -6.1911667e-03 +2.2392083e-01 +4.3154375e+00 +5.0666806e-02 +7.2720139e-01 +2.0528056e-01 +1.7623819e-02 +5.3047361e-03 +1.8679076e+05
9.9474200e-01 +1.0000000e-01 +5.6422333e+00 -5.4604833e-03 +2.1291750e-01 +3.9224931e+00 +4.1395139e-02 +6.7418750e-01 +1.7418681e-01 +1.5920139e-02 +4.6461250e-03 +1.8807997e+05
9.9516500e-01 +1.0000000e-01 +5.2448833e+00 -4.7571333e-03 +2.0119833e-01 +3.5100972e+00 +3.3146319e-02 +6.1957986e-01 +1.4469236e-01 +1.3891597e-02 +4.0005764e-03 +1.9029634e+05
9.9558300e-01 +1.0000000e-01 +4.8387000e+00 -4.0853083e-03 +1.8877417e-01 +3.0852847e+00 +2.5919653e-02 +5.6340625e-01 +1.1725764e-01 +1.1644653e-02 +3.3770903e-03 +1.9355592e+05
9.9599500e-01 +1.0000000e-01 +4.4250083e+00 -3.4492083e-03 +1.7565500e-01 +2.6564097e+00 +1.9703889e-02 +5.0574861e-01 +9.2313889e-02 +9.3057639e-03 +2.7851111e-03 +1.9788023e+05
9.9640100e-01 +1.0000000e-01 +4.0052917e+00 -2.8530583e-03 +1.6185750e-01 +2.2328472e+00 +1.4475764e-02 +4.4677569e-01 +7.0229861e-02 +7.0117361e-03 +2.2339861e-03 +2.0317003e+05
9.9680200e-01 +1.0000000e-01 +3.5811333e+00 -2.3011333e-03 +1.4739417e-01 +1.8245139e+00 +1.0197917e-02 +3.8679167e-01 +5.1281875e-02 +4.8964097e-03 +1.7325278e-03 +2.0920658e+05
9.9719800e-01 +1.0000000e-01 +3.1541750e+00 -1.7977750e-03 +1.3228333e-01 +1.4412639e+00 +6.8162431e-03 +3.2629167e-01 +3.5619861e-02 +3.0751042e-03 +1.2884583e-03 +2.1568870e+05
9.9758800e-01 +1.0000000e-01 +2.7260250e+00 -1.3473750e-03 +1.1654167e-01 +1.0921806e+00 +4.2585000e-03 +2.6603056e-01 +2.3244792e-02 +1.6302708e-03 +9.0809028e-04 +2.2230971e+05
9.9797300e-01 +1.0000000e-01 +2.2982083e+00 -9.5437500e-04 +1.0018500e-01 +7.8493056e-01 +2.4329722e-03 +2.0709167e-01 +1.3996806e-02 +6.0083750e-04 +5.9585278e-04 +2.2887909e+05
9.9835300e-01 +1.0000000e-01 +1.8721083e+00 -6.2323000e-04 +8.3232583e-02 +5.2524097e-01 +1.2288681e-03 +1.5096111e-01 +7.5609028e-03 -2.1966042e-05 +3.5385139e-04 +2.3545551e+05
9.9872800e-01 +1.0000000e-01 +1.4488750e+00 -3.5834833e-04 +6.5701250e-02 +3.1668611e-01 +5.1896944e-04 +9.9601389e-02 +3.4916667e-03 -2.9204306e-04 +1.8112569e-04 +2.4246326e+05
9.9909700e-01 +1.0000000e-01 +1.0294000e+00 -1.6403167e-04 +4.7609750e-02 +1.6082083e-01 +1.6580278e-04 +5.5531667e-02 +1.2551181e-03 -3.0065903e-04 +7.2681944e-05 +2.5077154e+05
9.9946200e-01 +1.0000000e-01 +6.1432917e-01 -4.4302333e-05 +2.8978167e-02 +5.7664306e-02 +3.2823611e-05 +2.1920764e-02 +2.8148958e-04 -1.6642500e-04 +1.8306042e-05 +2.6168313e+05
9.9982100e-01 +1.0000000e-01 +2.0403083e-01 +0.0000000e+00 +9.8336667e-03 +6.4253472e-03 +2.4045486e-06 +2.7205903e-03 +1.8433056e-05 -2.6245764e-05 +1.3627083e-06 +2.7565430e+05
1.0000000e+00 +1.0000000e-01 +0.0000000e+00 +0.0000000e+00 +0.0000000e+00 +0.0000000e+00 +0.0000000e+00 +0.0000000e+00 +0.0000000e+00 +0.0000000e+00 +0.0000000e+00 +2.7565347e+05
