#    y              z              <u>            <v>            <w>            <u'u'>         <v'v'>         <w'w'>         <u'v'>         <u'w'>         <v'w'>         <eps>         
#----------------------------------------------------------------------------------------------------------------------------------------------------------------------------------
0.0000000e+00 +1.0000000e-04 +0.0000000e+00 +0.0000000e+00 +0.0000000e+00 +0.0000000e+00 +0.0000000e+00 +0.0000000e+00 +0.0000000e+00 +0.0000000e+00 +0.0000000e+00 +6.6681597e+02
1.7900000e-04 +1.0000000e-04 +1.0833917e-03 +1.9246917e-10 +9.6235000e-11 +9.2664583e-06 +1.1671875e-09 +1.1671875e-09 +3.6105903e-10 +3.6105903e-10 -8.3781250e-11 +6.6681611e+02
5.3800000e-04 +1.0000000e-04 +3.1234000e-03 +4.9805167e-09 +3.8685167e-10 +4.3794097e-05 +1.0725278e-08 +5.5902847e-09 -1.3893542e-08 -3.0334514e-10 -2.1219444e-10 +1.8793532e+03
9.0300000e-04 +1.0000000e-04 +5.1126000e-03 +1.3390667e-07 -6.1614833e-08 +7.9600694e-05 +4.3141042e-08 +1.1272708e-08 -6.4136806e-08 -1.0129097e-10 -7.4633333e-10 +3.4261815e+03
1.2720000e-03 +1.0000000e-04 +7.0816417e-03 +6.3452250e-07 -2.4922750e-07 +1.1119861e-04 +1.1818542e-07 +1.8513194e-08 -1.6254931e-07 +2.8135000e-09 -3.9727083e-09 +4.9058962e+03
1.6470000e-03 +1.0000000e-04 +9.0435833e-03 +1.8468083e-06 -6.0369833e-07 +1.3787361e-04 +2.6407639e-07 +2.7569722e-08 -3.1062500e-07 +7.6113194e-09 -1.3419306e-08 +6.2176793e+03
2.0270000e-03 +1.0000000e-04 +1.1005250e-02 +4.1607000e-06 -1.1429500e-06 +1.6004931e-04 +5.2076667e-07 +3.8314306e-08 -5.0142153e-07 +1.2826944e-08 -3.2661319e-08 +7.3540330e+03
2.4120000e-03 +1.0000000e-04 +1.2970917e-02 +7.9798667e-06 -1.8662000e-06 +1.7851319e-04 +9.4018750e-07 +5.0445347e-08 -7.2343750e-07 +1.7325139e-08 -6.4697431e-08 +8.3400469e+03
2.8020000e-03 +1.0000000e-04 +1.4943500e-02 +1.3694083e-05 -2.7592917e-06 +1.9413542e-04 +1.5848403e-06 +6.3632014e-08 -9.6476389e-07 +2.0531875e-08 -1.1178681e-07 +9.2124011e+03
3.1980000e-03 +1.0000000e-04 +1.6925083e-02 +2.1659833e-05 -3.7994417e-06 +2.0775069e-04 +2.5258194e-06 +7.7572222e-08 -1.2165764e-06 +2.2389792e-08 -1.7548333e-07 +1.0010337e+04
3.5990000e-03 +1.0000000e-04 +1.8917250e-02 +3.2188833e-05 -4.9595000e-06 +2.2011111e-04 +3.8408611e-06 +9.2009722e-08 -1.4755069e-06 +2.3212083e-08 -2.5672083e-07 +1.0772162e+04
4.0050000e-03 +1.0000000e-04 +2.0921083e-02 +4.5543417e-05 -6.2115083e-06 +2.3187083e-04 +5.6123611e-06 +1.0673403e-07 -1.7451181e-06 +2.3500278e-08 -3.5589722e-07 +1.1533240e+04
4.4170000e-03 +1.0000000e-04 +2.2937583e-02 +6.1938833e-05 -7.5297750e-06 +2.4359028e-04 +7.9255556e-06 +1.2157847e-07 -2.0363750e-06 +2.3752153e-08 -4.7293819e-07 +1.2325592e+04
4.8350000e-03 +1.0000000e-04 +2.4967417e-02 +8.1550333e-05 -8.8933333e-06 +2.5574514e-04 +1.0866528e-05 +1.3641319e-07 -2.3674097e-06 +2.4277153e-08 -6.0733611e-07 +1.3178023e+04
5.2580000e-03 +1.0000000e-04 +2.7010833e-02 +1.0452667e-04 -1.0287917e-05 +2.6873958e-04 +1.4520417e-05 +1.5114097e-07 -2.7625556e-06 +2.5026806e-08 -7.5817361e-07 +1.4116120e+04
5.6870000e-03 +1.0000000e-04 +2.9068333e-02 +1.3100500e-04 -1.1707000e-05 +2.8291944e-04 +1.8969306e-05 +1.6569028e-07 -3.2507917e-06 +2.5443125e-08 -9.2413889e-07 +1.5162982e+04
6.1220000e-03 +1.0000000e-04 +3.1139833e-02 +1.6113083e-04 -1.3152250e-05 +2.9858472e-04 +2.4290417e-05 +1.8001458e-07 -3.8636667e-06 +2.4341458e-08 -1.1035486e-06 +1.6339196e+04
6.5630000e-03 +1.0000000e-04 +3.3225167e-02 +1.9507500e-04 -1.4633500e-05 +3.1599861e-04 +3.0553542e-05 +1.9408750e-07 -4.6328264e-06 +1.9835000e-08 -1.2943472e-06 +1.7663614e+04
7.0100000e-03 +1.0000000e-04 +3.5324167e-02 +2.3305583e-04 -1.6167833e-05 +3.3539722e-04 +3.7819514e-05 +2.0790347e-07 -5.5871111e-06 +9.3070139e-09 -1.4941458e-06 +1.9153147e+04
7.4630000e-03 +1.0000000e-04 +3.7436333e-02 +2.7535083e-04 -1.7778167e-05 +3.5699236e-04 +4.6137847e-05 +2.2147986e-07 -6.7494861e-06 -1.0562083e-08 -1.7002847e-06 +2.0823048e+04
7.9210000e-03 +1.0000000e-04 +3.9560917e-02 +3.2231500e-04 -1.9491500e-05 +3.8097569e-04 +5.5545069e-05 +2.3485694e-07 -8.1338889e-06 -4.3709097e-08 -1.9098819e-06 +2.2686864e+04
8.3870000e-03 +1.0000000e-04 +4.1697083e-02 +3.7438333e-04 -2.1336750e-05 +4.0751944e-04 +6.6063681e-05 +2.4810069e-07 -9.7420139e-06 -9.4541667e-08 -2.1199514e-06 +2.4756616e+04
8.8580000e-03 +1.0000000e-04 +4.3843667e-02 +4.3207917e-04 -2.3342250e-05 +4.3677431e-04 +7.7700694e-05 +2.6130278e-07 -1.1560972e-05 -1.6773819e-07 -2.3275069e-06 +2.7042235e+04
9.3360000e-03 +1.0000000e-04 +4.5999250e-02 +4.9601000e-04 -2.5533667e-05 +4.6886597e-04 +9.0447917e-05 +2.7457917e-07 -1.3560556e-05 -2.6799583e-07 -2.5296806e-06 +2.9551727e+04
9.8200000e-03 +1.0000000e-04 +4.8162417e-02 +5.6685667e-04 -2.7931667e-05 +5.0389375e-04 +1.0428264e-04 +2.8806181e-07 -1.5692222e-05 -3.9975139e-07 -2.7238889e-06 +3.2290769e+04
1.0311000e-02 +1.0000000e-04 +5.0331167e-02 +6.4536083e-04 -3.0549667e-05 +5.4192222e-04 +1.1916667e-04 +3.0189097e-07 -1.7888611e-05 -5.6688194e-07 -2.9079375e-06 +3.5262790e+04
1.0808000e-02 +1.0000000e-04 +5.2503417e-02 +7.3230333e-04 -3.3392833e-05 +5.8298125e-04 +1.3505278e-04 +3.1620764e-07 -2.0064236e-05 -7.7240972e-07 -3.0801250e-06 +3.8468406e+04
1.1312000e-02 +1.0000000e-04 +5.4676833e-02 +8.2848167e-04 -3.6456417e-05 +6.2705833e-04 +1.5188264e-04 +3.3113681e-07 -2.2117153e-05 -1.0182500e-06 -3.2393472e-06 +4.1905882e+04
1.1823000e-02 +1.0000000e-04 +5.6848750e-02 +9.3468333e-04 -3.9725833e-05 +6.7409861e-04 +1.6959236e-04 +3.4677708e-07 -2.3932222e-05 -1.3049861e-06 -3.3850972e-06 +4.5570549e+04
1.2341000e-02 +1.0000000e-04 +5.9016417e-02 +1.0516500e-03 -4.3176000e-05 +7.2400000e-04 +1.8811597e-04 +3.6318403e-07 -2.5385208e-05 -1.6317500e-06 -3.5175069e-06 +4.9455243e+04
1.2866000e-02 +1.0000000e-04 +6.1176667e-02 +1.1800500e-03 -4.6772583e-05 +7.7661806e-04 +2.0738681e-04 +3.8035764e-07 -2.6347500e-05 -1.9961597e-06 -3.6372500e-06 +5.3550422e+04
1.3397000e-02 +1.0000000e-04 +6.3326250e-02 +1.3204750e-03 -5.0472667e-05 +8.3175000e-04 +2.2734444e-04 +3.9822847e-07 -2.6691875e-05 -2.3943472e-06 -3.7454167e-06 +5.7843741e+04
1.3936000e-02 +1.0000000e-04 +6.5461750e-02 +1.4733667e-03 -5.4226500e-05 +8.8917361e-04 +2.4793333e-04 +4.1665139e-07 -2.6298056e-05 -2.8210972e-06 -3.8433542e-06 +6.2321902e+04
1.4482000e-02 +1.0000000e-04 +6.7579667e-02 +1.6390333e-03 -5.7979333e-05 +9.4861806e-04 +2.6910556e-04 +4.3540694e-07 -2.5058472e-05 -3.2700694e-06 -3.9324583e-06 +6.6968957e+04
1.5035000e-02 +1.0000000e-04 +6.9676167e-02 +1.8176167e-03 -6.1673417e-05 +1.0097708e-03 +2.9082222e-04 +4.5421250e-07 -2.2883056e-05 -3.7340556e-06 -4.0139236e-06 +7.1767689e+04
1.5596000e-02 +1.0000000e-04 +7.1747500e-02 +2.0090833e-03 -6.5250083e-05 +1.0723125e-03 +3.1305000e-04 +4.7274653e-07 -1.9703819e-05 -4.2053472e-06 -4.0885972e-06 +7.6701389e+04
1.6164000e-02 +1.0000000e-04 +7.3790083e-02 +2.2132333e-03 -6.8651917e-05 +1.1358958e-03 +3.3576181e-04 +4.9067569e-07 -1.5477639e-05 -4.6760625e-06 -4.1568333e-06 +8.1749633e+04
1.6739000e-02 +1.0000000e-04 +7.5800083e-02 +2.4296583e-03 -7.1824333e-05 +1.2001736e-03 +3.5893194e-04 +5.0768750e-07 -1.0187778e-05 -5.1385486e-06 -4.2184375e-06 +8.6893315e+04
1.7323000e-02 +1.0000000e-04 +7.7773750e-02 +2.6578083e-03 -7.4717833e-05 +1.2647847e-03 +3.8253194e-04 +5.2351181e-07 -3.8445903e-06 -5.5856389e-06 -4.2727153e-06 +9.2114774e+04
1.7914000e-02 +1.0000000e-04 +7.9707667e-02 +2.8969500e-03 -7.7288583e-05 +1.3293958e-03 +4.0653264e-04 +5.3794375e-07 +3.5158681e-06 -6.0109653e-06 -4.3185486e-06 +9.7393383e+04
1.8513000e-02 +1.0000000e-04 +8.1598417e-02 +3.1461833e-03 -7.9499917e-05 +1.3936597e-03 +4.3089375e-04 +5.5085278e-07 +1.1833819e-05 -6.4091181e-06 -4.3545556e-06 +1.0271101e+05
1.9119000e-02 +1.0000000e-04 +8.3442500e-02 +3.4045167e-03 -8.1322750e-05 +1.4572708e-03 +4.5556944e-04 +5.6218611e-07 +2.1028681e-05 -6.7757639e-06 -4.3792500e-06 +1.0804773e+05
1.9734000e-02 +1.0000000e-04 +8.5237500e-02 +3.6708000e-03 -8.2735833e-05 +1.5199306e-03 +4.8050347e-04 +5.7196458e-07 +3.1002917e-05 -7.1077083e-06 -4.3912292e-06 +1.1338794e+05
2.0357000e-02 +1.0000000e-04 +8.6980000e-02 +3.9438167e-03 -8.3725833e-05 +1.5813889e-03 +5.0563125e-04 +5.8026875e-07 +4.1645556e-05 -7.4027778e-06 -4.3892917e-06 +1.1871433e+05
2.0988000e-02 +1.0000000e-04 +8.8667500e-02 +4.2222833e-03 -8.4286667e-05 +1.6414097e-03 +5.3087917e-04 +5.8722153e-07 +5.2836389e-05 -7.6598611e-06 -4.3725556e-06 +1.2401070e+05
2.1627000e-02 +1.0000000e-04 +9.0298333e-02 +4.5048417e-03 -8.4420833e-05 +1.6997778e-03 +5.5616806e-04 +5.9297361e-07 +6.4449653e-05 -7.8788194e-06 -4.3404861e-06 +1.2926406e+05
2.2275000e-02 +1.0000000e-04 +9.1870000e-02 +4.7901333e-03 -8.4135000e-05 +1.7563403e-03 +5.8141319e-04 +5.9768542e-07 +7.6357639e-05 -8.0603472e-06 -4.2929306e-06 +1.3446011e+05
2.2932000e-02 +1.0000000e-04 +9.3381667e-02 +5.0767667e-03 -8.3443333e-05 +1.8109444e-03 +6.0652986e-04 +6.0152222e-07 +8.8433333e-05 -8.2056944e-06 -4.2300486e-06 +1.3958981e+05
2.3596000e-02 +1.0000000e-04 +9.4830833e-02 +5.3633750e-03 -8.2364583e-05 +1.8634722e-03 +6.3142917e-04 +6.0464653e-07 +1.0055486e-04 -8.3169444e-06 -4.1523056e-06 +1.4463916e+05
2.4270000e-02 +1.0000000e-04 +9.6216667e-02 +5.6486333e-03 -8.0922167e-05 +1.9138542e-03 +6.5602708e-04 +6.0722431e-07 +1.1260625e-04 -8.3963889e-06 -4.0604444e-06 +1.4960325e+05
2.4952000e-02 +1.0000000e-04 +9.7539167e-02 +5.9312333e-03 -7.9142250e-05 +1.9620139e-03 +6.8024028e-04 +6.0942292e-07 +1.2448056e-04 -8.4469444e-06 -3.9554514e-06 +1.5447239e+05
2.5644000e-02 +1.0000000e-04 +9.8797500e-02 +6.2099250e-03 -7.7053583e-05 +2.0079097e-03 +7.0399306e-04 +6.1141042e-07 +1.3608056e-04 -8.4714583e-06 -3.8386042e-06 +1.5924254e+05
2.6344000e-02 +1.0000000e-04 +9.9990833e-02 +6.4835500e-03 -7.4686583e-05 +2.0515347e-03 +7.2720833e-04 +6.1334861e-07 +1.4732083e-04 -8.4729861e-06 -3.7114236e-06 +1.6390689e+05
2.7054000e-02 +1.0000000e-04 +1.0112000e-01 +6.7510000e-03 -7.2072667e-05 +2.0928750e-03 +7.4983333e-04 +6.1538125e-07 +1.5812639e-04 -8.4544444e-06 -3.5756736e-06 +1.6846319e+05
2.7772000e-02 +1.0000000e-04 +1.0218583e-01 +7.0112500e-03 -6.9243583e-05 +2.1319375e-03 +7.7181250e-04 +6.1762500e-07 +1.6843194e-04 -8.4184722e-06 -3.4332569e-06 +1.7290796e+05
2.8500000e-02 +1.0000000e-04 +1.0318750e-01 +7.2633750e-03 -6.6231000e-05 +2.1687569e-03 +7.9310417e-04 +6.2015556e-07 +1.7818194e-04 -8.3675000e-06 -3.2861389e-06 +1.7724163e+05
2.9238000e-02 +1.0000000e-04 +1.0412667e-01 +7.5065167e-03 -6.3065917e-05 +2.2033611e-03 +8.1368750e-04 +6.2300417e-07 +1.8732708e-04 -8.3033333e-06 -3.1361528e-06 +1.8146472e+05
2.9985000e-02 +1.0000000e-04 +1.0500417e-01 +7.7399250e-03 -5.9778333e-05 +2.2357917e-03 +8.3354167e-04 +6.2616875e-07 +1.9582431e-04 -8.2277778e-06 -2.9848750e-06 +1.8557706e+05
3.0741000e-02 +1.0000000e-04 +1.0582083e-01 +7.9629333e-03 -5.6396667e-05 +2.2661181e-03 +8.5265972e-04 +6.2962917e-07 +2.0363542e-04 -8.1422917e-06 -2.8335208e-06 +1.8958023e+05
3.1508000e-02 +1.0000000e-04 +1.0657833e-01 +8.1749583e-03 -5.2947250e-05 +2.2944028e-03 +8.7103472e-04 +6.3338056e-07 +2.1072639e-04 -8.0484722e-06 -2.6829931e-06 +1.9347963e+05
3.2284000e-02 +1.0000000e-04 +1.0727833e-01 +8.3755000e-03 -4.9454167e-05 +2.3207153e-03 +8.8868056e-04 +6.3744653e-07 +2.1707014e-04 -7.9479167e-06 -2.5339861e-06 +1.9727725e+05
3.3070000e-02 +1.0000000e-04 +1.0792167e-01 +8.5641667e-03 -4.5939250e-05 +2.3451597e-03 +9.0559028e-04 +6.4187986e-07 +2.2264444e-04 -7.8424306e-06 -2.3871528e-06 +2.0097768e+05
3.3866000e-02 +1.0000000e-04 +1.0851000e-01 +8.7405000e-03 -4.2421917e-05 +2.3678125e-03 +9.2178472e-04 +6.4673264e-07 +2.2743681e-04 -7.7339583e-06 -2.2432292e-06 +2.0458673e+05
3.4673000e-02 +1.0000000e-04 +1.0904583e-01 +8.9043333e-03 -3.8919667e-05 +2.3887917e-03 +9.3726389e-04 +6.5203681e-07 +2.3144097e-04 -7.6244444e-06 -2.1029861e-06 +2.0811156e+05
3.5490000e-02 +1.0000000e-04 +1.0953083e-01 +9.0555000e-03 -3.5448750e-05 +2.4082014e-03 +9.5206250e-04 +6.5779306e-07 +2.3465972e-04 -7.5155556e-06 -1.9671806e-06 +2.1155693e+05
3.6317000e-02 +1.0000000e-04 +1.0996667e-01 +9.1936667e-03 -3.2024583e-05 +2.4261597e-03 +9.6620139e-04 +6.6397986e-07 +2.3710208e-04 -7.4089583e-06 -1.8364653e-06 +2.1492917e+05
3.7155000e-02 +1.0000000e-04 +1.1035583e-01 +9.3188333e-03 -2.8661750e-05 +2.4427847e-03 +9.7970139e-04 +6.7055833e-07 +2.3878264e-04 -7.3059028e-06 -1.7113333e-06 +2.1823849e+05
3.8003000e-02 +1.0000000e-04 +1.1069917e-01 +9.4310833e-03 -2.5374083e-05 +2.4582014e-03 +9.9260417e-04 +6.7747431e-07 +2.3971806e-04 -7.2074306e-06 -1.5920347e-06 +2.2149079e+05
3.8862000e-02 +1.0000000e-04 +1.1100000e-01 +9.5302500e-03 -2.2174750e-05 +2.4725556e-03 +1.0049375e-03 +6.8466458e-07 +2.3992986e-04 -7.1143750e-06 -1.4784931e-06 +2.2469667e+05
3.9732000e-02 +1.0000000e-04 +1.1126000e-01 +9.6166667e-03 -1.9075417e-05 +2.4859722e-03 +1.0167361e-03 +6.9209167e-07 +2.3944028e-04 -7.0272917e-06 -1.3703333e-06 +2.2786508e+05
4.0613000e-02 +1.0000000e-04 +1.1148167e-01 +9.6903333e-03 -1.6087167e-05 +2.4985972e-03 +1.0280278e-03 +6.9977778e-07 +2.3827639e-04 -6.9467361e-06 -1.2670347e-06 +2.3100397e+05
4.1505000e-02 +1.0000000e-04 +1.1166667e-01 +9.7515833e-03 -1.3219333e-05 +2.5105556e-03 +1.0388333e-03 +7.0780556e-07 +2.3646458e-04 -6.8732639e-06 -1.1682639e-06 +2.3412164e+05
4.2409000e-02 +1.0000000e-04 +1.1181750e-01 +9.8006667e-03 -1.0479583e-05 +2.5219653e-03 +1.0491667e-03 +7.1625694e-07 +2.3403750e-04 -6.8073194e-06 -1.0741042e-06 +2.3722838e+05
4.3324000e-02 +1.0000000e-04 +1.1193583e-01 +9.8379167e-03 -7.8729667e-06 +2.5329375e-03 +1.0590556e-03 +7.2515278e-07 +2.3102986e-04 -6.7492500e-06 -9.8495139e-07 +2.4032949e+05
4.4250000e-02 +1.0000000e-04 +1.1202500e-01 +9.8635833e-03 -5.4012167e-06 +2.5435625e-03 +1.0685208e-03 +7.3441667e-07 +2.2748056e-04 -6.6992500e-06 -9.0119444e-07 +2.4343023e+05
4.5188000e-02 +1.0000000e-04 +1.1208583e-01 +9.8781667e-03 -3.0630083e-06 +2.5539375e-03 +1.0775833e-03 +7.4393056e-07 +2.2342847e-04 -6.6575278e-06 -8.2293056e-07 +2.4653967e+05
4.6137000e-02 +1.0000000e-04 +1.1212083e-01 +9.8820000e-03 -8.5445000e-07 +2.5641181e-03 +1.0862708e-03 +7.5361806e-07 +2.1891736e-04 -6.6245625e-06 -7.4999306e-07 +2.4966193e+05
4.7099000e-02 +1.0000000e-04 +1.1213250e-01 +9.8754167e-03 +1.2302083e-06 +2.5741944e-03 +1.0946111e-03 +7.6347917e-07 +2.1399514e-04 -6.6011250e-06 -6.8231250e-07 +2.5280573e+05
4.8072000e-02 +1.0000000e-04 +1.1212167e-01 +9.8586667e-03 +3.1981167e-06 +2.5842222e-03 +1.1026181e-03 +7.7354861e-07 +2.0871528e-04 -6.5878819e-06 -6.2015417e-07 +2.5597291e+05
4.9057000e-02 +1.0000000e-04 +1.1209083e-01 +9.8322500e-03 +5.0572583e-06 +2.5942639e-03 +1.1103403e-03 +7.8384028e-07 +2.0313333e-04 -6.5847639e-06 -5.6407708e-07 +2.5917189e+05
5.0055000e-02 +1.0000000e-04 +1.1204250e-01 +9.7962500e-03 +6.8157000e-06 +2.6043889e-03 +1.1178056e-03 +7.9436111e-07 +1.9730000e-04 -6.5905417e-06 -5.1472153e-07 +2.6241141e+05
5.1065000e-02 +1.0000000e-04 +1.1197833e-01 +9.7510833e-03 +8.4811667e-06 +2.6146458e-03 +1.1250764e-03 +8.0516667e-07 +1.9125208e-04 -6.6028819e-06 -4.7274861e-07 +2.6569700e+05
5.2087000e-02 +1.0000000e-04 +1.1190000e-01 +9.6969167e-03 +1.0061250e-05 +2.6251042e-03 +1.1322153e-03 +8.1626389e-07 +1.8500764e-04 -6.6188750e-06 -4.3879306e-07 +2.6903674e+05
5.3122000e-02 +1.0000000e-04 +1.1181000e-01 +9.6340000e-03 +1.1562917e-05 +2.6358472e-03 +1.1392847e-03 +8.2756250e-07 +1.7855903e-04 -6.6360000e-06 -4.1308750e-07 +2.7244277e+05
5.4170000e-02 +1.0000000e-04 +1.1171000e-01 +9.5625000e-03 +1.2992250e-05 +2.6469514e-03 +1.1463611e-03 +8.3889583e-07 +1.7188333e-04 -6.6531875e-06 -3.9489306e-07 +2.7592437e+05
5.5231000e-02 +1.0000000e-04 +1.1160167e-01 +9.4825833e-03 +1.4352917e-05 +2.6585208e-03 +1.1534931e-03 +8.5015972e-07 +1.6495556e-04 -6.6714722e-06 -3.8248958e-07 +2.7949254e+05
5.6304000e-02 +1.0000000e-04 +1.1148750e-01 +9.3944167e-03 +1.5646167e-05 +2.6706806e-03 +1.1607292e-03 +8.6144444e-07 +1.5776389e-04 -6.6934514e-06 -3.7412292e-07 +2.8315689e+05
5.7391000e-02 +1.0000000e-04 +1.1137000e-01 +9.2982500e-03 +1.6870250e-05 +2.6835764e-03 +1.1680903e-03 +8.7293056e-07 +1.5032014e-04 -6.7218681e-06 -3.6894236e-07 +2.8693505e+05
5.8491000e-02 +1.0000000e-04 +1.1125167e-01 +9.1943333e-03 +1.8020500e-05 +2.6973611e-03 +1.1755833e-03 +8.8462500e-07 +1.4265625e-04 -6.7583542e-06 -3.6666111e-07 +2.9083741e+05
5.9604000e-02 +1.0000000e-04 +1.1113333e-01 +9.0830000e-03 +1.9087417e-05 +2.7122083e-03 +1.1832292e-03 +8.9645833e-07 +1.3481806e-04 -6.8034653e-06 -3.6658542e-07 +2.9487784e+05
6.0730000e-02 +1.0000000e-04 +1.1101917e-01 +8.9645833e-03 +2.0055167e-05 +2.7282708e-03 +1.1910139e-03 +9.0842361e-07 +1.2685417e-04 -6.8577639e-06 -3.6763958e-07 +2.9907119e+05
6.1870000e-02 +1.0000000e-04 +1.1091083e-01 +8.8396667e-03 +2.0902250e-05 +2.7457083e-03 +1.1989306e-03 +9.2063194e-07 +1.1882500e-04 -6.9226111e-06 -3.6927778e-07 +3.0343395e+05
6.3024000e-02 +1.0000000e-04 +1.1081000e-01 +8.7090833e-03 +2.1604833e-05 +2.7646667e-03 +1.2069653e-03 +9.3322222e-07 +1.1080625e-04 -6.9995139e-06 -3.7215000e-07 +3.0797866e+05
6.4192000e-02 +1.0000000e-04 +1.1072000e-01 +8.5736667e-03 +2.2140583e-05 +2.7852847e-03 +1.2151389e-03 +9.4628472e-07 +1.0288125e-04 -7.0886111e-06 -3.7811875e-07 +3.1272080e+05
6.5374000e-02 +1.0000000e-04 +1.1064167e-01 +8.4345000e-03 +2.2492083e-05 +2.8076597e-03 +1.2234792e-03 +9.5972222e-07 +9.5129167e-05 -7.1881250e-06 -3.8928194e-07 +3.1767497e+05
6.6570000e-02 +1.0000000e-04 +1.1057833e-01 +8.2926500e-03 +2.2650500e-05 +2.8318542e-03 +1.2320556e-03 +9.7324306e-07 +8.7599306e-05 -7.2949306e-06 -4.0634583e-07 +3.2285237e+05
6.7780000e-02 +1.0000000e-04 +1.1053083e-01 +8.1493667e-03 +2.2619500e-05 +2.8578472e-03 +1.2409306e-03 +9.8657639e-07 +8.0312500e-05 -7.4062500e-06 -4.2779583e-07 +3.2826355e+05
6.9004000e-02 +1.0000000e-04 +1.1049917e-01 +8.0057000e-03 +2.2416667e-05 +2.8855278e-03 +1.2501528e-03 +9.9963889e-07 +7.3265278e-05 -7.5204861e-06 -4.5072778e-07 +3.3390966e+05
7.0243000e-02 +1.0000000e-04 +1.1048583e-01 +7.8626083e-03 +2.2069500e-05 +2.9147431e-03 +1.2597222e-03 +1.0125486e-06 +6.6448889e-05 -7.6374306e-06 -4.7229375e-07 +3.3979276e+05
7.1496000e-02 +1.0000000e-04 +1.1049000e-01 +7.7208833e-03 +2.1606500e-05 +2.9453056e-03 +1.2696389e-03 +1.0255764e-06 +5.9858611e-05 -7.7578472e-06 -4.9083819e-07 +3.4590413e+05
7.2765000e-02 +1.0000000e-04 +1.1051333e-01 +7.5812167e-03 +2.1048500e-05 +2.9770139e-03 +1.2798542e-03 +1.0390278e-06 +5.3507361e-05 -7.8841667e-06 -5.0657014e-07 +3.5224414e+05
7.4048000e-02 +1.0000000e-04 +1.1055500e-01 +7.4442500e-03 +2.0407417e-05 +3.0097222e-03 +1.2903611e-03 +1.0531250e-06 +4.7443333e-05 -8.0201389e-06 -5.2142222e-07 +3.5880345e+05
7.5346000e-02 +1.0000000e-04 +1.1061667e-01 +7.3105333e-03 +1.9693917e-05 +3.0432778e-03 +1.3011667e-03 +1.0678819e-06 +4.1751458e-05 -8.1678472e-06 -5.3817153e-07 +3.6558632e+05
7.6659000e-02 +1.0000000e-04 +1.1069667e-01 +7.1805833e-03 +1.8923250e-05 +3.0775278e-03 +1.3123056e-03 +1.0831389e-06 +3.6525417e-05 -8.3258333e-06 -5.5948958e-07 +3.7258872e+05
7.7988000e-02 +1.0000000e-04 +1.1079667e-01 +7.0547667e-03 +1.8111917e-05 +3.1122917e-03 +1.3238472e-03 +1.0982569e-06 +3.1834306e-05 -8.4902778e-06 -5.8543750e-07 +3.7981571e+05
7.9332000e-02 +1.0000000e-04 +1.1091500e-01 +6.9333833e-03 +1.7276417e-05 +3.1473472e-03 +1.3357986e-03 +1.1123889e-06 +2.7716736e-05 -8.6588194e-06 -6.1019306e-07 +3.8725724e+05
8.0691000e-02 +1.0000000e-04 +1.1105167e-01 +6.8165583e-03 +1.6439417e-05 +3.1824306e-03 +1.3480764e-03 +1.1255556e-06 +2.4199167e-05 -8.8303472e-06 -6.2413750e-07 +3.9489947e+05
8.2066000e-02 +1.0000000e-04 +1.1120667e-01 +6.7041667e-03 +1.5636083e-05 +3.2171597e-03 +1.3605069e-03 +1.1391736e-06 +2.1298333e-05 -9.0025000e-06 -6.2372708e-07 +4.0272301e+05
8.3457000e-02 +1.0000000e-04 +1.1137833e-01 +6.5957667e-03 +1.4910333e-05 +3.2511319e-03 +1.3729444e-03 +1.1545556e-06 +1.8976042e-05 -9.1667361e-06 -6.1717639e-07 +4.1070456e+05
8.4864000e-02 +1.0000000e-04 +1.1156583e-01 +6.4906250e-03 +1.4299917e-05 +3.2840069e-03 +1.3853681e-03 +1.1714861e-06 +1.7082222e-05 -9.3119444e-06 -6.1645278e-07 +4.1883165e+05
8.6287000e-02 +1.0000000e-04 +1.1177000e-01 +6.3878417e-03 +1.3822833e-05 +3.3156250e-03 +1.3979028e-03 +1.1888194e-06 +1.5366042e-05 -9.4328472e-06 -6.2650833e-07 +4.2710693e+05
8.7726000e-02 +1.0000000e-04 +1.1198833e-01 +6.2864917e-03 +1.3477167e-05 +3.3460417e-03 +1.4106806e-03 +1.2058611e-06 +1.3559028e-05 -9.5329167e-06 -6.4387708e-07 +4.3554223e+05
8.9181000e-02 +1.0000000e-04 +1.1222083e-01 +6.1857083e-03 +1.3250500e-05 +3.3755208e-03 +1.4237500e-03 +1.2227083e-06 +1.1451250e-05 -9.6192361e-06 -6.6236389e-07 +4.4415853e+05
9.0653000e-02 +1.0000000e-04 +1.1246667e-01 +6.0847500e-03 +1.3125417e-05 +3.4044375e-03 +1.4370903e-03 +1.2398056e-06 +8.9182639e-06 -9.6993056e-06 -6.7839514e-07 +4.5298703e+05
9.2141000e-02 +1.0000000e-04 +1.1272500e-01 +5.9830250e-03 +1.3077917e-05 +3.4332778e-03 +1.4506806e-03 +1.2575000e-06 +5.9176181e-06 -9.7800694e-06 -6.9278472e-07 +4.6205220e+05
9.3646000e-02 +1.0000000e-04 +1.1299583e-01 +5.8801833e-03 +1.3073333e-05 +3.4626042e-03 +1.4644861e-03 +1.2755139e-06 +2.4690833e-06 -9.8660417e-06 -7.0752778e-07 +4.7139408e+05
9.5167000e-02 +1.0000000e-04 +1.1327917e-01 +5.7762667e-03 +1.3062667e-05 +3.4929722e-03 +1.4785000e-03 +1.2938333e-06 -1.3688611e-06 -9.9601389e-06 -7.2404167e-07 +4.8104694e+05
9.6706000e-02 +1.0000000e-04 +1.1357417e-01 +5.6718083e-03 +1.2986500e-05 +3.5248264e-03 +1.4927569e-03 +1.3122986e-06 -5.5063333e-06 -1.0064444e-05 -7.4433333e-07 +4.9105365e+05
9.8262000e-02 +1.0000000e-04 +1.1388167e-01 +5.5677417e-03 +1.2792750e-05 +3.5584028e-03 +1.5072292e-03 +1.3295417e-06 -9.8404861e-06 -1.0178264e-05 -7.6335417e-07 +5.0142862e+05
9.9834000e-02 +1.0000000e-04 +1.1420083e-01 +5.4653000e-03 +1.2453417e-05 +3.5936875e-03 +1.5217569e-03 +1.3447431e-06 -1.4252639e-05 -1.0304583e-05 -7.6537500e-07 +5.1216461e+05
1.0142400e-01 +1.0000000e-04 +1.1453000e-01 +5.3657917e-03 +1.1962833e-05 +3.6303889e-03 +1.5359653e-03 +1.3596458e-06 -1.8497083e-05 -1.0457639e-05 -7.4230556e-07 +5.2323741e+05
1.0303200e-01 +1.0000000e-04 +1.1486833e-01 +5.2704500e-03 +1.1337000e-05 +3.6679653e-03 +1.5495417e-03 +1.3760625e-06 -2.2134653e-05 -1.0646944e-05 -7.0762500e-07 +5.3460284e+05
1.0465700e-01 +1.0000000e-04 +1.1521500e-01 +5.1802250e-03 +1.0611167e-05 +3.7057083e-03 +1.5624583e-03 +1.3936319e-06 -2.4700139e-05 -1.0862083e-05 -6.8225347e-07 +5.4621959e+05
1.0629900e-01 +1.0000000e-04 +1.1556833e-01 +5.0957833e-03 +9.8252500e-06 +3.7429097e-03 +1.5749583e-03 +1.4112917e-06 -2.5967500e-05 -1.1077917e-05 -6.7727917e-07 +5.5806431e+05
1.0796000e-01 +1.0000000e-04 +1.1592833e-01 +5.0175917e-03 +9.0017500e-06 +3.7790347e-03 +1.5873889e-03 +1.4280694e-06 -2.6058819e-05 -1.1272014e-05 -6.9289097e-07 +5.7013636e+05
1.0963800e-01 +1.0000000e-04 +1.1629417e-01 +4.9461333e-03 +8.1396000e-06 +3.8136875e-03 +1.6000208e-03 +1.4428750e-06 -2.5296736e-05 -1.1440069e-05 -7.1909028e-07 +5.8241857e+05
1.1133400e-01 +1.0000000e-04 +1.1666333e-01 +4.8817417e-03 +7.2554083e-06 +3.8466319e-03 +1.6128889e-03 +1.4560556e-06 -2.4013542e-05 -1.1584514e-05 -7.4050694e-07 +5.9490334e+05
1.1304800e-01 +1.0000000e-04 +1.1703333e-01 +4.8243000e-03 +6.4015667e-06 +3.8778472e-03 +1.6258750e-03 +1.4690139e-06 -2.2544931e-05 -1.1702014e-05 -7.5048611e-07 +6.0757486e+05
1.1478100e-01 +1.0000000e-04 +1.1740167e-01 +4.7732417e-03 +5.6285000e-06 +3.9075417e-03 +1.6387708e-03 +1.4810903e-06 -2.1268264e-05 -1.1790625e-05 -7.4659028e-07 +6.2042603e+05
1.1653100e-01 +1.0000000e-04 +1.1776333e-01 +4.7276667e-03 +4.9687417e-06 +3.9359167e-03 +1.6511736e-03 +1.4912083e-06 -2.0467222e-05 -1.1864167e-05 -7.1135417e-07 +6.3342423e+05
1.1830100e-01 +1.0000000e-04 +1.1811750e-01 +4.6863750e-03 +4.4528500e-06 +3.9629097e-03 +1.6624931e-03 +1.5023056e-06 -2.0043333e-05 -1.1953403e-05 -6.4030903e-07 +6.4653432e+05
1.2008800e-01 +1.0000000e-04 +1.1846167e-01 +4.6480250e-03 +4.0939750e-06 +3.9882639e-03 +1.6723681e-03 +1.5167431e-06 -1.9454514e-05 -1.2079028e-05 -5.6498542e-07 +6.5969856e+05
1.2189500e-01 +1.0000000e-04 +1.1879833e-01 +4.6116000e-03 +3.8532000e-06 +4.0116667e-03 +1.6810764e-03 +1.5332917e-06 -1.8082569e-05 -1.2230486e-05 -5.2296181e-07 +6.7293854e+05
1.2372000e-01 +1.0000000e-04 +1.1913000e-01 +4.5766333e-03 +3.6642250e-06 +4.0330486e-03 +1.6894167e-03 +1.5496319e-06 -1.5753403e-05 -1.2369792e-05 -5.2804722e-07 +6.8629657e+05
1.2556400e-01 +1.0000000e-04 +1.1946000e-01 +4.5429083e-03 +3.4999000e-06 +4.0527639e-03 +1.6981944e-03 +1.5640208e-06 -1.2952847e-05 -1.2461181e-05 -5.6818611e-07 +6.9985998e+05
1.2742700e-01 +1.0000000e-04 +1.1978917e-01 +4.5101333e-03 +3.3671500e-06 +4.0715347e-03 +1.7079097e-03 +1.5767500e-06 -1.0480347e-05 -1.2504306e-05 -6.2028681e-07 +7.1370321e+05
1.2930900e-01 +1.0000000e-04 +1.2011667e-01 +4.4779500e-03 +3.2718500e-06 +4.0901597e-03 +1.7186597e-03 +1.5882708e-06 -8.9303472e-06 -1.2518542e-05 -6.6970208e-07 +7.2786836e+05
1.3121000e-01 +1.0000000e-04 +1.2044250e-01 +4.4463917e-03 +3.1773083e-06 +4.1092778e-03 +1.7302569e-03 +1.5982500e-06 -8.5234028e-06 -1.2528542e-05 -7.0252083e-07 +7.4237675e+05
1.3313000e-01 +1.0000000e-04 +1.2076417e-01 +4.4159167e-03 +3.0337917e-06 +4.1292083e-03 +1.7422083e-03 +1.6066319e-06 -9.0922917e-06 -1.2558472e-05 -7.0450694e-07 +7.5721453e+05
1.3507000e-01 +1.0000000e-04 +1.2108250e-01 +4.3868417e-03 +2.8638583e-06 +4.1496944e-03 +1.7538542e-03 +1.6150208e-06 -1.0196458e-05 -1.2624375e-05 -6.7218264e-07 +7.7233676e+05
1.3702900e-01 +1.0000000e-04 +1.2139500e-01 +4.3588583e-03 +2.7254083e-06 +4.1700972e-03 +1.7646250e-03 +1.6244931e-06 -1.1233056e-05 -1.2736389e-05 -6.2096597e-07 +7.8766519e+05
1.3900700e-01 +1.0000000e-04 +1.2170167e-01 +4.3310750e-03 +2.6799417e-06 +4.1899722e-03 +1.7743611e-03 +1.6356528e-06 -1.1644931e-05 -1.2874375e-05 -5.7714931e-07 +8.0315473e+05
1.4100500e-01 +1.0000000e-04 +1.2200000e-01 +4.3024750e-03 +2.7341333e-06 +4.2095972e-03 +1.7833750e-03 +1.6468542e-06 -1.1232431e-05 -1.3003958e-05 -5.6217083e-07 +8.1881871e+05
1.4302300e-01 +1.0000000e-04 +1.2228833e-01 +4.2727250e-03 +2.8185667e-06 +4.2295208e-03 +1.7921042e-03 +1.6553611e-06 -1.0166250e-05 -1.3109028e-05 -5.6399861e-07 +8.3469513e+05
1.4506100e-01 +1.0000000e-04 +1.2256583e-01 +4.2421833e-03 +2.8645333e-06 +4.2498958e-03 +1.8006597e-03 +1.6633333e-06 -8.6222917e-06 -1.3203611e-05 -5.5831875e-07 +8.5078174e+05
1.4711800e-01 +1.0000000e-04 +1.2283333e-01 +4.2109667e-03 +2.8966667e-06 +4.2702222e-03 +1.8089792e-03 +1.6731528e-06 -6.5910347e-06 -1.3289097e-05 -5.5321528e-07 +8.6704467e+05
1.4919600e-01 +1.0000000e-04 +1.2309417e-01 +4.1787000e-03 +2.9656750e-06 +4.2895208e-03 +1.8170347e-03 +1.6821597e-06 -4.1915000e-06 -1.3354722e-05 -5.4500625e-07 +8.8345476e+05
1.5129300e-01 +1.0000000e-04 +1.2335083e-01 +4.1450000e-03 +3.0679833e-06 +4.3071389e-03 +1.8247014e-03 +1.6924375e-06 -1.6430069e-06 -1.3408125e-05 -5.2821944e-07 +8.9998389e+05
1.5341000e-01 +1.0000000e-04 +1.2360750e-01 +4.1100250e-03 +3.1569083e-06 +4.3233056e-03 +1.8319375e-03 +1.7030139e-06 +8.1163194e-07 -1.3450833e-05 -5.1637708e-07 +9.1667918e+05
1.5554800e-01 +1.0000000e-04 +1.2386917e-01 +4.0743833e-03 +3.1891000e-06 +4.3382500e-03 +1.8386250e-03 +1.7118333e-06 +2.9792083e-06 -1.3501806e-05 -4.8806944e-07 +9.3359848e+05
1.5770600e-01 +1.0000000e-04 +1.2414000e-01 +4.0392167e-03 +3.1210500e-06 +4.3518264e-03 +1.8445208e-03 +1.7232292e-06 +5.2388750e-06 -1.3595694e-05 -4.5127569e-07 +9.5075452e+05
1.5988400e-01 +1.0000000e-04 +1.2442333e-01 +4.0057583e-03 +2.9430417e-06 +4.3638194e-03 +1.8500903e-03 +1.7347500e-06 +8.1512500e-06 -1.3694653e-05 -4.6147500e-07 +9.6821432e+05
1.6208200e-01 +1.0000000e-04 +1.2472167e-01 +3.9749583e-03 +2.6832833e-06 +4.3741667e-03 +1.8562639e-03 +1.7424236e-06 +1.1354931e-05 -1.3742847e-05 -5.0613681e-07 +9.8604754e+05
1.6430000e-01 +1.0000000e-04 +1.2503333e-01 +3.9471750e-03 +2.3961500e-06 +4.3829097e-03 +1.8633264e-03 +1.7464375e-06 +1.3824167e-05 -1.3733403e-05 -5.3938264e-07 +1.0042649e+06
1.6654000e-01 +1.0000000e-04 +1.2535500e-01 +3.9224667e-03 +2.1093917e-06 +4.3903750e-03 +1.8707361e-03 +1.7505000e-06 +1.4799028e-05 -1.3696458e-05 -5.4048194e-07 +1.0228318e+06
1.6879900e-01 +1.0000000e-04 +1.2568250e-01 +3.9006000e-03 +1.8508417e-06 +4.3976042e-03 +1.8780278e-03 +1.7570139e-06 +1.3918125e-05 -1.3629097e-05 -5.3770694e-07 +1.0417274e+06
1.7107900e-01 +1.0000000e-04 +1.2601417e-01 +3.8820417e-03 +1.5602083e-06 +4.4068750e-03 +1.8851250e-03 +1.7619583e-06 +1.0937153e-05 -1.3565208e-05 -5.3392986e-07 +1.0610625e+06
1.7338000e-01 +1.0000000e-04 +1.2634833e-01 +3.8685583e-03 +1.1249667e-06 +4.4196528e-03 +1.8916181e-03 +1.7663889e-06 +6.3297500e-06 -1.3583264e-05 -4.9319722e-07 +1.0808724e+06
1.7570100e-01 +1.0000000e-04 +1.2668000e-01 +3.8626417e-03 +4.8938417e-07 +4.4358333e-03 +1.8971250e-03 +1.7776389e-06 +1.8497569e-06 -1.3739028e-05 -4.5160139e-07 +1.1010784e+06
1.7804300e-01 +1.0000000e-04 +1.2700500e-01 +3.8653750e-03 -2.2324000e-07 +4.4540069e-03 +1.9024792e-03 +1.7914931e-06 -5.9450833e-07 -1.3959306e-05 -4.7293958e-07 +1.1215848e+06
1.8040600e-01 +1.0000000e-04 +1.2731917e-01 +3.8769500e-03 -9.3770000e-07 +4.4720694e-03 +1.9086806e-03 +1.7985347e-06 -5.2276250e-07 -1.4140556e-05 -5.1369167e-07 +1.1422629e+06
1.8278900e-01 +1.0000000e-04 +1.2762083e-01 +3.8975083e-03 -1.6546333e-06 +4.4883056e-03 +1.9154792e-03 +1.8037917e-06 +1.7166319e-06 -1.4283056e-05 -5.1067153e-07 +1.1629608e+06
1.8519300e-01 +1.0000000e-04 +1.2790750e-01 +3.9254417e-03 -2.2318500e-06 +4.5020694e-03 +1.9224653e-03 +1.8129792e-06 +5.8187083e-06 -1.4386667e-05 -5.1500556e-07 +1.1835868e+06
1.8761700e-01 +1.0000000e-04 +1.2817750e-01 +3.9569667e-03 -2.5001000e-06 +4.5138125e-03 +1.9301389e-03 +1.8202639e-06 +1.0933333e-05 -1.4447431e-05 -5.4825694e-07 +1.2041599e+06
1.9006300e-01 +1.0000000e-04 +1.2843333e-01 +3.9867417e-03 -2.3436250e-06 +4.5234306e-03 +1.9383125e-03 +1.8235069e-06 +1.6073194e-05 -1.4484861e-05 -5.2839861e-07 +1.2246652e+06
1.9252900e-01 +1.0000000e-04 +1.2867833e-01 +4.0096083e-03 -1.7825833e-06 +4.5306042e-03 +1.9458333e-03 +1.8327431e-06 +2.0638819e-05 -1.4492986e-05 -4.6540972e-07 +1.2450399e+06
1.9501600e-01 +1.0000000e-04 +1.2891333e-01 +4.0241917e-03 -1.1246500e-06 +4.5372083e-03 +1.9523125e-03 +1.8459514e-06 +2.4148333e-05 -1.4493889e-05 -4.2728958e-07 +1.2653952e+06
1.9752400e-01 +1.0000000e-04 +1.2914000e-01 +4.0337500e-03 -7.2589583e-07 +4.5452153e-03 +1.9581944e-03 +1.8578611e-06 +2.6743681e-05 -1.4513333e-05 -4.1989861e-07 +1.2858292e+06
2.0005300e-01 +1.0000000e-04 +1.2935250e-01 +4.0453750e-03 -8.8360000e-07 +4.5553472e-03 +1.9637014e-03 +1.8675694e-06 +2.9241528e-05 -1.4593056e-05 -4.1674097e-07 +1.3063070e+06
2.0260200e-01 +1.0000000e-04 +1.2954417e-01 +4.0634750e-03 -1.3823500e-06 +4.5657500e-03 +1.9687778e-03 +1.8750417e-06 +3.2482500e-05 -1.4691042e-05 -4.1215208e-07 +1.3265940e+06
2.0517200e-01 +1.0000000e-04 +1.2970500e-01 +4.0841167e-03 -1.5655333e-06 +4.5731667e-03 +1.9735139e-03 +1.8797431e-06 +3.5715833e-05 -1.4683958e-05 -4.1165833e-07 +1.3463589e+06
2.0776300e-01 +1.0000000e-04 +1.2983000e-01 +4.1002750e-03 -1.2130250e-06 +4.5776319e-03 +1.9775556e-03 +1.8780625e-06 +3.7057222e-05 -1.4578056e-05 -3.7325486e-07 +1.3654550e+06
2.1037500e-01 +1.0000000e-04 +1.2992167e-01 +4.1081000e-03 -5.8479250e-07 +4.5820278e-03 +1.9795347e-03 +1.8791111e-06 +3.6196806e-05 -1.4519722e-05 -2.6538542e-07 +1.3839805e+06
2.1300800e-01 +1.0000000e-04 +1.2999000e-01 +4.1068000e-03 +1.0011083e-07 +4.5879722e-03 +1.9792569e-03 +1.8868194e-06 +3.4534444e-05 -1.4520625e-05 -2.1535486e-07 +1.4021552e+06
2.1566100e-01 +1.0000000e-04 +1.3004917e-01 +4.1009250e-03 +4.3516750e-07 +4.5980833e-03 +1.9788333e-03 +1.8925694e-06 +3.3407708e-05 -1.4582639e-05 -2.7077708e-07 +1.4204166e+06
2.1833500e-01 +1.0000000e-04 +1.3010833e-01 +4.0952583e-03 +4.0573000e-07 +4.6117153e-03 +1.9798403e-03 +1.8933889e-06 +3.3477778e-05 -1.4676806e-05 -3.3325694e-07 +1.4389276e+06
2.2102900e-01 +1.0000000e-04 +1.3016833e-01 +4.0892417e-03 +4.1910250e-07 +4.6251667e-03 +1.9818125e-03 +1.8927431e-06 +3.5400208e-05 -1.4791597e-05 -3.4446319e-07 +1.4575008e+06
2.2374400e-01 +1.0000000e-04 +1.3023417e-01 +4.0787417e-03 +7.3850500e-07 +4.6341181e-03 +1.9840347e-03 +1.8966736e-06 +3.9071528e-05 -1.4852500e-05 -3.5131458e-07 +1.4759194e+06
2.2648000e-01 +1.0000000e-04 +1.3031333e-01 +4.0621000e-03 +1.1729250e-06 +4.6378333e-03 +1.9868611e-03 +1.9002014e-06 +4.2876736e-05 -1.4833472e-05 -3.9082500e-07 +1.4942895e+06
2.2923600e-01 +1.0000000e-04 +1.3041083e-01 +4.0419667e-03 +1.4081250e-06 +4.6392986e-03 +1.9903542e-03 +1.9009514e-06 +4.5159861e-05 -1.4778681e-05 -4.0039514e-07 +1.5128472e+06
2.3201300e-01 +1.0000000e-04 +1.3052333e-01 +4.0221667e-03 +1.3654750e-06 +4.6423125e-03 +1.9940069e-03 +1.9021597e-06 +4.5823681e-05 -1.4734583e-05 -3.9376389e-07 +1.5317305e+06
2.3481000e-01 +1.0000000e-04 +1.3064250e-01 +4.0033500e-03 +1.2780083e-06 +4.6478750e-03 +1.9972222e-03 +1.9050972e-06 +4.5292153e-05 -1.4705486e-05 -3.5360556e-07 +1.5508000e+06
2.3762700e-01 +1.0000000e-04 +1.3076167e-01 +3.9832917e-03 +1.3592167e-06 +4.6542778e-03 +1.9989444e-03 +1.9104931e-06 +4.4179097e-05 -1.4666319e-05 -2.8332986e-07 +1.5698005e+06
2.4046400e-01 +1.0000000e-04 +1.3088500e-01 +3.9638583e-03 +1.3122500e-06 +4.6613542e-03 +1.9985972e-03 +1.9201111e-06 +4.3011111e-05 -1.4681736e-05 -2.2474861e-07 +1.5887327e+06
2.4332200e-01 +1.0000000e-04 +1.3101250e-01 +3.9496500e-03 +9.5346667e-07 +4.6691458e-03 +1.9966944e-03 +1.9241875e-06 +4.1877361e-05 -1.4687361e-05 -2.0768819e-07 +1.6076523e+06
2.4620000e-01 +1.0000000e-04 +1.3114000e-01 +3.9447000e-03 +3.3085583e-07 +4.6790972e-03 +1.9942014e-03 +1.9209792e-06 +4.0774514e-05 -1.4713681e-05 -2.1886597e-07 +1.6265826e+06
2.4909800e-01 +1.0000000e-04 +1.3126083e-01 +3.9517667e-03 -4.6370333e-07 +4.6914236e-03 +1.9916806e-03 +1.9173125e-06 +4.0669653e-05 -1.4813125e-05 -2.2273542e-07 +1.6454168e+06
2.5201500e-01 +1.0000000e-04 +1.3136750e-01 +3.9721750e-03 -1.3452167e-06 +4.7064028e-03 +1.9899444e-03 +1.9223264e-06 +4.3276736e-05 -1.5005833e-05 -2.5937153e-07 +1.6640287e+06
2.5495300e-01 +1.0000000e-04 +1.3144833e-01 +4.0018083e-03 -1.9412250e-06 +4.7224306e-03 +1.9900347e-03 +1.9263819e-06 +4.8349028e-05 -1.5130000e-05 -3.1090833e-07 +1.6821395e+06
2.5791000e-01 +1.0000000e-04 +1.3149250e-01 +4.0346333e-03 -2.1394667e-06 +4.7373750e-03 +1.9915972e-03 +1.9272500e-06 +5.4182569e-05 -1.5191181e-05 -3.2816319e-07 +1.6993453e+06
2.6088700e-01 +1.0000000e-04 +1.3149583e-01 +4.0643750e-03 -1.9190500e-06 +4.7477569e-03 +1.9926597e-03 +1.9265069e-06 +5.9189236e-05 -1.5138819e-05 -2.7038819e-07 +1.7152318e+06
2.6388300e-01 +1.0000000e-04 +1.3146167e-01 +4.0899417e-03 -1.6313833e-06 +4.7552500e-03 +1.9917708e-03 +1.9283056e-06 +6.2763750e-05 -1.5072500e-05 -2.1486597e-07 +1.7298509e+06
2.6689900e-01 +1.0000000e-04 +1.3139583e-01 +4.1133917e-03 -1.4918333e-06 +4.7618056e-03 +1.9889306e-03 +1.9262847e-06 +6.5557569e-05 -1.5060069e-05 -1.5926458e-07 +1.7434156e+06
2.6993400e-01 +1.0000000e-04 +1.3130500e-01 +4.1334500e-03 -1.2714083e-06 +4.7650625e-03 +1.9844792e-03 +1.9248194e-06 +6.8552639e-05 -1.5071319e-05 -1.0413333e-07 +1.7559202e+06
2.7298800e-01 +1.0000000e-04 +1.3120167e-01 +4.1453833e-03 -7.5322250e-07 +4.7637222e-03 +1.9799028e-03 +1.9242361e-06 +7.2379167e-05 -1.5072847e-05 -1.2459792e-07 +1.7675948e+06
2.7606100e-01 +1.0000000e-04 +1.3110250e-01 +4.1443250e-03 +7.4554750e-08 +4.7571875e-03 +1.9764375e-03 +1.9142847e-06 +7.5815278e-05 -1.4966250e-05 -1.4769514e-07 +1.7787949e+06
2.7915300e-01 +1.0000000e-04 +1.3101417e-01 +4.1320667e-03 +7.7166000e-07 +4.7494722e-03 +1.9733611e-03 +1.9092361e-06 +7.7315278e-05 -1.4870069e-05 -1.2754792e-07 +1.7898499e+06
2.8226400e-01 +1.0000000e-04 +1.3092833e-01 +4.1134167e-03 +1.1504417e-06 +4.7445347e-03 +1.9698958e-03 +1.9111389e-06 +7.6820833e-05 -1.4822708e-05 -1.0713194e-07 +1.8007585e+06
2.8539300e-01 +1.0000000e-04 +1.3083000e-01 +4.0891583e-03 +1.4837500e-06 +4.7432222e-03 +1.9666667e-03 +1.9154167e-06 +7.5954167e-05 -1.4843056e-05 -1.3844792e-07 +1.8112647e+06
2.8854100e-01 +1.0000000e-04 +1.3071333e-01 +4.0586583e-03 +1.8592750e-06 +4.7431597e-03 +1.9643125e-03 +1.9211736e-06 +7.5486111e-05 -1.4871111e-05 -1.7275556e-07 +1.8211301e+06
2.9170600e-01 +1.0000000e-04 +1.3058250e-01 +4.0235250e-03 +2.1203167e-06 +4.7443333e-03 +1.9630417e-03 +1.9232639e-06 +7.5900000e-05 -1.4879653e-05 -2.2377292e-07 +1.8304587e+06
2.9489000e-01 +1.0000000e-04 +1.3044750e-01 +3.9816917e-03 +2.5188917e-06 +4.7444792e-03 +1.9616944e-03 +1.9187986e-06 +7.6031250e-05 -1.4805417e-05 -1.7956250e-07 +1.8392773e+06
2.9809200e-01 +1.0000000e-04 +1.3032000e-01 +3.9352667e-03 +2.7846833e-06 +4.7410347e-03 +1.9585278e-03 +1.9146389e-06 +7.5884028e-05 -1.4758750e-05 -1.2100694e-07 +1.8476619e+06
3.0131100e-01 +1.0000000e-04 +1.3020167e-01 +3.8883750e-03 +2.8065583e-06 +4.7342361e-03 +1.9530903e-03 +1.9175000e-06 +7.5008333e-05 -1.4713542e-05 -5.6574167e-08 +1.8556158e+06
3.0454800e-01 +1.0000000e-04 +1.3007750e-01 +3.8487583e-03 +2.3589083e-06 +4.7299653e-03 +1.9470417e-03 +1.9177847e-06 +7.4223611e-05 -1.4719514e-05 -9.8373611e-08 +1.8632084e+06
3.0780200e-01 +1.0000000e-04 +1.2993167e-01 +3.8212917e-03 +1.5997417e-06 +4.7318958e-03 +1.9419375e-03 +1.9139583e-06 +7.4967361e-05 -1.4810486e-05 -1.1311944e-07 +1.8703051e+06
3.1107400e-01 +1.0000000e-04 +1.2975000e-01 +3.7945250e-03 +1.5445167e-06 +4.7345972e-03 +1.9372917e-03 +1.9116528e-06 +7.7776389e-05 -1.4856111e-05 -1.1152153e-07 +1.8762706e+06
3.1436200e-01 +1.0000000e-04 +1.2954083e-01 +3.7529250e-03 +2.4264917e-06 +4.7362569e-03 +1.9328264e-03 +1.9106528e-06 +8.0978472e-05 -1.4820417e-05 -1.1312153e-07 +1.8811471e+06
3.1766700e-01 +1.0000000e-04 +1.2932750e-01 +3.6925750e-03 +3.5292833e-06 +4.7376458e-03 +1.9291111e-03 +1.9128819e-06 +8.2624306e-05 -1.4709097e-05 -1.5745903e-07 +1.8855341e+06
3.2098800e-01 +1.0000000e-04 +1.2913000e-01 +3.6224833e-03 +4.0828000e-06 +4.7418125e-03 +1.9263819e-03 +1.9111944e-06 +8.1151389e-05 -1.4614792e-05 -1.7931181e-07 +1.8901076e+06
3.2432600e-01 +1.0000000e-04 +1.2895500e-01 +3.5561917e-03 +3.8356917e-06 +4.7460000e-03 +1.9238819e-03 +1.9162083e-06 +7.9549306e-05 -1.4678403e-05 -1.7493194e-07 +1.8948189e+06
3.2768000e-01 +1.0000000e-04 +1.2880750e-01 +3.5019583e-03 +3.1026417e-06 +4.7460903e-03 +1.9221181e-03 +1.9132431e-06 +8.1518750e-05 -1.4796111e-05 -2.1343889e-07 +1.8996382e+06
3.3104900e-01 +1.0000000e-04 +1.2868083e-01 +3.4555750e-03 +2.6272000e-06 +4.7394792e-03 +1.9207292e-03 +1.9074861e-06 +8.4945139e-05 -1.4793958e-05 -1.8167431e-07 +1.9042546e+06
3.3443500e-01 +1.0000000e-04 +1.2855250e-01 +3.4079417e-03 +2.7027333e-06 +4.7261042e-03 +1.9167778e-03 +1.9030486e-06 +8.6601389e-05 -1.4692361e-05 -6.0517986e-08 +1.9079577e+06
3.3783500e-01 +1.0000000e-04 +1.2840500e-01 +3.3606333e-03 +2.6864250e-06 +4.7095139e-03 +1.9083056e-03 +1.9006806e-06 +8.6766667e-05 -1.4601597e-05 +6.1905694e-08 +1.9103949e+06
3.4125100e-01 +1.0000000e-04 +1.2823250e-01 +3.3220583e-03 +2.1758167e-06 +4.6927083e-03 +1.8965764e-03 +1.8971250e-06 +8.7934028e-05 -1.4623403e-05 +1.0479097e-07 +1.9116788e+06
3.4468100e-01 +1.0000000e-04 +1.2803833e-01 +3.2929167e-03 +1.6225083e-06 +4.6758681e-03 +1.8855486e-03 +1.8875972e-06 +9.2431944e-05 -1.4632847e-05 +8.9101389e-09 +1.9120904e+06
3.4812600e-01 +1.0000000e-04 +1.2782500e-01 +3.2632917e-03 +1.6373833e-06 +4.6577639e-03 +1.8775972e-03 +1.8730000e-06 +9.6422222e-05 -1.4446458e-05 -7.9309722e-08 +1.9117466e+06
3.5158500e-01 +1.0000000e-04 +1.2759417e-01 +3.2208833e-03 +2.3638000e-06 +4.6400417e-03 +1.8710903e-03 +1.8536458e-06 +9.5437500e-05 -1.4130556e-05 -7.9229861e-08 +1.9107281e+06
3.5505900e-01 +1.0000000e-04 +1.2735750e-01 +3.1673000e-03 +2.9974167e-06 +4.6255903e-03 +1.8633264e-03 +1.8452847e-06 +9.0013889e-05 -1.3963264e-05 -2.2307917e-08 +1.9093211e+06
3.5854600e-01 +1.0000000e-04 +1.2713250e-01 +3.1170083e-03 +2.7938667e-06 +4.6199722e-03 +1.8542847e-03 +1.8353958e-06 +8.5439583e-05 -1.4036111e-05 -2.7112431e-08 +1.9082782e+06
3.6204600e-01 +1.0000000e-04 +1.2692750e-01 +3.0770083e-03 +2.1729667e-06 +4.6202292e-03 +1.8456111e-03 +1.8301875e-06 +8.6422917e-05 -1.4323611e-05 -4.3794722e-08 +1.9077238e+06
3.6556000e-01 +1.0000000e-04 +1.2674083e-01 +3.0292917e-03 +2.6201000e-06 +4.6104375e-03 +1.8378958e-03 +1.8232778e-06 +9.1503472e-05 -1.4275972e-05 -6.1203194e-08 +1.9067998e+06
3.6908700e-01 +1.0000000e-04 +1.2658167e-01 +2.9732667e-03 +3.1081333e-06 +4.5951736e-03 +1.8308125e-03 +1.8175625e-06 +9.2304167e-05 -1.4005069e-05 -5.6745764e-08 +1.9059843e+06
3.7262600e-01 +1.0000000e-04 +1.2644000e-01 +2.9325500e-03 +2.2233833e-06 +4.5865417e-03 +1.8240000e-03 +1.8112292e-06 +8.9613194e-05 -1.3968333e-05 -5.5010833e-08 +1.9056594e+06
3.7617800e-01 +1.0000000e-04 +1.2627500e-01 +2.9100083e-03 +1.1957000e-06 +4.5794792e-03 +1.8167222e-03 +1.7974861e-06 +8.7929167e-05 -1.3962778e-05 -1.8672153e-08 +1.9045548e+06
3.7974200e-01 +1.0000000e-04 +1.2606083e-01 +2.8894083e-03 +1.0952417e-06 +4.5672639e-03 +1.8076250e-03 +1.7868819e-06 +8.8025000e-05 -1.3942361e-05 +4.7529028e-08 +1.9015701e+06
3.8331700e-01 +1.0000000e-04 +1.2580917e-01 +2.8573000e-03 +1.7363083e-06 +4.5508819e-03 +1.7979722e-03 +1.7750347e-06 +8.9517361e-05 -1.3869861e-05 +1.7503750e-08 +1.8971405e+06
3.8690400e-01 +1.0000000e-04 +1.2554667e-01 +2.8132833e-03 +2.3770333e-06 +4.5347917e-03 +1.7893889e-03 +1.7611736e-06 +9.0381250e-05 -1.3779097e-05 +1.2823125e-10 +1.8922910e+06
3.9050200e-01 +1.0000000e-04 +1.2528083e-01 +2.7622667e-03 +2.7456333e-06 +4.5195972e-03 +1.7803472e-03 +1.7496458e-06 +8.9278472e-05 -1.3676389e-05 +5.2579306e-08 +1.8871069e+06
3.9411100e-01 +1.0000000e-04 +1.2500500e-01 +2.7108417e-03 +2.7434667e-06 +4.5071319e-03 +1.7701042e-03 +1.7470278e-06 +8.7851389e-05 -1.3714583e-05 +7.3392361e-08 +1.8815254e+06
3.9773000e-01 +1.0000000e-04 +1.2472167e-01 +2.6561333e-03 +2.9175167e-06 +4.4932778e-03 +1.7605278e-03 +1.7391389e-06 +8.7431250e-05 -1.3650764e-05 +3.4192083e-08 +1.8754468e+06
4.0135900e-01 +1.0000000e-04 +1.2444417e-01 +2.5976833e-03 +3.1205083e-06 +4.4786528e-03 +1.7528194e-03 +1.7300764e-06 +8.7002778e-05 -1.3573472e-05 +5.1245694e-10 +1.8693108e+06
4.0499800e-01 +1.0000000e-04 +1.2418000e-01 +2.5401750e-03 +3.0524417e-06 +4.4653403e-03 +1.7468889e-03 +1.7263194e-06 +8.7518056e-05 -1.3564722e-05 -3.4564861e-08 +1.8634695e+06
4.0864600e-01 +1.0000000e-04 +1.2392417e-01 +2.4826083e-03 +3.0330167e-06 +4.4525625e-03 +1.7423472e-03 +1.7242847e-06 +8.8662500e-05 -1.3535486e-05 -4.4283125e-08 +1.8577707e+06
4.1230400e-01 +1.0000000e-04 +1.2366000e-01 +2.4168333e-03 +3.4690667e-06 +4.4350694e-03 +1.7383194e-03 +1.7250625e-06 +8.8654861e-05 -1.3380347e-05 -3.3503194e-08 +1.8514670e+06
4.1597000e-01 +1.0000000e-04 +1.2338833e-01 +2.3426750e-03 +3.9062167e-06 +4.4184097e-03 +1.7342639e-03 +1.7189097e-06 +8.6342361e-05 -1.3199722e-05 -3.0842986e-08 +1.8448751e+06
4.1964500e-01 +1.0000000e-04 +1.2312083e-01 +2.2652667e-03 +4.0805250e-06 +4.4037292e-03 +1.7293542e-03 +1.7105764e-06 +8.1829861e-05 -1.3028125e-05 +1.0451736e-08 +1.8382981e+06
4.2332800e-01 +1.0000000e-04 +1.2286250e-01 +2.1971500e-03 +3.5775333e-06 +4.3910694e-03 +1.7223403e-03 +1.7015000e-06 +7.5086111e-05 -1.2934722e-05 +7.5352778e-08 +1.8318519e+06
4.2701900e-01 +1.0000000e-04 +1.2259417e-01 +2.1452500e-03 +2.6998000e-06 +4.3820625e-03 +1.7129514e-03 +1.6955208e-06 +7.0189583e-05 -1.3058889e-05 +1.2898264e-07 +1.8251544e+06
4.3071600e-01 +1.0000000e-04 +1.2229667e-01 +2.1008333e-03 +2.3051417e-06 +4.3712014e-03 +1.7030972e-03 +1.6859375e-06 +7.0004167e-05 -1.3103819e-05 +1.0471181e-07 +1.8175580e+06
4.3442100e-01 +1.0000000e-04 +1.2197583e-01 +2.0521250e-03 +2.5194750e-06 +4.3565139e-03 +1.6945417e-03 +1.6785000e-06 +7.2102083e-05 -1.3083819e-05 +8.3772917e-08 +1.8091428e+06
4.3813300e-01 +1.0000000e-04 +1.2163917e-01 +1.9849500e-03 +3.4869250e-06 +4.3358542e-03 +1.6873889e-03 +1.6748542e-06 +7.4218056e-05 -1.2981181e-05 +6.2708611e-08 +1.7999815e+06
4.4185100e-01 +1.0000000e-04 +1.2129750e-01 +1.8949917e-03 +4.6656833e-06 +4.3141389e-03 +1.6797639e-03 +1.6678542e-06 +7.2987500e-05 -1.2850139e-05 +1.3352639e-07 +1.7905007e+06
4.4557400e-01 +1.0000000e-04 +1.2094750e-01 +1.7837667e-03 +5.7762750e-06 +4.2942431e-03 +1.6703194e-03 +1.6685417e-06 +6.8807222e-05 -1.2785069e-05 +1.6949792e-07 +1.7807037e+06
4.4930400e-01 +1.0000000e-04 +1.2060417e-01 +1.6623167e-03 +6.2975333e-06 +4.2827222e-03 +1.6614444e-03 +1.6647639e-06 +6.4843889e-05 -1.2788333e-05 +9.9846528e-08 +1.7714822e+06
4.5303800e-01 +1.0000000e-04 +1.2028917e-01 +1.5403833e-03 +6.3136000e-06 +4.2787639e-03 +1.6548611e-03 +1.6531250e-06 +6.1656319e-05 -1.2738681e-05 +4.3538403e-08 +1.7634422e+06
4.5677700e-01 +1.0000000e-04 +1.2001583e-01 +1.4260750e-03 +5.8906167e-06 +4.2799167e-03 +1.6496806e-03 +1.6481806e-06 +5.9577917e-05 -1.2804514e-05 +3.0365139e-08 +1.7567384e+06
4.6052100e-01 +1.0000000e-04 +1.1977500e-01 +1.3143500e-03 +5.7409417e-06 +4.2744306e-03 +1.6449167e-03 +1.6429167e-06 +5.9416875e-05 -1.2792500e-05 +3.7180208e-08 +1.7504834e+06
4.6426900e-01 +1.0000000e-04 +1.1956000e-01 +1.1941917e-03 +6.1783083e-06 +4.2593403e-03 +1.6408125e-03 +1.6392222e-06 +5.8931597e-05 -1.2664583e-05 +1.7475764e-08 +1.7443235e+06
4.6802000e-01 +1.0000000e-04 +1.1936417e-01 +1.0621083e-03 +6.7970917e-06 +4.2406597e-03 +1.6374097e-03 +1.6328542e-06 +5.6063750e-05 -1.2542153e-05 +1.7143889e-08 +1.7384252e+06
4.7177500e-01 +1.0000000e-04 +1.1918500e-01 +9.2463333e-04 +7.0760833e-06 +4.2220764e-03 +1.6333750e-03 +1.6313889e-06 +5.1246319e-05 -1.2455903e-05 +5.1888194e-08 +1.7328849e+06
4.7553200e-01 +1.0000000e-04 +1.1902667e-01 +7.9247417e-04 +6.7791250e-06 +4.2095556e-03 +1.6293681e-03 +1.6265972e-06 +4.6765764e-05 -1.2445833e-05 +8.5675000e-09 +1.7281591e+06
4.7929200e-01 +1.0000000e-04 +1.1888417e-01 +6.6327083e-04 +6.6193417e-06 +4.1986875e-03 +1.6267292e-03 +1.6206389e-06 +4.0767708e-05 -1.2328403e-05 -1.5724583e-08 +1.7239609e+06
4.8305400e-01 +1.0000000e-04 +1.1875583e-01 +5.3058000e-04 +6.8097500e-06 +4.1883472e-03 +1.6249444e-03 +1.6169306e-06 +3.1624861e-05 -1.2201597e-05 -1.7749097e-08 +1.7201762e+06
4.8681800e-01 +1.0000000e-04 +1.1865583e-01 +3.9577667e-04 +6.9111000e-06 +4.1833819e-03 +1.6234722e-03 +1.6135903e-06 +2.2185069e-05 -1.2206181e-05 -1.2454028e-08 +1.7173778e+06
4.9058400e-01 +1.0000000e-04 +1.1858333e-01 +2.5866167e-04 +7.0435417e-06 +4.1804583e-03 +1.6210347e-03 +1.6116875e-06 +1.2322500e-05 -1.2201111e-05 +5.2542569e-08 +1.7153392e+06
4.9435000e-01 +1.0000000e-04 +1.1853667e-01 +1.2692917e-04 +6.7560500e-06 +4.1812569e-03 +1.6176597e-03 +1.6125000e-06 +4.5470972e-06 -1.2358194e-05 +6.2058472e-08 +1.7140901e+06
4.9811700e-01 +1.0000000e-04 +1.1851417e-01 +0.0000000e+00 +6.5049083e-06 +4.1846667e-03 +1.6156736e-03 +1.6131389e-06 +1.1484097e-06 -1.2531250e-05 +9.9514583e-09 +1.7136528e+06
5.0188300e-01 +1.0000000e-04 +1.1851417e-01 -1.2692917e-04 +6.5049083e-06 +4.1846667e-03 +1.6156736e-03 +1.6131389e-06 -1.1484097e-06 -1.2531250e-05 -9.9514583e-09 +1.7136528e+06
5.0565000e-01 +1.0000000e-04 +1.1853667e-01 -2.5866167e-04 +6.7560500e-06 +4.1812569e-03 +1.6176597e-03 +1.6125000e-06 -4.5470972e-06 -1.2358194e-05 -6.2058472e-08 +1.7140901e+06
5.0941600e-01 +1.0000000e-04 +1.1858333e-01 -3.9577667e-04 +7.0435417e-06 +4.1804583e-03 +1.6210347e-03 +1.6116875e-06 -1.2322500e-05 -1.2201111e-05 -5.2542569e-08 +1.7153392e+06
5.1318200e-01 +1.0000000e-04 +1.1865583e-01 -5.3058000e-04 +6.9111000e-06 +4.1833819e-03 +1.6234722e-03 +1.6135903e-06 -2.2185069e-05 -1.2206181e-05 +1.2454028e-08 +1.7173778e+06
5.1694600e-01 +1.0000000e-04 +1.1875583e-01 -6.6327083e-04 +6.8097500e-06 +4.1883472e-03 +1.6249444e-03 +1.6169306e-06 -3.1624861e-05 -1.2201597e-05 +1.7749097e-08 +1.7201762e+06
5.2070800e-01 +1.0000000e-04 +1.1888417e-01 -7.9247417e-04 +6.6193417e-06 +4.1986875e-03 +1.6267292e-03 +1.6206389e-06 -4.0767708e-05 -1.2328403e-05 +1.5724583e-08 +1.7239609e+06
5.2446800e-01 +1.0000000e-04 +1.1902667e-01 -9.2463333e-04 +6.7791250e-06 +4.2095556e-03 +1.6293681e-03 +1.6265972e-06 -4.6765764e-05 -1.2445833e-05 -8.5675000e-09 +1.7281591e+06
5.2822500e-01 +1.0000000e-04 +1.1918500e-01 -1.0621083e-03 +7.0760833e-06 +4.2220764e-03 +1.6333750e-03 +1.6313889e-06 -5.1246319e-05 -1.2455903e-05 -5.1888194e-08 +1.7328849e+06
5.3198000e-01 +1.0000000e-04 +1.1936417e-01 -1.1941917e-03 +6.7970917e-06 +4.2406597e-03 +1.6374097e-03 +1.6328542e-06 -5.6063750e-05 -1.2542153e-05 -1.7143889e-08 +1.7384252e+06
5.3573100e-01 +1.0000000e-04 +1.1956000e-01 -1.3143500e-03 +6.1783083e-06 +4.2593403e-03 +1.6408125e-03 +1.6392222e-06 -5.8931597e-05 -1.2664583e-05 -1.7475764e-08 +1.7443235e+06
5.3947900e-01 +1.0000000e-04 +1.1977500e-01 -1.4260750e-03 +5.7409417e-06 +4.2744306e-03 +1.6449167e-03 +1.6429167e-06 -5.9416875e-05 -1.2792500e-05 -3.7180208e-08 +1.7504834e+06
5.4322300e-01 +1.0000000e-04 +1.2001583e-01 -1.5403833e-03 +5.8906167e-06 +4.2799167e-03 +1.6496806e-03 +1.6481806e-06 -5.9577917e-05 -1.2804514e-05 -3.0365139e-08 +1.7567384e+06
5.4696200e-01 +1.0000000e-04 +1.2028917e-01 -1.6623167e-03 +6.3136000e-06 +4.2787639e-03 +1.6548611e-03 +1.6531250e-06 -6.1656319e-05 -1.2738681e-05 -4.3538403e-08 +1.7634422e+06
5.5069600e-01 +1.0000000e-04 +1.2060417e-01 -1.7837667e-03 +6.2975333e-06 +4.2827222e-03 +1.6614444e-03 +1.6647639e-06 -6.4843889e-05 -1.2788333e-05 -9.9846528e-08 +1.7714822e+06
5.5442600e-01 +1.0000000e-04 +1.2094750e-01 -1.8949917e-03 +5.7762750e-06 +4.2942431e-03 +1.6703194e-03 +1.6685417e-06 -6.8807222e-05 -1.2785069e-05 -1.6949792e-07 +1.7807037e+06
5.5814900e-01 +1.0000000e-04 +1.2129750e-01 -1.9849500e-03 +4.6656833e-06 +4.3141389e-03 +1.6797639e-03 +1.6678542e-06 -7.2987500e-05 -1.2850139e-05 -1.3352639e-07 +1.7905007e+06
5.6186700e-01 +1.0000000e-04 +1.2163917e-01 -2.0521250e-03 +3.4869250e-06 +4.3358542e-03 +1.6873889e-03 +1.6748542e-06 -7.4218056e-05 -1.2981181e-05 -6.2708611e-08 +1.7999815e+06
5.6557900e-01 +1.0000000e-04 +1.2197583e-01 -2.1008333e-03 +2.5194750e-06 +4.3565139e-03 +1.6945417e-03 +1.6785000e-06 -7.2102083e-05 -1.3083819e-05 -8.3772917e-08 +1.8091428e+06
5.6928400e-01 +1.0000000e-04 +1.2229667e-01 -2.1452500e-03 +2.3051417e-06 +4.3712014e-03 +1.7030972e-03 +1.6859375e-06 -7.0004167e-05 -1.3103819e-05 -1.0471181e-07 +1.8175580e+06
5.7298100e-01 +1.0000000e-04 +1.2259417e-01 -2.1971500e-03 +2.6998000e-06 +4.3820625e-03 +1.7129514e-03 +1.6955208e-06 -7.0189583e-05 -1.3058889e-05 -1.2898264e-07 +1.8251544e+06
5.7667200e-01 +1.0000000e-04 +1.2286250e-01 -2.2652667e-03 +3.5775333e-06 +4.3910694e-03 +1.7223403e-03 +1.7015000e-06 -7.5086111e-05 -1.2934722e-05 -7.5352778e-08 +1.8318519e+06
5.8035500e-01 +1.0000000e-04 +1.2312083e-01 -2.3426750e-03 +4.0805250e-06 +4.4037292e-03 +1.7293542e-03 +1.7105764e-06 -8.1829861e-05 -1.3028125e-05 -1.0451736e-08 +1.8382981e+06
5.8403000e-01 +1.0000000e-04 +1.2338833e-01 -2.4168333e-03 +3.9062167e-06 +4.4184097e-03 +1.7342639e-03 +1.7189097e-06 -8.6342361e-05 -1.3199722e-05 +3.0842986e-08 +1.8448751e+06
5.8769600e-01 +1.0000000e-04 +1.2366000e-01 -2.4826083e-03 +3.4690667e-06 +4.4350694e-03 +1.7383194e-03 +1.7250625e-06 -8.8654861e-05 -1.3380347e-05 +3.3503194e-08 +1.8514670e+06
5.9135400e-01 +1.0000000e-04 +1.2392417e-01 -2.5401750e-03 +3.0330167e-06 +4.4525625e-03 +1.7423472e-03 +1.7242847e-06 -8.8662500e-05 -1.3535486e-05 +4.4283125e-08 +1.8577707e+06
5.9500200e-01 +1.0000000e-04 +1.2418000e-01 -2.5976833e-03 +3.0524417e-06 +4.4653403e-03 +1.7468889e-03 +1.7263194e-06 -8.7518056e-05 -1.3564722e-05 +3.4564861e-08 +1.8634695e+06
5.9864100e-01 +1.0000000e-04 +1.2444417e-01 -2.6561333e-03 +3.1205083e-06 +4.4786528e-03 +1.7528194e-03 +1.7300764e-06 -8.7002778e-05 -1.3573472e-05 -5.1245694e-10 +1.8693108e+06
6.0227000e-01 +1.0000000e-04 +1.2472167e-01 -2.7108417e-03 +2.9175167e-06 +4.4932778e-03 +1.7605278e-03 +1.7391389e-06 -8.7431250e-05 -1.3650764e-05 -3.4192083e-08 +1.8754468e+06
6.0588900e-01 +1.0000000e-04 +1.2500500e-01 -2.7622667e-03 +2.7434667e-06 +4.5071319e-03 +1.7701042e-03 +1.7470278e-06 -8.7851389e-05 -1.3714583e-05 -7.3392361e-08 +1.8815254e+06
6.0949800e-01 +1.0000000e-04 +1.2528083e-01 -2.8132833e-03 +2.7456333e-06 +4.5195972e-03 +1.7803472e-03 +1.7496458e-06 -8.9278472e-05 -1.3676389e-05 -5.2579306e-08 +1.8871069e+06
6.1309600e-01 +1.0000000e-04 +1.2554667e-01 -2.8573000e-03 +2.3770333e-06 +4.5347917e-03 +1.7893889e-03 +1.7611736e-06 -9.0381250e-05 -1.3779097e-05 -1.2823125e-10 +1.8922910e+06
6.1668300e-01 +1.0000000e-04 +1.2580917e-01 -2.8894083e-03 +1.7363083e-06 +4.5508819e-03 +1.7979722e-03 +1.7750347e-06 -8.9517361e-05 -1.3869861e-05 -1.7503750e-08 +1.8971405e+06
6.2025800e-01 +1.0000000e-04 +1.2606083e-01 -2.9100083e-03 +1.0952417e-06 +4.5672639e-03 +1.8076250e-03 +1.7868819e-06 -8.8025000e-05 -1.3942361e-05 -4.7529028e-08 +1.9015701e+06
6.2382200e-01 +1.0000000e-04 +1.2627500e-01 -2.9325500e-03 +1.1957000e-06 +4.5794792e-03 +1.8167222e-03 +1.7974861e-06 -8.7929167e-05 -1.3962778e-05 +1.8672153e-08 +1.9045548e+06
6.2737400e-01 +1.0000000e-04 +1.2644000e-01 -2.9732667e-03 +2.2233833e-06 +4.5865417e-03 +1.8240000e-03 +1.8112292e-06 -8.9613194e-05 -1.3968333e-05 +5.5010833e-08 +1.9056594e+06
6.3091300e-01 +1.0000000e-04 +1.2658167e-01 -3.0292917e-03 +3.1081333e-06 +4.5951736e-03 +1.8308125e-03 +1.8175625e-06 -9.2304167e-05 -1.4005069e-05 +5.6745764e-08 +1.9059843e+06
6.3444000e-01 +1.0000000e-04 +1.2674083e-01 -3.0770083e-03 +2.6201000e-06 +4.6104375e-03 +1.8378958e-03 +1.8232778e-06 -9.1503472e-05 -1.4275972e-05 +6.1203194e-08 +1.9067998e+06
6.3795400e-01 +1.0000000e-04 +1.2692750e-01 -3.1170083e-03 +2.1729667e-06 +4.6202292e-03 +1.8456111e-03 +1.8301875e-06 -8.6422917e-05 -1.4323611e-05 +4.3794722e-08 +1.9077238e+06
6.4145400e-01 +1.0000000e-04 +1.2713250e-01 -3.1673000e-03 +2.7938667e-06 +4.6199722e-03 +1.8542847e-03 +1.8353958e-06 -8.5439583e-05 -1.4036111e-05 +2.7112431e-08 +1.9082782e+06
6.4494100e-01 +1.0000000e-04 +1.2735750e-01 -3.2208833e-03 +2.9974167e-06 +4.6255903e-03 +1.8633264e-03 +1.8452847e-06 -9.0013889e-05 -1.3963264e-05 +2.2307917e-08 +1.9093211e+06
6.4841500e-01 +1.0000000e-04 +1.2759417e-01 -3.2632917e-03 +2.3638000e-06 +4.6400417e-03 +1.8710903e-03 +1.8536458e-06 -9.5437500e-05 -1.4130556e-05 +7.9229861e-08 +1.9107281e+06
6.5187400e-01 +1.0000000e-04 +1.2782500e-01 -3.2929167e-03 +1.6373833e-06 +4.6577639e-03 +1.8775972e-03 +1.8730000e-06 -9.6422222e-05 -1.4446458e-05 +7.9309722e-08 +1.9117466e+06
6.5531900e-01 +1.0000000e-04 +1.2803833e-01 -3.3220583e-03 +1.6225083e-06 +4.6758681e-03 +1.8855486e-03 +1.8875972e-06 -9.2431944e-05 -1.4632847e-05 -8.9101389e-09 +1.9120904e+06
6.5874900e-01 +1.0000000e-04 +1.2823250e-01 -3.3606333e-03 +2.1758167e-06 +4.6927083e-03 +1.8965764e-03 +1.8971250e-06 -8.7934028e-05 -1.4623403e-05 -1.0479097e-07 +1.9116788e+06
6.6216500e-01 +1.0000000e-04 +1.2840500e-01 -3.4079417e-03 +2.6864250e-06 +4.7095139e-03 +1.9083056e-03 +1.9006806e-06 -8.6766667e-05 -1.4601597e-05 -6.1905694e-08 +1.9103949e+06
6.6556500e-01 +1.0000000e-04 +1.2855250e-01 -3.4555750e-03 +2.7027333e-06 +4.7261042e-03 +1.9167778e-03 +1.9030486e-06 -8.6601389e-05 -1.4692361e-05 +6.0517986e-08 +1.9079577e+06
6.6895100e-01 +1.0000000e-04 +1.2868083e-01 -3.5019583e-03 +2.6272000e-06 +4.7394792e-03 +1.9207292e-03 +1.9074861e-06 -8.4945139e-05 -1.4793958e-05 +1.8167431e-07 +1.9042546e+06
6.7232000e-01 +1.0000000e-04 +1.2880750e-01 -3.5561917e-03 +3.1026417e-06 +4.7460903e-03 +1.9221181e-03 +1.9132431e-06 -8.1518750e-05 -1.4796111e-05 +2.1343889e-07 +1.8996382e+06
6.7567400e-01 +1.0000000e-04 +1.2895500e-01 -3.6224833e-03 +3.8356917e-06 +4.7460000e-03 +1.9238819e-03 +1.9162083e-06 -7.9549306e-05 -1.4678403e-05 +1.7493194e-07 +1.8948189e+06
6.7901200e-01 +1.0000000e-04 +1.2913000e-01 -3.6925750e-03 +4.0828000e-06 +4.7418125e-03 +1.9263819e-03 +1.9111944e-06 -8.1151389e-05 -1.4614792e-05 +1.7931181e-07 +1.8901076e+06
6.8233300e-01 +1.0000000e-04 +1.2932750e-01 -3.7529250e-03 +3.5292833e-06 +4.7376458e-03 +1.9291111e-03 +1.9128819e-06 -8.2624306e-05 -1.4709097e-05 +1.5745903e-07 +1.8855341e+06
6.8563800e-01 +1.0000000e-04 +1.2954083e-01 -3.7945250e-03 +2.4264917e-06 +4.7362569e-03 +1.9328264e-03 +1.9106528e-06 -8.0978472e-05 -1.4820417e-05 +1.1312153e-07 +1.8811471e+06
6.8892600e-01 +1.0000000e-04 +1.2975000e-01 -3.8212917e-03 +1.5445167e-06 +4.7345972e-03 +1.9372917e-03 +1.9116528e-06 -7.7776389e-05 -1.4856111e-05 +1.1152153e-07 +1.8762706e+06
6.9219800e-01 +1.0000000e-04 +1.2993167e-01 -3.8487583e-03 +1.5997417e-06 +4.7318958e-03 +1.9419375e-03 +1.9139583e-06 -7.4967361e-05 -1.4810486e-05 +1.1311944e-07 +1.8703051e+06
6.9545200e-01 +1.0000000e-04 +1.3007750e-01 -3.8883750e-03 +2.3589083e-06 +4.7299653e-03 +1.9470417e-03 +1.9177847e-06 -7.4223611e-05 -1.4719514e-05 +9.8373611e-08 +1.8632084e+06
6.9868900e-01 +1.0000000e-04 +1.3020167e-01 -3.9352667e-03 +2.8065583e-06 +4.7342361e-03 +1.9530903e-03 +1.9175000e-06 -7.5008333e-05 -1.4713542e-05 +5.6574167e-08 +1.8556157e+06
7.0190800e-01 +1.0000000e-04 +1.3032000e-01 -3.9816917e-03 +2.7846833e-06 +4.7410347e-03 +1.9585278e-03 +1.9146389e-06 -7.5884028e-05 -1.4758750e-05 +1.2100694e-07 +1.8476619e+06
7.0511000e-01 +1.0000000e-04 +1.3044750e-01 -4.0235250e-03 +2.5188917e-06 +4.7444792e-03 +1.9616944e-03 +1.9187986e-06 -7.6031250e-05 -1.4805417e-05 +1.7956250e-07 +1.8392773e+06
7.0829400e-01 +1.0000000e-04 +1.3058250e-01 -4.0586583e-03 +2.1203167e-06 +4.7443333e-03 +1.9630417e-03 +1.9232639e-06 -7.5900000e-05 -1.4879653e-05 +2.2377292e-07 +1.8304587e+06
7.1145900e-01 +1.0000000e-04 +1.3071333e-01 -4.0891583e-03 +1.8592750e-06 +4.7431597e-03 +1.9643125e-03 +1.9211736e-06 -7.5486111e-05 -1.4871111e-05 +1.7275556e-07 +1.8211301e+06
7.1460700e-01 +1.0000000e-04 +1.3083000e-01 -4.1134167e-03 +1.4837500e-06 +4.7432222e-03 +1.9666667e-03 +1.9154167e-06 -7.5954167e-05 -1.4843056e-05 +1.3844792e-07 +1.8112647e+06
7.1773600e-01 +1.0000000e-04 +1.3092833e-01 -4.1320667e-03 +1.1504417e-06 +4.7445347e-03 +1.9698958e-03 +1.9111389e-06 -7.6820833e-05 -1.4822708e-05 +1.0713194e-07 +1.8007585e+06
7.2084700e-01 +1.0000000e-04 +1.3101417e-01 -4.1443250e-03 +7.7166000e-07 +4.7494722e-03 +1.9733611e-03 +1.9092361e-06 -7.7315278e-05 -1.4870069e-05 +1.2754792e-07 +1.7898499e+06
7.2393900e-01 +1.0000000e-04 +1.3110250e-01 -4.1453833e-03 +7.4554750e-08 +4.7571875e-03 +1.9764375e-03 +1.9142847e-06 -7.5815278e-05 -1.4966250e-05 +1.4769514e-07 +1.7787949e+06
7.2701200e-01 +1.0000000e-04 +1.3120167e-01 -4.1334500e-03 -7.5322250e-07 +4.7637222e-03 +1.9799028e-03 +1.9242361e-06 -7.2379167e-05 -1.5072847e-05 +1.2459792e-07 +1.7675948e+06
7.3006600e-01 +1.0000000e-04 +1.3130500e-01 -4.1133917e-03 -1.2714083e-06 +4.7650625e-03 +1.9844792e-03 +1.9248194e-06 -6.8552639e-05 -1.5071319e-05 +1.0413333e-07 +1.7559202e+06
7.3310100e-01 +1.0000000e-04 +1.3139583e-01 -4.0899417e-03 -1.4918333e-06 +4.7618056e-03 +1.9889306e-03 +1.9262847e-06 -6.5557569e-05 -1.5060069e-05 +1.5926458e-07 +1.7434156e+06
7.3611700e-01 +1.0000000e-04 +1.3146167e-01 -4.0643750e-03 -1.6313833e-06 +4.7552500e-03 +1.9917708e-03 +1.9283056e-06 -6.2763750e-05 -1.5072500e-05 +2.1486597e-07 +1.7298509e+06
7.3911300e-01 +1.0000000e-04 +1.3149583e-01 -4.0346333e-03 -1.9190500e-06 +4.7477569e-03 +1.9926597e-03 +1.9265069e-06 -5.9189236e-05 -1.5138819e-05 +2.7038819e-07 +1.7152318e+06
7.4209000e-01 +1.0000000e-04 +1.3149250e-01 -4.0018083e-03 -2.1394667e-06 +4.7373750e-03 +1.9915972e-03 +1.9272500e-06 -5.4182569e-05 -1.5191181e-05 +3.2816319e-07 +1.6993453e+06
7.4504700e-01 +1.0000000e-04 +1.3144833e-01 -3.9721750e-03 -1.9412250e-06 +4.7224306e-03 +1.9900347e-03 +1.9263819e-06 -4.8349028e-05 -1.5130000e-05 +3.1090833e-07 +1.6821395e+06
7.4798500e-01 +1.0000000e-04 +1.3136750e-01 -3.9517667e-03 -1.3452167e-06 +4.7064028e-03 +1.9899444e-03 +1.9223264e-06 -4.3276736e-05 -1.5005833e-05 +2.5937153e-07 +1.6640287e+06
7.5090200e-01 +1.0000000e-04 +1.3126083e-01 -3.9447000e-03 -4.6370333e-07 +4.6914236e-03 +1.9916806e-03 +1.9173125e-06 -4.0669653e-05 -1.4813125e-05 +2.2273542e-07 +1.6454168e+06
7.5380000e-01 +1.0000000e-04 +1.3114000e-01 -3.9496500e-03 +3.3085583e-07 +4.6790972e-03 +1.9942014e-03 +1.9209792e-06 -4.0774514e-05 -1.4713681e-05 +2.1886597e-07 +1.6265826e+06
7.5667800e-01 +1.0000000e-04 +1.3101250e-01 -3.9638583e-03 +9.5346667e-07 +4.6691458e-03 +1.9966944e-03 +1.9241875e-06 -4.1877361e-05 -1.4687361e-05 +2.0768819e-07 +1.6076523e+06
7.5953600e-01 +1.0000000e-04 +1.3088500e-01 -3.9832917e-03 +1.3122500e-06 +4.6613542e-03 +1.9985972e-03 +1.9201111e-06 -4.3011111e-05 -1.4681736e-05 +2.2474861e-07 +1.5887327e+06
7.6237300e-01 +1.0000000e-04 +1.3076167e-01 -4.0033500e-03 +1.3592167e-06 +4.6542778e-03 +1.9989444e-03 +1.9104931e-06 -4.4179097e-05 -1.4666319e-05 +2.8332986e-07 +1.5698005e+06
7.6519000e-01 +1.0000000e-04 +1.3064250e-01 -4.0221667e-03 +1.2780083e-06 +4.6478750e-03 +1.9972222e-03 +1.9050972e-06 -4.5292153e-05 -1.4705486e-05 +3.5360556e-07 +1.5508000e+06
7.6798700e-01 +1.0000000e-04 +1.3052333e-01 -4.0419667e-03 +1.3654750e-06 +4.6423125e-03 +1.9940069e-03 +1.9021597e-06 -4.5823681e-05 -1.4734583e-05 +3.9376389e-07 +1.5317305e+06
7.7076400e-01 +1.0000000e-04 +1.3041083e-01 -4.0621000e-03 +1.4081250e-06 +4.6392986e-03 +1.9903542e-03 +1.9009514e-06 -4.5159861e-05 -1.4778681e-05 +4.0039514e-07 +1.5128472e+06
7.7352000e-01 +1.0000000e-04 +1.3031333e-01 -4.0787417e-03 +1.1729250e-06 +4.6378333e-03 +1.9868611e-03 +1.9002014e-06 -4.2876736e-05 -1.4833472e-05 +3.9082500e-07 +1.4942895e+06
7.7625600e-01 +1.0000000e-04 +1.3023417e-01 -4.0892417e-03 +7.3850500e-07 +4.6341181e-03 +1.9840347e-03 +1.8966736e-06 -3.9071528e-05 -1.4852500e-05 +3.5131458e-07 +1.4759194e+06
7.7897100e-01 +1.0000000e-04 +1.3016833e-01 -4.0952583e-03 +4.1910250e-07 +4.6251667e-03 +1.9818125e-03 +1.8927431e-06 -3.5400208e-05 -1.4791597e-05 +3.4446319e-07 +1.4575008e+06
7.8166500e-01 +1.0000000e-04 +1.3010833e-01 -4.1009250e-03 +4.0573000e-07 +4.6117153e-03 +1.9798403e-03 +1.8933889e-06 -3.3477778e-05 -1.4676806e-05 +3.3325694e-07 +1.4389276e+06
7.8433900e-01 +1.0000000e-04 +1.3004917e-01 -4.1068000e-03 +4.3516750e-07 +4.5980833e-03 +1.9788333e-03 +1.8925694e-06 -3.3407708e-05 -1.4582639e-05 +2.7077708e-07 +1.4204166e+06
7.8699200e-01 +1.0000000e-04 +1.2999000e-01 -4.1081000e-03 +1.0011083e-07 +4.5879722e-03 +1.9792569e-03 +1.8868194e-06 -3.4534444e-05 -1.4520625e-05 +2.1535486e-07 +1.4021552e+06
7.8962500e-01 +1.0000000e-04 +1.2992167e-01 -4.1002750e-03 -5.8479250e-07 +4.5820278e-03 +1.9795347e-03 +1.8791111e-06 -3.6196806e-05 -1.4519722e-05 +2.6538542e-07 +1.3839805e+06
7.9223700e-01 +1.0000000e-04 +1.2983000e-01 -4.0841167e-03 -1.2130250e-06 +4.5776319e-03 +1.9775556e-03 +1.8780625e-06 -3.7057222e-05 -1.4578056e-05 +3.7325486e-07 +1.3654550e+06
7.9482800e-01 +1.0000000e-04 +1.2970500e-01 -4.0634750e-03 -1.5655333e-06 +4.5731667e-03 +1.9735139e-03 +1.8797431e-06 -3.5715833e-05 -1.4683958e-05 +4.1165833e-07 +1.3463589e+06
7.9739800e-01 +1.0000000e-04 +1.2954417e-01 -4.0453750e-03 -1.3823500e-06 +4.5657500e-03 +1.9687778e-03 +1.8750417e-06 -3.2482500e-05 -1.4691042e-05 +4.1215208e-07 +1.3265940e+06
7.9994700e-01 +1.0000000e-04 +1.2935250e-01 -4.0337500e-03 -8.8360000e-07 +4.5553472e-03 +1.9637014e-03 +1.8675694e-06 -2.9241528e-05 -1.4593056e-05 +4.1674097e-07 +1.3063070e+06
8.0247600e-01 +1.0000000e-04 +1.2914000e-01 -4.0241917e-03 -7.2589583e-07 +4.5452153e-03 +1.9581944e-03 +1.8578611e-06 -2.6743681e-05 -1.4513333e-05 +4.1989861e-07 +1.2858292e+06
8.0498400e-01 +1.0000000e-04 +1.2891333e-01 -4.0096083e-03 -1.1246500e-06 +4.5372083e-03 +1.9523125e-03 +1.8459514e-06 -2.4148333e-05 -1.4493889e-05 +4.2728958e-07 +1.2653952e+06
8.0747100e-01 +1.0000000e-04 +1.2867833e-01 -3.9867417e-03 -1.7825833e-06 +4.5306042e-03 +1.9458333e-03 +1.8327431e-06 -2.0638819e-05 -1.4492986e-05 +4.6540972e-07 +1.2450399e+06
8.0993700e-01 +1.0000000e-04 +1.2843333e-01 -3.9569667e-03 -2.3436250e-06 +4.5234306e-03 +1.9383125e-03 +1.8235069e-06 -1.6073194e-05 -1.4484861e-05 +5.2839861e-07 +1.2246652e+06
8.1238300e-01 +1.0000000e-04 +1.2817750e-01 -3.9254417e-03 -2.5001000e-06 +4.5138125e-03 +1.9301389e-03 +1.8202639e-06 -1.0933333e-05 -1.4447431e-05 +5.4825694e-07 +1.2041599e+06
8.1480700e-01 +1.0000000e-04 +1.2790750e-01 -3.8975083e-03 -2.2318500e-06 +4.5020694e-03 +1.9224653e-03 +1.8129792e-06 -5.8187083e-06 -1.4386667e-05 +5.1500556e-07 +1.1835868e+06
8.1721100e-01 +1.0000000e-04 +1.2762083e-01 -3.8769500e-03 -1.6546333e-06 +4.4883056e-03 +1.9154792e-03 +1.8037917e-06 -1.7166319e-06 -1.4283056e-05 +5.1067153e-07 +1.1629608e+06
8.1959400e-01 +1.0000000e-04 +1.2731917e-01 -3.8653750e-03 -9.3770000e-07 +4.4720694e-03 +1.9086806e-03 +1.7985347e-06 +5.2276250e-07 -1.4140556e-05 +5.1369167e-07 +1.1422629e+06
8.2195700e-01 +1.0000000e-04 +1.2700500e-01 -3.8626417e-03 -2.2324000e-07 +4.4540069e-03 +1.9024792e-03 +1.7914931e-06 +5.9450833e-07 -1.3959306e-05 +4.7293958e-07 +1.1215848e+06
8.2429900e-01 +1.0000000e-04 +1.2668000e-01 -3.8685583e-03 +4.8938417e-07 +4.4358333e-03 +1.8971250e-03 +1.7776389e-06 -1.8497569e-06 -1.3739028e-05 +4.5160139e-07 +1.1010784e+06
8.2662000e-01 +1.0000000e-04 +1.2634833e-01 -3.8820417e-03 +1.1249667e-06 +4.4196528e-03 +1.8916181e-03 +1.7663889e-06 -6.3297500e-06 -1.3583264e-05 +4.9319722e-07 +1.0808724e+06
8.2892100e-01 +1.0000000e-04 +1.2601417e-01 -3.9006000e-03 +1.5602083e-06 +4.4068750e-03 +1.8851250e-03 +1.7619583e-06 -1.0937153e-05 -1.3565208e-05 +5.3392986e-07 +1.0610625e+06
8.3120100e-01 +1.0000000e-04 +1.2568250e-01 -3.9224667e-03 +1.8508417e-06 +4.3976042e-03 +1.8780278e-03 +1.7570139e-06 -1.3918125e-05 -1.3629097e-05 +5.3770694e-07 +1.0417274e+06
8.3346000e-01 +1.0000000e-04 +1.2535500e-01 -3.9471750e-03 +2.1093917e-06 +4.3903750e-03 +1.8707361e-03 +1.7505000e-06 -1.4799028e-05 -1.3696458e-05 +5.4048194e-07 +1.0228318e+06
8.3570000e-01 +1.0000000e-04 +1.2503333e-01 -3.9749583e-03 +2.3961500e-06 +4.3829097e-03 +1.8633264e-03 +1.7464375e-06 -1.3824167e-05 -1.3733403e-05 +5.3938264e-07 +1.0042649e+06
8.3791800e-01 +1.0000000e-04 +1.2472167e-01 -4.0057583e-03 +2.6832833e-06 +4.3741667e-03 +1.8562639e-03 +1.7424236e-06 -1.1354931e-05 -1.3742847e-05 +5.0613681e-07 +9.8604754e+05
8.4011600e-01 +1.0000000e-04 +1.2442333e-01 -4.0392167e-03 +2.9430417e-06 +4.3638194e-03 +1.8500903e-03 +1.7347500e-06 -8.1512500e-06 -1.3694653e-05 +4.6147500e-07 +9.6821432e+05
8.4229400e-01 +1.0000000e-04 +1.2414000e-01 -4.0743833e-03 +3.1210500e-06 +4.3518264e-03 +1.8445208e-03 +1.7232292e-06 -5.2388750e-06 -1.3595694e-05 +4.5127569e-07 +9.5075452e+05
8.4445200e-01 +1.0000000e-04 +1.2386917e-01 -4.1100250e-03 +3.1891000e-06 +4.3382500e-03 +1.8386250e-03 +1.7118333e-06 -2.9792083e-06 -1.3501806e-05 +4.8806944e-07 +9.3359848e+05
8.4659000e-01 +1.0000000e-04 +1.2360750e-01 -4.1450000e-03 +3.1569083e-06 +4.3233056e-03 +1.8319375e-03 +1.7030139e-06 -8.1163194e-07 -1.3450833e-05 +5.1637708e-07 +9.1667918e+05
8.4870700e-01 +1.0000000e-04 +1.2335083e-01 -4.1787000e-03 +3.0679833e-06 +4.3071389e-03 +1.8247014e-03 +1.6924375e-06 +1.6430069e-06 -1.3408125e-05 +5.2821944e-07 +8.9998389e+05
8.5080400e-01 +1.0000000e-04 +1.2309417e-01 -4.2109667e-03 +2.9656750e-06 +4.2895208e-03 +1.8170347e-03 +1.6821597e-06 +4.1915000e-06 -1.3354722e-05 +5.4500625e-07 +8.8345476e+05
8.5288200e-01 +1.0000000e-04 +1.2283333e-01 -4.2421833e-03 +2.8966667e-06 +4.2702222e-03 +1.8089792e-03 +1.6731528e-06 +6.5910347e-06 -1.3289097e-05 +5.5321528e-07 +8.6704467e+05
8.5493900e-01 +1.0000000e-04 +1.2256583e-01 -4.2727250e-03 +2.8645333e-06 +4.2498958e-03 +1.8006597e-03 +1.6633333e-06 +8.6222917e-06 -1.3203611e-05 +5.5831875e-07 +8.5078174e+05
8.5697700e-01 +1.0000000e-04 +1.2228833e-01 -4.3024750e-03 +2.8185667e-06 +4.2295208e-03 +1.7921042e-03 +1.6553611e-06 +1.0166250e-05 -1.3109028e-05 +5.6399861e-07 +8.3469513e+05
8.5899500e-01 +1.0000000e-04 +1.2200000e-01 -4.3310750e-03 +2.7341333e-06 +4.2095972e-03 +1.7833750e-03 +1.6468542e-06 +1.1232431e-05 -1.3003958e-05 +5.6217083e-07 +8.1881871e+05
8.6099300e-01 +1.0000000e-04 +1.2170167e-01 -4.3588583e-03 +2.6799417e-06 +4.1899722e-03 +1.7743611e-03 +1.6356528e-06 +1.1644931e-05 -1.2874375e-05 +5.7714931e-07 +8.0315473e+05
8.6297100e-01 +1.0000000e-04 +1.2139500e-01 -4.3868417e-03 +2.7254083e-06 +4.1700972e-03 +1.7646250e-03 +1.6244931e-06 +1.1233056e-05 -1.2736389e-05 +6.2096597e-07 +7.8766519e+05
8.6493000e-01 +1.0000000e-04 +1.2108250e-01 -4.4159167e-03 +2.8638583e-06 +4.1496944e-03 +1.7538542e-03 +1.6150208e-06 +1.0196458e-05 -1.2624375e-05 +6.7218264e-07 +7.7233676e+05
8.6687000e-01 +1.0000000e-04 +1.2076417e-01 -4.4463917e-03 +3.0337917e-06 +4.1292083e-03 +1.7422083e-03 +1.6066319e-06 +9.0922917e-06 -1.2558472e-05 +7.0450694e-07 +7.5721453e+05
8.6879000e-01 +1.0000000e-04 +1.2044250e-01 -4.4779500e-03 +3.1773083e-06 +4.1092778e-03 +1.7302569e-03 +1.5982500e-06 +8.5234028e-06 -1.2528542e-05 +7.0252083e-07 +7.4237675e+05
8.7069100e-01 +1.0000000e-04 +1.2011667e-01 -4.5101333e-03 +3.2718500e-06 +4.0901597e-03 +1.7186597e-03 +1.5882708e-06 +8.9303472e-06 -1.2518542e-05 +6.6970208e-07 +7.2786836e+05
8.7257300e-01 +1.0000000e-04 +1.1978917e-01 -4.5429083e-03 +3.3671500e-06 +4.0715347e-03 +1.7079097e-03 +1.5767500e-06 +1.0480347e-05 -1.2504306e-05 +6.2028681e-07 +7.1370321e+05
8.7443600e-01 +1.0000000e-04 +1.1946000e-01 -4.5766333e-03 +3.4999000e-06 +4.0527639e-03 +1.6981944e-03 +1.5640208e-06 +1.2952847e-05 -1.2461181e-05 +5.6818611e-07 +6.9985998e+05
8.7628000e-01 +1.0000000e-04 +1.1913000e-01 -4.6116000e-03 +3.6642250e-06 +4.0330486e-03 +1.6894167e-03 +1.5496319e-06 +1.5753403e-05 -1.2369792e-05 +5.2804722e-07 +6.8629657e+05
8.7810500e-01 +1.0000000e-04 +1.1879833e-01 -4.6480250e-03 +3.8532000e-06 +4.0116667e-03 +1.6810764e-03 +1.5332917e-06 +1.8082569e-05 -1.2230486e-05 +5.2296181e-07 +6.7293854e+05
8.7991200e-01 +1.0000000e-04 +1.1846167e-01 -4.6863750e-03 +4.0939750e-06 +3.9882639e-03 +1.6723681e-03 +1.5167431e-06 +1.9454514e-05 -1.2079028e-05 +5.6498542e-07 +6.5969856e+05
8.8169900e-01 +1.0000000e-04 +1.1811750e-01 -4.7276667e-03 +4.4528500e-06 +3.9629097e-03 +1.6624931e-03 +1.5023056e-06 +2.0043333e-05 -1.1953403e-05 +6.4030903e-07 +6.4653431e+05
8.8346900e-01 +1.0000000e-04 +1.1776333e-01 -4.7732417e-03 +4.9687417e-06 +3.9359167e-03 +1.6511736e-03 +1.4912083e-06 +2.0467222e-05 -1.1864167e-05 +7.1135417e-07 +6.3342423e+05
8.8521900e-01 +1.0000000e-04 +1.1740167e-01 -4.8243000e-03 +5.6285000e-06 +3.9075417e-03 +1.6387708e-03 +1.4810903e-06 +2.1268264e-05 -1.1790625e-05 +7.4659028e-07 +6.2042603e+05
8.8695200e-01 +1.0000000e-04 +1.1703333e-01 -4.8817417e-03 +6.4015667e-06 +3.8778472e-03 +1.6258750e-03 +1.4690139e-06 +2.2544931e-05 -1.1702014e-05 +7.5048611e-07 +6.0757486e+05
8.8866600e-01 +1.0000000e-04 +1.1666333e-01 -4.9461333e-03 +7.2554083e-06 +3.8466319e-03 +1.6128889e-03 +1.4560556e-06 +2.4013542e-05 -1.1584514e-05 +7.4050694e-07 +5.9490334e+05
8.9036200e-01 +1.0000000e-04 +1.1629417e-01 -5.0175917e-03 +8.1396000e-06 +3.8136875e-03 +1.6000208e-03 +1.4428750e-06 +2.5296736e-05 -1.1440069e-05 +7.1909028e-07 +5.8241857e+05
8.9204000e-01 +1.0000000e-04 +1.1592833e-01 -5.0957833e-03 +9.0017500e-06 +3.7790347e-03 +1.5873889e-03 +1.4280694e-06 +2.6058819e-05 -1.1272014e-05 +6.9289097e-07 +5.7013636e+05
8.9370100e-01 +1.0000000e-04 +1.1556833e-01 -5.1802250e-03 +9.8252500e-06 +3.7429097e-03 +1.5749583e-03 +1.4112917e-06 +2.5967500e-05 -1.1077917e-05 +6.7727917e-07 +5.5806431e+05
8.9534300e-01 +1.0000000e-04 +1.1521500e-01 -5.2704500e-03 +1.0611167e-05 +3.7057083e-03 +1.5624583e-03 +1.3936319e-06 +2.4700139e-05 -1.0862083e-05 +6.8225347e-07 +5.4621959e+05
8.9696800e-01 +1.0000000e-04 +1.1486833e-01 -5.3657917e-03 +1.1337000e-05 +3.6679653e-03 +1.5495417e-03 +1.3760625e-06 +2.2134653e-05 -1.0646944e-05 +7.0762500e-07 +5.3460284e+05
8.9857600e-01 +1.0000000e-04 +1.1453000e-01 -5.4653000e-03 +1.1962833e-05 +3.6303889e-03 +1.5359653e-03 +1.3596458e-06 +1.8497083e-05 -1.0457639e-05 +7.4230556e-07 +5.2323741e+05
9.0016600e-01 +1.0000000e-04 +1.1420083e-01 -5.5677417e-03 +1.2453417e-05 +3.5936875e-03 +1.5217569e-03 +1.3447431e-06 +1.4252639e-05 -1.0304583e-05 +7.6537500e-07 +5.1216461e+05
9.0173800e-01 +1.0000000e-04 +1.1388167e-01 -5.6718083e-03 +1.2792750e-05 +3.5584028e-03 +1.5072292e-03 +1.3295417e-06 +9.8404861e-06 -1.0178264e-05 +7.6335417e-07 +5.0142862e+05
9.0329400e-01 +1.0000000e-04 +1.1357417e-01 -5.7762667e-03 +1.2986500e-05 +3.5248264e-03 +1.4927569e-03 +1.3122986e-06 +5.5063333e-06 -1.0064444e-05 +7.4433333e-07 +4.9105365e+05
9.0483300e-01 +1.0000000e-04 +1.1327917e-01 -5.8801833e-03 +1.3062667e-05 +3.4929722e-03 +1.4785000e-03 +1.2938333e-06 +1.3688611e-06 -9.9601389e-06 +7.2404167e-07 +4.8104694e+05
9.0635400e-01 +1.0000000e-04 +1.1299583e-01 -5.9830250e-03 +1.3073333e-05 +3.4626042e-03 +1.4644861e-03 +1.2755139e-06 -2.4690833e-06 -9.8660417e-06 +7.0752778e-07 +4.7139407e+05
9.0785900e-01 +1.0000000e-04 +1.1272500e-01 -6.0847500e-03 +1.3077917e-05 +3.4332778e-03 +1.4506806e-03 +1.2575000e-06 -5.9176181e-06 -9.7800694e-06 +6.9278472e-07 +4.6205219e+05
9.0934700e-01 +1.0000000e-04 +1.1246667e-01 -6.1857083e-03 +1.3125417e-05 +3.4044375e-03 +1.4370903e-03 +1.2398056e-06 -8.9182639e-06 -9.6993056e-06 +6.7839514e-07 +4.5298703e+05
9.1081900e-01 +1.0000000e-04 +1.1222083e-01 -6.2864917e-03 +1.3250500e-05 +3.3755208e-03 +1.4237500e-03 +1.2227083e-06 -1.1451250e-05 -9.6192361e-06 +6.6236389e-07 +4.4415852e+05
9.1227400e-01 +1.0000000e-04 +1.1198833e-01 -6.3878417e-03 +1.3477167e-05 +3.3460417e-03 +1.4106806e-03 +1.2058611e-06 -1.3559028e-05 -9.5329167e-06 +6.4387708e-07 +4.3554223e+05
9.1371300e-01 +1.0000000e-04 +1.1177000e-01 -6.4906250e-03 +1.3822833e-05 +3.3156250e-03 +1.3979028e-03 +1.1888194e-06 -1.5366042e-05 -9.4328472e-06 +6.2650833e-07 +4.2710693e+05
9.1513600e-01 +1.0000000e-04 +1.1156583e-01 -6.5957667e-03 +1.4299917e-05 +3.2840069e-03 +1.3853681e-03 +1.1714861e-06 -1.7082222e-05 -9.3119444e-06 +6.1645278e-07 +4.1883165e+05
9.1654300e-01 +1.0000000e-04 +1.1137833e-01 -6.7041667e-03 +1.4910333e-05 +3.2511319e-03 +1.3729444e-03 +1.1545556e-06 -1.8976042e-05 -9.1667361e-06 +6.1717639e-07 +4.1070456e+05
9.1793400e-01 +1.0000000e-04 +1.1120667e-01 -6.8165583e-03 +1.5636083e-05 +3.2171597e-03 +1.3605069e-03 +1.1391736e-06 -2.1298333e-05 -9.0025000e-06 +6.2372708e-07 +4.0272301e+05
9.1930900e-01 +1.0000000e-04 +1.1105167e-01 -6.9333833e-03 +1.6439417e-05 +3.1824306e-03 +1.3480764e-03 +1.1255556e-06 -2.4199167e-05 -8.8303472e-06 +6.2413750e-07 +3.9489947e+05
9.2066800e-01 +1.0000000e-04 +1.1091500e-01 -7.0547667e-03 +1.7276417e-05 +3.1473472e-03 +1.3357986e-03 +1.1123889e-06 -2.7716736e-05 -8.6588194e-06 +6.1019306e-07 +3.8725724e+05
9.2201200e-01 +1.0000000e-04 +1.1079667e-01 -7.1805833e-03 +1.8111917e-05 +3.1122917e-03 +1.3238472e-03 +1.0982569e-06 -3.1834306e-05 -8.4902778e-06 +5.8543750e-07 +3.7981571e+05
9.2334100e-01 +1.0000000e-04 +1.1069667e-01 -7.3105333e-03 +1.8923250e-05 +3.0775278e-03 +1.3123056e-03 +1.0831389e-06 -3.6525417e-05 -8.3258333e-06 +5.5948958e-07 +3.7258872e+05
9.2465400e-01 +1.0000000e-04 +1.1061667e-01 -7.4442500e-03 +1.9693917e-05 +3.0432778e-03 +1.3011667e-03 +1.0678819e-06 -4.1751458e-05 -8.1678472e-06 +5.3817153e-07 +3.6558632e+05
9.2595200e-01 +1.0000000e-04 +1.1055500e-01 -7.5812167e-03 +2.0407417e-05 +3.0097222e-03 +1.2903611e-03 +1.0531250e-06 -4.7443333e-05 -8.0201389e-06 +5.2142222e-07 +3.5880345e+05
9.2723500e-01 +1.0000000e-04 +1.1051333e-01 -7.7208833e-03 +2.1048500e-05 +2.9770139e-03 +1.2798542e-03 +1.0390278e-06 -5.3507361e-05 -7.8841667e-06 +5.0657014e-07 +3.5224414e+05
9.2850400e-01 +1.0000000e-04 +1.1049000e-01 -7.8626083e-03 +2.1606500e-05 +2.9453056e-03 +1.2696389e-03 +1.0255764e-06 -5.9858611e-05 -7.7578472e-06 +4.9083819e-07 +3.4590413e+05
9.2975700e-01 +1.0000000e-04 +1.1048583e-01 -8.0057000e-03 +2.2069500e-05 +2.9147431e-03 +1.2597222e-03 +1.0125486e-06 -6.6448889e-05 -7.6374306e-06 +4.7229375e-07 +3.3979276e+05
9.3099600e-01 +1.0000000e-04 +1.1049917e-01 -8.1493667e-03 +2.2416667e-05 +2.8855278e-03 +1.2501528e-03 +9.9963889e-07 -7.3265278e-05 -7.5204861e-06 +4.5072778e-07 +3.3390966e+05
9.3222000e-01 +1.0000000e-04 +1.1053083e-01 -8.2926500e-03 +2.2619500e-05 +2.8578472e-03 +1.2409306e-03 +9.8657639e-07 -8.0312500e-05 -7.4062500e-06 +4.2779583e-07 +3.2826355e+05
9.3343000e-01 +1.0000000e-04 +1.1057833e-01 -8.4345000e-03 +2.2650500e-05 +2.8318542e-03 +1.2320556e-03 +9.7324306e-07 -8.7599306e-05 -7.2949306e-06 +4.0634583e-07 +3.2285237e+05
9.3462600e-01 +1.0000000e-04 +1.1064167e-01 -8.5736667e-03 +2.2492083e-05 +2.8076597e-03 +1.2234792e-03 +9.5972222e-07 -9.5129167e-05 -7.1881250e-06 +3.8928194e-07 +3.1767497e+05
9.3580800e-01 +1.0000000e-04 +1.1072000e-01 -8.7090833e-03 +2.2140583e-05 +2.7852847e-03 +1.2151389e-03 +9.4628472e-07 -1.0288125e-04 -7.0886111e-06 +3.7811875e-07 +3.1272080e+05
9.3697600e-01 +1.0000000e-04 +1.1081000e-01 -8.8396667e-03 +2.1604833e-05 +2.7646667e-03 +1.2069653e-03 +9.3322222e-07 -1.1080625e-04 -6.9995139e-06 +3.7215000e-07 +3.0797866e+05
9.3813000e-01 +1.0000000e-04 +1.1091083e-01 -8.9645833e-03 +2.0902250e-05 +2.7457083e-03 +1.1989306e-03 +9.2063194e-07 -1.1882500e-04 -6.9226111e-06 +3.6927778e-07 +3.0343395e+05
9.3927000e-01 +1.0000000e-04 +1.1101917e-01 -9.0830000e-03 +2.0055167e-05 +2.7282708e-03 +1.1910139e-03 +9.0842361e-07 -1.2685417e-04 -6.8577639e-06 +3.6763958e-07 +2.9907119e+05
9.4039600e-01 +1.0000000e-04 +1.1113333e-01 -9.1943333e-03 +1.9087417e-05 +2.7122083e-03 +1.1832292e-03 +8.9645833e-07 -1.3481806e-04 -6.8034653e-06 +3.6658542e-07 +2.9487784e+05
9.4150900e-01 +1.0000000e-04 +1.1125167e-01 -9.2982500e-03 +1.8020500e-05 +2.6973611e-03 +1.1755833e-03 +8.8462500e-07 -1.4265625e-04 -6.7583542e-06 +3.6666111e-07 +2.9083741e+05
9.4260900e-01 +1.0000000e-04 +1.1137000e-01 -9.3944167e-03 +1.6870250e-05 +2.6835764e-03 +1.1680903e-03 +8.7293056e-07 -1.5032014e-04 -6.7218681e-06 +3.6894236e-07 +2.8693505e+05
9.4369600e-01 +1.0000000e-04 +1.1148750e-01 -9.4825833e-03 +1.5646167e-05 +2.6706806e-03 +1.1607292e-03 +8.6144444e-07 -1.5776389e-04 -6.6934514e-06 +3.7412292e-07 +2.8315689e+05
9.4476900e-01 +1.0000000e-04 +1.1160167e-01 -9.5625000e-03 +1.4352917e-05 +2.6585208e-03 +1.1534931e-03 +8.5015972e-07 -1.6495556e-04 -6.6714722e-06 +3.8248958e-07 +2.7949254e+05
9.4583000e-01 +1.0000000e-04 +1.1171000e-01 -9.6340000e-03 +1.2992250e-05 +2.6469514e-03 +1.1463611e-03 +8.3889583e-07 -1.7188333e-04 -6.6531875e-06 +3.9489306e-07 +2.7592437e+05
9.4687800e-01 +1.0000000e-04 +1.1181000e-01 -9.6969167e-03 +1.1562917e-05 +2.6358472e-03 +1.1392847e-03 +8.2756250e-07 -1.7855903e-04 -6.6360000e-06 +4.1308750e-07 +2.7244277e+05
9.4791300e-01 +1.0000000e-04 +1.1190000e-01 -9.7510833e-03 +1.0061250e-05 +2.6251042e-03 +1.1322153e-03 +8.1626389e-07 -1.8500764e-04 -6.6188750e-06 +4.3879306e-07 +2.6903674e+05
9.4893500e-01 +1.0000000e-04 +1.1197833e-01 -9.7962500e-03 +8.4811667e-06 +2.6146458e-03 +1.1250764e-03 +8.0516667e-07 -1.9125208e-04 -6.6028819e-06 +4.7274861e-07 +2.6569700e+05
9.4994500e-01 +1.0000000e-04 +1.1204250e-01 -9.8322500e-03 +6.8157000e-06 +2.6043889e-03 +1.1178056e-03 +7.9436111e-07 -1.9730000e-04 -6.5905417e-06 +5.1472153e-07 +2.6241141e+05
9.5094300e-01 +1.0000000e-04 +1.1209083e-01 -9.8586667e-03 +5.0572583e-06 +2.5942639e-03 +1.1103403e-03 +7.8384028e-07 -2.0313333e-04 -6.5847639e-06 +5.6407708e-07 +2.5917189e+05
9.5192800e-01 +1.0000000e-04 +1.1212167e-01 -9.8754167e-03 +3.1981167e-06 +2.5842222e-03 +1.1026181e-03 +7.7354861e-07 -2.0871528e-04 -6.5878819e-06 +6.2015417e-07 +2.5597291e+05
9.5290100e-01 +1.0000000e-04 +1.1213250e-01 -9.8820000e-03 +1.2302083e-06 +2.5741944e-03 +1.0946111e-03 +7.6347917e-07 -2.1399514e-04 -6.6011250e-06 +6.8231250e-07 +2.5280573e+05
9.5386300e-01 +1.0000000e-04 +1.1212083e-01 -9.8781667e-03 -8.5445000e-07 +2.5641181e-03 +1.0862708e-03 +7.5361806e-07 -2.1891736e-04 -6.6245625e-06 +7.4999306e-07 +2.4966193e+05
9.5481200e-01 +1.0000000e-04 +1.1208583e-01 -9.8635833e-03 -3.0630083e-06 +2.5539375e-03 +1.0775833e-03 +7.4393056e-07 -2.2342847e-04 -6.6575278e-06 +8.2293056e-07 +2.4653967e+05
9.5575000e-01 +1.0000000e-04 +1.1202500e-01 -9.8379167e-03 -5.4012167e-06 +2.5435625e-03 +1.0685208e-03 +7.3441667e-07 -2.2748056e-04 -6.6992500e-06 +9.0119444e-07 +2.4343023e+05
9.5667600e-01 +1.0000000e-04 +1.1193583e-01 -9.8006667e-03 -7.8729667e-06 +2.5329375e-03 +1.0590556e-03 +7.2515278e-07 -2.3102986e-04 -6.7492500e-06 +9.8495139e-07 +2.4032949e+05
9.5759100e-01 +1.0000000e-04 +1.1181750e-01 -9.7515833e-03 -1.0479583e-05 +2.5219653e-03 +1.0491667e-03 +7.1625694e-07 -2.3403750e-04 -6.8073194e-06 +1.0741042e-06 +2.3722838e+05
9.5849500e-01 +1.0000000e-04 +1.1166667e-01 -9.6903333e-03 -1.3219333e-05 +2.5105556e-03 +1.0388333e-03 +7.0780556e-07 -2.3646458e-04 -6.8732639e-06 +1.1682639e-06 +2.3412164e+05
9.5938700e-01 +1.0000000e-04 +1.1148167e-01 -9.6166667e-03 -1.6087167e-05 +2.4985972e-03 +1.0280278e-03 +6.9977778e-07 -2.3827639e-04 -6.9467361e-06 +1.2670347e-06 +2.3100397e+05
9.6026800e-01 +1.0000000e-04 +1.1126000e-01 -9.5302500e-03 -1.9075417e-05 +2.4859722e-03 +1.0167361e-03 +6.9209167e-07 -2.3944028e-04 -7.0272917e-06 +1.3703333e-06 +2.2786508e+05
9.6113800e-01 +1.0000000e-04 +1.1100000e-01 -9.4310833e-03 -2.2174750e-05 +2.4725556e-03 +1.0049375e-03 +6.8466458e-07 -2.3992986e-04 -7.1143750e-06 +1.4784931e-06 +2.2469667e+05
9.6199700e-01 +1.0000000e-04 +1.1069917e-01 -9.3188333e-03 -2.5374083e-05 +2.4582014e-03 +9.9260417e-04 +6.7747431e-07 -2.3971806e-04 -7.2074306e-06 +1.5920347e-06 +2.2149079e+05
9.6284500e-01 +1.0000000e-04 +1.1035583e-01 -9.1936667e-03 -2.8661750e-05 +2.4427847e-03 +9.7970139e-04 +6.7055833e-07 -2.3878264e-04 -7.3059028e-06 +1.7113333e-06 +2.1823849e+05
9.6368300e-01 +1.0000000e-04 +1.0996667e-01 -9.0555000e-03 -3.2024583e-05 +2.4261597e-03 +9.6620139e-04 +6.6397986e-07 -2.3710208e-04 -7.4089583e-06 +1.8364653e-06 +2.1492917e+05
9.6451000e-01 +1.0000000e-04 +1.0953083e-01 -8.9043333e-03 -3.5448750e-05 +2.4082014e-03 +9.5206250e-04 +6.5779306e-07 -2.3465972e-04 -7.5155556e-06 +1.9671806e-06 +2.1155693e+05
9.6532700e-01 +1.0000000e-04 +1.0904583e-01 -8.7405000e-03 -3.8919667e-05 +2.3887917e-03 +9.3726389e-04 +6.5203681e-07 -2.3144097e-04 -7.6244444e-06 +2.1029861e-06 +2.0811156e+05
9.6613400e-01 +1.0000000e-04 +1.0851000e-01 -8.5641667e-03 -4.2421917e-05 +2.3678125e-03 +9.2178472e-04 +6.4673264e-07 -2.2743681e-04 -7.7339583e-06 +2.2432292e-06 +2.0458673e+05
9.6693000e-01 +1.0000000e-04 +1.0792167e-01 -8.3755000e-03 -4.5939250e-05 +2.3451597e-03 +9.0559028e-04 +6.4187986e-07 -2.2264444e-04 -7.8424306e-06 +2.3871528e-06 +2.0097768e+05
9.6771600e-01 +1.0000000e-04 +1.0727833e-01 -8.1749583e-03 -4.9454167e-05 +2.3207153e-03 +8.8868056e-04 +6.3744653e-07 -2.1707014e-04 -7.9479167e-06 +2.5339861e-06 +1.9727725e+05
9.6849200e-01 +1.0000000e-04 +1.0657833e-01 -7.9629333e-03 -5.2947250e-05 +2.2944028e-03 +8.7103472e-04 +6.3338056e-07 -2.1072639e-04 -8.0484722e-06 +2.6829931e-06 +1.9347963e+05
9.6925900e-01 +1.0000000e-04 +1.0582083e-01 -7.7399250e-03 -5.6396667e-05 +2.2661181e-03 +8.5265972e-04 +6.2962917e-07 -2.0363542e-04 -8.1422917e-06 +2.8335208e-06 +1.8958023e+05
9.7001500e-01 +1.0000000e-04 +1.0500417e-01 -7.5065167e-03 -5.9778333e-05 +2.2357917e-03 +8.3354167e-04 +6.2616875e-07 -1.9582431e-04 -8.2277778e-06 +2.9848750e-06 +1.8557706e+05
9.7076200e-01 +1.0000000e-04 +1.0412667e-01 -7.2633750e-03 -6.3065917e-05 +2.2033611e-03 +8.1368750e-04 +6.2300417e-07 -1.8732708e-04 -8.3033333e-06 +3.1361528e-06 +1.8146472e+05
9.7150000e-01 +1.0000000e-04 +1.0318750e-01 -7.0112500e-03 -6.6231000e-05 +2.1687569e-03 +7.9310417e-04 +6.2015556e-07 -1.7818194e-04 -8.3675000e-06 +3.2861389e-06 +1.7724163e+05
9.7222800e-01 +1.0000000e-04 +1.0218583e-01 -6.7510000e-03 -6.9243583e-05 +2.1319375e-03 +7.7181250e-04 +6.1762500e-07 -1.6843194e-04 -8.4184722e-06 +3.4332569e-06 +1.7290796e+05
9.7294600e-01 +1.0000000e-04 +1.0112000e-01 -6.4835500e-03 -7.2072667e-05 +2.0928750e-03 +7.4983333e-04 +6.1538125e-07 -1.5812639e-04 -8.4544444e-06 +3.5756736e-06 +1.6846319e+05
9.7365600e-01 +1.0000000e-04 +9.9990833e-02 -6.2099250e-03 -7.4686583e-05 +2.0515347e-03 +7.2720833e-04 +6.1334861e-07 -1.4732083e-04 -8.4729861e-06 +3.7114236e-06 +1.6390689e+05
9.7435600e-01 +1.0000000e-04 +9.8797500e-02 -5.9312333e-03 -7.7053583e-05 +2.0079097e-03 +7.0399306e-04 +6.1141042e-07 -1.3608056e-04 -8.4714583e-06 +3.8386042e-06 +1.5924254e+05
9.7504800e-01 +1.0000000e-04 +9.7539167e-02 -5.6486333e-03 -7.9142250e-05 +1.9620139e-03 +6.8024028e-04 +6.0942292e-07 -1.2448056e-04 -8.4469444e-06 +3.9554514e-06 +1.5447239e+05
9.7573000e-01 +1.0000000e-04 +9.6216667e-02 -5.3633750e-03 -8.0922167e-05 +1.9138542e-03 +6.5602708e-04 +6.0722431e-07 -1.1260625e-04 -8.3963889e-06 +4.0604444e-06 +1.4960325e+05
9.7640400e-01 +1.0000000e-04 +9.4830833e-02 -5.0767667e-03 -8.2364583e-05 +1.8634722e-03 +6.3142917e-04 +6.0464653e-07 -1.0055486e-04 -8.3169444e-06 +4.1523056e-06 +1.4463916e+05
9.7706800e-01 +1.0000000e-04 +9.3381667e-02 -4.7901333e-03 -8.3443333e-05 +1.8109444e-03 +6.0652986e-04 +6.0152222e-07 -8.8433333e-05 -8.2056944e-06 +4.2300486e-06 +1.3958981e+05
9.7772500e-01 +1.0000000e-04 +9.1870000e-02 -4.5048417e-03 -8.4135000e-05 +1.7563403e-03 +5.8141319e-04 +5.9768542e-07 -7.6357639e-05 -8.0603472e-06 +4.2929306e-06 +1.3446011e+05
9.7837300e-01 +1.0000000e-04 +9.0298333e-02 -4.2222833e-03 -8.4420833e-05 +1.6997778e-03 +5.5616806e-04 +5.9297361e-07 -6.4449653e-05 -7.8788194e-06 +4.3404861e-06 +1.2926406e+05
9.7901200e-01 +1.0000000e-04 +8.8667500e-02 -3.9438167e-03 -8.4286667e-05 +1.6414097e-03 +5.3087917e-04 +5.8722153e-07 -5.2836389e-05 -7.6598611e-06 +4.3725556e-06 +1.2401070e+05
9.7964300e-01 +1.0000000e-04 +8.6980000e-02 -3.6708000e-03 -8.3725833e-05 +1.5813889e-03 +5.0563125e-04 +5.8026875e-07 -4.1645556e-05 -7.4027778e-06 +4.3892917e-06 +1.1871433e+05
9.8026600e-01 +1.0000000e-04 +8.5237500e-02 -3.4045167e-03 -8.2735833e-05 +1.5199306e-03 +4.8050347e-04 +5.7196458e-07 -3.1002917e-05 -7.1077083e-06 +4.3912292e-06 +1.1338794e+05
9.8088100e-01 +1.0000000e-04 +8.3442500e-02 -3.1461833e-03 -8.1322750e-05 +1.4572708e-03 +4.5556944e-04 +5.6218611e-07 -2.1028681e-05 -6.7757639e-06 +4.3792500e-06 +1.0804773e+05
9.8148700e-01 +1.0000000e-04 +8.1598417e-02 -2.8969500e-03 -7.9499917e-05 +1.3936597e-03 +4.3089375e-04 +5.5085278e-07 -1.1833819e-05 -6.4091181e-06 +4.3545556e-06 +1.0271101e+05
9.8208600e-01 +1.0000000e-04 +7.9707667e-02 -2.6578083e-03 -7.7288583e-05 +1.3293958e-03 +4.0653264e-04 +5.3794375e-07 -3.5158681e-06 -6.0109653e-06 +4.3185486e-06 +9.7393383e+04
9.8267700e-01 +1.0000000e-04 +7.7773750e-02 -2.4296583e-03 -7.4717833e-05 +1.2647847e-03 +3.8253194e-04 +5.2351181e-07 +3.8445903e-06 -5.5856389e-06 +4.2727153e-06 +9.2114774e+04
9.8326100e-01 +1.0000000e-04 +7.5800083e-02 -2.2132333e-03 -7.1824333e-05 +1.2001736e-03 +3.5893194e-04 +5.0768750e-07 +1.0187778e-05 -5.1385486e-06 +4.2184375e-06 +8.6893315e+04
9.8383600e-01 +1.0000000e-04 +7.3790083e-02 -2.0090833e-03 -6.8651917e-05 +1.1358958e-03 +3.3576181e-04 +4.9067569e-07 +1.5477639e-05 -4.6760625e-06 +4.1568333e-06 +8.1749633e+04
9.8440400e-01 +1.0000000e-04 +7.1747500e-02 -1.8176167e-03 -6.5250083e-05 +1.0723125e-03 +3.1305000e-04 +4.7274653e-07 +1.9703819e-05 -4.2053472e-06 +4.0885972e-06 +7.6701388e+04
9.8496500e-01 +1.0000000e-04 +6.9676167e-02 -1.6390333e-03 -6.1673417e-05 +1.0097708e-03 +2.9082222e-04 +4.5421250e-07 +2.2883056e-05 -3.7340556e-06 +4.0139236e-06 +7.1767689e+04
9.8551800e-01 +1.0000000e-04 +6.7579667e-02 -1.4733667e-03 -5.7979333e-05 +9.4861806e-04 +2.6910556e-04 +4.3540694e-07 +2.5058472e-05 -3.2700694e-06 +3.9324583e-06 +6.6968956e+04
9.8606400e-01 +1.0000000e-04 +6.5461750e-02 -1.3204750e-03 -5.4226500e-05 +8.8917361e-04 +2.4793333e-04 +4.1665139e-07 +2.6298056e-05 -2.8210972e-06 +3.8433542e-06 +6.2321902e+04
9.8660300e-01 +1.0000000e-04 +6.3326250e-02 -1.1800500e-03 -5.0472667e-05 +8.3175000e-04 +2.2734444e-04 +3.9822847e-07 +2.6691875e-05 -2.3943472e-06 +3.7454167e-06 +5.7843741e+04
9.8713400e-01 +1.0000000e-04 +6.1176667e-02 -1.0516500e-03 -4.6772583e-05 +7.7661806e-04 +2.0738681e-04 +3.8035764e-07 +2.6347500e-05 -1.9961597e-06 +3.6372500e-06 +5.3550422e+04
9.8765900e-01 +1.0000000e-04 +5.9016417e-02 -9.3468333e-04 -4.3176000e-05 +7.2400000e-04 +1.8811597e-04 +3.6318403e-07 +2.5385208e-05 -1.6317500e-06 +3.5175069e-06 +4.9455243e+04
9.8817700e-01 +1.0000000e-04 +5.6848750e-02 -8.2848167e-04 -3.9725833e-05 +6.7409861e-04 +1.6959236e-04 +3.4677708e-07 +2.3932222e-05 -1.3049861e-06 +3.3850972e-06 +4.5570549e+04
9.8868800e-01 +1.0000000e-04 +5.4676833e-02 -7.3230333e-04 -3.6456417e-05 +6.2705833e-04 +1.5188264e-04 +3.3113681e-07 +2.2117153e-05 -1.0182500e-06 +3.2393472e-06 +4.1905882e+04
9.8919200e-01 +1.0000000e-04 +5.2503417e-02 -6.4536083e-04 -3.3392833e-05 +5.8298125e-04 +1.3505278e-04 +3.1620764e-07 +2.0064236e-05 -7.7240972e-07 +3.0801250e-06 +3.8468406e+04
9.8968900e-01 +1.0000000e-04 +5.0331167e-02 -5.6685667e-04 -3.0549667e-05 +5.4192222e-04 +1.1916667e-04 +3.0189097e-07 +1.7888611e-05 -5.6688194e-07 +2.9079375e-06 +3.5262790e+04
9.9018000e-01 +1.0000000e-04 +4.8162417e-02 -4.9601000e-04 -2.7931667e-05 +5.0389375e-04 +1.0428264e-04 +2.8806181e-07 +1.5692222e-05 -3.9975139e-07 +2.7238889e-06 +3.2290769e+04
9.9066400e-01 +1.0000000e-04 +4.5999250e-02 -4.3207917e-04 -2.5533667e-05 +4.6886597e-04 +9.0447917e-05 +2.7457917e-07 +1.3560556e-05 -2.6799583e-07 +2.5296806e-06 +2.9551727e+04
9.9114200e-01 +1.0000000e-04 +4.3843667e-02 -3.7438333e-04 -2.3342250e-05 +4.3677431e-04 +7.7700694e-05 +2.6130278e-07 +1.1560972e-05 -1.6773819e-07 +2.3275069e-06 +2.7042235e+04
9.9161300e-01 +1.0000000e-04 +4.1697083e-02 -3.2231500e-04 -2.1336750e-05 +4.0751944e-04 +6.6063681e-05 +2.4810069e-07 +9.7420139e-06 -9.4541667e-08 +2.1199514e-06 +2.4756616e+04
9.9207900e-01 +1.0000000e-04 +3.9560917e-02 -2.7535083e-04 -1.9491500e-05 +3.8097569e-04 +5.5545069e-05 +2.3485694e-07 +8.1338889e-06 -4.3709097e-08 +1.9098819e-06 +2.2686864e+04
9.9253700e-01 +1.0000000e-04 +3.7436333e-02 -2.3305583e-04 -1.7778167e-05 +3.5699236e-04 +4.6137847e-05 +2.2147986e-07 +6.7494861e-06 -1.0562083e-08 +1.7002847e-06 +2.0823048e+04
9.9299000e-01 +1.0000000e-04 +3.5324167e-02 -1.9507500e-04 -1.6167833e-05 +3.3539722e-04 +3.7819514e-05 +2.0790347e-07 +5.5871111e-06 +9.3070139e-09 +1.4941458e-06 +1.9153147e+04
9.9343700e-01 +1.0000000e-04 +3.3225167e-02 -1.6113083e-04 -1.4633500e-05 +3.1599861e-04 +3.0553542e-05 +1.9408750e-07 +4.6328264e-06 +1.9835000e-08 +1.2943472e-06 +1.7663614e+04
9.9387800e-01 +1.0000000e-04 +3.1139833e-02 -1.3100500e-04 -1.3152250e-05 +2.9858472e-04 +2.4290417e-05 +1.8001458e-07 +3.8636667e-06 +2.4341458e-08 +1.1035486e-06 +1.6339196e+04
9.9431300e-01 +1.0000000e-04 +2.9068333e-02 -1.0452667e-04 -1.1707000e-05 +2.8291944e-04 +1.8969306e-05 +1.6569028e-07 +3.2507917e-06 +2.5443125e-08 +9.2413889e-07 +1.5162982e+04
9.9474200e-01 +1.0000000e-04 +2.7010833e-02 -8.1550333e-05 -1.0287917e-05 +2.6873958e-04 +1.4520417e-05 +1.5114097e-07 +2.7625556e-06 +2.5026806e-08 +7.5817361e-07 +1.4116120e+04
9.9516500e-01 +1.0000000e-04 +2.4967417e-02 -6.1938833e-05 -8.8933333e-06 +2.5574514e-04 +1.0866528e-05 +1.3641319e-07 +2.3674097e-06 +2.4277153e-08 +6.0733611e-07 +1.3178023e+04
9.9558300e-01 +1.0000000e-04 +2.2937583e-02 -4.5543417e-05 -7.5297750e-06 +2.4359028e-04 +7.9255556e-06 +1.2157847e-07 +2.0363750e-06 +2.3752153e-08 +4.7293819e-07 +1.2325592e+04
9.9599500e-01 +1.0000000e-04 +2.0921083e-02 -3.2188833e-05 -6.2115083e-06 +2.3187083e-04 +5.6123611e-06 +1.0673403e-07 +1.7451181e-06 +2.3500278e-08 +3.5589722e-07 +1.1533240e+04
9.9640100e-01 +1.0000000e-04 +1.8917250e-02 -2.1659833e-05 -4.9595000e-06 +2.2011111e-04 +3.8408611e-06 +9.2009722e-08 +1.4755069e-06 +2.3212083e-08 +2.5672083e-07 +1.0772162e+04
9.9680200e-01 +1.0000000e-04 +1.6925083e-02 -1.3694083e-05 -3.7994417e-06 +2.0775069e-04 +2.5258194e-06 +7.7572222e-08 +1.2165764e-06 +2.2389792e-08 +1.7548333e-07 +1.0010337e+04
9.9719800e-01 +1.0000000e-04 +1.4943500e-02 -7.9798667e-06 -2.7592917e-06 +1.9413542e-04 +1.5848403e-06 +6.3632014e-08 +9.6476389e-07 +2.0531875e-08 +1.1178681e-07 +9.2124011e+03
9.9758800e-01 +1.0000000e-04 +1.2970917e-02 -4.1607000e-06 -1.8662000e-06 +1.7851319e-04 +9.4018750e-07 +5.0445347e-08 +7.2343750e-07 +1.7325139e-08 +6.4697431e-08 +8.3400469e+03
9.9797300e-01 +1.0000000e-04 +1.1005250e-02 -1.8468083e-06 -1.1429500e-06 +1.6004931e-04 +5.2076667e-07 +3.8314306e-08 +5.0142153e-07 +1.2826944e-08 +3.2661319e-08 +7.3540330e+03
9.9835300e-01 +1.0000000e-04 +9.0435833e-03 -6.3452250e-07 -6.0369833e-07 +1.3787361e-04 +2.6407639e-07 +2.7569722e-08 +3.1062500e-07 +7.6113194e-09 +1.3419306e-08 +6.2176793e+03
9.9872800e-01 +1.0000000e-04 +7.0816417e-03 -1.3390667e-07 -2.4922750e-07 +1.1119861e-04 +1.1818542e-07 +1.8513194e-08 +1.6254931e-07 +2.8135000e-09 +3.9727083e-09 +4.9058962e+03
9.9909700e-01 +1.0000000e-04 +5.1126000e-03 -4.9805167e-09 -6.1614833e-08 +7.9600694e-05 +4.3141042e-08 +1.1272708e-08 +6.4136806e-08 -1.0129097e-10 +7.4633333e-10 +3.4261815e+03
9.9946200e-01 +1.0000000e-04 +3.1234000e-03 -1.9246917e-10 +3.8685167e-10 +4.3794097e-05 +1.0725278e-08 +5.5902847e-09 +1.3893542e-08 -3.0334514e-10 +2.1219444e-10 +1.8793532e+03
9.9982100e-01 +1.0000000e-04 +1.0833917e-03 +0.0000000e+00 +9.6235000e-11 +9.2664583e-06 +1.1671875e-09 +1.1671875e-09 -3.6105903e-10 +3.6105903e-10 +8.3781250e-11 +6.6681611e+02
1.0000000e+00 +1.0000000e-04 +0.0000000e+00 +0.0000000e+00 +0.0000000e+00 +0.0000000e+00 +0.0000000e+00 +0.0000000e+00 +0.0000000e+00 +0.0000000e+00 +0.0000000e+00 +6.6681597e+02
